time,temperature,cost,edge_cost,delay_cost
1,25000,482776,68139,414637
2,12500,482776,68139,414637
3,8333.333333333334,482924,68139,414785
4,6250,483089,68139,414950
5,5000,483291,68139,415152
6,4166.666666666667,483291,68139,415152
7,3571.4285714285716,483555,68202,415353
8,3125,483555,68202,415353
9,2777.777777777778,483555,68202,415353
10,2500,483555,68202,415353
11,2272.7272727272725,483922,68202,415720
12,2083.3333333333335,483922,68202,415720
13,1923.076923076923,484550,68214,416336
14,1785.7142857142858,484693,68214,416479
15,1666.6666666666667,484693,68214,416479
16,1562.5,484693,68214,416479
17,1470.5882352941176,484693,68214,416479
18,1388.888888888889,484944,68283,416661
19,1315.7894736842106,483633,66722,416911
20,1250,483950,66722,417228
21,1190.4761904761904,484006,66722,417284
22,1136.3636363636363,484006,66722,417284
23,1086.9565217391305,484006,66722,417284
24,1041.6666666666667,484006,66722,417284
25,1000,485302,66722,418580
26,961.5384615384615,485302,66722,418580
27,925.925925925926,485955,66722,419233
28,892.8571428571429,485955,66722,419233
29,862.0689655172414,486049,66722,419327
30,833.3333333333334,486049,66722,419327
31,806.4516129032259,486065,66722,419343
32,781.25,486370,66178,420192
33,757.5757575757576,486370,66178,420192
34,735.2941176470588,487597,66178,421419
35,714.2857142857143,487597,66178,421419
36,694.4444444444445,487597,66178,421419
37,675.6756756756756,487627,66178,421449
38,657.8947368421053,487627,66178,421449
39,641.025641025641,487627,66178,421449
40,625,487895,66095,421800
41,609.7560975609756,487895,66095,421800
42,595.2380952380952,488103,66095,422008
43,581.3953488372093,488246,66095,422151
44,568.1818181818181,488246,66095,422151
45,555.5555555555555,488244,65767,422477
46,543.4782608695652,488745,65767,422978
47,531.9148936170212,490715,65803,424912
48,520.8333333333334,490715,65803,424912
49,510.2040816326531,491014,65803,425211
50,500,491014,65803,425211
51,490.19607843137254,491922,65803,426119
52,480.7692307692308,491922,65803,426119
53,471.6981132075472,491922,65803,426119
54,462.962962962963,492226,65803,426423
55,454.54545454545456,492626,65803,426823
56,446.42857142857144,492921,65803,427118
57,438.5964912280702,493121,64612,428509
58,431.0344827586207,493121,64612,428509
59,423.728813559322,493121,64612,428509
60,416.6666666666667,493121,64612,428509
61,409.8360655737705,493153,64294,428859
62,403.2258064516129,493295,64294,429001
63,396.8253968253968,493295,64294,429001
64,390.625,493295,64294,429001
65,384.61538461538464,493615,64294,429321
66,378.7878787878788,493615,64294,429321
67,373.13432835820896,494180,64294,429886
68,367.6470588235294,493999,64294,429705
69,362.3188405797101,493999,64294,429705
70,357.14285714285717,494184,64294,429890
71,352.11267605633805,494184,64294,429890
72,347.22222222222223,493555,64294,429261
73,342.4657534246575,493555,64294,429261
74,337.8378378378378,493555,64294,429261
75,333.3333333333333,493555,64294,429261
76,328.94736842105266,493555,64294,429261
77,324.6753246753247,494110,64294,429816
78,320.5128205128205,494110,64294,429816
79,316.45569620253167,494110,64294,429816
80,312.5,494110,64294,429816
81,308.641975308642,494110,64294,429816
82,304.8780487804878,494110,64294,429816
83,301.2048192771084,494110,64294,429816
84,297.6190476190476,494110,64294,429816
85,294.11764705882354,494110,64294,429816
86,290.69767441860466,494142,64294,429848
87,287.35632183908046,494413,64294,430119
88,284.09090909090907,494413,64294,430119
89,280.8988764044944,494413,64294,430119
90,277.77777777777777,494413,64294,430119
91,274.72527472527474,494413,64294,430119
92,271.7391304347826,494413,64294,430119
93,268.81720430107526,494413,64294,430119
94,265.9574468085106,494413,64294,430119
95,263.1578947368421,494413,64294,430119
96,260.4166666666667,494413,64294,430119
97,257.7319587628866,494188,64294,429894
98,255.10204081632654,494188,64294,429894
99,252.5252525252525,494188,64294,429894
100,250,494188,64294,429894
101,247.52475247524754,494188,64294,429894
102,245.09803921568627,494188,64294,429894
103,242.71844660194174,494188,64294,429894
104,240.3846153846154,494188,64294,429894
105,238.0952380952381,494188,64294,429894
106,235.8490566037736,494188,64294,429894
107,233.6448598130841,494188,64294,429894
108,231.4814814814815,494433,64294,430139
109,229.3577981651376,494458,64294,430164
110,227.27272727272728,494458,64294,430164
111,225.22522522522522,494458,64294,430164
112,223.21428571428572,494458,64294,430164
113,221.23893805309734,494170,64286,429884
114,219.2982456140351,494170,64286,429884
115,217.3913043478261,494170,64286,429884
116,215.51724137931035,494316,64286,430030
117,213.67521367521368,493881,63252,430629
118,211.864406779661,493881,63252,430629
119,210.08403361344537,493988,63252,430736
120,208.33333333333334,493988,63252,430736
121,206.61157024793388,493988,63252,430736
122,204.91803278688525,493988,63252,430736
123,203.2520325203252,493988,63252,430736
124,201.61290322580646,493988,63252,430736
125,200,493988,63252,430736
126,198.4126984126984,493988,63252,430736
127,196.8503937007874,493988,63252,430736
128,195.3125,493988,63252,430736
129,193.7984496124031,493988,63252,430736
130,192.30769230769232,494027,63252,430775
131,190.83969465648855,494027,63252,430775
132,189.3939393939394,494027,63252,430775
133,187.9699248120301,494027,63252,430775
134,186.56716417910448,494092,63252,430840
135,185.1851851851852,494092,63252,430840
136,183.8235294117647,494092,63252,430840
137,182.4817518248175,494092,63252,430840
138,181.15942028985506,494092,63252,430840
139,179.85611510791367,494092,63252,430840
140,178.57142857142858,494092,63252,430840
141,177.3049645390071,494092,63252,430840
142,176.05633802816902,494092,63252,430840
143,174.82517482517483,494092,63252,430840
144,173.61111111111111,494092,63252,430840
145,172.41379310344828,494092,63252,430840
146,171.23287671232876,493929,63252,430677
147,170.06802721088437,493929,63252,430677
148,168.9189189189189,493929,63252,430677
149,167.78523489932886,493929,63252,430677
150,166.66666666666666,493929,63252,430677
151,165.56291390728478,493929,63252,430677
152,164.47368421052633,493929,63252,430677
153,163.3986928104575,493929,63252,430677
154,162.33766233766235,493929,63252,430677
155,161.29032258064515,493929,63252,430677
156,160.25641025641025,493929,63252,430677
157,159.23566878980893,493929,63252,430677
158,158.22784810126583,494157,63252,430905
159,157.23270440251574,494157,63252,430905
160,156.25,494157,63252,430905
161,155.27950310559007,494157,63252,430905
162,154.320987654321,494157,63252,430905
163,153.37423312883436,494157,63252,430905
164,152.4390243902439,494157,63252,430905
165,151.5151515151515,494157,63252,430905
166,150.6024096385542,494157,63252,430905
167,149.7005988023952,494370,63252,431118
168,148.8095238095238,494370,63252,431118
169,147.92899408284023,494370,63252,431118
170,147.05882352941177,494370,63252,431118
171,146.19883040935673,494370,63252,431118
172,145.34883720930233,494370,63252,431118
173,144.50867052023122,494492,63252,431240
174,143.67816091954023,494345,62685,431660
175,142.85714285714286,494345,62685,431660
176,142.04545454545453,494345,62685,431660
177,141.24293785310735,494345,62685,431660
178,140.4494382022472,494345,62685,431660
179,139.66480446927375,494345,62685,431660
180,138.88888888888889,494355,62685,431670
181,138.12154696132598,494629,62686,431943
182,137.36263736263737,494809,62634,432175
183,136.6120218579235,494809,62634,432175
184,135.8695652173913,494809,62634,432175
185,135.13513513513513,494809,62634,432175
186,134.40860215053763,494809,62634,432175
187,133.6898395721925,494809,62634,432175
188,132.9787234042553,494809,62634,432175
189,132.27513227513228,494819,62634,432185
190,131.57894736842104,494819,62634,432185
191,130.89005235602093,494819,62634,432185
192,130.20833333333334,494819,62634,432185
193,129.5336787564767,494819,62634,432185
194,128.8659793814433,494819,62634,432185
195,128.2051282051282,494819,62634,432185
196,127.55102040816327,494819,62634,432185
197,126.90355329949239,494819,62634,432185
198,126.26262626262626,494718,62234,432484
199,125.62814070351759,494718,62234,432484
200,125,494123,61086,433037
201,124.37810945273633,494123,61086,433037
202,123.76237623762377,494123,61086,433037
203,123.15270935960591,493592,60106,433486
204,122.54901960784314,493592,60106,433486
205,121.95121951219512,493592,60106,433486
206,121.35922330097087,492774,59281,433493
207,120.77294685990339,492774,59281,433493
208,120.1923076923077,492774,59281,433493
209,119.61722488038278,492774,59281,433493
210,119.04761904761905,492774,59281,433493
211,118.48341232227489,492774,59281,433493
212,117.9245283018868,492774,59281,433493
213,117.37089201877934,492774,59281,433493
214,116.82242990654206,492774,59281,433493
215,116.27906976744185,492774,59281,433493
216,115.74074074074075,492774,59281,433493
217,115.2073732718894,492774,59281,433493
218,114.6788990825688,492774,59281,433493
219,114.15525114155251,492774,59281,433493
220,113.63636363636364,492774,59281,433493
221,113.12217194570135,492774,59281,433493
222,112.61261261261261,492774,59281,433493
223,112.10762331838565,492774,59281,433493
224,111.60714285714286,492774,59281,433493
225,111.11111111111111,492774,59281,433493
226,110.61946902654867,492774,59281,433493
227,110.13215859030836,492774,59281,433493
228,109.64912280701755,492774,59281,433493
229,109.17030567685589,492774,59281,433493
230,108.69565217391305,493187,59281,433906
231,108.22510822510823,493187,59281,433906
232,107.75862068965517,493187,59281,433906
233,107.29613733905579,493187,59281,433906
234,106.83760683760684,493187,59281,433906
235,106.38297872340425,493187,59281,433906
236,105.9322033898305,493187,59281,433906
237,105.48523206751055,493187,59281,433906
238,105.04201680672269,493187,59281,433906
239,104.60251046025104,493187,59281,433906
240,104.16666666666667,493187,59281,433906
241,103.7344398340249,493187,59281,433906
242,103.30578512396694,493187,59281,433906
243,102.88065843621399,493187,59281,433906
244,102.45901639344262,493187,59281,433906
245,102.04081632653062,493187,59281,433906
246,101.6260162601626,493187,59281,433906
247,101.21457489878543,493187,59281,433906
248,100.80645161290323,493187,59281,433906
249,100.40160642570281,493187,59281,433906
250,100,493187,59281,433906
251,99.60159362549801,493187,59281,433906
252,99.2063492063492,493302,59281,434021
253,98.81422924901186,493302,59281,434021
254,98.4251968503937,493302,59281,434021
255,98.03921568627452,493302,59281,434021
256,97.65625,493302,59281,434021
257,97.27626459143968,493302,59281,434021
258,96.89922480620154,493302,59281,434021
259,96.52509652509653,493302,59281,434021
260,96.15384615384616,493302,59281,434021
261,95.78544061302682,493302,59281,434021
262,95.41984732824427,493302,59281,434021
263,95.05703422053232,493302,59281,434021
264,94.6969696969697,493083,58426,434657
265,94.33962264150944,493083,58426,434657
266,93.98496240601504,493083,58426,434657
267,93.63295880149813,493083,58426,434657
268,93.28358208955224,493083,58426,434657
269,92.93680297397769,493083,58426,434657
270,92.5925925925926,493083,58426,434657
271,92.25092250922509,493083,58426,434657
272,91.91176470588235,493083,58426,434657
273,91.57509157509158,493083,58426,434657
274,91.24087591240875,493083,58426,434657
275,90.9090909090909,493083,58426,434657
276,90.57971014492753,493083,58426,434657
277,90.25270758122744,493083,58426,434657
278,89.92805755395683,493083,58426,434657
279,89.60573476702508,493083,58426,434657
280,89.28571428571429,493083,58426,434657
281,88.96797153024912,493083,58426,434657
282,88.65248226950355,493384,58426,434958
283,88.33922261484099,493384,58426,434958
284,88.02816901408451,493384,58426,434958
285,87.71929824561404,493384,58426,434958
286,87.41258741258741,493403,58426,434977
287,87.10801393728222,493403,58426,434977
288,86.80555555555556,493403,58426,434977
289,86.50519031141869,493403,58426,434977
290,86.20689655172414,493404,58426,434978
291,85.91065292096219,493404,58426,434978
292,85.61643835616438,493404,58426,434978
293,85.32423208191126,493404,58426,434978
294,85.03401360544218,493404,58426,434978
295,84.7457627118644,493404,58426,434978
296,84.45945945945945,493404,58426,434978
297,84.17508417508418,493404,58426,434978
298,83.89261744966443,493404,58426,434978
299,83.61204013377926,493404,58426,434978
300,83.33333333333333,493404,58426,434978
301,83.05647840531562,493404,58426,434978
302,82.78145695364239,493404,58426,434978
303,82.50825082508251,493404,58426,434978
304,82.23684210526316,493404,58426,434978
305,81.9672131147541,493404,58426,434978
306,81.69934640522875,493404,58426,434978
307,81.43322475570032,493404,58426,434978
308,81.16883116883118,493439,58426,435013
309,80.90614886731392,493439,58426,435013
310,80.64516129032258,493439,58426,435013
311,80.38585209003216,493439,58426,435013
312,80.12820512820512,493439,58426,435013
313,79.87220447284345,493439,58426,435013
314,79.61783439490446,493439,58426,435013
315,79.36507936507937,493439,58426,435013
316,79.11392405063292,493439,58426,435013
317,78.86435331230284,493439,58426,435013
318,78.61635220125787,493439,58426,435013
319,78.36990595611286,493439,58426,435013
320,78.125,493439,58426,435013
321,77.88161993769471,493439,58426,435013
322,77.63975155279503,493483,58426,435057
323,77.39938080495357,493483,58426,435057
324,77.1604938271605,493483,58426,435057
325,76.92307692307692,493483,58426,435057
326,76.68711656441718,493483,58426,435057
327,76.4525993883792,493483,58426,435057
328,76.21951219512195,493483,58426,435057
329,75.98784194528875,493483,58426,435057
330,75.75757575757575,493299,58426,434873
331,75.52870090634441,493299,58426,434873
332,75.3012048192771,493299,58426,434873
333,75.07507507507508,493299,58426,434873
334,74.8502994011976,493299,58426,434873
335,74.6268656716418,493299,58426,434873
336,74.4047619047619,493299,58426,434873
337,74.1839762611276,493299,58426,434873
338,73.96449704142012,493299,58426,434873
339,73.74631268436578,493299,58426,434873
340,73.52941176470588,493299,58426,434873
341,73.31378299120234,493299,58426,434873
342,73.09941520467837,493299,58426,434873
343,72.8862973760933,493299,58426,434873
344,72.67441860465117,493299,58426,434873
345,72.46376811594203,493299,58426,434873
346,72.25433526011561,493299,58426,434873
347,72.04610951008645,493299,58426,434873
348,71.83908045977012,493299,58426,434873
349,71.63323782234957,493299,58426,434873
350,71.42857142857143,493299,58426,434873
351,71.22507122507122,493299,58426,434873
352,71.02272727272727,493355,58426,434929
353,70.8215297450425,493355,58426,434929
354,70.62146892655367,493355,58426,434929
355,70.4225352112676,493355,58426,434929
356,70.2247191011236,493355,58426,434929
357,70.0280112044818,493355,58426,434929
358,69.83240223463687,493355,58426,434929
359,69.63788300835654,493352,58003,435349
360,69.44444444444444,493352,58003,435349
361,69.25207756232687,493352,58003,435349
362,69.06077348066299,493352,58003,435349
363,68.87052341597796,493352,58003,435349
364,68.68131868131869,493352,58003,435349
365,68.4931506849315,493352,58003,435349
366,68.30601092896175,493352,58003,435349
367,68.11989100817439,493352,58003,435349
368,67.93478260869566,493352,58003,435349
369,67.75067750677506,493352,58003,435349
370,67.56756756756756,493352,58003,435349
371,67.38544474393531,493352,58003,435349
372,67.20430107526882,493352,58003,435349
373,67.02412868632707,493352,58003,435349
374,66.84491978609626,493352,58003,435349
375,66.66666666666667,493352,58003,435349
376,66.48936170212765,493352,58003,435349
377,66.3129973474801,493352,58003,435349
378,66.13756613756614,493352,58003,435349
379,65.96306068601584,493352,58003,435349
380,65.78947368421052,493352,58003,435349
381,65.61679790026247,493485,57933,435552
382,65.44502617801047,493485,57933,435552
383,65.27415143603133,493485,57933,435552
384,65.10416666666667,493485,57933,435552
385,64.93506493506493,493485,57933,435552
386,64.76683937823834,493485,57933,435552
387,64.59948320413437,493485,57933,435552
388,64.43298969072166,493485,57933,435552
389,64.26735218508998,493485,57933,435552
390,64.1025641025641,493485,57933,435552
391,63.9386189258312,493485,57933,435552
392,63.775510204081634,493485,57933,435552
393,63.61323155216285,493485,57933,435552
394,63.45177664974619,493485,57933,435552
395,63.29113924050633,493485,57933,435552
396,63.13131313131313,493485,57933,435552
397,62.97229219143577,493485,57933,435552
398,62.814070351758794,493485,57933,435552
399,62.65664160401003,493485,57933,435552
400,62.5,493485,57933,435552
401,62.34413965087282,493485,57933,435552
402,62.18905472636816,493485,57933,435552
403,62.03473945409429,493485,57933,435552
404,61.881188118811885,493485,57933,435552
405,61.72839506172839,493485,57933,435552
406,61.576354679802954,493485,57933,435552
407,61.42506142506142,493485,57933,435552
408,61.27450980392157,493485,57933,435552
409,61.12469437652812,493485,57933,435552
410,60.97560975609756,493485,57933,435552
411,60.82725060827251,493485,57933,435552
412,60.679611650485434,493485,57933,435552
413,60.53268765133172,493485,57933,435552
414,60.38647342995169,493339,57933,435406
415,60.24096385542169,493339,57933,435406
416,60.09615384615385,493339,57933,435406
417,59.95203836930455,493059,57933,435126
418,59.80861244019139,493059,57933,435126
419,59.665871121718375,493059,57933,435126
420,59.523809523809526,493059,57933,435126
421,59.38242280285036,493059,57933,435126
422,59.241706161137444,493059,57933,435126
423,59.1016548463357,493059,57933,435126
424,58.9622641509434,493059,57933,435126
425,58.8235294117647,493059,57933,435126
426,58.68544600938967,493059,57933,435126
427,58.5480093676815,493059,57933,435126
428,58.41121495327103,493059,57933,435126
429,58.27505827505828,493059,57933,435126
430,58.13953488372093,493059,57933,435126
431,58.0046403712297,493208,57933,435275
432,57.870370370370374,493208,57933,435275
433,57.736720554272516,493208,57933,435275
434,57.6036866359447,493208,57933,435275
435,57.47126436781609,493208,57933,435275
436,57.3394495412844,493208,57933,435275
437,57.20823798627002,493208,57933,435275
438,57.077625570776256,493208,57933,435275
439,56.94760820045558,493208,57933,435275
440,56.81818181818182,493208,57933,435275
441,56.68934240362812,493208,57933,435275
442,56.56108597285068,493208,57933,435275
443,56.433408577878104,493208,57933,435275
444,56.306306306306304,493208,57933,435275
445,56.17977528089887,493208,57933,435275
446,56.053811659192824,493208,57933,435275
447,55.92841163310962,493208,57933,435275
448,55.80357142857143,493208,57933,435275
449,55.67928730512249,493208,57933,435275
450,55.55555555555556,493208,57933,435275
451,55.432372505543235,493208,57933,435275
452,55.309734513274336,493208,57933,435275
453,55.18763796909492,493208,57933,435275
454,55.06607929515418,493208,57933,435275
455,54.94505494505494,493208,57933,435275
456,54.824561403508774,493208,57933,435275
457,54.70459518599562,493208,57933,435275
458,54.585152838427945,493208,57933,435275
459,54.46623093681917,493208,57933,435275
460,54.34782608695652,493208,57933,435275
461,54.229934924078094,493208,57933,435275
462,54.112554112554115,493208,57933,435275
463,53.99568034557235,493208,57933,435275
464,53.87931034482759,493208,57933,435275
465,53.763440860215056,493208,57933,435275
466,53.648068669527895,493208,57933,435275
467,53.53319057815846,493208,57933,435275
468,53.41880341880342,492803,56568,436235
469,53.304904051172706,492803,56568,436235
470,53.191489361702125,492803,56568,436235
471,53.07855626326964,492803,56568,436235
472,52.96610169491525,492803,56568,436235
473,52.854122621564485,492803,56568,436235
474,52.742616033755276,492803,56568,436235
475,52.63157894736842,492803,56568,436235
476,52.52100840336134,492803,56568,436235
477,52.41090146750524,492803,56568,436235
478,52.30125523012552,492803,56568,436235
479,52.19206680584551,491995,55704,436291
480,52.083333333333336,491995,55704,436291
481,51.975051975051976,491995,55704,436291
482,51.86721991701245,491995,55704,436291
483,51.75983436853002,491995,55704,436291
484,51.65289256198347,491995,55704,436291
485,51.54639175257732,491995,55704,436291
486,51.440329218106996,491995,55704,436291
487,51.3347022587269,491995,55704,436291
488,51.22950819672131,491995,55704,436291
489,51.124744376278116,492060,55704,436356
490,51.02040816326531,492060,55704,436356
491,50.91649694501018,492060,55704,436356
492,50.8130081300813,492060,55704,436356
493,50.70993914807302,492060,55704,436356
494,50.607287449392715,492060,55704,436356
495,50.505050505050505,492060,55704,436356
496,50.403225806451616,492060,55704,436356
497,50.30181086519115,492060,55704,436356
498,50.200803212851405,492060,55704,436356
499,50.100200400801604,492060,55704,436356
500,50,492060,55704,436356
501,49.9001996007984,492060,55704,436356
502,49.800796812749006,492060,55704,436356
503,49.70178926441352,492060,55704,436356
504,49.6031746031746,492060,55704,436356
505,49.504950495049506,492060,55704,436356
506,49.40711462450593,492060,55704,436356
507,49.30966469428008,492060,55704,436356
508,49.21259842519685,492000,55704,436296
509,49.115913555992144,492000,55704,436296
510,49.01960784313726,492000,55704,436296
511,48.923679060665364,492000,55704,436296
512,48.828125,492000,55704,436296
513,48.732943469785575,492000,55704,436296
514,48.63813229571984,490014,52792,437222
515,48.54368932038835,490014,52792,437222
516,48.44961240310077,490014,52792,437222
517,48.355899419729205,489796,51832,437964
518,48.262548262548265,489796,51832,437964
519,48.16955684007707,489796,51832,437964
520,48.07692307692308,489796,51832,437964
521,47.98464491362764,489796,51832,437964
522,47.89272030651341,489796,51832,437964
523,47.80114722753346,489796,51832,437964
524,47.70992366412214,489800,51832,437968
525,47.61904761904762,489800,51832,437968
526,47.52851711026616,489559,51832,437727
527,47.43833017077799,489559,51832,437727
528,47.34848484848485,489559,51832,437727
529,47.25897920604915,489559,51832,437727
530,47.16981132075472,489559,51832,437727
531,47.080979284369114,489559,51832,437727
532,46.99248120300752,489559,51832,437727
533,46.90431519699813,489559,51832,437727
534,46.81647940074907,489559,51832,437727
535,46.728971962616825,489559,51832,437727
536,46.64179104477612,489559,51832,437727
537,46.554934823091244,489559,51832,437727
538,46.468401486988846,489559,51832,437727
539,46.3821892393321,489559,51832,437727
540,46.2962962962963,489559,51832,437727
541,46.21072088724584,489559,51832,437727
542,46.125461254612546,489525,51832,437693
543,46.04051565377532,489525,51832,437693
544,45.955882352941174,489525,51832,437693
545,45.87155963302752,489525,51832,437693
546,45.78754578754579,489525,51832,437693
547,45.703839122486286,489525,51832,437693
548,45.62043795620438,489525,51832,437693
549,45.537340619307834,489568,51832,437736
550,45.45454545454545,489568,51832,437736
551,45.37205081669691,489568,51832,437736
552,45.289855072463766,489633,51832,437801
553,45.20795660036166,489633,51832,437801
554,45.12635379061372,489633,51832,437801
555,45.04504504504504,489633,51832,437801
556,44.96402877697842,489633,51832,437801
557,44.88330341113106,489633,51832,437801
558,44.80286738351254,489633,51832,437801
559,44.72271914132379,489058,51032,438026
560,44.642857142857146,489058,51032,438026
561,44.563279857397504,489058,51032,438026
562,44.48398576512456,488908,50039,438869
563,44.40497335701598,488908,50039,438869
564,44.326241134751776,488908,50039,438869
565,44.24778761061947,488908,50039,438869
566,44.169611307420496,488908,50039,438869
567,44.091710758377424,488908,50039,438869
568,44.014084507042256,488908,50039,438869
569,43.936731107205624,488908,50039,438869
570,43.85964912280702,488908,50039,438869
571,43.78283712784589,488908,50039,438869
572,43.70629370629371,488908,50039,438869
573,43.63001745200698,488908,50039,438869
574,43.55400696864111,488908,50039,438869
575,43.47826086956522,488908,50039,438869
576,43.40277777777778,488908,50039,438869
577,43.327556325823224,488908,50039,438869
578,43.25259515570934,488908,50039,438869
579,43.17789291882556,488908,50039,438869
580,43.10344827586207,488908,50039,438869
581,43.029259896729776,488908,50039,438869
582,42.955326460481096,488908,50039,438869
583,42.88164665523156,488908,50039,438869
584,42.80821917808219,488901,48759,440142
585,42.73504273504273,488901,48759,440142
586,42.66211604095563,488559,48127,440432
587,42.58943781942078,488559,48127,440432
588,42.51700680272109,488437,47998,440439
589,42.444821731748725,488437,47998,440439
590,42.3728813559322,488437,47998,440439
591,42.30118443316413,488437,47998,440439
592,42.229729729729726,488437,47998,440439
593,42.158516020236085,488437,47998,440439
594,42.08754208754209,488437,47998,440439
595,42.016806722689076,488437,47998,440439
596,41.946308724832214,488437,47998,440439
597,41.87604690117253,488437,47998,440439
598,41.80602006688963,488437,47998,440439
599,41.736227045075125,488437,47998,440439
600,41.666666666666664,488437,47998,440439
601,41.597337770382694,488437,47998,440439
602,41.52823920265781,488437,47998,440439
603,41.459369817578775,488437,47998,440439
604,41.390728476821195,488437,47998,440439
605,41.32231404958678,488437,47998,440439
606,41.254125412541256,488437,47998,440439
607,41.18616144975288,488437,47998,440439
608,41.11842105263158,488437,47998,440439
609,41.050903119868636,488437,47998,440439
610,40.98360655737705,488437,47998,440439
611,40.91653027823241,488078,46628,441450
612,40.849673202614376,488078,46628,441450
613,40.783034257748774,488078,46628,441450
614,40.71661237785016,488078,46628,441450
615,40.65040650406504,488078,46628,441450
616,40.58441558441559,488078,46628,441450
617,40.51863857374392,488078,46628,441450
618,40.45307443365696,488078,46628,441450
619,40.38772213247173,488078,46628,441450
620,40.32258064516129,488078,46628,441450
621,40.25764895330113,488078,46628,441450
622,40.19292604501608,488078,46628,441450
623,40.12841091492777,488109,45932,442177
624,40.06410256410256,488109,45932,442177
625,40,488109,45932,442177
626,39.936102236421725,488109,45932,442177
627,39.87240829346093,488109,45932,442177
628,39.80891719745223,488109,45932,442177
629,39.7456279809221,488109,45932,442177
630,39.682539682539684,488109,45932,442177
631,39.61965134706814,488109,45932,442177
632,39.55696202531646,488109,45932,442177
633,39.494470774091624,488109,45932,442177
634,39.43217665615142,488109,45932,442177
635,39.37007874015748,488109,45932,442177
636,39.308176100628934,488109,45932,442177
637,39.24646781789639,488109,45932,442177
638,39.18495297805643,488169,45932,442237
639,39.123630672926446,488169,45932,442237
640,39.0625,488169,45932,442237
641,39.0015600624025,488169,45932,442237
642,38.940809968847354,488169,45932,442237
643,38.88024883359253,488169,45932,442237
644,38.81987577639752,488169,45932,442237
645,38.75968992248062,488169,45932,442237
646,38.69969040247678,488169,45932,442237
647,38.639876352395675,488169,45932,442237
648,38.58024691358025,488169,45932,442237
649,38.52080123266564,488169,45932,442237
650,38.46153846153846,488169,45932,442237
651,38.40245775729647,488169,45932,442237
652,38.34355828220859,488169,45932,442237
653,38.28483920367535,488169,45932,442237
654,38.2262996941896,488169,45932,442237
655,38.16793893129771,488169,45932,442237
656,38.109756097560975,487987,45276,442711
657,38.051750380517504,487987,45276,442711
658,37.993920972644375,487987,45276,442711
659,37.93626707132018,487987,45276,442711
660,37.878787878787875,487987,45276,442711
661,37.821482602118,487987,45276,442711
662,37.764350453172206,487987,45276,442711
663,37.70739064856712,487987,45276,442711
664,37.65060240963855,487987,45276,442711
665,37.59398496240601,487987,45276,442711
666,37.53753753753754,487987,45276,442711
667,37.481259370314845,487987,45276,442711
668,37.4251497005988,487987,45276,442711
669,37.369207772795214,487987,45276,442711
670,37.3134328358209,487987,45276,442711
671,37.257824143070046,487987,45276,442711
672,37.20238095238095,487987,45276,442711
673,37.147102526002975,487987,45276,442711
674,37.0919881305638,487987,45276,442711
675,37.03703703703704,487987,45276,442711
676,36.98224852071006,487987,45276,442711
677,36.92762186115214,487987,45276,442711
678,36.87315634218289,487987,45276,442711
679,36.81885125184094,487987,45276,442711
680,36.76470588235294,487987,45276,442711
681,36.71071953010279,487987,45276,442711
682,36.65689149560117,487987,45276,442711
683,36.603221083455345,487987,45276,442711
684,36.54970760233918,487987,45276,442711
685,36.496350364963504,487987,45276,442711
686,36.44314868804665,487987,45276,442711
687,36.3901018922853,487987,45276,442711
688,36.33720930232558,487987,45276,442711
689,36.2844702467344,487987,45276,442711
690,36.231884057971016,487987,45276,442711
691,36.1794500723589,487987,45276,442711
692,36.127167630057805,487987,45276,442711
693,36.075036075036074,487987,45276,442711
694,36.023054755043226,487987,45276,442711
695,35.97122302158273,487987,45276,442711
696,35.91954022988506,487987,45276,442711
697,35.86800573888092,487987,45276,442711
698,35.816618911174785,487987,45276,442711
699,35.7653791130186,487987,45276,442711
700,35.714285714285715,487987,45276,442711
701,35.66333808844508,487987,45276,442711
702,35.61253561253561,487987,45276,442711
703,35.56187766714083,487987,45276,442711
704,35.51136363636363,487987,45276,442711
705,35.46099290780142,487987,45276,442711
706,35.41076487252125,488014,45276,442738
707,35.36067892503536,488014,45276,442738
708,35.31073446327684,488014,45276,442738
709,35.26093088857546,488014,45276,442738
710,35.2112676056338,488014,45276,442738
711,35.16174402250352,488014,45276,442738
712,35.1123595505618,488014,45276,442738
713,35.06311360448808,488014,45276,442738
714,35.0140056022409,488014,45276,442738
715,34.96503496503497,488014,45276,442738
716,34.91620111731844,488014,45276,442738
717,34.86750348675035,488014,45276,442738
718,34.81894150417827,488014,45276,442738
719,34.770514603616135,488014,45276,442738
720,34.72222222222222,488014,45276,442738
721,34.674063800277395,488014,45276,442738
722,34.62603878116344,488014,45276,442738
723,34.57814661134163,488014,45276,442738
724,34.530386740331494,488014,45276,442738
725,34.48275862068966,487930,43801,444129
726,34.43526170798898,487930,43801,444129
727,34.3878954607978,487930,43801,444129
728,34.34065934065934,487930,43801,444129
729,34.29355281207133,487942,43801,444141
730,34.24657534246575,487942,43801,444141
731,34.19972640218878,487942,43801,444141
732,34.15300546448088,487942,43801,444141
733,34.106412005457024,487782,43500,444282
734,34.059945504087196,487782,43500,444282
735,34.01360544217687,487782,43500,444282
736,33.96739130434783,487782,43500,444282
737,33.921302578018995,487782,43500,444282
738,33.87533875338753,487782,43500,444282
739,33.82949932341001,487782,43500,444282
740,33.78378378378378,487782,43500,444282
741,33.738191632928476,487782,43500,444282
742,33.692722371967655,487778,43323,444455
743,33.64737550471063,487778,43323,444455
744,33.60215053763441,487778,43323,444455
745,33.557046979865774,487779,43323,444456
746,33.51206434316354,487865,43323,444542
747,33.467202141900934,487865,43323,444542
748,33.42245989304813,487865,43323,444542
749,33.37783711615487,487865,43323,444542
750,33.333333333333336,487865,43323,444542
751,33.28894806924101,487865,43323,444542
752,33.244680851063826,487865,43323,444542
753,33.200531208499335,487865,43323,444542
754,33.15649867374005,487865,43323,444542
755,33.11258278145695,487865,43323,444542
756,33.06878306878307,487865,43323,444542
757,33.02509907529723,487865,43323,444542
758,32.98153034300792,487865,43323,444542
759,32.93807641633729,487865,43323,444542
760,32.89473684210526,487865,43323,444542
761,32.8515111695138,487865,43323,444542
762,32.808398950131235,487865,43323,444542
763,32.765399737876805,487865,43323,444542
764,32.72251308900523,487865,43323,444542
765,32.6797385620915,487865,43323,444542
766,32.637075718015666,487865,43323,444542
767,32.59452411994785,487865,43323,444542
768,32.552083333333336,487865,43323,444542
769,32.50975292587776,487865,43323,444542
770,32.467532467532465,487865,43323,444542
771,32.425421530479895,487865,43323,444542
772,32.38341968911917,487865,43323,444542
773,32.341526520051744,487865,43323,444542
774,32.299741602067186,487865,43323,444542
775,32.25806451612903,487865,43323,444542
776,32.21649484536083,487865,43323,444542
777,32.17503217503217,487865,43323,444542
778,32.13367609254499,487865,43323,444542
779,32.09242618741977,487865,43323,444542
780,32.05128205128205,487865,43323,444542
781,32.010243277848915,487865,43323,444542
782,31.9693094629156,487865,43323,444542
783,31.928480204342275,487865,43323,444542
784,31.887755102040817,487865,43323,444542
785,31.84713375796178,487865,43323,444542
786,31.806615776081426,487865,43323,444542
787,31.76620076238882,487865,43323,444542
788,31.725888324873097,487865,43323,444542
789,31.685678073510772,487865,43323,444542
790,31.645569620253166,487865,43323,444542
791,31.605562579013906,487865,43323,444542
792,31.565656565656564,487865,43323,444542
793,31.525851197982345,487865,43323,444542
794,31.486146095717885,487827,43323,444504
795,31.446540880503143,487827,43323,444504
796,31.407035175879397,487827,43323,444504
797,31.36762860727729,487827,43323,444504
798,31.328320802005013,487827,43323,444504
799,31.289111389236545,487827,43323,444504
800,31.25,487827,43323,444504
801,31.210986267166042,487827,43323,444504
802,31.17206982543641,487827,43323,444504
803,31.133250311332503,487827,43323,444504
804,31.09452736318408,487827,43323,444504
805,31.055900621118013,487827,43323,444504
806,31.017369727047146,487631,43312,444319
807,30.97893432465923,487631,43312,444319
808,30.940594059405942,487631,43312,444319
809,30.902348578491967,485883,41520,444363
810,30.864197530864196,485883,41520,444363
811,30.826140567200987,485883,41520,444363
812,30.788177339901477,485883,41520,444363
813,30.75030750307503,485883,41520,444363
814,30.71253071253071,485883,41520,444363
815,30.67484662576687,485883,41520,444363
816,30.637254901960784,485883,41520,444363
817,30.599755201958384,485883,41520,444363
818,30.56234718826406,485883,41520,444363
819,30.525030525030527,485883,41520,444363
820,30.48780487804878,485722,41243,444479
821,30.450669914738125,485722,41243,444479
822,30.413625304136254,485722,41243,444479
823,30.37667071688943,485722,41243,444479
824,30.339805825242717,485722,41243,444479
825,30.303030303030305,485722,41243,444479
826,30.26634382566586,485722,41243,444479
827,30.22974607013301,485722,41243,444479
828,30.193236714975846,485722,41243,444479
829,30.156815440289506,485722,41243,444479
830,30.120481927710845,485722,41243,444479
831,30.084235860409144,485722,41243,444479
832,30.048076923076923,485722,41243,444479
833,30.012004801920767,485722,41243,444479
834,29.976019184652277,485722,41243,444479
835,29.940119760479043,485722,41243,444479
836,29.904306220095695,485722,41243,444479
837,29.86857825567503,485722,41243,444479
838,29.832935560859188,485722,41243,444479
839,29.797377830750893,485722,41243,444479
840,29.761904761904763,485722,41243,444479
841,29.72651605231867,485722,41243,444479
842,29.69121140142518,485722,41243,444479
843,29.655990510083036,485722,41243,444479
844,29.620853080568722,485722,41243,444479
845,29.585798816568047,485722,41243,444479
846,29.55082742316785,485722,41243,444479
847,29.515938606847698,485722,41243,444479
848,29.4811320754717,485722,41243,444479
849,29.44640753828033,485722,41243,444479
850,29.41176470588235,485722,41243,444479
851,29.37720329024677,485722,41243,444479
852,29.342723004694836,485722,41243,444479
853,29.308323563892145,485722,41243,444479
854,29.27400468384075,485722,41243,444479
855,29.239766081871345,485722,41243,444479
856,29.205607476635514,485722,41243,444479
857,29.171528588098017,485722,41243,444479
858,29.13752913752914,485722,41243,444479
859,29.10360884749709,485722,41243,444479
860,29.069767441860463,485722,41243,444479
861,29.036004645760745,485722,41243,444479
862,29.00232018561485,485567,40972,444595
863,28.968713789107763,485567,40972,444595
864,28.935185185185187,485567,40972,444595
865,28.90173410404624,485567,40972,444595
866,28.868360277136258,485567,40972,444595
867,28.83506343713956,485567,40972,444595
868,28.80184331797235,485567,40972,444595
869,28.768699654775602,485567,40972,444595
870,28.735632183908045,485567,40972,444595
871,28.70264064293915,485567,40972,444595
872,28.6697247706422,485567,40972,444595
873,28.6368843069874,485567,40972,444595
874,28.60411899313501,485567,40972,444595
875,28.571428571428573,485567,40972,444595
876,28.538812785388128,485567,40972,444595
877,28.506271379703534,485567,40972,444595
878,28.47380410022779,485567,40972,444595
879,28.441410693970422,485567,40972,444595
880,28.40909090909091,485567,40972,444595
881,28.37684449489217,485451,40849,444602
882,28.34467120181406,485451,40849,444602
883,28.312570781426952,485451,40849,444602
884,28.28054298642534,485451,40849,444602
885,28.24858757062147,485463,40849,444614
886,28.216704288939052,485463,40849,444614
887,28.18489289740699,485463,40849,444614
888,28.153153153153152,485463,40849,444614
889,28.1214848143982,485463,40849,444614
890,28.089887640449437,485463,40849,444614
891,28.058361391694724,485463,40849,444614
892,28.026905829596412,485463,40849,444614
893,27.99552071668533,485463,40849,444614
894,27.96420581655481,485463,40849,444614
895,27.932960893854748,485463,40849,444614
896,27.901785714285715,485463,40849,444614
897,27.870680044593087,485463,40849,444614
898,27.839643652561247,485463,40849,444614
899,27.808676307007786,485463,40849,444614
900,27.77777777777778,485463,40849,444614
901,27.74694783573807,485463,40849,444614
902,27.716186252771617,485463,40849,444614
903,27.685492801771872,485463,40849,444614
904,27.654867256637168,485463,40849,444614
905,27.624309392265193,485463,40849,444614
906,27.59381898454746,485463,40849,444614
907,27.563395810363836,485463,40849,444614
908,27.53303964757709,485463,40849,444614
909,27.502750275027502,485463,40849,444614
910,27.47252747252747,485463,40849,444614
911,27.442371020856204,485463,40849,444614
912,27.412280701754387,485463,40849,444614
913,27.38225629791895,485463,40849,444614
914,27.35229759299781,485463,40849,444614
915,27.3224043715847,485463,40849,444614
916,27.292576419213972,485463,40849,444614
917,27.262813522355508,485463,40849,444614
918,27.233115468409586,485463,40849,444614
919,27.20348204570185,485463,40849,444614
920,27.17391304347826,485463,40849,444614
921,27.14440825190011,485463,40849,444614
922,27.114967462039047,485463,40849,444614
923,27.085590465872155,485463,40849,444614
924,27.056277056277057,485463,40849,444614
925,27.027027027027028,485463,40849,444614
926,26.997840172786177,485463,40849,444614
927,26.968716289104638,484519,40849,443670
928,26.939655172413794,484519,40849,443670
929,26.910656620021527,484519,40849,443670
930,26.881720430107528,484519,40849,443670
931,26.852846401718583,484519,40849,443670
932,26.824034334763947,484519,40849,443670
933,26.79528403001072,484519,40849,443670
934,26.76659528907923,484519,40849,443670
935,26.737967914438503,484519,40849,443670
936,26.70940170940171,484519,40849,443670
937,26.680896478121664,484467,40849,443618
938,26.652452025586353,484467,40849,443618
939,26.624068157614484,484467,40849,443618
940,26.595744680851062,484467,40849,443618
941,26.56748140276302,484467,40849,443618
942,26.53927813163482,484467,40849,443618
943,26.511134676564158,484467,40849,443618
944,26.483050847457626,484467,40849,443618
945,26.455026455026456,484467,40849,443618
946,26.427061310782243,484467,40849,443618
947,26.399155227032736,484467,40849,443618
948,26.371308016877638,484467,40849,443618
949,26.343519494204426,484467,40849,443618
950,26.31578947368421,484467,40849,443618
951,26.288117770767613,484467,40849,443618
952,26.26050420168067,484467,40849,443618
953,26.232948583420775,484409,40849,443560
954,26.20545073375262,484409,40849,443560
955,26.17801047120419,484409,40849,443560
956,26.15062761506276,484409,40849,443560
957,26.12330198537095,484409,40849,443560
958,26.096033402922757,484409,40849,443560
959,26.068821689259646,484409,40849,443560
960,26.041666666666668,484409,40849,443560
961,26.014568158168576,484409,40849,443560
962,25.987525987525988,484409,40849,443560
963,25.96053997923157,484347,40613,443734
964,25.933609958506224,484347,40613,443734
965,25.906735751295336,484405,40573,443832
966,25.87991718426501,484405,40573,443832
967,25.853154084798344,484405,40573,443832
968,25.826446280991735,484405,40573,443832
969,25.799793601651185,484349,40393,443956
970,25.77319587628866,484349,40393,443956
971,25.746652935118433,484349,40393,443956
972,25.720164609053498,484349,40393,443956
973,25.693730729701954,484390,40393,443997
974,25.66735112936345,484390,40393,443997
975,25.641025641025642,484390,40393,443997
976,25.614754098360656,484390,40393,443997
977,25.588536335721596,484390,40393,443997
978,25.562372188139058,484390,40393,443997
979,25.53626149131767,484390,40393,443997
980,25.510204081632654,484390,40393,443997
981,25.4841997961264,484390,40393,443997
982,25.45824847250509,484390,40393,443997
983,25.4323499491353,484390,40393,443997
984,25.40650406504065,484390,40393,443997
985,25.380710659898476,484390,40393,443997
986,25.35496957403651,484390,40393,443997
987,25.329280648429584,484390,40393,443997
988,25.303643724696357,484390,40393,443997
989,25.278058645096056,484390,40393,443997
990,25.252525252525253,484390,40393,443997
991,25.22704339051463,484390,40393,443997
992,25.201612903225808,484390,40393,443997
993,25.17623363544814,484390,40393,443997
994,25.150905432595575,484390,40393,443997
995,25.12562814070352,484390,40393,443997
996,25.100401606425702,484390,40393,443997
997,25.075225677031092,484390,40393,443997
998,25.050100200400802,484390,40393,443997
999,25.025025025025027,484390,40393,443997
1000,25,484390,40393,443997
1001,24.975024975024976,484390,40393,443997
1002,24.9500998003992,484390,40393,443997
1003,24.92522432701894,484390,40393,443997
1004,24.900398406374503,484390,40393,443997
1005,24.875621890547265,484390,40393,443997
1006,24.85089463220676,484390,40393,443997
1007,24.826216484607745,484390,40393,443997
1008,24.8015873015873,484390,40393,443997
1009,24.777006937561943,484390,40393,443997
1010,24.752475247524753,484390,40393,443997
1011,24.727992087042534,484390,40393,443997
1012,24.703557312252965,484390,40393,443997
1013,24.679170779861796,484390,40393,443997
1014,24.65483234714004,484390,40393,443997
1015,24.63054187192118,484390,40393,443997
1016,24.606299212598426,484390,40393,443997
1017,24.582104228121928,484390,40393,443997
1018,24.557956777996072,484390,40393,443997
1019,24.53385672227674,484390,40393,443997
1020,24.50980392156863,484390,40393,443997
1021,24.48579823702253,484390,40393,443997
1022,24.461839530332682,484070,40393,443677
1023,24.437927663734115,484070,40393,443677
1024,24.4140625,484070,40393,443677
1025,24.390243902439025,484070,40393,443677
1026,24.366471734892787,484070,40393,443677
1027,24.342745861733203,484070,40393,443677
1028,24.31906614785992,484070,40393,443677
1029,24.295432458697764,484070,40393,443677
1030,24.271844660194176,484070,40393,443677
1031,24.248302618816684,484070,40393,443677
1032,24.224806201550386,484070,40393,443677
1033,24.20135527589545,484070,40393,443677
1034,24.177949709864603,484040,40393,443647
1035,24.154589371980677,484040,40393,443647
1036,24.131274131274132,484040,40393,443647
1037,24.108003857280618,484040,40393,443647
1038,24.084778420038536,484040,40393,443647
1039,24.06159769008662,484040,40393,443647
1040,24.03846153846154,484040,40393,443647
1041,24.015369836695484,484040,40393,443647
1042,23.99232245681382,484040,40393,443647
1043,23.969319271332694,484040,40393,443647
1044,23.946360153256705,484040,40393,443647
1045,23.923444976076556,484131,40393,443738
1046,23.90057361376673,484131,40393,443738
1047,23.87774594078319,484131,40393,443738
1048,23.85496183206107,484131,40393,443738
1049,23.83222116301239,484131,40393,443738
1050,23.80952380952381,484131,40393,443738
1051,23.78686964795433,484021,40324,443697
1052,23.76425855513308,484021,40324,443697
1053,23.741690408357076,484021,40324,443697
1054,23.719165085388994,484021,40324,443697
1055,23.696682464454977,484021,40324,443697
1056,23.674242424242426,484021,40324,443697
1057,23.651844843897823,484021,40324,443697
1058,23.629489603024574,484021,40324,443697
1059,23.607176581680832,484021,40324,443697
1060,23.58490566037736,484021,40324,443697
1061,23.5626767200754,484021,40324,443697
1062,23.540489642184557,484031,40324,443707
1063,23.51834430856068,484031,40324,443707
1064,23.49624060150376,484031,40324,443707
1065,23.474178403755868,484031,40324,443707
1066,23.452157598499063,484031,40324,443707
1067,23.430178069353328,484031,40324,443707
1068,23.408239700374533,484031,40324,443707
1069,23.386342376052387,484031,40324,443707
1070,23.364485981308412,484031,40324,443707
1071,23.34267040149393,484031,40324,443707
1072,23.32089552238806,484103,40324,443779
1073,23.299161230195715,484103,40324,443779
1074,23.277467411545622,484103,40324,443779
1075,23.25581395348837,484103,40324,443779
1076,23.234200743494423,484103,40324,443779
1077,23.212627669452182,484103,40324,443779
1078,23.19109461966605,484103,40324,443779
1079,23.169601482854496,484103,40324,443779
1080,23.14814814814815,484103,40324,443779
1081,23.12673450508788,484103,40324,443779
1082,23.10536044362292,484057,40104,443953
1083,23.08402585410896,484057,40104,443953
1084,23.062730627306273,484057,40104,443953
1085,23.04147465437788,484057,40104,443953
1086,23.02025782688766,484057,40104,443953
1087,22.999080036798528,484057,40104,443953
1088,22.977941176470587,484057,40104,443953
1089,22.95684113865932,483758,40104,443654
1090,22.93577981651376,483758,40104,443654
1091,22.9147571035747,483758,40104,443654
1092,22.893772893772894,483758,40104,443654
1093,22.872827081427264,483758,40104,443654
1094,22.851919561243143,483758,40104,443654
1095,22.831050228310502,483758,40104,443654
1096,22.81021897810219,483758,40104,443654
1097,22.789425706472198,483758,40104,443654
1098,22.768670309653917,483758,40104,443654
1099,22.747952684258415,483758,40104,443654
1100,22.727272727272727,483758,40104,443654
1101,22.70663033605813,483758,40104,443654
1102,22.686025408348456,483758,40104,443654
1103,22.665457842248415,483758,40104,443654
1104,22.644927536231883,483758,40104,443654
1105,22.624434389140273,483758,40104,443654
1106,22.60397830018083,483758,40104,443654
1107,22.583559168925024,483758,40104,443654
1108,22.56317689530686,483758,40104,443654
1109,22.54283137962128,483758,40104,443654
1110,22.52252252252252,481854,40068,441786
1111,22.502250225022504,481854,40068,441786
1112,22.48201438848921,481441,40068,441373
1113,22.461814914645103,481441,40068,441373
1114,22.44165170556553,481441,40068,441373
1115,22.42152466367713,481441,40068,441373
1116,22.40143369175627,481441,40068,441373
1117,22.381378692927484,481441,40068,441373
1118,22.361359570661897,481441,40068,441373
1119,22.341376228775694,481441,40068,441373
1120,22.321428571428573,481441,40068,441373
1121,22.301516503122212,481441,40068,441373
1122,22.281639928698752,481441,40068,441373
1123,22.26179875333927,481441,40068,441373
1124,22.24199288256228,481441,40068,441373
1125,22.22222222222222,481441,40068,441373
1126,22.20248667850799,481441,40068,441373
1127,22.182786157941436,481441,40068,441373
1128,22.163120567375888,481441,40068,441373
1129,22.143489813994684,481441,40068,441373
1130,22.123893805309734,481431,40068,441363
1131,22.104332449160037,481431,40068,441363
1132,22.084805653710248,481431,40068,441363
1133,22.06531332744925,481431,40068,441363
1134,22.045855379188712,481431,40068,441363
1135,22.026431718061673,481431,40068,441363
1136,22.007042253521128,481431,40068,441363
1137,21.98768689533861,481431,40068,441363
1138,21.968365553602812,481431,40068,441363
1139,21.949078138718175,481431,40068,441363
1140,21.92982456140351,481431,40068,441363
1141,21.910604732690622,481431,40068,441363
1142,21.891418563922944,481431,40068,441363
1143,21.872265966754156,481431,40068,441363
1144,21.853146853146853,481431,40068,441363
1145,21.83406113537118,481431,40068,441363
1146,21.81500872600349,481431,40068,441363
1147,21.79598953792502,481421,39684,441737
1148,21.777003484320556,481421,39684,441737
1149,21.75805047867711,481421,39684,441737
1150,21.73913043478261,481421,39684,441737
1151,21.720243266724587,481421,39684,441737
1152,21.70138888888889,481421,39684,441737
1153,21.682567215958368,481421,39684,441737
1154,21.663778162911612,481421,39684,441737
1155,21.645021645021647,481421,39684,441737
1156,21.62629757785467,481421,39684,441737
1157,21.6076058772688,481421,39684,441737
1158,21.58894645941278,481421,39684,441737
1159,21.570319240724764,481421,39684,441737
1160,21.551724137931036,481387,39684,441703
1161,21.533161068044787,481387,39684,441703
1162,21.514629948364888,481387,39684,441703
1163,21.496130696474633,481387,39684,441703
1164,21.477663230240548,481387,39684,441703
1165,21.459227467811157,481387,39684,441703
1166,21.44082332761578,481387,39684,441703
1167,21.422450728363327,481387,39684,441703
1168,21.404109589041095,481387,39684,441703
1169,21.3857998289136,481387,39684,441703
1170,21.367521367521366,481387,39684,441703
1171,21.34927412467976,481387,39684,441703
1172,21.331058020477816,481387,39684,441703
1173,21.312872975277067,481387,39684,441703
1174,21.29471890971039,481387,39684,441703
1175,21.27659574468085,481387,39684,441703
1176,21.258503401360546,481387,39684,441703
1177,21.240441801189466,481387,39684,441703
1178,21.222410865874362,481387,39684,441703
1179,21.20441051738762,481387,39684,441703
1180,21.1864406779661,481387,39684,441703
1181,21.168501270110077,481387,39684,441703
1182,21.150592216582066,481387,39684,441703
1183,21.132713440405748,481288,39240,442048
1184,21.114864864864863,481288,39240,442048
1185,21.09704641350211,481288,39240,442048
1186,21.079258010118043,481288,39240,442048
1187,21.061499578770007,481288,39240,442048
1188,21.043771043771045,481288,39240,442048
1189,21.026072329688816,481288,39240,442048
1190,21.008403361344538,481288,39240,442048
1191,20.990764063811923,481288,39240,442048
1192,20.973154362416107,481288,39240,442048
1193,20.955574182732608,481288,39240,442048
1194,20.938023450586265,481288,39240,442048
1195,20.92050209205021,481288,39240,442048
1196,20.903010033444815,481288,39240,442048
1197,20.885547201336674,481288,39240,442048
1198,20.868113522537563,481288,39240,442048
1199,20.85070892410342,481288,39240,442048
1200,20.833333333333332,481288,39240,442048
1201,20.815986677768525,481288,39240,442048
1202,20.798668885191347,481288,39240,442048
1203,20.781379883624272,481288,39240,442048
1204,20.764119601328904,481288,39240,442048
1205,20.74688796680498,481288,39240,442048
1206,20.729684908789388,481288,39240,442048
1207,20.712510356255176,481288,39240,442048
1208,20.695364238410598,481288,39240,442048
1209,20.678246484698096,481288,39240,442048
1210,20.66115702479339,481162,39240,441922
1211,20.64409578860446,481162,39240,441922
1212,20.627062706270628,481162,39240,441922
1213,20.610057708161584,481162,39240,441922
1214,20.59308072487644,481162,39240,441922
1215,20.5761316872428,481162,39240,441922
1216,20.55921052631579,481162,39240,441922
1217,20.542317173377157,481162,39240,441922
1218,20.525451559934318,481162,39240,441922
1219,20.50861361771944,481162,39240,441922
1220,20.491803278688526,481162,39240,441922
1221,20.475020475020475,481162,39240,441922
1222,20.458265139116204,481162,39240,441922
1223,20.44153720359771,481162,39240,441922
1224,20.424836601307188,481162,39240,441922
1225,20.408163265306122,481162,39240,441922
1226,20.391517128874387,481162,39240,441922
1227,20.37489812550937,481162,39240,441922
1228,20.35830618892508,481162,39240,441922
1229,20.34174125305126,481162,39240,441922
1230,20.32520325203252,481162,39240,441922
1231,20.30869212022746,481162,39240,441922
1232,20.292207792207794,481162,39240,441922
1233,20.275750202757504,481162,39240,441922
1234,20.25931928687196,481162,39240,441922
1235,20.242914979757085,481162,39240,441922
1236,20.22653721682848,481162,39240,441922
1237,20.21018593371059,481162,39240,441922
1238,20.193861066235865,481162,39240,441922
1239,20.177562550443906,481162,39240,441922
1240,20.161290322580644,481162,39240,441922
1241,20.1450443190975,481162,39240,441922
1242,20.128824476650564,481162,39240,441922
1243,20.11263073209976,481162,39240,441922
1244,20.09646302250804,481162,39240,441922
1245,20.080321285140563,481162,39240,441922
1246,20.064205457463885,481162,39240,441922
1247,20.04811547714515,481162,39240,441922
1248,20.03205128205128,481162,39240,441922
1249,20.0160128102482,481162,39240,441922
1250,20,481162,39240,441922
1251,19.984012789768187,481162,39240,441922
1252,19.968051118210862,481162,39240,441922
1253,19.952114924181963,481162,39240,441922
1254,19.936204146730464,481162,39240,441922
1255,19.9203187250996,481227,39240,441987
1256,19.904458598726116,481227,39240,441987
1257,19.88862370723946,481227,39240,441987
1258,19.87281399046105,481227,39240,441987
1259,19.857029388403493,481227,39240,441987
1260,19.841269841269842,481227,39240,441987
1261,19.825535289452816,481227,39240,441987
1262,19.80982567353407,481227,39240,441987
1263,19.79414093428345,481227,39240,441987
1264,19.77848101265823,481227,39240,441987
1265,19.76284584980237,481227,39240,441987
1266,19.747235387045812,481227,39240,441987
1267,19.73164956590371,481227,39240,441987
1268,19.71608832807571,481227,39240,441987
1269,19.70055161544523,481227,39240,441987
1270,19.68503937007874,481227,39240,441987
1271,19.66955153422502,481227,39240,441987
1272,19.654088050314467,481227,39240,441987
1273,19.638648860958366,481227,39240,441987
1274,19.623233908948194,481227,39240,441987
1275,19.607843137254903,481227,39240,441987
1276,19.592476489028215,481227,39240,441987
1277,19.57713390759593,481227,39240,441987
1278,19.561815336463223,481237,39240,441997
1279,19.546520719311964,481237,39240,441997
1280,19.53125,481237,39240,441997
1281,19.516003122560498,480913,39240,441673
1282,19.50078003120125,480913,39240,441673
1283,19.485580670303975,480913,39240,441673
1284,19.470404984423677,480913,39240,441673
1285,19.455252918287936,480913,39240,441673
1286,19.440124416796266,480913,39240,441673
1287,19.425019425019425,480869,39240,441629
1288,19.40993788819876,480517,39240,441277
1289,19.39487975174554,480517,39240,441277
1290,19.37984496124031,480517,39240,441277
1291,19.364833462432223,480517,39240,441277
1292,19.34984520123839,480517,39240,441277
1293,19.334880123743233,480517,39240,441277
1294,19.319938176197837,480517,39240,441277
1295,19.305019305019304,480517,39240,441277
1296,19.290123456790123,480517,39240,441277
1297,19.275250578257516,480517,39240,441277
1298,19.26040061633282,480517,39240,441277
1299,19.24557351809084,480517,39240,441277
1300,19.23076923076923,480517,39240,441277
1301,19.215987701767872,479638,37995,441643
1302,19.201228878648234,479638,37995,441643
1303,19.18649270913277,479638,37995,441643
1304,19.171779141104295,479638,37995,441643
1305,19.157088122605366,479638,37995,441643
1306,19.142419601837673,479638,37995,441643
1307,19.127773527161438,479638,37995,441643
1308,19.1131498470948,479638,37995,441643
1309,19.098548510313215,479638,37995,441643
1310,19.083969465648856,479638,37995,441643
1311,19.06941266209001,479648,37995,441653
1312,19.054878048780488,479648,37995,441653
1313,19.04036557501904,479648,37995,441653
1314,19.025875190258752,479648,37995,441653
1315,19.011406844106464,479342,37239,442103
1316,18.996960486322187,479342,37239,442103
1317,18.982536066818525,479342,37239,442103
1318,18.96813353566009,479342,37239,442103
1319,18.953752843062926,479342,37239,442103
1320,18.939393939393938,479342,37239,442103
1321,18.925056775170326,479085,37239,441846
1322,18.910741301059,479085,37239,441846
1323,18.89644746787604,479085,37239,441846
1324,18.882175226586103,479085,37239,441846
1325,18.867924528301888,479085,37239,441846
1326,18.85369532428356,479085,37239,441846
1327,18.839487565938207,479085,37239,441846
1328,18.825301204819276,479085,37239,441846
1329,18.811136192626034,479085,37239,441846
1330,18.796992481203006,479085,37239,441846
1331,18.782870022539445,479085,37239,441846
1332,18.76876876876877,479085,37239,441846
1333,18.754688672168044,479085,37239,441846
1334,18.740629685157423,479085,37239,441846
1335,18.726591760299627,479085,37239,441846
1336,18.7125748502994,479085,37239,441846
1337,18.698578908002993,479085,37239,441846
1338,18.684603886397607,479085,37239,441846
1339,18.670649738610905,479085,37239,441846
1340,18.65671641791045,479085,37239,441846
1341,18.642803877703205,479085,37239,441846
1342,18.628912071535023,479085,37239,441846
1343,18.615040953090098,479085,37239,441846
1344,18.601190476190474,479085,37239,441846
1345,18.587360594795538,478845,34863,443982
1346,18.573551263001487,478845,34863,443982
1347,18.55976243504083,478845,34863,443982
1348,18.5459940652819,478845,34863,443982
1349,18.532246108228318,478845,34863,443982
1350,18.51851851851852,478845,34863,443982
1351,18.50481125092524,478845,34863,443982
1352,18.49112426035503,478845,34863,443982
1353,18.477457501847745,478845,34863,443982
1354,18.46381093057607,478845,34863,443982
1355,18.45018450184502,478845,34863,443982
1356,18.436578171091444,478845,34863,443982
1357,18.422991893883566,478845,34863,443982
1358,18.40942562592047,478845,34863,443982
1359,18.39587932303164,478845,34863,443982
1360,18.38235294117647,478845,34863,443982
1361,18.368846436443793,478845,34863,443982
1362,18.355359765051396,478845,34863,443982
1363,18.34189288334556,478845,34863,443982
1364,18.328445747800586,478845,34863,443982
1365,18.315018315018314,478845,34863,443982
1366,18.301610541727673,478845,34863,443982
1367,18.2882223847842,478845,34863,443982
1368,18.27485380116959,478845,34863,443982
1369,18.261504747991236,478845,34863,443982
1370,18.248175182481752,478845,34863,443982
1371,18.23486506199854,478845,34863,443982
1372,18.221574344023324,478845,34863,443982
1373,18.20830298616169,478845,34863,443982
1374,18.19505094614265,478845,34863,443982
1375,18.181818181818183,478845,34863,443982
1376,18.16860465116279,478845,34863,443982
1377,18.15541031227306,478845,34863,443982
1378,18.1422351233672,478845,34863,443982
1379,18.12907904278463,478845,34863,443982
1380,18.115942028985508,478845,34863,443982
1381,18.102824040550328,478845,34863,443982
1382,18.08972503617945,478845,34863,443982
1383,18.076644974692698,478845,34863,443982
1384,18.063583815028903,478845,34863,443982
1385,18.050541516245488,478845,34863,443982
1386,18.037518037518037,478845,34863,443982
1387,18.02451333813987,478845,34863,443982
1388,18.011527377521613,478845,34863,443982
1389,17.998560115190784,478845,34863,443982
1390,17.985611510791365,478845,34863,443982
1391,17.97268152408339,478845,34863,443982
1392,17.95977011494253,478845,34863,443982
1393,17.946877243359655,478845,34863,443982
1394,17.93400286944046,478845,34863,443982
1395,17.921146953405017,478845,34863,443982
1396,17.908309455587393,478845,34863,443982
1397,17.89549033643522,478845,34863,443982
1398,17.8826895565093,478845,34863,443982
1399,17.8699070764832,478845,34863,443982
1400,17.857142857142858,478845,34863,443982
1401,17.84439685938615,478845,34863,443982
1402,17.83166904422254,478845,34863,443982
1403,17.81895937277263,478845,34863,443982
1404,17.806267806267805,478845,34863,443982
1405,17.793594306049823,478845,34863,443982
1406,17.780938833570413,478845,34863,443982
1407,17.768301350390903,478845,34863,443982
1408,17.755681818181817,478845,34863,443982
1409,17.7430801987225,478845,34863,443982
1410,17.73049645390071,478845,34863,443982
1411,17.71793054571226,478845,34863,443982
1412,17.705382436260624,478845,34863,443982
1413,17.692852087756545,478845,34863,443982
1414,17.68033946251768,478845,34863,443982
1415,17.6678445229682,478845,34863,443982
1416,17.65536723163842,478845,34863,443982
1417,17.64290755116443,478845,34863,443982
1418,17.63046544428773,478845,34863,443982
1419,17.618040873854827,478845,34863,443982
1420,17.6056338028169,478845,34863,443982
1421,17.593244194229417,478845,34863,443982
1422,17.58087201125176,478845,34863,443982
1423,17.568517217146873,478845,34863,443982
1424,17.5561797752809,478845,34863,443982
1425,17.54385964912281,478845,34863,443982
1426,17.53155680224404,478845,34863,443982
1427,17.51927119831815,478845,34863,443982
1428,17.50700280112045,478845,34863,443982
1429,17.49475157452764,478845,34863,443982
1430,17.482517482517483,478845,34863,443982
1431,17.470300489168412,478845,34863,443982
1432,17.45810055865922,478845,34863,443982
1433,17.445917655268666,478845,34863,443982
1434,17.433751743375176,478845,34863,443982
1435,17.421602787456447,478845,34863,443982
1436,17.409470752089135,478845,34863,443982
1437,17.397355601948504,478845,34863,443982
1438,17.385257301808068,478845,34863,443982
1439,17.373175816539263,478845,34863,443982
1440,17.36111111111111,478845,34863,443982
1441,17.349063150589867,478845,34863,443982
1442,17.337031900138697,478845,34863,443982
1443,17.325017325017324,478845,34863,443982
1444,17.31301939058172,478845,34863,443982
1445,17.301038062283737,478845,34863,443982
1446,17.289073305670815,478845,34863,443982
1447,17.277125086385624,478845,34863,443982
1448,17.265193370165747,478845,34863,443982
1449,17.25327812284334,478845,34863,443982
1450,17.24137931034483,478845,34863,443982
1451,17.22949689869056,478845,34863,443982
1452,17.21763085399449,478845,34863,443982
1453,17.205781142463866,478845,34863,443982
1454,17.1939477303989,478845,34863,443982
1455,17.18213058419244,478845,34863,443982
1456,17.17032967032967,478845,34863,443982
1457,17.158544955387782,478051,34903,443148
1458,17.146776406035666,478051,34903,443148
1459,17.135023989033584,478051,34903,443148
1460,17.123287671232877,478051,34903,443148
1461,17.111567419575632,478051,34903,443148
1462,17.09986320109439,477769,34071,443698
1463,17.088174982911823,477769,34071,443698
1464,17.07650273224044,477769,34071,443698
1465,17.064846416382252,477769,34071,443698
1466,17.053206002728512,477769,34071,443698
1467,17.041581458759374,477769,34071,443698
1468,17.029972752043598,477769,34071,443698
1469,17.018379850238258,477769,34071,443698
1470,17.006802721088434,477769,34071,443698
1471,16.99524133242692,477769,34071,443698
1472,16.983695652173914,477769,34071,443698
1473,16.972165648336727,477769,34071,443698
1474,16.960651289009498,477769,34071,443698
1475,16.949152542372882,477769,34071,443698
1476,16.937669376693766,477769,34071,443698
1477,16.926201760324982,477769,34071,443698
1478,16.914749661705006,477769,34071,443698
1479,16.903313049357674,477769,34071,443698
1480,16.89189189189189,477769,34071,443698
1481,16.88048615800135,477769,34071,443698
1482,16.869095816464238,477769,34071,443698
1483,16.857720836142953,477769,34071,443698
1484,16.846361185983827,477769,34071,443698
1485,16.835016835016834,477769,34071,443698
1486,16.823687752355315,477769,34071,443698
1487,16.812373907195695,477769,34071,443698
1488,16.801075268817204,477769,34071,443698
1489,16.789791806581597,477769,34071,443698
1490,16.778523489932887,477769,34071,443698
1491,16.76727028839705,477769,34071,443698
1492,16.75603217158177,477769,34071,443698
1493,16.744809109176156,477769,34071,443698
1494,16.733601070950467,477769,34071,443698
1495,16.722408026755854,477769,34071,443698
1496,16.711229946524064,477769,34071,443698
1497,16.7000668002672,477769,34071,443698
1498,16.688918558077436,477769,34071,443698
1499,16.67778519012675,475923,34071,441852
1500,16.666666666666668,475923,34071,441852
1501,16.655562958027982,475923,34071,441852
1502,16.644474034620504,475923,34071,441852
1503,16.633399866932802,475923,34071,441852
1504,16.622340425531913,475923,34071,441852
1505,16.611295681063122,475923,34071,441852
1506,16.600265604249667,475692,34071,441621
1507,16.5892501658925,475692,34071,441621
1508,16.578249336870027,475692,34071,441621
1509,16.56726308813784,475692,34071,441621
1510,16.556291390728475,475692,34071,441621
1511,16.545334215751158,475692,34071,441621
1512,16.534391534391535,475692,34071,441621
1513,16.523463317911435,475692,34071,441621
1514,16.512549537648614,475692,34071,441621
1515,16.501650165016503,475692,34071,441621
1516,16.49076517150396,475692,34071,441621
1517,16.47989452867502,475692,34071,441621
1518,16.469038208168644,475692,34071,441621
1519,16.458196181698487,475692,34071,441621
1520,16.44736842105263,475692,34071,441621
1521,16.43655489809336,475692,34071,441621
1522,16.4257555847569,475692,34071,441621
1523,16.414970453053183,475692,34071,441621
1524,16.404199475065617,475692,34071,441621
1525,16.39344262295082,475692,34071,441621
1526,16.382699868938403,475692,34071,441621
1527,16.371971185330715,475692,34071,441621
1528,16.361256544502616,475692,34071,441621
1529,16.350555918901243,475692,34071,441621
1530,16.33986928104575,475692,34071,441621
1531,16.329196603527105,475692,34071,441621
1532,16.318537859007833,475692,34071,441621
1533,16.307893020221787,475692,34071,441621
1534,16.297262059973924,475692,34071,441621
1535,16.286644951140065,475692,34071,441621
1536,16.276041666666668,475692,34071,441621
1537,16.26545217957059,475692,34071,441621
1538,16.25487646293888,475692,34071,441621
1539,16.244314489928524,475692,34071,441621
1540,16.233766233766232,475692,34071,441621
1541,16.223231667748216,475692,34071,441621
1542,16.212710765239947,475692,34071,441621
1543,16.202203499675957,475692,34071,441621
1544,16.191709844559586,475692,34071,441621
1545,16.181229773462782,475692,34071,441621
1546,16.170763260025872,475692,34071,441621
1547,16.160310277957336,475692,34071,441621
1548,16.149870801033593,475692,34071,441621
1549,16.139444803098772,475692,34071,441621
1550,16.129032258064516,475692,34071,441621
1551,16.118633139909736,475692,34071,441621
1552,16.108247422680414,475692,34071,441621
1553,16.097875080489377,475648,34071,441577
1554,16.087516087516086,475648,34071,441577
1555,16.077170418006432,475648,34071,441577
1556,16.066838046272494,475648,34071,441577
1557,16.056518946692357,475648,34071,441577
1558,16.046213093709884,475648,34071,441577
1559,16.03592046183451,475648,34071,441577
1560,16.025641025641026,475648,34071,441577
1561,16.01537475976938,475648,34071,441577
1562,16.005121638924457,475648,34071,441577
1563,15.99488163787588,475648,34071,441577
1564,15.9846547314578,475648,34071,441577
1565,15.97444089456869,475648,34071,441577
1566,15.964240102171138,475648,34071,441577
1567,15.95405232929164,475648,34071,441577
1568,15.943877551020408,475648,34071,441577
1569,15.933715742511154,475648,34071,441577
1570,15.92356687898089,475648,34071,441577
1571,15.913430935709739,475648,34071,441577
1572,15.903307888040713,475648,34071,441577
1573,15.89319771137953,475648,34071,441577
1574,15.88310038119441,475648,34071,441577
1575,15.873015873015873,475648,34071,441577
1576,15.862944162436548,475648,34071,441577
1577,15.85288522511097,475648,34071,441577
1578,15.842839036755386,475648,34071,441577
1579,15.832805573147562,475648,34071,441577
1580,15.822784810126583,475648,34071,441577
1581,15.812776723592663,475648,34071,441577
1582,15.802781289506953,475648,34071,441577
1583,15.792798483891346,475648,34071,441577
1584,15.782828282828282,475648,34071,441577
1585,15.772870662460567,475648,34071,441577
1586,15.762925598991172,475648,34071,441577
1587,15.75299306868305,475648,34071,441577
1588,15.743073047858942,475648,34071,441577
1589,15.733165512901195,475648,34071,441577
1590,15.723270440251572,475648,34071,441577
1591,15.713387806411061,475648,34071,441577
1592,15.703517587939698,475648,34071,441577
1593,15.693659761456372,475648,34071,441577
1594,15.683814303638645,475648,34071,441577
1595,15.67398119122257,475648,34071,441577
1596,15.664160401002507,475648,34071,441577
1597,15.654351909830932,475648,34071,441577
1598,15.644555694618273,475648,34071,441577
1599,15.634771732332707,475648,34071,441577
1600,15.625,475648,34071,441577
1601,15.61524047470331,475648,34071,441577
1602,15.605493133583021,475648,34071,441577
1603,15.595757953836557,475648,34071,441577
1604,15.586034912718205,475648,34071,441577
1605,15.576323987538942,475648,34071,441577
1606,15.566625155666252,475648,34071,441577
1607,15.556938394523957,475648,34071,441577
1608,15.54726368159204,475648,34071,441577
1609,15.537600994406464,475648,34071,441577
1610,15.527950310559007,475648,34071,441577
1611,15.518311607697083,475648,34071,441577
1612,15.508684863523573,475648,34071,441577
1613,15.499070055796652,475648,34071,441577
1614,15.489467162329616,475648,34071,441577
1615,15.479876160990711,475648,34071,441577
1616,15.470297029702971,475648,34071,441577
1617,15.460729746444033,475648,34071,441577
1618,15.451174289245984,475648,34071,441577
1619,15.441630636195182,475648,34071,441577
1620,15.432098765432098,475648,34071,441577
1621,15.422578655151142,475648,34071,441577
1622,15.413070283600494,475648,34071,441577
1623,15.403573629081947,475648,34071,441577
1624,15.394088669950738,475650,34071,441579
1625,15.384615384615385,475650,34071,441579
1626,15.375153751537516,475650,34071,441579
1627,15.365703749231715,475650,34071,441579
1628,15.356265356265355,475650,34071,441579
1629,15.346838551258442,475650,34071,441579
1630,15.337423312883436,475650,34071,441579
1631,15.328019619865113,475650,34071,441579
1632,15.318627450980392,475650,34071,441579
1633,15.309246785058175,475650,34071,441579
1634,15.299877600979192,475650,34071,441579
1635,15.290519877675841,475650,34071,441579
1636,15.28117359413203,475650,34071,441579
1637,15.271838729383017,475650,34071,441579
1638,15.262515262515263,475650,34071,441579
1639,15.25320317266626,475650,34071,441579
1640,15.24390243902439,475650,34071,441579
1641,15.234613040828762,475650,34071,441579
1642,15.225334957369062,475650,34071,441579
1643,15.216068167985393,475650,34071,441579
1644,15.206812652068127,475650,34071,441579
1645,15.19756838905775,475650,34071,441579
1646,15.188335358444714,475650,34071,441579
1647,15.179113539769277,475650,34071,441579
1648,15.169902912621358,475650,34071,441579
1649,15.160703456640388,475650,34071,441579
1650,15.151515151515152,475650,34071,441579
1651,15.142337976983645,475650,34071,441579
1652,15.13317191283293,475650,34071,441579
1653,15.124016938898972,475650,34071,441579
1654,15.114873035066505,475650,34071,441579
1655,15.105740181268882,475650,34071,441579
1656,15.096618357487923,475650,34071,441579
1657,15.087507543753771,475650,34071,441579
1658,15.078407720144753,475650,34071,441579
1659,15.06931886678722,475650,34071,441579
1660,15.060240963855422,475650,34071,441579
1661,15.051173991571343,475650,34071,441579
1662,15.042117930204572,475650,34071,441579
1663,15.033072760072159,475650,34071,441579
1664,15.024038461538462,475650,34071,441579
1665,15.015015015015015,475650,34071,441579
1666,15.006002400960384,475650,34071,441579
1667,14.997000599880025,475650,34071,441579
1668,14.988009592326138,475650,34071,441579
1669,14.979029358897543,475650,34071,441579
1670,14.970059880239521,475650,34071,441579
1671,14.961101137043686,475650,34071,441579
1672,14.952153110047847,475650,34071,441579
1673,14.943215780035864,475650,34071,441579
1674,14.934289127837514,475650,34071,441579
1675,14.925373134328359,475650,34071,441579
1676,14.916467780429594,475650,34071,441579
1677,14.907573047107931,475650,34071,441579
1678,14.898688915375446,475650,34071,441579
1679,14.889815366289458,475650,34071,441579
1680,14.880952380952381,475650,34071,441579
1681,14.8720999405116,475650,34071,441579
1682,14.863258026159334,475650,34071,441579
1683,14.854426619132502,475650,34071,441579
1684,14.84560570071259,475650,34071,441579
1685,14.836795252225519,475650,34071,441579
1686,14.827995255041518,475650,34071,441579
1687,14.819205690574986,475650,34071,441579
1688,14.810426540284361,475650,34071,441579
1689,14.801657785671996,475650,34071,441579
1690,14.792899408284024,475650,34071,441579
1691,14.78415138971023,475650,34071,441579
1692,14.775413711583925,475650,34071,441579
1693,14.766686355581808,475650,34071,441579
1694,14.757969303423849,475560,33759,441801
1695,14.749262536873156,475560,33759,441801
1696,14.74056603773585,475560,33759,441801
1697,14.731879787860931,475560,33759,441801
1698,14.723203769140165,475560,33759,441801
1699,14.714537963507945,475560,33759,441801
1700,14.705882352941176,475560,33759,441801
1701,14.697236919459142,475560,33759,441801
1702,14.688601645123384,475560,33759,441801
1703,14.67997651203758,475560,33759,441801
1704,14.671361502347418,475560,33759,441801
1705,14.662756598240469,475560,33759,441801
1706,14.654161781946073,475560,33759,441801
1707,14.645577035735208,475560,33759,441801
1708,14.637002341920375,475560,33759,441801
1709,14.628437682855472,475560,33759,441801
1710,14.619883040935672,475560,33759,441801
1711,14.611338398597312,475560,33759,441801
1712,14.602803738317757,475560,33759,441801
1713,14.594279042615295,475560,33759,441801
1714,14.585764294049008,475560,33759,441801
1715,14.577259475218659,475560,33759,441801
1716,14.56876456876457,475560,33759,441801
1717,14.560279557367501,475560,33759,441801
1718,14.551804423748544,475560,33759,441801
1719,14.543339150668993,475560,33759,441801
1720,14.534883720930232,475560,33759,441801
1721,14.52643811737362,475560,33759,441801
1722,14.518002322880372,475560,33759,441801
1723,14.509576320371446,475560,33759,441801
1724,14.501160092807424,475560,33759,441801
1725,14.492753623188406,475560,33759,441801
1726,14.484356894553882,475560,33759,441801
1727,14.475969889982629,475560,33759,441801
1728,14.467592592592593,475560,33759,441801
1729,14.459224985540775,475560,33759,441801
1730,14.45086705202312,475560,33759,441801
1731,14.442518775274408,475560,33759,441801
1732,14.434180138568129,475560,33759,441801
1733,14.425851125216388,475560,33759,441801
1734,14.41753171856978,475560,33759,441801
1735,14.409221902017292,475560,33759,441801
1736,14.400921658986174,475560,33759,441801
1737,14.392630972941854,475560,33759,441801
1738,14.384349827387801,475560,33759,441801
1739,14.37607820586544,475560,33759,441801
1740,14.367816091954023,475560,33759,441801
1741,14.359563469270535,475560,33759,441801
1742,14.351320321469576,475560,33759,441801
1743,14.343086632243258,475560,33759,441801
1744,14.3348623853211,475560,33759,441801
1745,14.326647564469914,475560,33759,441801
1746,14.3184421534937,475560,33759,441801
1747,14.310246136233543,475560,33759,441801
1748,14.302059496567505,475560,33759,441801
1749,14.29388221841052,475560,33759,441801
1750,14.285714285714286,475560,33759,441801
1751,14.277555682467161,475560,33759,441801
1752,14.269406392694064,475560,33759,441801
1753,14.26126640045636,475560,33759,441801
1754,14.253135689851767,475560,33759,441801
1755,14.245014245014245,475560,33759,441801
1756,14.236902050113896,475560,33759,441801
1757,14.228799089356858,475560,33759,441801
1758,14.220705346985211,475560,33759,441801
1759,14.212620807276862,475560,33759,441801
1760,14.204545454545455,475560,33759,441801
1761,14.19647927314026,475560,33759,441801
1762,14.188422247446084,475560,33759,441801
1763,14.180374361883153,475560,33759,441801
1764,14.17233560090703,475560,33759,441801
1765,14.164305949008499,475560,33759,441801
1766,14.156285390713476,475560,33759,441801
1767,14.148273910582908,475560,33759,441801
1768,14.14027149321267,475560,33759,441801
1769,14.132278123233466,475560,33759,441801
1770,14.124293785310735,475560,33759,441801
1771,14.116318464144552,475560,33759,441801
1772,14.108352144469526,475560,33759,441801
1773,14.10039481105471,475560,33759,441801
1774,14.092446448703495,475560,33759,441801
1775,14.084507042253522,475560,33759,441801
1776,14.076576576576576,475560,33759,441801
1777,14.068655036578503,475560,33759,441801
1778,14.0607424071991,475560,33759,441801
1779,14.05283867341203,475560,33759,441801
1780,14.044943820224718,475560,33759,441801
1781,14.03705783267827,475560,33759,441801
1782,14.029180695847362,475560,33759,441801
1783,14.021312394840157,475560,33759,441801
1784,14.013452914798206,475560,33759,441801
1785,14.005602240896359,475560,33759,441801
1786,13.997760358342665,475560,33759,441801
1787,13.989927252378287,475560,33759,441801
1788,13.982102908277405,475560,33759,441801
1789,13.97428731134712,475560,33759,441801
1790,13.966480446927374,475560,33759,441801
1791,13.958682300390842,475560,33759,441801
1792,13.950892857142858,475560,33759,441801
1793,13.943112102621305,475560,33759,441801
1794,13.935340022296543,475560,33759,441801
1795,13.927576601671309,475548,33578,441970
1796,13.919821826280623,475548,33578,441970
1797,13.912075681691709,475548,33578,441970
1798,13.904338153503893,475548,33578,441970
1799,13.896609227348527,475548,33578,441970
1800,13.88888888888889,475548,33578,441970
1801,13.8811771238201,475548,33578,441970
1802,13.873473917869035,475548,33578,441970
1803,13.865779256794232,475548,33578,441970
1804,13.858093126385809,475548,33578,441970
1805,13.850415512465373,475548,33578,441970
1806,13.842746400885936,475548,33578,441970
1807,13.835085777531821,475548,33578,441970
1808,13.827433628318584,475548,33578,441970
1809,13.819789939192924,475548,33578,441970
1810,13.812154696132596,475548,33578,441970
1811,13.804527885146328,475548,33578,441970
1812,13.79690949227373,475548,33578,441970
1813,13.789299503585218,475607,33278,442329
1814,13.781697905181918,475607,33278,442329
1815,13.774104683195592,475607,33278,442329
1816,13.766519823788546,475607,33278,442329
1817,13.75894331315355,475607,33278,442329
1818,13.751375137513751,475607,33278,442329
1819,13.743815283122595,475607,33278,442329
1820,13.736263736263735,475607,33278,442329
1821,13.72872048325096,475607,33278,442329
1822,13.721185510428102,475607,33278,442329
1823,13.713658804168952,475607,33278,442329
1824,13.706140350877194,475607,33278,442329
1825,13.698630136986301,475607,33278,442329
1826,13.691128148959475,475607,33278,442329
1827,13.683634373289546,475607,33278,442329
1828,13.676148796498905,475607,33278,442329
1829,13.66867140513942,475607,33278,442329
1830,13.66120218579235,475607,33278,442329
1831,13.653741125068269,475607,33278,442329
1832,13.646288209606986,475607,33278,442329
1833,13.638843426077468,475607,33278,442329
1834,13.631406761177754,475607,33278,442329
1835,13.623978201634877,475607,33278,442329
1836,13.616557734204793,475607,33278,442329
1837,13.609145345672292,475607,33278,442329
1838,13.601741022850925,475607,33278,442329
1839,13.594344752582925,475607,33278,442329
1840,13.58695652173913,475607,33278,442329
1841,13.579576317218903,475607,33278,442329
1842,13.572204125950055,475607,33278,442329
1843,13.564839934888768,475607,33278,442329
1844,13.557483731019524,475607,33278,442329
1845,13.550135501355014,475607,33278,442329
1846,13.542795232936077,475607,33278,442329
1847,13.535462912831619,475607,33278,442329
1848,13.528138528138529,475607,33278,442329
1849,13.520822065981612,475607,33278,442329
1850,13.513513513513514,475607,33278,442329
1851,13.50621285791464,475607,33278,442329
1852,13.498920086393088,475607,33278,442329
1853,13.491635186184565,475607,33278,442329
1854,13.484358144552319,475607,33278,442329
1855,13.477088948787062,475607,33278,442329
1856,13.469827586206897,475607,33278,442329
1857,13.462574044157243,475607,33278,442329
1858,13.455328310010763,475607,33278,442329
1859,13.448090371167295,475607,33278,442329
1860,13.440860215053764,475607,33278,442329
1861,13.433637829124127,475607,33278,442329
1862,13.426423200859292,475607,33278,442329
1863,13.419216317767042,475607,33278,442329
1864,13.412017167381974,475607,33278,442329
1865,13.404825737265416,475607,33278,442329
1866,13.39764201500536,475607,33278,442329
1867,13.39046598821639,475607,33278,442329
1868,13.383297644539615,475607,33278,442329
1869,13.37613697164259,475607,33278,442329
1870,13.368983957219251,475607,33278,442329
1871,13.361838588989846,475607,33278,442329
1872,13.354700854700855,475607,33278,442329
1873,13.347570742124933,475607,33278,442329
1874,13.340448239060832,475607,33278,442329
1875,13.333333333333334,475607,33278,442329
1876,13.326226012793176,475607,33278,442329
1877,13.319126265316996,475607,33278,442329
1878,13.312034078807242,475607,33278,442329
1879,13.304949441192123,475607,33278,442329
1880,13.297872340425531,475607,33278,442329
1881,13.290802764486974,475607,33278,442329
1882,13.28374070138151,475501,33026,442475
1883,13.27668613913967,475501,33026,442475
1884,13.26963906581741,475501,33026,442475
1885,13.26259946949602,475501,33026,442475
1886,13.255567338282079,475501,33026,442475
1887,13.248542660307367,475501,33026,442475
1888,13.241525423728813,475501,33026,442475
1889,13.234515616728428,475271,33109,442162
1890,13.227513227513228,475271,33109,442162
1891,13.220518244315176,475271,33109,442162
1892,13.213530655391121,475271,33109,442162
1893,13.206550449022716,475271,33109,442162
1894,13.199577613516368,475271,33109,442162
1895,13.192612137203167,475271,33109,442162
1896,13.185654008438819,475271,33109,442162
1897,13.178703215603585,475271,33109,442162
1898,13.171759747102213,475271,33109,442162
1899,13.164823591363875,475227,33109,442118
1900,13.157894736842104,475227,33109,442118
1901,13.150973172014728,475227,33109,442118
1902,13.144058885383807,475227,33109,442118
1903,13.137151865475564,474789,33109,441680
1904,13.130252100840336,474789,33109,441680
1905,13.123359580052494,474789,33109,441680
1906,13.116474291710388,474789,33109,441680
1907,13.109596224436288,474789,33109,441680
1908,13.10272536687631,474789,33109,441680
1909,13.095861707700367,474789,33109,441680
1910,13.089005235602095,474789,33109,441680
1911,13.082155939298797,474789,33109,441680
1912,13.07531380753138,474789,33109,441680
1913,13.068478829064297,474789,33109,441680
1914,13.061650992685475,474789,33109,441680
1915,13.054830287206267,474789,33109,441680
1916,13.048016701461378,474789,33109,441680
1917,13.041210224308816,474789,33109,441680
1918,13.034410844629823,474789,33109,441680
1919,13.027618551328818,474789,33109,441680
1920,13.020833333333334,474789,33109,441680
1921,13.014055179593962,474789,33109,441680
1922,13.007284079084288,474789,33109,441680
1923,13.000520020800833,474789,33109,441680
1924,12.993762993762994,474789,33109,441680
1925,12.987012987012987,474789,33109,441680
1926,12.980269989615785,474789,33109,441680
1927,12.973533990659055,474789,33109,441680
1928,12.966804979253112,474789,33109,441680
1929,12.960082944530845,474789,33109,441680
1930,12.953367875647668,474789,33109,441680
1931,12.94665976178146,474789,33109,441680
1932,12.939958592132506,474789,33109,441680
1933,12.933264355923436,474789,33109,441680
1934,12.926577042399172,474789,33109,441680
1935,12.919896640826874,474789,33109,441680
1936,12.913223140495868,474789,33109,441680
1937,12.906556530717605,474789,33109,441680
1938,12.899896800825593,474789,33109,441680
1939,12.893243940175347,474789,33109,441680
1940,12.88659793814433,474789,33109,441680
1941,12.87995878413189,474789,33109,441680
1942,12.873326467559217,474789,33109,441680
1943,12.866700977869275,474789,33109,441680
1944,12.860082304526749,474789,33109,441680
1945,12.853470437017995,474789,33109,441680
1946,12.846865364850977,474789,33109,441680
1947,12.840267077555213,474789,33109,441680
1948,12.833675564681725,474789,33109,441680
1949,12.827090815802975,474789,33109,441680
1950,12.820512820512821,474789,33109,441680
1951,12.813941568426449,474793,33109,441684
1952,12.807377049180328,474793,33109,441684
1953,12.800819252432156,474793,33109,441684
1954,12.794268167860798,474793,33109,441684
1955,12.787723785166241,474793,33109,441684
1956,12.781186094069529,474793,33109,441684
1957,12.774655084312723,474793,33109,441684
1958,12.768130745658835,474793,33109,441684
1959,12.761613067891782,474793,33109,441684
1960,12.755102040816327,474793,33109,441684
1961,12.748597654258031,474793,33109,441684
1962,12.7420998980632,474793,33109,441684
1963,12.735608762098828,474793,33109,441684
1964,12.729124236252545,474793,33109,441684
1965,12.72264631043257,474793,33109,441684
1966,12.71617497456765,474793,33109,441684
1967,12.709710218607016,474793,33109,441684
1968,12.703252032520325,474793,33109,441684
1969,12.696800406297614,474793,33109,441684
1970,12.690355329949238,474793,33109,441684
1971,12.683916793505835,474793,33109,441684
1972,12.677484787018255,474793,33109,441684
1973,12.671059300557527,474793,33109,441684
1974,12.664640324214792,474793,33109,441684
1975,12.658227848101266,474793,33109,441684
1976,12.651821862348179,474793,33109,441684
1977,12.645422357106728,474793,33109,441684
1978,12.639029322548028,474793,33109,441684
1979,12.632642748863063,474793,33109,441684
1980,12.626262626262626,474793,33109,441684
1981,12.619888944977284,474793,33109,441684
1982,12.613521695257315,474793,33109,441684
1983,12.607160867372668,474793,33109,441684
1984,12.600806451612904,474793,33109,441684
1985,12.594458438287154,474793,33109,441684
1986,12.58811681772407,474793,33109,441684
1987,12.581781580271766,474793,33109,441684
1988,12.575452716297788,474793,33109,441684
1989,12.56913021618904,474793,33109,441684
1990,12.56281407035176,474793,33109,441684
1991,12.556504269211452,474793,33109,441684
1992,12.550200803212851,474793,33109,441684
1993,12.54390366281987,474793,33109,441684
1994,12.537612838515546,474793,33109,441684
1995,12.531328320802006,474793,33109,441684
1996,12.525050100200401,474793,33109,441684
1997,12.518778167250876,474793,33109,441684
1998,12.512512512512513,474793,33109,441684
1999,12.506253126563282,474793,33109,441684
2000,12.5,474793,33109,441684
2001,12.493753123438282,474793,33109,441684
2002,12.487512487512488,474793,33109,441684
2003,12.481278082875686,474793,33109,441684
2004,12.4750499001996,474793,33109,441684
2005,12.468827930174564,474793,33109,441684
2006,12.46261216350947,474793,33109,441684
2007,12.45640259093174,474793,33109,441684
2008,12.450199203187251,474793,33109,441684
2009,12.444001991040318,474793,33109,441684
2010,12.437810945273633,474793,33109,441684
2011,12.431626056688215,474793,33109,441684
2012,12.42544731610338,474793,33109,441684
2013,12.419274714356682,474793,33109,441684
2014,12.413108242303872,474793,33109,441684
2015,12.40694789081886,474793,33109,441684
2016,12.40079365079365,474793,33109,441684
2017,12.394645513138324,474793,33109,441684
2018,12.388503468780971,474793,33109,441684
2019,12.382367508667658,474793,33109,441684
2020,12.376237623762377,474793,33109,441684
2021,12.370113805047007,474793,33109,441684
2022,12.363996043521267,474793,33109,441684
2023,12.357884330202669,474793,33109,441684
2024,12.351778656126482,474793,33109,441684
2025,12.345679012345679,474793,33109,441684
2026,12.339585389930898,474793,33109,441684
2027,12.333497779970399,474793,33109,441684
2028,12.32741617357002,474793,33109,441684
2029,12.32134056185313,474793,33109,441684
2030,12.31527093596059,474793,33109,441684
2031,12.309207287050715,474629,33295,441334
2032,12.303149606299213,474629,33295,441334
2033,12.297097884899165,474629,33295,441334
2034,12.291052114060964,474629,33295,441334
2035,12.285012285012286,474629,33295,441334
2036,12.278978388998036,474629,33295,441334
2037,12.272950417280315,474629,33295,441334
2038,12.26692836113837,474629,33295,441334
2039,12.260912211868563,474629,33295,441334
2040,12.254901960784315,474629,33295,441334
2041,12.24889759921607,474629,33295,441334
2042,12.242899118511264,474595,33260,441335
2043,12.236906510034263,474595,33260,441335
2044,12.230919765166341,474595,33260,441335
2045,12.224938875305623,474595,33260,441335
2046,12.218963831867057,474595,33260,441335
2047,12.212994626282365,474595,33260,441335
2048,12.20703125,474595,33260,441335
2049,12.201073694485114,474595,33260,441335
2050,12.195121951219512,474595,33260,441335
2051,12.189176011701608,474595,33260,441335
2052,12.183235867446394,474595,33260,441335
2053,12.177301509985387,474595,33260,441335
2054,12.171372930866601,474595,33260,441335
2055,12.165450121654501,474595,33260,441335
2056,12.15953307392996,474595,33260,441335
2057,12.153621779290228,474595,33260,441335
2058,12.147716229348882,474595,33260,441335
2059,12.141816415735795,474595,33260,441335
2060,12.135922330097088,474595,33260,441335
2061,12.1300339640951,474595,33260,441335
2062,12.124151309408342,474595,33260,441335
2063,12.118274357731458,474595,33260,441335
2064,12.112403100775193,474595,33260,441335
2065,12.106537530266344,474595,33260,441335
2066,12.100677637947726,474595,33260,441335
2067,12.094823415578132,474595,33260,441335
2068,12.088974854932301,474595,33260,441335
2069,12.08313194780087,474595,33260,441335
2070,12.077294685990339,474595,33260,441335
2071,12.071463061323032,474595,33260,441335
2072,12.065637065637066,474595,33260,441335
2073,12.0598166907863,474595,33260,441335
2074,12.054001928640309,474595,33260,441335
2075,12.048192771084338,474595,33260,441335
2076,12.042389210019268,474595,33260,441335
2077,12.036591237361579,474596,33260,441336
2078,12.03079884504331,474596,33260,441336
2079,12.025012025012025,474596,33260,441336
2080,12.01923076923077,474596,33260,441336
2081,12.01345506967804,474596,33260,441336
2082,12.007684918347742,474596,33260,441336
2083,12.00192030724916,474596,33260,441336
2084,11.99616122840691,474596,33260,441336
2085,11.990407673860911,474596,33260,441336
2086,11.984659635666347,474596,33260,441336
2087,11.978917105893627,474596,33260,441336
2088,11.973180076628353,474596,33260,441336
2089,11.967448539971278,474596,33260,441336
2090,11.961722488038278,474596,33260,441336
2091,11.956001912960305,474579,33116,441463
2092,11.950286806883366,474579,33116,441463
2093,11.944577161968466,474579,33116,441463
2094,11.938872970391595,474579,33116,441463
2095,11.933174224343675,474579,33116,441463
2096,11.927480916030534,474579,33116,441463
2097,11.921793037672867,474579,33116,441463
2098,11.916110581506196,474579,33116,441463
2099,11.910433539780849,474579,33116,441463
2100,11.904761904761905,474579,33116,441463
2101,11.899095668729176,474579,33116,441463
2102,11.893434823977165,474579,33116,441463
2103,11.887779362815026,474579,33116,441463
2104,11.88212927756654,474579,33116,441463
2105,11.876484560570072,474579,33116,441463
2106,11.870845204178538,474579,33116,441463
2107,11.865211200759374,474579,33116,441463
2108,11.859582542694497,474579,33116,441463
2109,11.853959222380276,474579,33116,441463
2110,11.848341232227488,474579,33116,441463
2111,11.842728564661298,474579,33116,441463
2112,11.837121212121213,474579,33116,441463
2113,11.831519167061051,474579,33116,441463
2114,11.825922421948912,474579,33116,441463
2115,11.82033096926714,474579,33116,441463
2116,11.814744801512287,474579,33116,441463
2117,11.809163911195087,474579,33116,441463
2118,11.803588290840416,474403,33116,441287
2119,11.798017932987259,474403,33116,441287
2120,11.79245283018868,474403,33116,441287
2121,11.786892975011787,474403,33116,441287
2122,11.7813383600377,474403,33116,441287
2123,11.775788977861517,474403,33116,441287
2124,11.770244821092279,474403,33116,441287
2125,11.764705882352942,474152,33032,441120
2126,11.75917215428034,474152,33032,441120
2127,11.753643629525152,474152,33032,441120
2128,11.74812030075188,474152,33032,441120
2129,11.742602160638798,474152,33032,441120
2130,11.737089201877934,474152,33032,441120
2131,11.731581417175034,474152,33032,441120
2132,11.726078799249532,474152,33032,441120
2133,11.720581340834505,474152,33032,441120
2134,11.715089034676664,474152,33032,441120
2135,11.7096018735363,474152,33032,441120
2136,11.704119850187267,474152,33032,441120
2137,11.69864295741694,474152,33032,441120
2138,11.693171188026193,474152,33032,441120
2139,11.68770453482936,474042,32915,441127
2140,11.682242990654206,474042,32915,441127
2141,11.676786548341896,474042,32915,441127
2142,11.671335200746965,474042,32915,441127
2143,11.665888940737284,474042,32915,441127
2144,11.66044776119403,474042,32915,441127
2145,11.655011655011656,474042,32915,441127
2146,11.649580615097857,474042,32915,441127
2147,11.644154634373544,474042,32915,441127
2148,11.638733705772811,474042,32915,441127
2149,11.633317822242903,474042,32915,441127
2150,11.627906976744185,474042,32915,441127
2151,11.622501162250117,474042,32915,441127
2152,11.617100371747211,474042,32915,441127
2153,11.61170459823502,473670,32879,440791
2154,11.606313834726091,473670,32879,440791
2155,11.600928074245939,473670,32879,440791
2156,11.595547309833025,473670,32879,440791
2157,11.590171534538712,473670,32879,440791
2158,11.584800741427248,473670,32879,440791
2159,11.579434923575729,473670,32879,440791
2160,11.574074074074074,473670,32879,440791
2161,11.568718186024988,473670,32879,440791
2162,11.56336725254394,473670,32879,440791
2163,11.55802126675913,473670,32879,440791
2164,11.55268022181146,473670,32879,440791
2165,11.547344110854503,473670,32879,440791
2166,11.54201292705448,473670,32879,440791
2167,11.536686663590217,473670,32879,440791
2168,11.531365313653136,473670,32879,440791
2169,11.52604887044721,473670,32879,440791
2170,11.52073732718894,473670,32879,440791
2171,11.515430677107323,473670,32879,440791
2172,11.51012891344383,473670,32879,440791
2173,11.50483202945237,473670,32879,440791
2174,11.499540018399264,473670,32879,440791
2175,11.494252873563218,473670,32879,440791
2176,11.488970588235293,473670,32879,440791
2177,11.483693155718878,473670,32879,440791
2178,11.47842056932966,473670,32879,440791
2179,11.473152822395594,473670,32879,440791
2180,11.46788990825688,473670,32879,440791
2181,11.462631820265933,473670,32879,440791
2182,11.45737855178735,473670,32879,440791
2183,11.452130096197893,473670,32879,440791
2184,11.446886446886447,473670,32879,440791
2185,11.441647597254004,473670,32879,440791
2186,11.436413540713632,473670,32879,440791
2187,11.431184270690444,473670,32879,440791
2188,11.425959780621572,473670,32879,440791
2189,11.420740063956144,473670,32879,440791
2190,11.415525114155251,473670,32879,440791
2191,11.41031492469192,473670,32879,440791
2192,11.405109489051094,473670,32879,440791
2193,11.399908800729595,473670,32879,440791
2194,11.394712853236099,473670,32879,440791
2195,11.389521640091116,473670,32879,440791
2196,11.384335154826958,473670,32879,440791
2197,11.37915339098771,473670,32879,440791
2198,11.373976342129207,473670,32879,440791
2199,11.368804001819008,473670,32879,440791
2200,11.363636363636363,473670,32879,440791
2201,11.358473421172194,473670,32879,440791
2202,11.353315168029065,473670,32879,440791
2203,11.348161597821154,473670,32879,440791
2204,11.343012704174228,473670,32879,440791
2205,11.337868480725623,473670,32879,440791
2206,11.332728921124207,473670,32879,440791
2207,11.327594019030357,473670,32879,440791
2208,11.322463768115941,473670,32879,440791
2209,11.317338162064283,473670,32879,440791
2210,11.312217194570136,473670,32879,440791
2211,11.307100859339664,473670,32879,440791
2212,11.301989150090415,473670,32879,440791
2213,11.296882060551289,473670,32879,440791
2214,11.291779584462512,473670,32879,440791
2215,11.286681715575622,473670,32879,440791
2216,11.28158844765343,473670,32879,440791
2217,11.276499774470004,473670,32879,440791
2218,11.27141568981064,473670,32879,440791
2219,11.266336187471834,473670,32879,440791
2220,11.26126126126126,473670,32879,440791
2221,11.256190904997748,473670,32879,440791
2222,11.251125112511252,473670,32879,440791
2223,11.246063877642825,473670,32879,440791
2224,11.241007194244604,473670,32879,440791
2225,11.235955056179776,473670,32879,440791
2226,11.230907457322552,473670,32879,440791
2227,11.22586439155815,473670,32879,440791
2228,11.220825852782765,473670,32879,440791
2229,11.215791834903545,473670,32879,440791
2230,11.210762331838565,473670,32879,440791
2231,11.205737337516808,473670,32879,440791
2232,11.200716845878135,473670,32879,440791
2233,11.195700850873264,473670,32879,440791
2234,11.190689346463742,473670,32879,440791
2235,11.185682326621924,473670,32879,440791
2236,11.180679785330948,473670,32879,440791
2237,11.175681716584712,473670,32879,440791
2238,11.170688114387847,473670,32879,440791
2239,11.165698972755694,473670,32879,440791
2240,11.160714285714286,473670,32879,440791
2241,11.155734047300312,473670,32879,440791
2242,11.150758251561106,473257,32879,440378
2243,11.145786892554614,473255,32879,440376
2244,11.140819964349376,473255,32879,440376
2245,11.135857461024498,473255,32879,440376
2246,11.130899376669635,473255,32879,440376
2247,11.125945705384957,473255,32879,440376
2248,11.12099644128114,473255,32879,440376
2249,11.116051578479324,473255,32879,440376
2250,11.11111111111111,473255,32879,440376
2251,11.106175033318525,473255,32879,440376
2252,11.101243339253996,473255,32879,440376
2253,11.096316023080337,473255,32879,440376
2254,11.091393078970718,473255,32879,440376
2255,11.086474501108647,473255,32879,440376
2256,11.081560283687944,473255,32879,440376
2257,11.076650420912715,473255,32879,440376
2258,11.071744906997342,473255,32879,440376
2259,11.066843736166446,473255,32879,440376
2260,11.061946902654867,473255,32879,440376
2261,11.057054400707651,473255,32879,440376
2262,11.052166224580018,473255,32879,440376
2263,11.04728236853734,473255,32879,440376
2264,11.042402826855124,473255,32879,440376
2265,11.037527593818984,473255,32879,440376
2266,11.032656663724625,473255,32879,440376
2267,11.027790030877812,473255,32879,440376
2268,11.022927689594356,473255,32879,440376
2269,11.018069634200089,473255,32879,440376
2270,11.013215859030836,473255,32879,440376
2271,11.008366358432408,473255,32879,440376
2272,11.003521126760564,473255,32879,440376
2273,10.998680158380994,473255,32879,440376
2274,10.993843447669304,473255,32879,440376
2275,10.989010989010989,473255,32879,440376
2276,10.984182776801406,473255,32879,440376
2277,10.979358805445761,473255,32879,440376
2278,10.974539069359087,472995,32302,440693
2279,10.969723562966212,472995,32302,440693
2280,10.964912280701755,472995,32302,440693
2281,10.960105217010083,472995,32302,440693
2282,10.955302366345311,472995,32302,440693
2283,10.950503723171266,472995,32302,440693
2284,10.945709281961472,472995,32302,440693
2285,10.940919037199125,472795,32301,440494
2286,10.936132983377078,472795,32301,440494
2287,10.931351114997813,472795,32301,440494
2288,10.926573426573427,472795,32301,440494
2289,10.9217999126256,472795,32301,440494
2290,10.91703056768559,472795,32301,440494
2291,10.912265386294195,472795,32301,440494
2292,10.907504363001745,472795,32301,440494
2293,10.902747492368077,472795,32301,440494
2294,10.89799476896251,472795,32301,440494
2295,10.893246187363834,472795,32301,440494
2296,10.888501742160278,472795,32301,440494
2297,10.8837614279495,472795,32301,440494
2298,10.879025239338555,472795,32301,440494
2299,10.874293170943888,472795,32301,440494
2300,10.869565217391305,472795,32301,440494
2301,10.864841373315949,472795,32301,440494
2302,10.860121633362294,472795,32301,440494
2303,10.855405992184108,472795,32301,440494
2304,10.850694444444445,472795,32301,440494
2305,10.845986984815617,472795,32301,440494
2306,10.841283607979184,472795,32301,440494
2307,10.836584308625921,472795,32301,440494
2308,10.831889081455806,472795,32301,440494
2309,10.827197921178,472795,32301,440494
2310,10.822510822510823,472795,32301,440494
2311,10.817827780181739,472795,32301,440494
2312,10.813148788927336,472795,32301,440494
2313,10.8084738434933,472706,32698,440008
2314,10.8038029386344,472706,32698,440008
2315,10.799136069114471,472706,32698,440008
2316,10.79447322970639,472706,32698,440008
2317,10.789814415192058,472706,32698,440008
2318,10.785159620362382,472706,32698,440008
2319,10.780508840017248,472706,32698,440008
2320,10.775862068965518,471935,32874,439061
2321,10.771219302024988,471935,32874,439061
2322,10.766580534022394,471935,32874,439061
2323,10.76194575979337,471935,32874,439061
2324,10.757314974182444,471935,32874,439061
2325,10.75268817204301,471873,32874,438999
2326,10.748065348237317,471873,32874,438999
2327,10.743446497636441,471873,32874,438999
2328,10.738831615120274,471873,32874,438999
2329,10.734220695577502,471873,32874,438999
2330,10.729613733905579,471873,32874,438999
2331,10.725010725010724,471873,32874,438999
2332,10.72041166380789,471873,32874,438999
2333,10.715816545220745,471873,32874,438999
2334,10.711225364181663,471873,32874,438999
2335,10.70663811563169,471873,32874,438999
2336,10.702054794520548,471873,32874,438999
2337,10.69747539580659,471873,32874,438999
2338,10.6928999144568,471873,32874,438999
2339,10.688328345446772,471873,32874,438999
2340,10.683760683760683,471873,32874,438999
2341,10.679196924391286,471873,32874,438999
2342,10.67463706233988,471873,32874,438999
2343,10.670081092616304,471873,32874,438999
2344,10.665529010238908,471873,32874,438999
2345,10.660980810234541,471873,32874,438999
2346,10.656436487638533,471873,32874,438999
2347,10.651896037494675,471873,32874,438999
2348,10.647359454855195,471873,32874,438999
2349,10.642826734780758,471873,32874,438999
2350,10.638297872340425,471873,32874,438999
2351,10.633772862611655,471873,32874,438999
2352,10.629251700680273,471873,32874,438999
2353,10.62473438164046,471873,32874,438999
2354,10.620220900594733,471873,32874,438999
2355,10.615711252653927,471873,32874,438999
2356,10.611205432937181,471873,32874,438999
2357,10.606703436571914,471873,32874,438999
2358,10.60220525869381,471873,32874,438999
2359,10.5977108944468,471873,32874,438999
2360,10.59322033898305,471873,32874,438999
2361,10.58873358746294,471873,32874,438999
2362,10.584250635055039,471873,32874,438999
2363,10.579771476936099,471873,32874,438999
2364,10.575296108291033,471873,32874,438999
2365,10.570824524312897,471873,32874,438999
2366,10.566356720202874,471873,32874,438999
2367,10.561892691170257,471873,32874,438999
2368,10.557432432432432,471873,32874,438999
2369,10.552975939214859,471873,32874,438999
2370,10.548523206751055,471873,32874,438999
2371,10.54407423028258,471873,32874,438999
2372,10.539629005059021,471873,32874,438999
2373,10.53518752633797,471873,32874,438999
2374,10.530749789385004,471873,32874,438999
2375,10.526315789473685,471873,32874,438999
2376,10.521885521885523,471873,32874,438999
2377,10.51745898190997,471873,32874,438999
2378,10.513036164844408,471873,32874,438999
2379,10.508617065994116,471873,32874,438999
2380,10.504201680672269,471873,32874,438999
2381,10.499790004199916,471873,32874,438999
2382,10.495382031905962,471873,32874,438999
2383,10.490977759127151,471873,32874,438999
2384,10.486577181208053,471873,32874,438999
2385,10.482180293501049,471873,32874,438999
2386,10.477787091366304,471873,32874,438999
2387,10.473397570171764,471873,32874,438999
2388,10.469011725293132,471873,32874,438999
2389,10.464629552113855,471873,32874,438999
2390,10.460251046025105,471873,32874,438999
2391,10.455876202425763,471873,32874,438999
2392,10.451505016722408,471873,32874,438999
2393,10.447137484329295,471873,32874,438999
2394,10.442773600668337,471873,32874,438999
2395,10.438413361169102,471873,32874,438999
2396,10.434056761268781,471873,32874,438999
2397,10.429703796412182,471873,32874,438999
2398,10.42535446205171,471873,32874,438999
2399,10.421008753647353,471873,32874,438999
2400,10.416666666666666,471873,32874,438999
2401,10.412328196584756,471873,32874,438999
2402,10.407993338884262,471873,32874,438999
2403,10.403662089055347,471873,32874,438999
2404,10.399334442595674,471873,32874,438999
2405,10.395010395010395,471873,32874,438999
2406,10.390689941812136,471873,32874,438999
2407,10.38637307852098,471873,32874,438999
2408,10.382059800664452,471873,32874,438999
2409,10.377750103777501,471873,32874,438999
2410,10.37344398340249,471873,32874,438999
2411,10.369141435089174,471873,32874,438999
2412,10.364842454394694,471873,32874,438999
2413,10.360547036883547,471873,32874,438999
2414,10.356255178127588,471841,32841,439000
2415,10.351966873706004,471841,32841,439000
2416,10.347682119205299,471841,32841,439000
2417,10.34340091021928,471841,32841,439000
2418,10.339123242349048,471841,32841,439000
2419,10.334849111202976,471841,32841,439000
2420,10.330578512396695,471841,32841,439000
2421,10.326311441553077,471841,32841,439000
2422,10.32204789430223,471841,32841,439000
2423,10.317787866281469,471841,32841,439000
2424,10.313531353135314,471841,32841,439000
2425,10.309278350515465,471841,32841,439000
2426,10.305028854080792,471841,32841,439000
2427,10.300782859497321,471841,32841,439000
2428,10.29654036243822,471841,32841,439000
2429,10.29230135858378,471841,32841,439000
2430,10.2880658436214,471841,32841,439000
2431,10.283833813245577,471841,32841,439000
2432,10.279605263157896,471841,32841,439000
2433,10.275380189066995,471841,32841,439000
2434,10.271158586688578,471841,32841,439000
2435,10.26694045174538,471841,32841,439000
2436,10.262725779967159,471841,32841,439000
2437,10.258514567090685,471841,32841,439000
2438,10.25430680885972,471841,32841,439000
2439,10.25010250102501,471841,32841,439000
2440,10.245901639344263,471841,32841,439000
2441,10.241704219582138,471841,32841,439000
2442,10.237510237510238,471841,32841,439000
2443,10.233319688907082,471841,32841,439000
2444,10.229132569558102,471841,32841,439000
2445,10.224948875255624,471841,32841,439000
2446,10.220768601798856,471841,32841,439000
2447,10.21659174499387,471841,32841,439000
2448,10.212418300653594,471841,32841,439000
2449,10.208248264597795,471841,32841,439000
2450,10.204081632653061,471841,32841,439000
2451,10.199918400652795,471841,32841,439000
2452,10.195758564437194,471841,32841,439000
2453,10.191602119853242,471841,32841,439000
2454,10.187449062754686,471841,32841,439000
2455,10.183299389002036,471841,32841,439000
2456,10.17915309446254,471827,32842,438985
2457,10.175010175010176,471827,32842,438985
2458,10.17087062652563,471827,32842,438985
2459,10.1667344448963,471827,32842,438985
2460,10.16260162601626,471827,32842,438985
2461,10.158472165786266,471827,32842,438985
2462,10.15434606011373,471827,32842,438985
2463,10.150223304912709,471772,32842,438930
2464,10.146103896103897,471772,32842,438930
2465,10.141987829614605,471772,32842,438930
2466,10.137875101378752,471772,32842,438930
2467,10.133765707336847,471772,32842,438930
2468,10.12965964343598,471772,32842,438930
2469,10.125556905629809,471772,32842,438930
2470,10.121457489878543,471772,32842,438930
2471,10.117361392148927,471772,32842,438930
2472,10.11326860841424,471772,32842,438930
2473,10.109179134654266,471772,32842,438930
2474,10.105092966855295,471772,32842,438930
2475,10.1010101010101,471772,32842,438930
2476,10.096930533117932,471772,32842,438930
2477,10.092854259184497,471772,32842,438930
2478,10.088781275221953,471772,32842,438930
2479,10.084711577248891,471772,32842,438930
2480,10.080645161290322,471772,32842,438930
2481,10.07658202337767,471772,32842,438930
2482,10.07252215954875,471772,32842,438930
2483,10.068465565847765,471772,32842,438930
2484,10.064412238325282,471772,32842,438930
2485,10.060362173038229,471772,32842,438930
2486,10.05631536604988,471772,32842,438930
2487,10.052271813429835,471772,32842,438930
2488,10.04823151125402,471772,32842,438930
2489,10.04419445560466,471772,32842,438930
2490,10.040160642570282,471772,32842,438930
2491,10.036130068245685,471772,32842,438930
2492,10.032102728731942,471772,32842,438930
2493,10.028078620136382,471772,32842,438930
2494,10.024057738572575,471772,32842,438930
2495,10.02004008016032,471772,32842,438930
2496,10.01602564102564,471772,32842,438930
2497,10.012014417300762,471772,32842,438930
2498,10.0080064051241,471772,32842,438930
2499,10.004001600640256,471772,32842,438930
2500,10,471772,32842,438930
2501,9.996001599360255,471772,32842,438930
2502,9.992006394884093,471772,32842,438930
2503,9.988014382740712,471772,32842,438930
2504,9.984025559105431,471772,32842,438930
2505,9.980039920159681,471772,32842,438930
2506,9.976057462090981,471772,32842,438930
2507,9.97207818109294,471772,32842,438930
2508,9.968102073365232,471772,32842,438930
2509,9.964129135113591,471772,32842,438930
2510,9.9601593625498,471772,32842,438930
2511,9.956192751891676,471772,32842,438930
2512,9.952229299363058,471772,32842,438930
2513,9.948269001193792,471772,32842,438930
2514,9.94431185361973,471772,32842,438930
2515,9.940357852882704,471772,32842,438930
2516,9.936406995230525,471772,32842,438930
2517,9.932459276916966,471772,32842,438930
2518,9.928514694201747,471772,32842,438930
2519,9.924573243350537,471772,32842,438930
2520,9.920634920634921,471772,32842,438930
2521,9.916699722332408,471772,32842,438930
2522,9.912767644726408,471772,32842,438930
2523,9.908838684106223,471772,32842,438930
2524,9.904912836767036,471772,32842,438930
2525,9.900990099009901,471772,32842,438930
2526,9.897070467141726,471772,32842,438930
2527,9.893153937475267,471772,32842,438930
2528,9.889240506329115,471772,32842,438930
2529,9.885330170027679,471772,32842,438930
2530,9.881422924901186,471772,32842,438930
2531,9.877518767285657,471772,32842,438930
2532,9.873617693522906,471772,32842,438930
2533,9.869719699960521,471772,32842,438930
2534,9.865824782951854,471772,32842,438930
2535,9.861932938856016,471772,32842,438930
2536,9.858044164037855,471772,32842,438930
2537,9.854158454867955,471772,32842,438930
2538,9.850275807722616,471772,32842,438930
2539,9.846396218983852,471772,32842,438930
2540,9.84251968503937,471772,32842,438930
2541,9.838646202282566,471772,32842,438930
2542,9.83477576711251,471772,32842,438930
2543,9.830908375933936,471772,32842,438930
2544,9.827044025157234,471772,32842,438930
2545,9.82318271119843,471772,32842,438930
2546,9.819324430479183,471772,32842,438930
2547,9.815469179426776,471772,32842,438930
2548,9.811616954474097,471772,32842,438930
2549,9.80776775205963,471772,32842,438930
2550,9.803921568627452,471772,32842,438930
2551,9.800078400627205,471772,32842,438930
2552,9.796238244514107,471772,32842,438930
2553,9.792401096748923,471772,32842,438930
2554,9.788566953797964,471772,32842,438930
2555,9.784735812133073,471772,32842,438930
2556,9.780907668231611,471772,32842,438930
2557,9.777082518576456,471772,32842,438930
2558,9.773260359655982,471772,32842,438930
2559,9.769441187964048,471772,32842,438930
2560,9.765625,471772,32842,438930
2561,9.761811792268645,471772,32842,438930
2562,9.758001561280249,471772,32842,438930
2563,9.754194303550527,471772,32842,438930
2564,9.750390015600624,471772,32842,438930
2565,9.746588693957115,471772,32842,438930
2566,9.742790335151987,471772,32842,438930
2567,9.738994935722634,471772,32842,438930
2568,9.735202492211839,471772,32842,438930
2569,9.73141300116777,471772,32842,438930
2570,9.727626459143968,471772,32842,438930
2571,9.723842862699339,471772,32842,438930
2572,9.720062208398133,471772,32842,438930
2573,9.71628449280995,471772,32842,438930
2574,9.712509712509712,471772,32842,438930
2575,9.70873786407767,471772,32842,438930
2576,9.70496894409938,471772,32842,438930
2577,9.701202949165696,471772,32842,438930
2578,9.69743987587277,471772,32842,438930
2579,9.693679720822024,471772,32842,438930
2580,9.689922480620154,471772,32842,438930
2581,9.686168151879116,471772,32842,438930
2582,9.682416731216112,471772,32842,438930
2583,9.67866821525358,471772,32842,438930
2584,9.674922600619196,471772,32842,438930
2585,9.671179883945841,471772,32842,438930
2586,9.667440061871616,471772,32842,438930
2587,9.663703131039814,471772,32842,438930
2588,9.659969088098919,471772,32842,438930
2589,9.656237929702588,471772,32842,438930
2590,9.652509652509652,471772,32842,438930
2591,9.648784253184099,471772,32842,438930
2592,9.645061728395062,471772,32842,438930
2593,9.641342074816814,471772,32842,438930
2594,9.637625289128758,471772,32842,438930
2595,9.633911368015415,471772,32842,438930
2596,9.63020030816641,471772,32842,438930
2597,9.626492106276473,471772,32842,438930
2598,9.62278675904542,471772,32842,438930
2599,9.619084263178145,471772,32842,438930
2600,9.615384615384615,471772,32842,438930
2601,9.611687812379854,471772,32842,438930
2602,9.607993850883936,471772,32842,438930
2603,9.604302727621974,471772,32842,438930
2604,9.600614439324117,471772,32842,438930
2605,9.596928982725528,471772,32842,438930
2606,9.593246354566386,471772,32842,438930
2607,9.589566551591869,471772,32842,438930
2608,9.585889570552148,471772,32842,438930
2609,9.582215408202376,471772,32842,438930
2610,9.578544061302683,471772,32842,438930
2611,9.574875526618154,471772,32842,438930
2612,9.571209800918837,471772,32842,438930
2613,9.567546880979716,471772,32842,438930
2614,9.563886763580719,471772,32842,438930
2615,9.560229445506693,471772,32842,438930
2616,9.5565749235474,471772,32842,438930
2617,9.552923194497517,471772,32842,438930
2618,9.549274255156607,471772,32842,438930
2619,9.545628102329133,471772,32842,438930
2620,9.541984732824428,471772,32842,438930
2621,9.538344143456696,471772,32842,438930
2622,9.534706331045005,471772,32842,438930
2623,9.531071292413268,471772,32842,438930
2624,9.527439024390244,471772,32842,438930
2625,9.523809523809524,471772,32842,438930
2626,9.52018278750952,471772,32842,438930
2627,9.51655881233346,471772,32842,438930
2628,9.512937595129376,471772,32842,438930
2629,9.509319132750095,471772,32842,438930
2630,9.505703422053232,471772,32842,438930
2631,9.502090459901178,471772,32842,438930
2632,9.498480243161094,471772,32842,438930
2633,9.4948727687049,471772,32842,438930
2634,9.491268033409263,471772,32842,438930
2635,9.487666034155598,471772,32842,438930
2636,9.484066767830045,471772,32842,438930
2637,9.480470231323473,471772,32842,438930
2638,9.476876421531463,471772,32842,438930
2639,9.473285335354301,471772,32842,438930
2640,9.469696969696969,471772,32842,438930
2641,9.46611132146914,471772,32842,438930
2642,9.462528387585163,471772,32842,438930
2643,9.458948164964056,471772,32842,438930
2644,9.4553706505295,471772,32842,438930
2645,9.45179584120983,471772,32842,438930
2646,9.44822373393802,471772,32842,438930
2647,9.444654325651682,471772,32842,438930
2648,9.441087613293051,471772,32842,438930
2649,9.437523593808985,471772,32842,438930
2650,9.433962264150944,471772,32842,438930
2651,9.43040362127499,471772,32842,438930
2652,9.42684766214178,471455,32842,438613
2653,9.423294383716547,471455,32842,438613
2654,9.419743782969103,471455,32842,438613
2655,9.416195856873824,471455,32842,438613
2656,9.412650602409638,471455,32842,438613
2657,9.40910801656003,471455,32842,438613
2658,9.405568096313017,471455,32842,438613
2659,9.402030838661151,471455,32842,438613
2660,9.398496240601503,471455,32842,438613
2661,9.394964299135664,471455,32842,438613
2662,9.391435011269722,471455,32842,438613
2663,9.38790837401427,471455,32842,438613
2664,9.384384384384385,471455,32842,438613
2665,9.380863039399625,471455,32842,438613
2666,9.377344336084022,471455,32842,438613
2667,9.373828271466067,471455,32842,438613
2668,9.370314842578711,471455,32842,438613
2669,9.366804046459348,471455,32842,438613
2670,9.363295880149813,471455,32842,438613
2671,9.35979034069637,471455,32842,438613
2672,9.3562874251497,471455,32842,438613
2673,9.352787130564908,471455,32842,438613
2674,9.349289454001497,471455,32842,438613
2675,9.345794392523365,471455,32842,438613
2676,9.342301943198803,471455,32842,438613
2677,9.338812103100485,471455,32842,438613
2678,9.335324869305452,471455,32842,438613
2679,9.33184023889511,471455,32842,438613
2680,9.328358208955224,471455,32842,438613
2681,9.324878776575904,471455,32842,438613
2682,9.321401938851603,471455,32842,438613
2683,9.317927692881103,471455,32842,438613
2684,9.314456035767511,471455,32842,438613
2685,9.31098696461825,471455,32842,438613
2686,9.307520476545049,471455,32842,438613
2687,9.304056568663938,471455,32842,438613
2688,9.300595238095237,471455,32842,438613
2689,9.297136481963555,471455,32842,438613
2690,9.293680297397769,471455,32842,438613
2691,9.29022668153103,471455,32842,438613
2692,9.286775631500744,471455,32842,438613
2693,9.28332714444857,471455,32842,438613
2694,9.279881217520416,471455,32842,438613
2695,9.276437847866418,471455,32842,438613
2696,9.27299703264095,471455,32842,438613
2697,9.269558769002595,471455,32842,438613
2698,9.266123054114159,471455,32842,438613
2699,9.262689885142645,471455,32842,438613
2700,9.25925925925926,471455,32842,438613
2701,9.255831173639393,471455,32842,438613
2702,9.25240562546262,471455,32842,438613
2703,9.24898261191269,471455,32842,438613
2704,9.245562130177515,471455,32842,438613
2705,9.242144177449168,471455,32842,438613
2706,9.238728750923872,471455,32842,438613
2707,9.235315847801996,471455,32842,438613
2708,9.231905465288035,471455,32842,438613
2709,9.228497600590623,471455,32842,438613
2710,9.22509225092251,471455,32842,438613
2711,9.221689413500552,471455,32842,438613
2712,9.218289085545722,471455,32842,438613
2713,9.214891264283082,471455,32842,438613
2714,9.211495946941783,471455,32842,438613
2715,9.208103130755065,471455,32842,438613
2716,9.204712812960235,471455,32842,438613
2717,9.201324990798675,471455,32842,438613
2718,9.19793966151582,471455,32842,438613
2719,9.194556822361163,471455,32842,438613
2720,9.191176470588236,471455,32842,438613
2721,9.187798603454612,471455,32842,438613
2722,9.184423218221896,471455,32842,438613
2723,9.18105031215571,471455,32842,438613
2724,9.177679882525698,471455,32842,438613
2725,9.174311926605505,471455,32842,438613
2726,9.17094644167278,471455,32842,438613
2727,9.167583425009168,471455,32842,438613
2728,9.164222873900293,471455,32842,438613
2729,9.160864785635765,471455,32842,438613
2730,9.157509157509157,471455,32842,438613
2731,9.154155986818015,471455,32842,438613
2732,9.150805270863836,471455,32842,438613
2733,9.147457006952067,471455,32842,438613
2734,9.1441111923921,471455,32842,438613
2735,9.140767824497258,471455,32842,438613
2736,9.137426900584796,471455,32842,438613
2737,9.134088417975885,471455,32842,438613
2738,9.130752373995618,471455,32842,438613
2739,9.127418765972983,471455,32842,438613
2740,9.124087591240876,471455,32842,438613
2741,9.120758847136083,471455,32842,438613
2742,9.11743253099927,471455,32842,438613
2743,9.11410864017499,471455,32842,438613
2744,9.110787172011662,471455,32842,438613
2745,9.107468123861567,471455,32842,438613
2746,9.104151493080845,471455,32842,438613
2747,9.100837277029486,471455,32842,438613
2748,9.097525473071325,471455,32842,438613
2749,9.094216078574027,471455,32842,438613
2750,9.090909090909092,471455,32842,438613
2751,9.087604507451836,471455,32842,438613
2752,9.084302325581396,471455,32842,438613
2753,9.081002542680713,471455,32842,438613
2754,9.07770515613653,471455,32842,438613
2755,9.074410163339383,471455,32842,438613
2756,9.0711175616836,471455,32842,438613
2757,9.067827348567283,471455,32842,438613
2758,9.064539521392314,471455,32842,438613
2759,9.061254077564335,471455,32842,438613
2760,9.057971014492754,471455,32842,438613
2761,9.054690329590729,471455,32842,438613
2762,9.051412020275164,471455,32842,438613
2763,9.048136083966703,471455,32842,438613
2764,9.044862518089724,471455,32842,438613
2765,9.041591320072333,471455,32842,438613
2766,9.038322487346349,471455,32842,438613
2767,9.035056017347307,471455,32842,438613
2768,9.031791907514451,471455,32842,438613
2769,9.028530155290719,471455,32842,438613
2770,9.025270758122744,471455,32842,438613
2771,9.022013713460844,471455,32842,438613
2772,9.018759018759019,471455,32842,438613
2773,9.015506671474936,471455,32842,438613
2774,9.012256669069934,471455,32842,438613
2775,9.00900900900901,471455,32842,438613
2776,9.005763688760807,471455,32842,438613
2777,9.002520705797624,471455,32842,438613
2778,8.999280057595392,471455,32842,438613
2779,8.99604174163368,471455,32842,438613
2780,8.992805755395683,471455,32842,438613
2781,8.989572096368214,471455,32842,438613
2782,8.986340762041696,471455,32842,438613
2783,8.983111749910169,471455,32842,438613
2784,8.979885057471265,471455,32842,438613
2785,8.976660682226212,471455,32842,438613
2786,8.973438621679827,471455,32842,438613
2787,8.97021887334051,471455,32842,438613
2788,8.96700143472023,471455,32842,438613
2789,8.963786303334528,471455,32842,438613
2790,8.960573476702509,471455,32842,438613
2791,8.957362952346829,471455,32842,438613
2792,8.954154727793696,471455,32842,438613
2793,8.95094880057286,471455,32842,438613
2794,8.94774516821761,471455,32842,438613
2795,8.94454382826476,471455,32842,438613
2796,8.94134477825465,471455,32842,438613
2797,8.93814801573114,471455,32842,438613
2798,8.9349535382416,471455,32842,438613
2799,8.931761343336905,471455,32842,438613
2800,8.928571428571429,471455,32842,438613
2801,8.925383791503034,471455,32842,438613
2802,8.922198429693076,471455,32842,438613
2803,8.919015340706386,471455,32842,438613
2804,8.91583452211127,471455,32842,438613
2805,8.9126559714795,471455,32842,438613
2806,8.909479686386314,471455,32842,438613
2807,8.906305664410402,471455,32842,438613
2808,8.903133903133902,471455,32842,438613
2809,8.8999644001424,471455,32842,438613
2810,8.896797153024911,471455,32842,438613
2811,8.893632159373889,471455,32842,438613
2812,8.890469416785207,471455,32842,438613
2813,8.887308922858159,471455,32842,438613
2814,8.884150675195452,471455,32842,438613
2815,8.880994671403197,471455,32842,438613
2816,8.877840909090908,471455,32842,438613
2817,8.874689385871495,471455,32842,438613
2818,8.87154009936125,471455,32842,438613
2819,8.86839304717985,471455,32842,438613
2820,8.865248226950355,471455,32842,438613
2821,8.862105636299185,471455,32842,438613
2822,8.85896527285613,471455,32842,438613
2823,8.855827134254339,471455,32842,438613
2824,8.852691218130312,471455,32842,438613
2825,8.849557522123893,471455,32842,438613
2826,8.846426043878273,471455,32842,438613
2827,8.843296781039971,471455,32842,438613
2828,8.84016973125884,471455,32842,438613
2829,8.837044892188052,471455,32842,438613
2830,8.8339222614841,471455,32842,438613
2831,8.830801836806781,471455,32842,438613
2832,8.82768361581921,471455,32842,438613
2833,8.824567596187787,471455,32842,438613
2834,8.821453775582215,471455,32842,438613
2835,8.818342151675486,471455,32842,438613
2836,8.815232722143865,471455,32842,438613
2837,8.812125484666902,471455,32842,438613
2838,8.809020436927414,471455,32842,438613
2839,8.805917576611483,471455,32842,438613
2840,8.80281690140845,471455,32842,438613
2841,8.79971840901091,471455,32842,438613
2842,8.796622097114708,471455,32842,438613
2843,8.793527963418924,471455,32842,438613
2844,8.79043600562588,471367,32032,439335
2845,8.787346221441124,471367,32032,439335
2846,8.784258608573436,471367,32032,439335
2847,8.781173164734808,471367,32032,439335
2848,8.77808988764045,471367,32032,439335
2849,8.775008775008775,471367,32032,439335
2850,8.771929824561404,471367,32032,439335
2851,8.76885303402315,471367,32032,439335
2852,8.76577840112202,471367,32032,439335
2853,8.762705923589204,471367,32032,439335
2854,8.759635599159076,471367,32032,439335
2855,8.756567425569177,471367,32032,439335
2856,8.753501400560225,471367,32032,439335
2857,8.750437521876094,471367,32032,439335
2858,8.74737578726382,471367,32032,439335
2859,8.744316194473592,471367,32032,439335
2860,8.741258741258742,471367,32032,439335
2861,8.738203425375742,471367,32032,439335
2862,8.735150244584206,471367,32032,439335
2863,8.732099196646875,471367,32032,439335
2864,8.72905027932961,471367,32032,439335
2865,8.726003490401396,471367,32032,439335
2866,8.722958827634333,471367,32032,439335
2867,8.719916288803628,471367,32032,439335
2868,8.716875871687588,471367,32032,439335
2869,8.71383757406762,471367,32032,439335
2870,8.710801393728223,471367,32032,439335
2871,8.707767328456983,471367,32032,439335
2872,8.704735376044567,471367,32032,439335
2873,8.70170553428472,471367,32032,439335
2874,8.698677800974252,471367,32032,439335
2875,8.695652173913043,471367,32032,439335
2876,8.692628650904034,471367,32032,439335
2877,8.689607229753214,471367,32032,439335
2878,8.686587908269631,471367,32032,439335
2879,8.68357068426537,471367,32032,439335
2880,8.680555555555555,471367,32032,439335
2881,8.677542519958347,471367,32032,439335
2882,8.674531575294933,471367,32032,439335
2883,8.671522719389525,471367,32032,439335
2884,8.668515950069349,471367,32032,439335
2885,8.665511265164644,471367,32032,439335
2886,8.662508662508662,471367,32032,439335
2887,8.659508139937651,471367,32032,439335
2888,8.65650969529086,471367,32032,439335
2889,8.653513326410522,471367,32032,439335
2890,8.650519031141869,471367,32032,439335
2891,8.647526807333103,471367,32032,439335
2892,8.644536652835408,471367,32032,439335
2893,8.641548565502939,471367,32032,439335
2894,8.638562543192812,471367,32032,439335
2895,8.635578583765112,471367,32032,439335
2896,8.632596685082873,471367,32032,439335
2897,8.629616845012082,471367,32032,439335
2898,8.62663906142167,471367,32032,439335
2899,8.623663332183511,471367,32032,439335
2900,8.620689655172415,471367,32032,439335
2901,8.617718028266115,471367,32032,439335
2902,8.61474844934528,471367,32032,439335
2903,8.611780916293489,471367,32032,439335
2904,8.608815426997245,471367,32032,439335
2905,8.605851979345955,471367,32032,439335
2906,8.602890571231933,471367,32032,439335
2907,8.599931200550396,471367,32032,439335
2908,8.59697386519945,471367,32032,439335
2909,8.594018563080096,471367,32032,439335
2910,8.59106529209622,471367,32032,439335
2911,8.588114050154585,471367,32032,439335
2912,8.585164835164836,471367,32032,439335
2913,8.582217645039478,471367,32032,439335
2914,8.579272477693891,471367,32032,439335
2915,8.576329331046312,471367,32032,439335
2916,8.573388203017833,471367,32032,439335
2917,8.570449091532396,471367,32032,439335
2918,8.567511994516792,471367,32032,439335
2919,8.564576909900651,471367,32032,439335
2920,8.561643835616438,471367,32032,439335
2921,8.558712769599452,471367,32032,439335
2922,8.555783709787816,471367,32032,439335
2923,8.552856654122477,471367,32032,439335
2924,8.549931600547195,471367,32032,439335
2925,8.547008547008547,471367,32032,439335
2926,8.544087491455912,471367,32032,439335
2927,8.541168431841475,471367,32032,439335
2928,8.53825136612022,471367,32032,439335
2929,8.535336292249914,471367,32032,439335
2930,8.532423208191126,471367,32032,439335
2931,8.529512111907199,471367,32032,439335
2932,8.526603001364256,471367,32032,439335
2933,8.523695874531196,471367,32032,439335
2934,8.520790729379687,471367,32032,439335
2935,8.517887563884157,471367,32032,439335
2936,8.514986376021799,471367,32032,439335
2937,8.512087163772557,471367,32032,439335
2938,8.509189925119129,471367,32032,439335
2939,8.506294658046954,471367,32032,439335
2940,8.503401360544217,471367,32032,439335
2941,8.500510030601836,471367,32032,439335
2942,8.49762066621346,471367,32032,439335
2943,8.494733265375467,471367,32032,439335
2944,8.491847826086957,471367,32032,439335
2945,8.488964346349745,471367,32032,439335
2946,8.486082824168363,471367,32032,439335
2947,8.48320325755005,471367,32032,439335
2948,8.480325644504749,471367,32032,439335
2949,8.4774499830451,471367,32032,439335
2950,8.474576271186441,471367,32032,439335
2951,8.471704506946798,471367,32032,439335
2952,8.468834688346883,471367,32032,439335
2953,8.465966813410091,471367,32032,439335
2954,8.463100880162491,471367,32032,439335
2955,8.460236886632826,471367,32032,439335
2956,8.457374830852503,471367,32032,439335
2957,8.454514710855596,471367,32032,439335
2958,8.451656524678837,471367,32032,439335
2959,8.448800270361609,471367,32032,439335
2960,8.445945945945946,471367,32032,439335
2961,8.443093549476528,471367,32032,439335
2962,8.440243079000675,471367,32032,439335
2963,8.437394532568343,471367,32032,439335
2964,8.434547908232119,471367,32032,439335
2965,8.431703204047217,471367,32032,439335
2966,8.428860418071476,471367,32032,439335
2967,8.426019548365351,471367,32032,439335
2968,8.423180592991914,471367,32032,439335
2969,8.42034355001684,471367,32032,439335
2970,8.417508417508417,471367,32032,439335
2971,8.41467519353753,471367,32032,439335
2972,8.411843876177658,471367,32032,439335
2973,8.409014463504878,471367,32032,439335
2974,8.406186953597848,471367,32032,439335
2975,8.403361344537815,471367,32032,439335
2976,8.400537634408602,471367,32032,439335
2977,8.397715821296607,471367,32032,439335
2978,8.394895903290799,471367,32032,439335
2979,8.392077878482713,471367,32032,439335
2980,8.389261744966444,471367,32032,439335
2981,8.386447500838644,471367,32032,439335
2982,8.383635144198525,471367,32032,439335
2983,8.380824673147838,471367,32032,439335
2984,8.378016085790884,471348,31819,439529
2985,8.375209380234505,471348,31819,439529
2986,8.372404554588078,471348,31819,439529
2987,8.369601606963508,471348,31819,439529
2988,8.366800535475234,471348,31819,439529
2989,8.364001338240215,471348,31819,439529
2990,8.361204013377927,471348,31819,439529
2991,8.358408559010364,471348,31819,439529
2992,8.355614973262032,471348,31819,439529
2993,8.35282325425994,471348,31819,439529
2994,8.3500334001336,471348,31819,439529
2995,8.347245409015025,471348,31819,439529
2996,8.344459279038718,471348,31819,439529
2997,8.341675008341674,471348,31819,439529
2998,8.338892595063376,471348,31819,439529
2999,8.336112037345782,471348,31819,439529
3000,8.333333333333334,471348,31819,439529
3001,8.330556481172943,471348,31819,439529
3002,8.327781479013991,471348,31819,439529
3003,8.325008325008325,471348,31819,439529
3004,8.322237017310252,471348,31819,439529
3005,8.319467554076539,471348,31819,439529
3006,8.316699933466401,471348,31819,439529
3007,8.313934153641503,471348,31819,439529
3008,8.311170212765957,471348,31819,439529
3009,8.308408109006315,471348,31819,439529
3010,8.305647840531561,471348,31819,439529
3011,8.302889405513119,471348,31819,439529
3012,8.300132802124834,471348,31819,439529
3013,8.29737802854298,471348,31819,439529
3014,8.29462508294625,471223,31819,439404
3015,8.291873963515755,471119,31708,439411
3016,8.289124668435013,471119,31708,439411
3017,8.286377195889957,471119,31708,439411
3018,8.28363154406892,471119,31708,439411
3019,8.280887711162636,471119,31708,439411
3020,8.278145695364238,471119,31708,439411
3021,8.275405494869249,471119,31708,439411
3022,8.272667107875579,471119,31708,439411
3023,8.269930532583526,471119,31708,439411
3024,8.267195767195767,471119,31708,439411
3025,8.264462809917354,471119,31708,439411
3026,8.261731658955718,471119,31708,439411
3027,8.259002312520648,471119,31708,439411
3028,8.256274768824307,471119,31708,439411
3029,8.253549026081215,471119,31708,439411
3030,8.250825082508252,471119,31708,439411
3031,8.248102936324646,471119,31708,439411
3032,8.24538258575198,471119,31708,439411
3033,8.242664029014177,471119,31708,439411
3034,8.23994726433751,471119,31708,439411
3035,8.237232289950576,470857,31708,439149
3036,8.234519104084322,470857,31708,439149
3037,8.231807704972011,470857,31708,439149
3038,8.229098090849243,470857,31708,439149
3039,8.226390259953932,470857,31708,439149
3040,8.223684210526315,470857,31708,439149
3041,8.220979940808945,470857,31708,439149
3042,8.21827744904668,470857,31708,439149
3043,8.21557673348669,470857,31708,439149
3044,8.21287779237845,470857,31708,439149
3045,8.210180623973727,470857,31708,439149
3046,8.207485226526591,470857,31708,439149
3047,8.204791598293403,470857,31708,439149
3048,8.202099737532809,470857,31708,439149
3049,8.19940964250574,470857,31708,439149
3050,8.19672131147541,470857,31708,439149
3051,8.19403474270731,470857,31708,439149
3052,8.191349934469201,470857,31708,439149
3053,8.188666885031116,470857,30748,440109
3054,8.185985592665357,470857,30748,440109
3055,8.183306055646481,470857,30748,440109
3056,8.180628272251308,470857,30748,440109
3057,8.177952240758914,470857,30748,440109
3058,8.175277959450622,470857,30748,440109
3059,8.172605426610003,470857,30748,440109
3060,8.169934640522875,470857,30748,440109
3061,8.167265599477295,470857,30748,440109
3062,8.164598301763553,470857,30748,440109
3063,8.161932745674175,470857,30748,440109
3064,8.159268929503916,470857,30748,440109
3065,8.156606851549755,470857,30748,440109
3066,8.153946510110893,470857,30748,440109
3067,8.15128790348875,470857,30748,440109
3068,8.148631029986962,470857,30748,440109
3069,8.145975887911371,470857,30748,440109
3070,8.143322475570033,470857,30748,440109
3071,8.140670791273202,470857,30748,440109
3072,8.138020833333334,470857,30748,440109
3073,8.135372600065082,470857,30748,440109
3074,8.132726089785296,470857,30748,440109
3075,8.130081300813009,470857,30748,440109
3076,8.12743823146944,470857,30748,440109
3077,8.124796880077998,470857,30748,440109
3078,8.122157244964262,470857,30748,440109
3079,8.119519324455991,470857,30748,440109
3080,8.116883116883116,470857,30748,440109
3081,8.114248620577735,470857,30748,440109
3082,8.111615833874108,470857,30748,440109
3083,8.10898475510866,470857,30748,440109
3084,8.106355382619974,470857,30748,440109
3085,8.103727714748784,470857,30748,440109
3086,8.101101749837978,470857,30748,440109
3087,8.098477486232587,470857,30748,440109
3088,8.095854922279793,470857,30748,440109
3089,8.093234056328908,470857,30748,440109
3090,8.090614886731391,470857,30748,440109
3091,8.087997411840828,470857,30748,440109
3092,8.085381630012936,470857,30748,440109
3093,8.08276753960556,470857,30748,440109
3094,8.080155138978668,470857,30748,440109
3095,8.077544426494345,470857,30748,440109
3096,8.074935400516797,470857,30748,440109
3097,8.072328059412335,470857,30748,440109
3098,8.069722401549386,470857,30748,440109
3099,8.067118425298483,470857,30748,440109
3100,8.064516129032258,470857,30748,440109
3101,8.061915511125443,470857,30748,440109
3102,8.059316569954868,470857,30748,440109
3103,8.056719303899452,470857,30748,440109
3104,8.054123711340207,470857,30748,440109
3105,8.051529790660226,470857,30748,440109
3106,8.048937540244689,470857,30748,440109
3107,8.04634695848085,470857,30748,440109
3108,8.043758043758043,470857,30748,440109
3109,8.041170794467675,470857,30748,440109
3110,8.038585209003216,470857,30748,440109
3111,8.036001285760205,470857,30748,440109
3112,8.033419023136247,470857,30748,440109
3113,8.030838419531,470857,30748,440109
3114,8.028259473346179,470857,30748,440109
3115,8.025682182985554,470857,30748,440109
3116,8.023106546854942,470857,30748,440109
3117,8.020532563362208,470857,30748,440109
3118,8.017960230917256,470857,30748,440109
3119,8.01538954793203,470857,30748,440109
3120,8.012820512820513,470857,30748,440109
3121,8.010253123998718,470857,30748,440109
3122,8.00768737988469,470857,30748,440109
3123,8.005123278898495,470857,30748,440109
3124,8.002560819462229,470857,30748,440109
3125,8,470857,30748,440109
3126,7.99744081893794,470857,30748,440109
3127,7.994883274704189,470857,30748,440109
3128,7.9923273657289,470857,30748,440109
3129,7.989773090444231,470857,30748,440109
3130,7.987220447284345,470857,30748,440109
3131,7.984669434685404,470857,30748,440109
3132,7.982120051085569,470857,30748,440109
3133,7.979572294924992,470857,30748,440109
3134,7.97702616464582,470857,30748,440109
3135,7.974481658692185,470857,30748,440109
3136,7.971938775510204,470857,30748,440109
3137,7.9693975135479755,470857,30748,440109
3138,7.966857871255577,470857,30748,440109
3139,7.964319847085059,470857,30748,440109
3140,7.961783439490445,470857,30748,440109
3141,7.95924864692773,470857,30748,440109
3142,7.9567154678548695,470857,30748,440109
3143,7.954183900731785,470857,30748,440109
3144,7.951653944020356,470857,30748,440109
3145,7.94912559618442,470857,30748,440109
3146,7.946598855689765,470857,30748,440109
3147,7.944073721004131,470857,30748,440109
3148,7.941550190597205,470857,30748,440109
3149,7.939028262940616,470857,30748,440109
3150,7.936507936507937,470857,30748,440109
3151,7.9339892097746745,470857,30748,440109
3152,7.931472081218274,470857,30748,440109
3153,7.92895654931811,470857,30748,440109
3154,7.926442612555485,470857,30748,440109
3155,7.9239302694136295,470857,30748,440109
3156,7.921419518377693,470857,30748,440109
3157,7.918910357934748,470857,30748,440109
3158,7.916402786573781,470857,30748,440109
3159,7.9138968027856915,470857,30748,440109
3160,7.9113924050632916,470857,30748,440109
3161,7.908889591901297,470857,30748,440109
3162,7.906388361796331,470857,30748,440109
3163,7.903888713246918,470857,30748,440109
3164,7.9013906447534765,470857,30748,440109
3165,7.898894154818326,470857,30748,440109
3166,7.896399241945673,470857,30748,440109
3167,7.893905904641617,470857,30748,440109
3168,7.891414141414141,470857,30748,440109
3169,7.888923950773115,470729,30428,440301
3170,7.886435331230284,470729,30428,440301
3171,7.883948281299275,470729,30428,440301
3172,7.881462799495586,470729,30428,440301
3173,7.87897888433659,470729,30428,440301
3174,7.876496534341525,470729,30428,440301
3175,7.874015748031496,470729,30428,440301
3176,7.871536523929471,470729,30428,440301
3177,7.869058860560277,470729,30428,440301
3178,7.8665827564505975,470729,30428,440301
3179,7.864108210128971,470729,30428,440301
3180,7.861635220125786,470729,30428,440301
3181,7.859163784973279,470729,30428,440301
3182,7.856693903205531,470729,30428,440301
3183,7.854225573358467,470729,30428,440301
3184,7.851758793969849,470729,30428,440301
3185,7.849293563579278,470729,30428,440301
3186,7.846829880728186,470729,30428,440301
3187,7.844367743959837,470729,30428,440301
3188,7.841907151819322,470729,30428,440301
3189,7.839448102853559,470729,30428,440301
3190,7.836990595611285,470729,30428,440301
3191,7.834534628643058,470729,30428,440301
3192,7.832080200501253,470729,30428,440301
3193,7.829627309740056,470729,30428,440301
3194,7.827175954915466,470729,30428,440301
3195,7.82472613458529,470729,30428,440301
3196,7.822277847309136,470729,30428,440301
3197,7.81983109164842,470729,30428,440301
3198,7.817385866166354,470729,30428,440301
3199,7.814942169427947,470729,30428,440301
3200,7.8125,470729,30428,440301
3201,7.810059356451109,470729,30428,440301
3202,7.807620237351655,470729,30428,440301
3203,7.805182641273806,470729,30428,440301
3204,7.802746566791511,470729,30428,440301
3205,7.800312012480499,470729,30428,440301
3206,7.797878976918279,470729,30428,440301
3207,7.795447458684128,470729,30428,440301
3208,7.793017456359102,470729,30428,440301
3209,7.790588968526021,470729,30428,440301
3210,7.788161993769471,470729,30428,440301
3211,7.785736530675802,470729,30428,440301
3212,7.783312577833126,470729,30428,440301
3213,7.78089013383131,470729,30428,440301
3214,7.778469197261979,470729,30428,440301
3215,7.776049766718507,470729,30428,440301
3216,7.77363184079602,470729,30428,440301
3217,7.77121541809139,470729,30428,440301
3218,7.768800497203232,470729,30428,440301
3219,7.766387076731904,470729,30428,440301
3220,7.763975155279503,470729,30428,440301
3221,7.761564731449861,470729,30428,440301
3222,7.759155803848541,470729,30428,440301
3223,7.756748371082842,470729,30428,440301
3224,7.754342431761787,470729,30428,440301
3225,7.751937984496124,470729,30428,440301
3226,7.749535027898326,470729,30428,440301
3227,7.747133560582585,470729,30428,440301
3228,7.744733581164808,470729,30428,440301
3229,7.74233508826262,470729,30428,440301
3230,7.739938080495356,470729,30428,440301
3231,7.737542556484061,470729,30428,440301
3232,7.735148514851486,470729,30428,440301
3233,7.7327559542220845,470729,30428,440301
3234,7.730364873222016,470729,30428,440301
3235,7.727975270479135,470729,30428,440301
3236,7.725587144622992,470729,30428,440301
3237,7.723200494284832,470729,30428,440301
3238,7.720815318097591,470729,30428,440301
3239,7.718431614695894,470729,30428,440301
3240,7.716049382716049,470729,30428,440301
3241,7.71366862079605,470729,30428,440301
3242,7.711289327575571,470729,30428,440301
3243,7.708911501695961,470729,30428,440301
3244,7.706535141800247,470729,30428,440301
3245,7.704160246533128,470729,30428,440301
3246,7.701786814540974,470729,30428,440301
3247,7.6994148444718205,470729,30428,440301
3248,7.697044334975369,470729,30428,440301
3249,7.694675284702986,470729,30428,440301
3250,7.6923076923076925,470729,30428,440301
3251,7.689941556444171,470729,30428,440301
3252,7.687576875768758,470729,30428,440301
3253,7.685213648939441,470729,30428,440301
3254,7.682851874615857,470729,30428,440301
3255,7.680491551459293,470729,30428,440301
3256,7.678132678132678,470729,30428,440301
3257,7.675775253300583,470729,30428,440301
3258,7.673419275629221,470729,30428,440301
3259,7.671064743786437,470729,30428,440301
3260,7.668711656441718,470729,30428,440301
3261,7.666360012266176,470729,30428,440301
3262,7.664009809932557,470729,30428,440301
3263,7.661661048115231,470729,30428,440301
3264,7.659313725490196,470729,30428,440301
3265,7.656967840735069,470729,30428,440301
3266,7.654623392529087,470729,30428,440301
3267,7.6522803795531065,470729,30428,440301
3268,7.649938800489596,470729,30428,440301
3269,7.647598654022637,470729,30428,440301
3270,7.6452599388379205,470729,30428,440301
3271,7.642922653622746,470729,30428,440301
3272,7.640586797066015,470729,30428,440301
3273,7.638252367858234,470729,30428,440301
3274,7.6359193646915084,470729,30428,440301
3275,7.633587786259542,470729,30428,440301
3276,7.631257631257632,470729,30428,440301
3277,7.628928898382667,470729,30428,440301
3278,7.62660158633313,470729,30428,440301
3279,7.624275693809088,470729,30428,440301
3280,7.621951219512195,470729,30428,440301
3281,7.619628162145688,470729,30428,440301
3282,7.617306520414381,470729,30428,440301
3283,7.614986293024672,470729,30428,440301
3284,7.612667478684531,470729,30428,440301
3285,7.610350076103501,470729,30428,440301
3286,7.608034083992696,470729,30428,440301
3287,7.605719501064801,470729,30428,440301
3288,7.603406326034063,470729,30428,440301
3289,7.601094557616297,470729,30428,440301
3290,7.598784194528875,470729,30428,440301
3291,7.596475235490733,470729,30428,440301
3292,7.594167679222357,470729,30428,440301
3293,7.591861524445794,470729,30428,440301
3294,7.589556769884639,470729,30428,440301
3295,7.587253414264036,470729,30428,440301
3296,7.584951456310679,470729,30428,440301
3297,7.582650894752805,470729,30428,440301
3298,7.580351728320194,470729,30428,440301
3299,7.578053955744165,470729,30428,440301
3300,7.575757575757576,470729,30428,440301
3301,7.57346258709482,470729,30428,440301
3302,7.571168988491823,470729,30428,440301
3303,7.568876778686043,470729,30428,440301
3304,7.566585956416465,470729,30428,440301
3305,7.564296520423601,470729,30428,440301
3306,7.562008469449486,470729,30428,440301
3307,7.559721802237678,470729,30428,440301
3308,7.557436517533253,470729,30428,440301
3309,7.555152614082805,470729,30428,440301
3310,7.552870090634441,470729,30428,440301
3311,7.5505889459377835,470729,30428,440301
3312,7.548309178743962,470729,30428,440301
3313,7.5460307878056145,470729,30428,440301
3314,7.543753771876886,470729,30428,440301
3315,7.541478129713424,470729,30428,440301
3316,7.5392038600723765,470729,30428,440301
3317,7.5369309617123905,470729,30428,440301
3318,7.53465943339361,470729,30428,440301
3319,7.532389273877674,470729,30428,440301
3320,7.530120481927711,470729,30428,440301
3321,7.527853056308341,470729,30428,440301
3322,7.525586995785671,470729,30428,440301
3323,7.523322299127295,470729,30428,440301
3324,7.521058965102286,470729,30428,440301
3325,7.518796992481203,470729,30428,440301
3326,7.516536380036079,470729,30428,440301
3327,7.514277126540427,470729,30428,440301
3328,7.512019230769231,470729,30428,440301
3329,7.509762691498949,470729,30428,440301
3330,7.5075075075075075,470729,30428,440301
3331,7.505253677574302,470729,30428,440301
3332,7.503001200480192,470729,30428,440301
3333,7.500750075007501,470729,30428,440301
3334,7.498500299940012,470729,30428,440301
3335,7.496251874062969,470729,30428,440301
3336,7.494004796163069,470729,30428,440301
3337,7.491759065028469,470729,30428,440301
3338,7.489514679448772,470729,30428,440301
3339,7.487271638215034,470729,30428,440301
3340,7.485029940119761,470729,30428,440301
3341,7.482789583956899,470729,30428,440301
3342,7.480550568521843,470729,30428,440301
3343,7.478312892611427,470729,30428,440301
3344,7.476076555023924,470729,30428,440301
3345,7.473841554559043,470729,30428,440301
3346,7.471607890017932,470729,30428,440301
3347,7.469375560203167,470729,30428,440301
3348,7.467144563918757,470729,30428,440301
3349,7.4649148999701405,470729,30428,440301
3350,7.462686567164179,470729,30428,440301
3351,7.460459564309161,470729,30428,440301
3352,7.458233890214797,470729,30428,440301
3353,7.456009543692216,470729,30428,440301
3354,7.4537865235539655,470729,30428,440301
3355,7.451564828614009,470729,30428,440301
3356,7.449344457687723,470729,30428,440301
3357,7.447125409591898,470729,30428,440301
3358,7.444907683144729,470729,30428,440301
3359,7.442691277165824,470729,30428,440301
3360,7.440476190476191,470729,30428,440301
3361,7.438262421898244,470729,30428,440301
3362,7.4360499702558,470729,30428,440301
3363,7.433838834374071,470729,30428,440301
3364,7.431629013079667,470729,30428,440301
3365,7.429420505200595,470729,30428,440301
3366,7.427213309566251,470729,30428,440301
3367,7.425007425007425,470729,30428,440301
3368,7.422802850356295,470729,30428,440301
3369,7.420599584446423,470729,30428,440301
3370,7.4183976261127595,470729,30428,440301
3371,7.416196974191634,470729,30428,440301
3372,7.413997627520759,470729,30428,440301
3373,7.4117995849392235,470729,30428,440301
3374,7.409602845287493,470729,30428,440301
3375,7.407407407407407,470729,30428,440301
3376,7.4052132701421804,470729,30428,440301
3377,7.403020432336393,470729,30428,440301
3378,7.400828892835998,470729,30428,440301
3379,7.39863865048831,470729,30428,440301
3380,7.396449704142012,470729,30428,440301
3381,7.394262052647146,470729,30428,440301
3382,7.392075694855115,470729,30428,440301
3383,7.389890629618682,470729,30428,440301
3384,7.387706855791962,470729,30428,440301
3385,7.385524372230428,470729,30428,440301
3386,7.383343177790904,470729,30428,440301
3387,7.381163271331562,470729,30428,440301
3388,7.378984651711924,470729,30428,440301
3389,7.376807317792859,470729,30428,440301
3390,7.374631268436578,470729,30428,440301
3391,7.372456502506635,470729,30428,440301
3392,7.370283018867925,470729,30428,440301
3393,7.368110816386679,470729,30428,440301
3394,7.365939893930466,470729,30428,440301
3395,7.363770250368188,470729,30428,440301
3396,7.361601884570082,470729,30428,440301
3397,7.359434795407712,470729,30428,440301
3398,7.357268981753973,470729,30428,440301
3399,7.355104442483083,470729,30428,440301
3400,7.352941176470588,470729,30428,440301
3401,7.350779182593355,470729,30428,440301
3402,7.348618459729571,470729,30428,440301
3403,7.346459006758742,470729,30428,440301
3404,7.344300822561692,470729,30428,440301
3405,7.342143906020558,470729,30428,440301
3406,7.33998825601879,470729,30428,440301
3407,7.33783387144115,470729,30428,440301
3408,7.335680751173709,470631,30323,440308
3409,7.333528894103843,470631,30323,440308
3410,7.331378299120234,470631,30323,440308
3411,7.32922896511287,470631,30323,440308
3412,7.327080890973036,470631,30323,440308
3413,7.32493407559332,470631,30323,440308
3414,7.322788517867604,470631,30323,440308
3415,7.320644216691069,470631,30323,440308
3416,7.318501170960188,470631,30323,440308
3417,7.316359379572725,470631,30323,440308
3418,7.314218841427736,470631,30323,440308
3419,7.312079555425563,470631,30323,440308
3420,7.309941520467836,470631,30323,440308
3421,7.307804735457468,470631,30323,440308
3422,7.305669199298656,470631,30323,440308
3423,7.303534910896874,470631,30323,440308
3424,7.3014018691588785,470631,30323,440308
3425,7.299270072992701,470631,30323,440308
3426,7.297139521307647,470631,30323,440308
3427,7.295010213014298,470631,30323,440308
3428,7.292882147024504,470631,30323,440308
3429,7.2907553222513855,470631,30323,440308
3430,7.288629737609329,470631,30323,440308
3431,7.28650539201399,470631,30323,440308
3432,7.284382284382285,470631,30323,440308
3433,7.282260413632391,470631,30323,440308
3434,7.2801397786837505,470631,30323,440308
3435,7.27802037845706,470631,30323,440308
3436,7.275902211874272,470631,30323,440308
3437,7.273785277858598,470631,30323,440308
3438,7.271669575334497,470631,30323,440308
3439,7.269555103227683,470631,30323,440308
3440,7.267441860465116,470631,30323,440308
3441,7.265329845975007,470631,30323,440308
3442,7.26321905868681,470631,30323,440308
3443,7.261109497531223,470631,30323,440308
3444,7.259001161440186,470631,30323,440308
3445,7.256894049346879,470631,30323,440308
3446,7.254788160185723,470631,30323,440308
3447,7.25268349289237,470631,30323,440308
3448,7.250580046403712,470631,30323,440308
3449,7.248477819657872,470631,30323,440308
3450,7.246376811594203,470631,30323,440308
3451,7.244277021153289,470631,30323,440308
3452,7.242178447276941,470631,30323,440308
3453,7.2400810889081955,470631,30323,440308
3454,7.2379849449913145,470631,30323,440308
3455,7.23589001447178,470631,30323,440308
3456,7.233796296296297,470631,30323,440308
3457,7.231703789412785,470631,30323,440308
3458,7.2296124927703875,470631,30323,440308
3459,7.227522405319457,470631,30323,440308
3460,7.22543352601156,470631,30323,440308
3461,7.22334585379948,470631,30323,440308
3462,7.221259387637204,470631,30323,440308
3463,7.21917412647993,470631,30323,440308
3464,7.2170900692840645,470631,30323,440308
3465,7.215007215007215,470631,30323,440308
3466,7.212925562608194,470631,30323,440308
3467,7.210845111047015,470631,30323,440308
3468,7.20876585928489,470631,30323,440308
3469,7.206687806284232,470631,30323,440308
3470,7.204610951008646,470631,30323,440308
3471,7.202535292422933,470631,30323,440308
3472,7.200460829493087,470631,30323,440308
3473,7.198387561186294,470631,30323,440308
3474,7.196315486470927,470631,30323,440308
3475,7.194244604316546,470631,30323,440308
3476,7.192174913693901,470631,30323,440308
3477,7.190106413574921,470631,30323,440308
3478,7.18803910293272,470631,30323,440308
3479,7.185972980741592,470631,30323,440308
3480,7.183908045977011,470631,30323,440308
3481,7.181844297615628,470631,30323,440308
3482,7.1797817346352675,470631,30323,440308
3483,7.177720356014929,470631,30323,440308
3484,7.175660160734788,470631,30323,440308
3485,7.173601147776184,470631,30323,440308
3486,7.171543316121629,470631,30323,440308
3487,7.169486664754803,470631,30323,440308
3488,7.16743119266055,470631,30323,440308
3489,7.165376898824878,470631,30323,440308
3490,7.163323782234957,470631,30323,440308
3491,7.161271841879118,470631,30323,440308
3492,7.15922107674685,470631,30323,440308
3493,7.1571714858288,470631,30323,440308
3494,7.1551230681167715,470631,30323,440308
3495,7.15307582260372,470631,30323,440308
3496,7.151029748283753,470631,30323,440308
3497,7.14898484415213,470631,30323,440308
3498,7.14694110920526,470631,30323,440308
3499,7.144898542440697,470631,30323,440308
3500,7.142857142857143,470631,30323,440308
3501,7.140816909454442,470631,30323,440308
3502,7.138777841233581,470631,30323,440308
3503,7.136739937196689,470631,30323,440308
3504,7.134703196347032,470631,30323,440308
3505,7.132667617689016,470631,30323,440308
3506,7.13063320022818,470631,30323,440308
3507,7.1285999429712,470631,30323,440308
3508,7.126567844925884,470631,30323,440308
3509,7.124536905101168,470631,30323,440308
3510,7.122507122507122,470631,30323,440308
3511,7.120478496154941,470631,30323,440308
3512,7.118451025056948,470631,30323,440308
3513,7.116424708226587,470631,30323,440308
3514,7.114399544678429,470631,30323,440308
3515,7.112375533428165,470631,30323,440308
3516,7.1103526734926055,470631,30323,440308
3517,7.108330963889679,470631,30323,440308
3518,7.106310403638431,470631,30323,440308
3519,7.104290991759022,470631,30323,440308
3520,7.1022727272727275,470631,30323,440308
3521,7.100255609201931,470631,30323,440308
3522,7.09823963657013,470631,30323,440308
3523,7.096224808401931,470631,30323,440308
3524,7.094211123723042,470145,30324,439821
3525,7.092198581560283,470145,30324,439821
3526,7.090187180941577,470145,30324,439821
3527,7.088176920895946,470145,30324,439821
3528,7.086167800453515,470145,30324,439821
3529,7.084159818645508,470145,30324,439821
3530,7.0821529745042495,470145,30324,439821
3531,7.080147267063155,470145,30324,439821
3532,7.078142695356738,470145,30324,439821
3533,7.076139258420605,470145,30324,439821
3534,7.074136955291454,470145,30324,439821
3535,7.072135785007072,470145,30324,439821
3536,7.070135746606335,470145,30324,439821
3537,7.068136839129205,470145,30324,439821
3538,7.066139061616733,470145,30324,439821
3539,7.064142413111048,470145,30324,439821
3540,7.062146892655368,470145,30324,439821
3541,7.060152499293984,470145,30324,439821
3542,7.058159232072276,470145,30324,439821
3543,7.056167090036692,470145,30324,439821
3544,7.054176072234763,470145,30324,439821
3545,7.052186177715091,470145,30324,439821
3546,7.050197405527355,470145,30324,439821
3547,7.048209754722301,470145,30324,439821
3548,7.046223224351747,470145,30324,439821
3549,7.044237813468583,470145,30324,439821
3550,7.042253521126761,470145,30324,439821
3551,7.040270346381301,470145,30324,439821
3552,7.038288288288288,470145,30324,439821
3553,7.036307345904869,470145,30324,439821
3554,7.034327518289252,470145,30324,439821
3555,7.032348804500703,470145,30324,439821
3556,7.03037120359955,470145,30324,439821
3557,7.028394714647175,470145,30324,439821
3558,7.026419336706015,470145,30324,439821
3559,7.024445068839562,470145,30324,439821
3560,7.022471910112359,470145,30324,439821
3561,7.020499859590003,470135,30324,439811
3562,7.018528916339135,470135,30324,439811
3563,7.016559079427449,469922,30324,439598
3564,7.014590347923681,469922,30324,439598
3565,7.012622720897616,469922,30324,439598
3566,7.0106561974200785,469922,30324,439598
3567,7.008690776562938,469922,30324,439598
3568,7.006726457399103,469922,30324,439598
3569,7.004763239002521,469922,30324,439598
3570,7.002801120448179,469720,30324,439396
3571,7.0008401008120975,469720,30324,439396
3572,6.998880179171333,469720,30324,439396
3573,6.996921354603974,469720,30324,439396
3574,6.9949636261891435,469720,30324,439396
3575,6.993006993006993,469720,30324,439396
3576,6.991051454138702,469720,30324,439396
3577,6.98909700866648,469720,30324,439396
3578,6.98714365567356,469720,30324,439396
3579,6.985191394244202,469720,30324,439396
3580,6.983240223463687,469720,30324,439396
3581,6.9812901424183185,469720,30324,439396
3582,6.979341150195421,469720,30324,439396
3583,6.977393245883338,469720,30324,439396
3584,6.975446428571429,469720,30324,439396
3585,6.97350069735007,469720,30324,439396
3586,6.971556051310652,469720,30324,439396
3587,6.9696124895455815,469720,30324,439396
3588,6.967670011148272,469720,30324,439396
3589,6.965728615213151,469720,30324,439396
3590,6.963788300835654,469720,30324,439396
3591,6.961849067112225,469720,30324,439396
3592,6.959910913140312,469720,30324,439396
3593,6.957973838018369,469720,30324,439396
3594,6.9560378408458545,469720,30324,439396
3595,6.954102920723226,469720,30324,439396
3596,6.952169076751947,469720,30324,439396
3597,6.950236308034473,469720,30324,439396
3598,6.948304613674264,469720,30324,439396
3599,6.946373992775771,469720,30324,439396
3600,6.944444444444445,469720,30324,439396
3601,6.942515967786726,469720,30324,439396
3602,6.94058856191005,469720,30324,439396
3603,6.938662225922842,469720,30324,439396
3604,6.936736958934517,469720,30324,439396
3605,6.934812760055478,469720,30324,439396
3606,6.932889628397116,469720,30324,439396
3607,6.930967563071805,469720,30324,439396
3608,6.929046563192904,469720,30324,439396
3609,6.927126627874758,469720,30324,439396
3610,6.925207756232687,469720,30324,439396
3611,6.9232899473829965,469720,30324,439396
3612,6.921373200442968,469720,30324,439396
3613,6.919457514530861,469720,30324,439396
3614,6.917542888765911,469720,30324,439396
3615,6.915629322268327,469720,30324,439396
3616,6.913716814159292,469720,30324,439396
3617,6.911805363560962,469720,30324,439396
3618,6.909894969596462,469720,30324,439396
3619,6.907985631389887,469720,30324,439396
3620,6.906077348066298,469720,30324,439396
3621,6.904170118751726,469720,30324,439396
3622,6.902263942573164,469720,30324,439396
3623,6.90035881865857,469720,30324,439396
3624,6.898454746136865,469720,30324,439396
3625,6.896551724137931,469720,30324,439396
3626,6.894649751792609,469720,30324,439396
3627,6.892748828232699,469720,30324,439396
3628,6.890848952590959,469720,30324,439396
3629,6.888950124001102,469720,30324,439396
3630,6.887052341597796,469720,30324,439396
3631,6.885155604516662,469720,30324,439396
3632,6.883259911894273,469720,30324,439396
3633,6.881365262868153,469474,29948,439526
3634,6.879471656576775,469474,29948,439526
3635,6.87757909215956,469474,29948,439526
3636,6.8756875687568755,469474,29948,439526
3637,6.873797085510036,469474,29948,439526
3638,6.871907641561298,469474,29948,439526
3639,6.870019236053861,469474,29948,439526
3640,6.868131868131868,469474,29948,439526
3641,6.866245536940401,469474,29948,439526
3642,6.86436024162548,469474,29948,439526
3643,6.8624759813340654,469474,29948,439526
3644,6.860592755214051,469474,29948,439526
3645,6.858710562414266,469474,29948,439526
3646,6.856829402084476,469474,29948,439526
3647,6.854949273375377,469474,29948,439526
3648,6.853070175438597,469474,29948,439526
3649,6.851192107426693,469474,29948,439526
3650,6.8493150684931505,469474,29948,439526
3651,6.847439057792386,469474,29948,439526
3652,6.8455640744797375,469474,29948,439526
3653,6.84369011771147,469474,29948,439526
3654,6.841817186644773,469474,29948,439526
3655,6.839945280437757,469474,29948,439526
3656,6.838074398249453,469474,29948,439526
3657,6.836204539239814,469474,29948,439526
3658,6.83433570256971,469474,29948,439526
3659,6.832467887400929,469474,29948,439526
3660,6.830601092896175,469474,29948,439526
3661,6.828735318219066,469474,29948,439526
3662,6.826870562534134,469474,29948,439526
3663,6.825006825006825,469474,29948,439526
3664,6.823144104803493,469474,29948,439526
3665,6.8212824010914055,469474,29948,439526
3666,6.819421713038734,469474,29948,439526
3667,6.817562039814562,469474,29948,439526
3668,6.815703380588877,469474,29948,439526
3669,6.8138457345325705,469474,29948,439526
3670,6.8119891008174385,469474,29948,439526
3671,6.810133478616181,469474,29948,439526
3672,6.808278867102397,469474,29948,439526
3673,6.806425265450585,469474,29948,439526
3674,6.804572672836146,469474,29948,439526
3675,6.802721088435374,469474,29948,439526
3676,6.800870511425463,469474,29948,439526
3677,6.799020940984498,469474,29948,439526
3678,6.797172376291463,469474,29948,439526
3679,6.79532481652623,469474,29948,439526
3680,6.793478260869565,469474,29948,439526
3681,6.7916327085031245,469474,29948,439526
3682,6.7897881586094515,469474,29948,439526
3683,6.787944610371979,469474,29948,439526
3684,6.7861020629750275,469474,29948,439526
3685,6.784260515603799,469474,29948,439526
3686,6.782419967444384,469474,29948,439526
3687,6.780580417683754,469474,29948,439526
3688,6.778741865509762,469474,29948,439526
3689,6.776904310111141,469474,29948,439526
3690,6.775067750677507,469474,29948,439526
3691,6.773232186399349,469474,29948,439526
3692,6.771397616468039,469474,29948,439526
3693,6.769564040075819,469474,29948,439526
3694,6.7677314564158095,469474,29948,439526
3695,6.7658998646820026,469474,29948,439526
3696,6.764069264069264,469474,29948,439526
3697,6.76223965377333,469474,29948,439526
3698,6.760411032990806,469474,29948,439526
3699,6.758583400919167,469474,29948,439526
3700,6.756756756756757,469474,29948,439526
3701,6.754931099702783,469474,29948,439526
3702,6.75310642895732,469474,29948,439526
3703,6.751282743721307,469474,29948,439526
3704,6.749460043196544,469474,29948,439526
3705,6.747638326585695,469474,29948,439526
3706,6.745817593092283,469474,29948,439526
3707,6.743997841920691,469474,29948,439526
3708,6.742179072276159,469474,29948,439526
3709,6.740361283364789,469474,29948,439526
3710,6.738544474393531,469474,29948,439526
3711,6.736728644570197,469474,29948,439526
3712,6.734913793103448,469474,29948,439526
3713,6.733099919202801,469474,29948,439526
3714,6.731287022078622,469474,29948,439526
3715,6.7294751009421265,469474,29948,439526
3716,6.727664155005382,469474,29948,439526
3717,6.725854183481302,469474,29948,439526
3718,6.724045185583647,469474,29948,439526
3719,6.7222371605270235,469474,29948,439526
3720,6.720430107526882,469474,29948,439526
3721,6.7186240257995165,469474,29948,439526
3722,6.716818914562063,469457,30015,439442
3723,6.7150147730325,469457,30015,439442
3724,6.713211600429646,469457,30015,439442
3725,6.7114093959731544,469457,30015,439442
3726,6.709608158883521,469457,30015,439442
3727,6.707807888382077,469457,30015,439442
3728,6.706008583690987,469457,30015,439442
3729,6.704210244033253,469457,30015,439442
3730,6.702412868632708,469457,30015,439442
3731,6.700616456714018,469457,30015,439442
3732,6.69882100750268,469457,30015,439442
3733,6.69702652022502,469457,30015,439442
3734,6.695232994108195,469457,30015,439442
3735,6.693440428380187,469457,30015,439442
3736,6.691648822269808,469457,30015,439442
3737,6.68985817500669,469457,30015,439442
3738,6.688068485821295,469457,30015,439442
3739,6.6862797539449055,469457,30015,439442
3740,6.684491978609626,469457,30015,439442
3741,6.682705159048383,469457,30015,439442
3742,6.680919294494923,469457,30015,439442
3743,6.67913438418381,469457,30015,439442
3744,6.677350427350428,469457,30015,439442
3745,6.675567423230975,469457,30015,439442
3746,6.673785371062467,469457,30015,439442
3747,6.6720042700827324,469457,30015,439442
3748,6.670224119530416,469457,30015,439442
3749,6.668444918644972,469457,30015,439442
3750,6.666666666666667,469457,30015,439442
3751,6.664889362836577,469457,30015,439442
3752,6.663113006396588,469457,30015,439442
3753,6.661337596589395,469457,30015,439442
3754,6.659563132658498,469457,30015,439442
3755,6.657789613848203,469457,30015,439442
3756,6.656017039403621,469457,30015,439442
3757,6.654245408570668,469457,30015,439442
3758,6.652474720596062,469457,30015,439442
3759,6.650704974727321,469457,30015,439442
3760,6.648936170212766,469457,30015,439442
3761,6.6471683063015155,469457,30015,439442
3762,6.645401382243487,469457,30015,439442
3763,6.643635397289397,469338,30014,439324
3764,6.641870350690755,469338,30014,439324
3765,6.6401062416998675,469338,30014,439324
3766,6.638343069569835,469338,30014,439324
3767,6.636580833554553,469338,30014,439324
3768,6.634819532908705,469338,30014,439324
3769,6.633059166887769,469338,30014,439324
3770,6.63129973474801,469338,30014,439324
3771,6.629541235746486,469338,30014,439324
3772,6.6277836691410394,469338,30014,439324
3773,6.626027034190299,469338,30014,439324
3774,6.624271330153683,469338,30014,439324
3775,6.622516556291391,469338,30014,439324
3776,6.620762711864407,469338,30014,439324
3777,6.619009796134498,469338,30014,439324
3778,6.617257808364214,469338,30014,439324
3779,6.615506747816883,469338,30014,439324
3780,6.613756613756614,469338,30014,439324
3781,6.612007405448294,469338,30014,439324
3782,6.610259122157588,469338,30014,439324
3783,6.608511763150938,469338,30014,439324
3784,6.606765327695561,469338,30014,439324
3785,6.605019815059445,469338,30014,439324
3786,6.603275224511358,469338,30014,439324
3787,6.601531555320834,469338,30014,439324
3788,6.599788806758184,469338,30014,439324
3789,6.598046978094484,469338,30014,439324
3790,6.596306068601583,469338,30014,439324
3791,6.594566077552097,469338,30014,439324
3792,6.5928270042194095,469338,30014,439324
3793,6.5910888478776695,469338,30014,439324
3794,6.589351607801793,469338,30014,439324
3795,6.587615283267457,469338,30014,439324
3796,6.585879873551106,469338,30014,439324
3797,6.584145377929945,469338,30014,439324
3798,6.582411795681938,469338,30014,439324
3799,6.580679126085812,469338,30014,439324
3800,6.578947368421052,469338,30014,439324
3801,6.5772165219679035,469338,30014,439324
3802,6.575486586007364,469338,30014,439324
3803,6.5737575598211935,469338,30014,439324
3804,6.572029442691903,469338,30014,439324
3805,6.570302233902759,469338,30014,439324
3806,6.568575932737782,469338,30014,439324
3807,6.566850538481744,469338,30014,439324
3808,6.565126050420168,469338,30014,439324
3809,6.563402467839328,469338,30014,439324
3810,6.561679790026247,469338,30014,439324
3811,6.559958016268696,469338,30014,439324
3812,6.558237145855194,469338,30014,439324
3813,6.556517178075007,469338,30014,439324
3814,6.554798112218144,469338,30014,439324
3815,6.553079947575361,469338,30014,439324
3816,6.551362683438155,469338,30014,439324
3817,6.549646319098769,469338,30014,439324
3818,6.5479308538501835,469338,30014,439324
3819,6.546216286986122,469338,30014,439324
3820,6.544502617801047,469338,30014,439324
3821,6.54278984559016,469338,30014,439324
3822,6.541077969649399,469338,30014,439324
3823,6.539366989275438,469338,30014,439324
3824,6.53765690376569,469338,30014,439324
3825,6.5359477124183005,469338,30014,439324
3826,6.5342394145321485,469338,30014,439324
3827,6.532532009406846,469338,30014,439324
3828,6.530825496342738,469338,30014,439324
3829,6.529119874640898,469338,30014,439324
3830,6.527415143603133,469338,30014,439324
3831,6.525711302531976,469338,30014,439324
3832,6.524008350730689,469338,30014,439324
3833,6.522306287503262,469338,30014,439324
3834,6.520605112154408,469338,30014,439324
3835,6.51890482398957,469338,30014,439324
3836,6.517205422314912,469338,30014,439324
3837,6.515506906437321,469338,30014,439324
3838,6.513809275664409,469338,30014,439324
3839,6.512112529304506,469338,30014,439324
3840,6.510416666666667,469338,30014,439324
3841,6.508721687060661,469338,30014,439324
3842,6.507027589796981,469338,30014,439324
3843,6.505334374186833,469338,30014,439324
3844,6.503642039542144,469338,30014,439324
3845,6.501950585175552,469338,30014,439324
3846,6.5002600104004165,469338,30014,439324
3847,6.498570314530803,469338,30014,439324
3848,6.496881496881497,469338,30014,439324
3849,6.495193556767991,469338,30014,439324
3850,6.4935064935064934,469338,30014,439324
3851,6.491820306413919,469338,30014,439324
3852,6.490134994807892,469338,30014,439324
3853,6.488450558006748,469338,30014,439324
3854,6.4867669953295275,469338,30014,439324
3855,6.485084306095979,469338,30014,439324
3856,6.483402489626556,469338,30014,439324
3857,6.481721545242416,469338,30014,439324
3858,6.480041472265422,469338,30014,439324
3859,6.478362270018139,469338,30014,439324
3860,6.476683937823834,469338,30014,439324
3861,6.475006475006475,469338,30014,439324
3862,6.47332988089073,469338,30014,439324
3863,6.471654154801968,469338,30014,439324
3864,6.469979296066253,469338,30014,439324
3865,6.468305304010349,469338,30014,439324
3866,6.466632177961718,469338,30014,439324
3867,6.464959917248513,469338,30014,439324
3868,6.463288521199586,469338,30014,439324
3869,6.461617989144481,469338,30014,439324
3870,6.459948320413437,469338,30014,439324
3871,6.458279514337381,469338,30014,439324
3872,6.456611570247934,469338,30014,439324
3873,6.454944487477408,469338,30014,439324
3874,6.453278265358803,469338,30014,439324
3875,6.451612903225806,469338,30014,439324
3876,6.449948400412796,469246,29915,439331
3877,6.448284756254836,469246,29915,439331
3878,6.446621970087674,469246,29915,439331
3879,6.444960041247744,469246,29915,439331
3880,6.443298969072165,469246,29915,439331
3881,6.441638752898737,469246,29915,439331
3882,6.439979392065945,469246,29915,439331
3883,6.438320885912954,469246,29915,439331
3884,6.436663233779608,469246,29915,439331
3885,6.435006435006435,469246,29915,439331
3886,6.433350488934638,469246,29915,439331
3887,6.4316953949060975,469246,29915,439331
3888,6.4300411522633745,469246,29915,439331
3889,6.428387760349704,469246,29915,439331
3890,6.426735218508997,469246,29915,439331
3891,6.425083526085839,469246,29915,439331
3892,6.423432682425489,469246,29915,439331
3893,6.421782686873876,469246,29915,439331
3894,6.420133538777606,469246,29915,439331
3895,6.418485237483954,469246,29915,439331
3896,6.416837782340862,469246,29915,439331
3897,6.415191172696947,469246,29915,439331
3898,6.413545407901488,469246,29915,439331
3899,6.411900487304437,469246,29915,439331
3900,6.410256410256411,469246,29915,439331
3901,6.40861317610869,469246,29915,439331
3902,6.406970784213224,469246,29915,439331
3903,6.4053292339226235,469246,29915,439331
3904,6.403688524590164,469246,29915,439331
3905,6.402048655569782,469246,29915,439331
3906,6.400409626216078,469246,29915,439331
3907,6.39877143588431,469246,29915,439331
3908,6.397134083930399,469246,29915,439331
3909,6.3954975697109235,469246,29915,439331
3910,6.3938618925831205,469189,29915,439274
3911,6.392227051904884,469189,29915,439274
3912,6.3905930470347645,469189,29915,439274
3913,6.3889598773319705,469189,29915,439274
3914,6.387327542156362,469189,29915,439274
3915,6.385696040868455,469189,29915,439274
3916,6.384065372829418,469189,29915,439274
3917,6.382435537401072,469189,29915,439274
3918,6.380806533945891,469189,29915,439274
3919,6.379178361826996,469189,29915,439274
3920,6.377551020408164,469189,29915,439274
3921,6.375924509053813,469189,29915,439274
3922,6.3742988271290155,469189,29915,439274
3923,6.37267397399949,469189,29915,439274
3924,6.3710499490316,469189,29915,439274
3925,6.369426751592357,469189,29915,439274
3926,6.367804381049414,469189,29915,439274
3927,6.366182836771072,469189,29915,439274
3928,6.364562118126273,469189,29915,439274
3929,6.362942224484602,469189,29915,439274
3930,6.361323155216285,469189,29915,439274
3931,6.359704909692191,469189,29915,439274
3932,6.358087487283825,469189,29915,439274
3933,6.3564708873633355,469189,29915,439274
3934,6.354855109303508,469189,29915,439274
3935,6.353240152477763,469189,29915,439274
3936,6.3516260162601625,469189,29915,439274
3937,6.3500127000254,469189,29915,439274
3938,6.348400203148807,469189,29915,439274
3939,6.346788525006347,469189,29915,439274
3940,6.345177664974619,469189,29915,439274
3941,6.3435676224308555,469189,29915,439274
3942,6.341958396752918,469189,29915,439274
3943,6.3403499873193,469189,29915,439274
3944,6.338742393509127,469189,29915,439274
3945,6.337135614702155,469189,29915,439274
3946,6.3355296502787635,469189,29915,439274
3947,6.333924499619965,469189,29915,439274
3948,6.332320162107396,469189,29915,439274
3949,6.330716637123323,469189,29915,439274
3950,6.329113924050633,469189,29915,439274
3951,6.327512022272843,469189,29915,439274
3952,6.325910931174089,469189,29915,439274
3953,6.324310650139135,469189,29915,439274
3954,6.322711178553364,469189,29915,439274
3955,6.321112515802781,469189,29915,439274
3956,6.319514661274014,469189,29915,439274
3957,6.317917614354309,469189,29915,439274
3958,6.316321374431531,469189,29915,439274
3959,6.314725940894165,469189,29915,439274
3960,6.313131313131313,469189,29915,439274
3961,6.311537490532694,469189,29915,439274
3962,6.309944472488642,469189,29915,439274
3963,6.308352258390109,469189,29915,439274
3964,6.306760847628658,469189,29915,439274
3965,6.305170239596469,469189,29915,439274
3966,6.303580433686334,469189,29915,439274
3967,6.301991429291657,469189,29915,439274
3968,6.300403225806452,469189,29915,439274
3969,6.298815822625347,469189,29915,439274
3970,6.297229219143577,469189,29915,439274
3971,6.295643414756988,469189,29915,439274
3972,6.294058408862035,469189,29915,439274
3973,6.292474200855777,469189,29915,439274
3974,6.290890790135883,469189,29915,439274
3975,6.289308176100629,469189,29915,439274
3976,6.287726358148894,469189,29915,439274
3977,6.286145335680161,469189,29915,439274
3978,6.28456510809452,469189,29915,439274
3979,6.282985674792662,469189,29915,439274
3980,6.28140703517588,469189,29915,439274
3981,6.279829188646069,469189,29915,439274
3982,6.278252134605726,469189,29915,439274
3983,6.276675872457946,469189,29915,439274
3984,6.275100401606426,469189,29915,439274
3985,6.273525721455458,469189,29915,439274
3986,6.271951831409935,469189,29915,439274
3987,6.270378730875345,469189,29915,439274
3988,6.268806419257773,469189,29915,439274
3989,6.267234895963901,469189,29915,439274
3990,6.265664160401003,469189,29915,439274
3991,6.264094211976948,469189,29915,439274
3992,6.2625250501002006,469189,29915,439274
3993,6.260956674179814,469189,29915,439274
3994,6.259389083625438,469189,29915,439274
3995,6.257822277847309,469189,29915,439274
3996,6.256256256256257,469189,29915,439274
3997,6.254691018263697,469189,29915,439274
3998,6.253126563281641,469189,29915,439274
3999,6.25156289072268,469095,29915,439180
4000,6.25,469095,29915,439180
4001,6.248437890527368,469105,29915,439190
4002,6.246876561719141,469105,29915,439190
4003,6.245316012990258,469105,29915,439190
4004,6.243756243756244,469105,29915,439190
4005,6.242197253433209,469105,29915,439190
4006,6.240639041437843,469105,29915,439190
4007,6.239081607187422,469105,29915,439190
4008,6.2375249500998,469105,29915,439190
4009,6.2359690695934145,469105,29915,439190
4010,6.234413965087282,469105,29915,439190
4011,6.232859636000997,469105,29915,439190
4012,6.231306081754735,469105,29915,439190
4013,6.22975330176925,469105,29915,439190
4014,6.22820129546587,469105,29915,439190
4015,6.226650062266501,469105,29915,439190
4016,6.225099601593626,469105,29915,439190
4017,6.223549912870301,469105,29915,439190
4018,6.222000995520159,469105,29915,439190
4019,6.220452848967405,469105,29915,439190
4020,6.218905472636816,469105,29915,439190
4021,6.217358865953742,469105,29915,439190
4022,6.215813028344107,469105,29915,439190
4023,6.214267959234403,469105,29915,439190
4024,6.21272365805169,469105,29915,439190
4025,6.211180124223603,469105,29915,439190
4026,6.209637357178341,469105,29915,439190
4027,6.208095356344673,469105,29915,439190
4028,6.206554121151936,469105,29915,439190
4029,6.205013651030033,469105,29915,439190
4030,6.20347394540943,469105,29915,439190
4031,6.201935003721161,469105,29915,439190
4032,6.200396825396825,469105,29915,439190
4033,6.198859409868584,469105,29915,439190
4034,6.197322756569162,469105,29915,439190
4035,6.195786864931846,469105,29915,439190
4036,6.194251734390486,469105,29915,439190
4037,6.19271736437949,469105,29915,439190
4038,6.191183754333829,469105,29915,439190
4039,6.189650903689032,469105,29915,439190
4040,6.188118811881188,469105,29915,439190
4041,6.186587478346944,469105,29915,439190
4042,6.185056902523503,469105,29915,439190
4043,6.183527083848627,469105,29915,439190
4044,6.181998021760633,469105,29915,439190
4045,6.180469715698393,469105,29915,439190
4046,6.1789421651013345,469105,29915,439190
4047,6.177415369409439,469105,29915,439190
4048,6.175889328063241,469105,29915,439190
4049,6.1743640405038285,469105,29915,439190
4050,6.172839506172839,469105,29915,439190
4051,6.171315724512466,469105,29915,439190
4052,6.169792694965449,469105,29915,439190
4053,6.16827041697508,469105,29915,439190
4054,6.166748889985199,469105,29915,439190
4055,6.165228113440198,469105,29915,439190
4056,6.16370808678501,469105,29915,439190
4057,6.162188809465122,469105,29915,439190
4058,6.160670280926565,469105,29915,439190
4059,6.159152500615916,469105,29915,439190
4060,6.157635467980295,469105,29915,439190
4061,6.156119182467372,469105,29915,439190
4062,6.154603643525357,469105,29915,439190
4063,6.153088850603003,469105,29915,439190
4064,6.1515748031496065,469105,29915,439190
4065,6.150061500615006,469105,29915,439190
4066,6.148548942449582,469105,29915,439190
4067,6.1470371281042535,469105,29915,439190
4068,6.145526057030482,469105,29915,439190
4069,6.144015728680265,469105,29915,439190
4070,6.142506142506143,469105,29915,439190
4071,6.140997297961189,469105,29915,439190
4072,6.139489194499018,469105,29915,439190
4073,6.137981831573779,468902,29915,438987
4074,6.1364752086401575,468902,29915,438987
4075,6.134969325153374,468902,29915,438987
4076,6.133464180569185,468902,29915,438987
4077,6.131959774343881,468902,29915,438987
4078,6.1304561059342815,468902,29915,438987
4079,6.128953174797744,468902,29915,438987
4080,6.127450980392157,468902,29915,438987
4081,6.1259495221759375,468902,29915,438987
4082,6.124448799608035,468902,29915,438987
4083,6.12294881214793,468902,29915,438987
4084,6.121449559255632,468902,29915,438987
4085,6.119951040391677,468902,29915,438987
4086,6.1184532550171316,468902,29915,438987
4087,6.116956202593589,468902,29915,438987
4088,6.1154598825831705,468902,29915,438987
4089,6.113964294448521,468902,29915,438987
4090,6.112469437652812,468902,29915,438987
4091,6.1109753116597405,468902,29915,438987
4092,6.109481915933529,468902,29915,438987
4093,6.10798924993892,468902,29915,438987
4094,6.106497313141182,468902,29915,438987
4095,6.105006105006105,468902,29915,438987
4096,6.103515625,468902,29915,438987
4097,6.102025872589699,468902,29915,438987
4098,6.100536847242557,468902,29915,438987
4099,6.099048548426445,468902,29915,438987
4100,6.097560975609756,468902,29915,438987
4101,6.0960741282613995,468902,29915,438987
4102,6.094588005850804,468902,29915,438987
4103,6.093102607847916,468902,29915,438987
4104,6.091617933723197,468902,29915,438987
4105,6.090133982947624,468902,29915,438987
4106,6.088650754992694,468902,29915,438987
4107,6.087168249330412,468902,29915,438987
4108,6.085686465433301,468902,29915,438987
4109,6.084205402774398,468902,29915,438987
4110,6.082725060827251,468902,29915,438987
4111,6.0812454390659205,468902,29915,438987
4112,6.07976653696498,468902,29915,438987
4113,6.078288353999514,468902,29915,438987
4114,6.076810889645114,468902,29915,438987
4115,6.075334143377885,468902,29915,438987
4116,6.073858114674441,468902,29915,438987
4117,6.072382803011902,468902,29915,438987
4118,6.070908207867897,468902,29915,438987
4119,6.069434328720563,468902,29915,438987
4120,6.067961165048544,468902,29915,438987
4121,6.066488716330988,468902,29915,438987
4122,6.06501698204755,468902,29915,438987
4123,6.06354596167839,468902,29915,438987
4124,6.062075654704171,468902,29915,438987
4125,6.0606060606060606,468902,29915,438987
4126,6.059137178865729,468902,29915,438987
4127,6.05766900896535,468902,29915,438987
4128,6.0562015503875966,468902,29915,438987
4129,6.054734802615646,468902,29915,438987
4130,6.053268765133172,468902,29915,438987
4131,6.051803437424352,468902,29915,438987
4132,6.050338818973863,468902,29915,438987
4133,6.0488749092668765,468902,29915,438987
4134,6.047411707789066,468902,29915,438987
4135,6.045949214026602,468902,29915,438987
4136,6.044487427466151,468902,29915,438987
4137,6.043026347594876,468902,29915,438987
4138,6.041565973900435,468902,29915,438987
4139,6.040106305870983,468902,29915,438987
4140,6.038647342995169,468902,29915,438987
4141,6.037189084762135,468902,29915,438987
4142,6.035731530661516,468902,29915,438987
4143,6.034274680183442,468902,29915,438987
4144,6.032818532818533,468902,29915,438987
4145,6.031363088057901,468902,29915,438987
4146,6.02990834539315,468902,29915,438987
4147,6.028454304316373,468902,29915,438987
4148,6.0270009643201545,468902,29915,438987
4149,6.025548324897565,468902,29915,438987
4150,6.024096385542169,468902,29915,438987
4151,6.022645145748013,468902,29915,438987
4152,6.021194605009634,468902,29915,438987
4153,6.019744762822056,468902,29915,438987
4154,6.018295618680789,468902,29915,438987
4155,6.016847172081829,468902,29915,438987
4156,6.015399422521655,468902,29915,438987
4157,6.013952369497233,468902,29915,438987
4158,6.012506012506012,468902,29915,438987
4159,6.011060351045924,468902,29915,438987
4160,6.009615384615385,468902,29915,438987
4161,6.00817111271329,468902,29915,438987
4162,6.00672753483902,468902,29915,438987
4163,6.005284650492434,468902,29915,438987
4164,6.003842459173871,468902,29915,438987
4165,6.002400960384153,468902,29915,438987
4166,6.00096015362458,468902,29915,438987
4167,5.999520038396928,468902,29915,438987
4168,5.998080614203455,468772,29915,438857
4169,5.9966418805468935,468772,29915,438857
4170,5.995203836930456,468772,29915,438857
4171,5.993766482857827,468772,29915,438857
4172,5.992329817833173,468772,29915,438857
4173,5.990893841361131,468772,29915,438857
4174,5.989458552946814,468772,29915,438857
4175,5.9880239520958085,468772,29915,438857
4176,5.986590038314176,468772,29915,438857
4177,5.985156811108451,468772,29915,438857
4178,5.983724269985639,468772,29915,438857
4179,5.982292414453219,468772,29915,438857
4180,5.980861244019139,468772,29915,438857
4181,5.97943075819182,468772,29915,438857
4182,5.978000956480153,468772,29915,438857
4183,5.976571838393498,468772,29915,438857
4184,5.975143403441683,468772,29915,438857
4185,5.973715651135006,468772,29915,438857
4186,5.972288580984233,468772,29915,438857
4187,5.970862192500597,468772,29915,438857
4188,5.969436485195797,468772,29915,438857
4189,5.9680114585820006,468772,29915,438857
4190,5.966587112171838,468772,29915,438857
4191,5.965163445478406,468772,29915,438857
4192,5.963740458015267,468772,29915,438857
4193,5.962318149296446,468772,29915,438857
4194,5.960896518836433,468772,29915,438857
4195,5.959475566150179,468772,29915,438857
4196,5.958055290753098,468772,29915,438857
4197,5.9566356921610675,468772,29915,438857
4198,5.955216769890424,468772,29915,438857
4199,5.953798523457966,468772,29915,438857
4200,5.9523809523809526,468772,29915,438857
4201,5.950964056177101,468772,29915,438857
4202,5.949547834364588,468772,29915,438857
4203,5.948132286462051,468772,29915,438857
4204,5.946717411988582,468772,29915,438857
4205,5.945303210463734,468772,29915,438857
4206,5.943889681407513,468772,29915,438857
4207,5.942476824340385,468772,29915,438857
4208,5.94106463878327,468772,29915,438857
4209,5.939653124257544,468772,29915,438857
4210,5.938242280285036,468772,29915,438857
4211,5.936832106388032,468772,29915,438857
4212,5.935422602089269,468772,29915,438857
4213,5.9340137669119395,468772,29915,438857
4214,5.932605600379687,468772,29915,438857
4215,5.931198102016608,468772,29915,438857
4216,5.9297912713472485,468772,29915,438857
4217,5.9283851078966086,468772,29915,438857
4218,5.926979611190138,468772,29915,438857
4219,5.925574780753733,468772,29915,438857
4220,5.924170616113744,468772,29915,438857
4221,5.922767116796967,468772,29915,438857
4222,5.921364282330649,468772,29915,438857
4223,5.919962112242482,468772,29915,438857
4224,5.918560606060606,468772,29915,438857
4225,5.9171597633136095,468772,29915,438857
4226,5.915759583530526,468772,29915,438857
4227,5.914360066240833,468772,29915,438857
4228,5.912961210974456,468772,29915,438857
4229,5.911563017261764,468772,29915,438857
4230,5.91016548463357,468772,29915,438857
4231,5.90876861262113,468772,29915,438857
4232,5.9073724007561434,468772,29915,438857
4233,5.905976848570754,468772,29915,438857
4234,5.904581955597544,468772,29915,438857
4235,5.903187721369539,468772,29915,438857
4236,5.901794145420208,468772,29915,438857
4237,5.900401227283456,468772,29915,438857
4238,5.899008966493629,468772,29915,438857
4239,5.897617362585516,468772,29915,438857
4240,5.89622641509434,468772,29915,438857
4241,5.894836123555765,468772,29915,438857
4242,5.893446487505893,468772,29915,438857
4243,5.8920575064812635,468102,28916,439186
4244,5.89066918001885,468102,28916,439186
4245,5.889281507656066,468102,28916,439186
4246,5.887894488930758,468102,28916,439186
4247,5.88650812338121,468102,28916,439186
4248,5.885122410546139,468102,28916,439186
4249,5.883737349964697,468102,28916,439186
4250,5.882352941176471,468102,28916,439186
4251,5.8809691837214775,468102,28916,439186
4252,5.87958607714017,468102,28916,439186
4253,5.87820362097343,467929,28736,439193
4254,5.876821814762576,467929,28736,439193
4255,5.875440658049354,467929,28736,439193
4256,5.87406015037594,467929,28736,439193
4257,5.872680291284943,467929,28736,439193
4258,5.871301080319399,467929,28736,439193
4259,5.869922517022776,467929,28736,439193
4260,5.868544600938967,467929,28736,439193
4261,5.867167331612298,467929,28736,439193
4262,5.865790708587517,467929,28736,439193
4263,5.864414731409806,467929,28736,439193
4264,5.863039399624766,467929,28736,439193
4265,5.861664712778429,467929,28736,439193
4266,5.860290670417252,467929,28736,439193
4267,5.858917272088118,467929,28736,439193
4268,5.857544517338332,467929,28736,439193
4269,5.856172405715625,467929,28736,439193
4270,5.85480093676815,467929,28736,439193
4271,5.853430110044486,467929,28736,439193
4272,5.852059925093633,467929,28736,439193
4273,5.850690381465013,467929,28736,439193
4274,5.84932147870847,467929,28736,439193
4275,5.847953216374269,467929,28736,439193
4276,5.846585594013097,467929,28736,439193
4277,5.845218611176058,467864,28736,439128
4278,5.84385226741468,467864,28736,439128
4279,5.842486562280906,467864,28736,439128
4280,5.841121495327103,467864,28736,439128
4281,5.83975706610605,467788,28136,439652
4282,5.838393274170948,467788,28136,439652
4283,5.837030119075415,467788,28136,439652
4284,5.835667600373482,467788,28136,439652
4285,5.834305717619603,467788,28136,439652
4286,5.832944470368642,467788,28136,439652
4287,5.831583858175881,467788,28136,439652
4288,5.830223880597015,467788,28136,439652
4289,5.828864537188156,467788,28136,439652
4290,5.827505827505828,467788,28136,439652
4291,5.826147751106968,467745,27917,439828
4292,5.824790307548929,467745,27917,439828
4293,5.823433496389471,467745,27917,439828
4294,5.822077317186772,467745,27917,439828
4295,5.820721769499418,467745,27917,439828
4296,5.8193668528864055,467745,27917,439828
4297,5.818012566907145,467745,27917,439828
4298,5.8166589111214515,467745,27917,439828
4299,5.815305885089556,467745,27917,439828
4300,5.813953488372093,467745,27917,439828
4301,5.812601720530109,467745,27917,439828
4302,5.8112505811250585,467745,27917,439828
4303,5.809900069718801,467745,27917,439828
4304,5.808550185873606,467745,27917,439828
4305,5.807200929152149,467745,27917,439828
4306,5.80585229911751,467745,27917,439828
4307,5.804504295333179,467745,27917,439828
4308,5.8031569173630455,467745,27917,439828
4309,5.801810164771409,467745,27917,439828
4310,5.800464037122969,467745,27917,439828
4311,5.799118533982835,467745,27917,439828
4312,5.797773654916512,467745,27917,439828
4313,5.796429399489914,467745,27917,439828
4314,5.795085767269356,467745,27917,439828
4315,5.793742757821553,467745,27917,439828
4316,5.792400370713624,467745,27917,439828
4317,5.791058605513088,467745,27917,439828
4318,5.789717461787864,467745,27917,439828
4319,5.788376939106275,467745,27917,439828
4320,5.787037037037037,467745,27917,439828
4321,5.785697755149271,467745,27917,439828
4322,5.784359093012494,467745,27917,439828
4323,5.783021050196623,467745,27917,439828
4324,5.78168362627197,467745,27917,439828
4325,5.780346820809249,467745,27917,439828
4326,5.779010633379565,467745,27917,439828
4327,5.777675063554426,467745,27917,439828
4328,5.77634011090573,467745,27917,439828
4329,5.775005775005775,467745,27917,439828
4330,5.773672055427252,467745,27917,439828
4331,5.772338951743246,467745,27917,439828
4332,5.77100646352724,467745,27917,439828
4333,5.769674590353104,467745,27917,439828
4334,5.7683433317951085,467745,27917,439828
4335,5.767012687427912,467745,27917,439828
4336,5.765682656826568,467745,27917,439828
4337,5.76435323956652,467745,27917,439828
4338,5.763024435223605,467745,27917,439828
4339,5.7616962433740495,467745,27917,439828
4340,5.76036866359447,467745,27917,439828
4341,5.7590416954618755,467745,27917,439828
4342,5.757715338553662,467745,27917,439828
4343,5.756389592447617,467745,27917,439828
4344,5.755064456721915,467745,27917,439828
4345,5.7537399309551205,467745,27917,439828
4346,5.752416014726185,467745,27917,439828
4347,5.751092707614447,467745,27917,439828
4348,5.749770009199632,467745,27917,439828
4349,5.748447919061853,467745,27917,439828
4350,5.747126436781609,467745,27917,439828
4351,5.745805561939784,467745,27917,439828
4352,5.744485294117647,467745,27917,439828
4353,5.743165632896853,467745,27917,439828
4354,5.741846577859439,467745,27917,439828
4355,5.7405281285878305,467745,27917,439828
4356,5.73921028466483,467745,27917,439828
4357,5.737893045673629,467745,27917,439828
4358,5.736576411197797,467745,27917,439828
4359,5.735260380821289,467745,27917,439828
4360,5.73394495412844,467745,27917,439828
4361,5.732630130703967,467745,27917,439828
4362,5.731315910132967,467745,27917,439828
4363,5.730002292000917,467745,27917,439828
4364,5.728689275893675,467745,27917,439828
4365,5.72737686139748,467745,27917,439828
4366,5.726065048098946,467745,27917,439828
4367,5.72475383558507,467745,27917,439828
4368,5.7234432234432235,467745,27917,439828
4369,5.722133211261158,467745,27917,439828
4370,5.720823798627002,467745,27917,439828
4371,5.719514985129261,467745,27917,439828
4372,5.718206770356816,467745,27917,439828
4373,5.716899153898925,467745,27917,439828
4374,5.715592135345222,467745,27917,439828
4375,5.714285714285714,467745,27917,439828
4376,5.712979890310786,467745,27917,439828
4377,5.711674663011195,467745,27917,439828
4378,5.710370031978072,467745,27917,439828
4379,5.709065996802923,467745,27917,439828
4380,5.707762557077626,467745,27917,439828
4381,5.70645971239443,467745,27917,439828
4382,5.70515746234596,467745,27917,439828
4383,5.703855806525211,467745,27917,439828
4384,5.702554744525547,467745,27917,439828
4385,5.701254275940707,467745,27917,439828
4386,5.699954400364797,467745,27917,439828
4387,5.6986551173922955,467745,27917,439828
4388,5.697356426618049,467745,27917,439828
4389,5.696058327637275,467745,27917,439828
4390,5.694760820045558,467745,27917,439828
4391,5.693463903438852,467745,27917,439828
4392,5.692167577413479,467745,27917,439828
4393,5.690871841566128,467745,27917,439828
4394,5.689576695493855,467745,27917,439828
4395,5.688282138794084,467745,27917,439828
4396,5.686988171064604,467745,27917,439828
4397,5.685694791903571,467745,27917,439828
4398,5.684402000909504,467745,27917,439828
4399,5.683109797681291,467745,27917,439828
4400,5.681818181818182,467745,27917,439828
4401,5.680527152919791,467745,27917,439828
4402,5.679236710586097,467745,27917,439828
4403,5.677946854417443,467745,27917,439828
4404,5.676657584014532,467745,27917,439828
4405,5.675368898978434,467745,27917,439828
4406,5.674080798910577,467745,27917,439828
4407,5.672793283412752,467745,27917,439828
4408,5.671506352087114,467745,27917,439828
4409,5.670220004536176,467745,27917,439828
4410,5.668934240362812,467745,27917,439828
4411,5.667649059170256,467745,27917,439828
4412,5.666364460562104,467745,27917,439828
4413,5.665080444142307,467745,27917,439828
4414,5.663797009515179,467745,27917,439828
4415,5.662514156285391,467745,27917,439828
4416,5.661231884057971,467745,27917,439828
4417,5.659950192438306,467745,27917,439828
4418,5.658669081032142,467745,27917,439828
4419,5.657388549445576,467745,27917,439828
4420,5.656108597285068,467745,27917,439828
4421,5.654829224157431,467745,27917,439828
4422,5.653550429669832,467745,27917,439828
4423,5.652272213429799,467745,27917,439828
4424,5.650994575045208,467745,27917,439828
4425,5.649717514124294,467745,27917,439828
4426,5.648441030275644,467745,27917,439828
4427,5.647165123108199,467745,27917,439828
4428,5.645889792231256,467745,27917,439828
4429,5.644615037254459,467745,27917,439828
4430,5.643340857787811,467745,27917,439828
4431,5.642067253441661,467745,27917,439828
4432,5.640794223826715,467745,27917,439828
4433,5.639521768554027,467745,27917,439828
4434,5.638249887235002,467745,27917,439828
4435,5.636978579481398,467745,27917,439828
4436,5.63570784490532,467745,27917,439828
4437,5.634437683119224,467745,27917,439828
4438,5.633168093735917,467745,27917,439828
4439,5.631899076368551,467745,27917,439828
4440,5.63063063063063,467745,27917,439828
4441,5.629362756136006,467745,27917,439828
4442,5.628095452498874,467745,27917,439828
4443,5.626828719333783,467745,27917,439828
4444,5.625562556255626,467745,27917,439828
4445,5.62429696287964,467745,27917,439828
4446,5.623031938821413,467745,27917,439828
4447,5.621767483696875,467745,27917,439828
4448,5.620503597122302,467745,27917,439828
4449,5.619240278714318,467745,27917,439828
4450,5.617977528089888,467745,27917,439828
4451,5.616715344866322,467745,27917,439828
4452,5.615453728661276,467620,27917,439703
4453,5.6141926790927466,467620,27917,439703
4454,5.612932195779075,467620,27917,439703
4455,5.611672278338945,467620,27917,439703
4456,5.6104129263913824,467620,27917,439703
4457,5.609154139555755,467620,27917,439703
4458,5.607895917451772,467620,27917,439703
4459,5.606638259699484,467620,27917,439703
4460,5.605381165919282,467620,27917,439703
4461,5.604124635731899,467620,27917,439703
4462,5.602868668758404,467620,27917,439703
4463,5.601613264620211,467620,27917,439703
4464,5.600358422939068,467620,27917,439703
4465,5.599104143337066,467620,27917,439703
4466,5.597850425436632,467620,27917,439703
4467,5.596597268860533,467620,27917,439703
4468,5.595344673231871,467620,27917,439703
4469,5.5940926381740885,467620,27917,439703
4470,5.592841163310962,467620,27917,439703
4471,5.591590248266607,467620,27917,439703
4472,5.590339892665474,467620,27917,439703
4473,5.58909009613235,467620,27917,439703
4474,5.587840858292356,467620,27917,439703
4475,5.58659217877095,467620,27917,439703
4476,5.5853440571939235,467620,27917,439703
4477,5.584096493187403,467620,27917,439703
4478,5.582849486377847,467620,27917,439703
4479,5.5816030363920515,467620,27917,439703
4480,5.580357142857143,467620,27917,439703
4481,5.57911180540058,467620,27917,439703
4482,5.577867023650156,467620,27917,439703
4483,5.576622797233995,467620,27917,439703
4484,5.575379125780553,467620,27917,439703
4485,5.574136008918618,467620,27917,439703
4486,5.572893446277307,467620,27917,439703
4487,5.571651437486071,467620,27917,439703
4488,5.570409982174688,467620,27917,439703
4489,5.569169079973268,467620,27917,439703
4490,5.567928730512249,467620,27917,439703
4491,5.566688933422401,467620,27917,439703
4492,5.565449688334818,467620,27917,439703
4493,5.564210994880926,467620,27917,439703
4494,5.562972852692479,467620,27917,439703
4495,5.561735261401557,467620,27917,439703
4496,5.56049822064057,467620,27917,439703
4497,5.55926173004225,467620,27917,439703
4498,5.558025789239662,467620,27917,439703
4499,5.556790397866193,467620,27917,439703
4500,5.555555555555555,467620,27917,439703
4501,5.554321261941791,467620,27917,439703
4502,5.553087516659263,467620,27917,439703
4503,5.55185431934266,467620,27917,439703
4504,5.550621669626998,467620,27917,439703
4505,5.549389567147614,467620,27917,439703
4506,5.548158011540169,467620,27917,439703
4507,5.546927002440648,467620,27917,439703
4508,5.545696539485359,467620,27917,439703
4509,5.544466622310933,467620,27917,439703
4510,5.5432372505543235,467620,27917,439703
4511,5.5420084238528045,467620,27917,439703
4512,5.540780141843972,467620,27917,439703
4513,5.539552404165743,467620,27917,439703
4514,5.538325210456358,467620,27917,439703
4515,5.537098560354374,467620,27917,439703
4516,5.535872453498671,467620,27917,439703
4517,5.534646889528448,467620,27917,439703
4518,5.533421868083223,467620,27917,439703
4519,5.532197388802833,467620,27917,439703
4520,5.530973451327434,467620,27917,439703
4521,5.529750055297501,467620,27917,439703
4522,5.5285272003538255,467620,27917,439703
4523,5.527304886137519,467620,27917,439703
4524,5.526083112290009,467620,27917,439703
4525,5.524861878453039,467620,27917,439703
4526,5.52364118426867,467620,27917,439703
4527,5.52242102937928,467620,27917,439703
4528,5.521201413427562,467620,27917,439703
4529,5.5199823360565246,467620,27917,439703
4530,5.518763796909492,467620,27917,439703
4531,5.517545795630104,467620,27917,439703
4532,5.516328331862312,467620,27917,439703
4533,5.515111405250386,467620,27917,439703
4534,5.513895015438906,467620,27917,439703
4535,5.512679162072767,467620,27917,439703
4536,5.511463844797178,467620,27917,439703
4537,5.5102490632576595,467620,27917,439703
4538,5.509034817100044,467620,27917,439703
4539,5.5078211059704785,467620,27917,439703
4540,5.506607929515418,467620,27917,439703
4541,5.505395287381634,467620,27917,439703
4542,5.504183179216204,467620,27917,439703
4543,5.50297160466652,467620,27917,439703
4544,5.501760563380282,467620,27917,439703
4545,5.5005500550055,467620,27917,439703
4546,5.499340079190497,467620,27917,439703
4547,5.498130635583902,467620,27917,439703
4548,5.496921723834652,467620,27917,439703
4549,5.495713343591998,467620,27917,439703
4550,5.4945054945054945,467620,27917,439703
4551,5.4932981762250055,467620,27917,439703
4552,5.492091388400703,467620,27917,439703
4553,5.490885130683066,467620,27917,439703
4554,5.489679402722881,467620,27917,439703
4555,5.48847420417124,467620,27917,439703
4556,5.487269534679544,467620,27917,439703
4557,5.486065393899495,467620,27917,439703
4558,5.484861781483106,467620,27917,439703
4559,5.483658697082694,467620,27917,439703
4560,5.482456140350878,467620,27917,439703
4561,5.481254110940583,467620,27917,439703
4562,5.480052608505042,467620,27917,439703
4563,5.478851632697786,467620,27917,439703
4564,5.4776511831726555,467620,27917,439703
4565,5.47645125958379,467620,27917,439703
4566,5.475251861585633,467620,27917,439703
4567,5.474052988832932,467620,27917,439703
4568,5.472854640980736,467620,27917,439703
4569,5.471656817684395,467620,27917,439703
4570,5.470459518599562,467620,27917,439703
4571,5.469262743382192,467620,27917,439703
4572,5.468066491688539,467620,27917,439703
4573,5.466870763175159,467620,27917,439703
4574,5.465675557498907,467620,27917,439703
4575,5.46448087431694,467620,27917,439703
4576,5.463286713286713,467620,27917,439703
4577,5.462093074065982,467620,27917,439703
4578,5.4608999563128,467620,27917,439703
4579,5.459707359685521,467620,27917,439703
4580,5.458515283842795,467620,27917,439703
4581,5.457323728443571,467620,27917,439703
4582,5.456132693147097,467620,27917,439703
4583,5.454942177612917,467620,27917,439703
4584,5.453752181500873,467620,27917,439703
4585,5.452562704471101,467620,27917,439703
4586,5.451373746184038,467620,27917,439703
4587,5.450185306300415,467620,27917,439703
4588,5.448997384481255,467620,27917,439703
4589,5.447809980387884,467620,27917,439703
4590,5.446623093681917,467620,27917,439703
4591,5.445436724025267,467620,27917,439703
4592,5.444250871080139,467620,27917,439703
4593,5.443065534509035,467620,27917,439703
4594,5.44188071397475,467620,27917,439703
4595,5.44069640914037,467620,27917,439703
4596,5.439512619669277,467620,27917,439703
4597,5.438329345225147,467620,27917,439703
4598,5.437146585471944,467620,27917,439703
4599,5.435964340073929,467620,27917,439703
4600,5.434782608695652,467620,27917,439703
4601,5.4336013910019565,467620,27917,439703
4602,5.4324206866579745,467620,27917,439703
4603,5.431240495329133,467620,27917,439703
4604,5.430060816681147,467620,27917,439703
4605,5.4288816503800215,467620,27917,439703
4606,5.427702996092054,467620,27917,439703
4607,5.426524853483829,467620,27917,439703
4608,5.425347222222222,467620,27917,439703
4609,5.424170101974398,467620,27917,439703
4610,5.422993492407809,467620,27917,439703
4611,5.421817393190198,467620,27917,439703
4612,5.420641803989592,467620,27917,439703
4613,5.4194667244743115,467620,27917,439703
4614,5.418292154312961,467620,27917,439703
4615,5.417118093174431,467620,27917,439703
4616,5.415944540727903,467620,27917,439703
4617,5.4147714966428415,467620,27917,439703
4618,5.413598960589,467620,27917,439703
4619,5.412426932236415,467620,27917,439703
4620,5.411255411255412,467620,27917,439703
4621,5.410084397316598,467620,27917,439703
4622,5.4089138900908695,467620,27917,439703
4623,5.407743889249405,467496,27685,439811
4624,5.406574394463668,467496,27685,439811
4625,5.405405405405405,467496,27685,439811
4626,5.40423692174665,467496,27685,439811
4627,5.403068943159715,467496,27685,439811
4628,5.4019014693172,467496,27685,439811
4629,5.4007344998919855,467496,27685,439811
4630,5.399568034557236,467496,27685,439811
4631,5.398402072986396,467496,27685,439811
4632,5.397236614853195,467496,27685,439811
4633,5.396071659831643,467496,27685,439811
4634,5.394907207596029,467496,27685,439811
4635,5.393743257820928,467496,27685,439811
4636,5.392579810181191,467496,27685,439811
4637,5.391416864351951,467496,27685,439811
4638,5.390254420008624,467496,27685,439811
4639,5.389092476826902,467496,27685,439811
4640,5.387931034482759,467496,27685,439811
4641,5.386770092652446,467496,27685,439811
4642,5.385609651012494,467496,27685,439811
4643,5.384449709239716,467496,27685,439811
4644,5.383290267011197,467496,27685,439811
4645,5.382131324004305,467496,27685,439811
4646,5.380972879896685,467496,27685,439811
4647,5.379814934366258,467496,27685,439811
4648,5.378657487091222,467496,27685,439811
4649,5.377500537750054,467496,27685,439811
4650,5.376344086021505,467496,27685,439811
4651,5.375188131584605,467496,27685,439811
4652,5.374032674118658,467496,27685,439811
4653,5.372877713303245,467496,27685,439811
4654,5.3717232488182205,467496,27685,439811
4655,5.370569280343717,467496,27685,439811
4656,5.369415807560137,467496,27685,439811
4657,5.368262830148164,467496,27685,439811
4658,5.367110347788751,467496,27685,439811
4659,5.365958360163125,467496,27685,439811
4660,5.364806866952789,467496,27685,439811
4661,5.363655867839519,467496,27685,439811
4662,5.362505362505362,467496,27685,439811
4663,5.36135535063264,467496,27685,439811
4664,5.360205831903945,467496,27685,439811
4665,5.359056806002144,467496,27685,439811
4666,5.357908272610373,467496,27685,439811
4667,5.356760231412042,467496,27685,439811
4668,5.355612682090832,467496,27685,439811
4669,5.354465624330691,467496,27685,439811
4670,5.353319057815845,467496,27685,439811
4671,5.352172982230786,467496,27685,439811
4672,5.351027397260274,467496,27685,439811
4673,5.349882302589343,467496,27685,439811
4674,5.348737697903295,467496,27685,439811
4675,5.347593582887701,467496,27685,439811
4676,5.3464499572284,467496,27685,439811
4677,5.345306820611503,467496,27685,439811
4678,5.344164172723386,467496,27685,439811
4679,5.343022013250694,467496,27685,439811
4680,5.3418803418803416,467496,27685,439811
4681,5.340739158299509,467496,27685,439811
4682,5.339598462195643,467496,27685,439811
4683,5.3384582532564595,467496,27685,439811
4684,5.33731853116994,467496,27685,439811
4685,5.336179295624333,467496,27685,439811
4686,5.335040546308152,467496,27685,439811
4687,5.333902282910177,467496,27685,439811
4688,5.332764505119454,467496,27685,439811
4689,5.3316272126252935,467496,27685,439811
4690,5.330490405117271,467496,27685,439811
4691,5.329354082285227,467496,27685,439811
4692,5.328218243819267,467496,27685,439811
4693,5.327082889409759,467496,27685,439811
4694,5.325948018747337,467496,27685,439811
4695,5.324813631522897,467496,27685,439811
4696,5.3236797274275975,467496,27685,439811
4697,5.322546306152864,467496,27685,439811
4698,5.321413367390379,467496,27685,439811
4699,5.320280910832092,467496,27685,439811
4700,5.319148936170213,467496,27685,439811
4701,5.318017443097213,467496,27685,439811
4702,5.316886431305828,467496,27685,439811
4703,5.31575590048905,467496,27685,439811
4704,5.3146258503401365,467496,27685,439811
4705,5.313496280552604,467496,27685,439811
4706,5.31236719082023,467496,27685,439811
4707,5.311238580837051,467496,27685,439811
4708,5.310110450297366,467496,27685,439811
4709,5.308982798895731,467496,27685,439811
4710,5.307855626326964,467496,27685,439811
4711,5.306728932286139,467496,27685,439811
4712,5.305602716468591,467496,27685,439811
4713,5.304476978569913,467496,27685,439811
4714,5.303351718285957,467496,27685,439811
4715,5.302226935312832,467496,27685,439811
4716,5.301102629346905,467496,27685,439811
4717,5.2999788000848,467496,27685,439811
4718,5.2988554472234,467496,27685,439811
4719,5.297732570459843,467496,27685,439811
4720,5.296610169491525,467496,27685,439811
4721,5.295488244016099,467496,27685,439811
4722,5.29436679373147,467506,27685,439821
4723,5.293245818335803,467506,27685,439821
4724,5.292125317527519,467506,27685,439821
4725,5.291005291005291,467506,27685,439821
4726,5.289885738468049,467506,27685,439821
4727,5.288766659614978,467506,27685,439821
4728,5.287648054145516,467506,27685,439821
4729,5.2865299217593575,467506,27685,439821
4730,5.2854122621564485,467506,27685,439821
4731,5.28429507503699,467506,27685,439821
4732,5.283178360101437,467506,27685,439821
4733,5.282062117050496,467506,27685,439821
4734,5.280946345585129,467506,27685,439821
4735,5.279831045406547,467506,27685,439821
4736,5.278716216216216,467506,27685,439821
4737,5.277601857715854,467506,27685,439821
4738,5.276487969607429,467506,27685,439821
4739,5.275374551593163,467506,27685,439821
4740,5.274261603375527,467506,27685,439821
4741,5.2731491246572455,467506,27685,439821
4742,5.27203711514129,467506,27685,439821
4743,5.270925574530888,467506,27685,439821
4744,5.269814502529511,467506,27685,439821
4745,5.268703898840885,467506,27685,439821
4746,5.267593763168985,467506,27685,439821
4747,5.266484095218033,467506,27685,439821
4748,5.265374894692502,467506,27685,439821
4749,5.264266161297115,467506,27685,439821
4750,5.2631578947368425,467506,27685,439821
4751,5.262050094716901,467506,27685,439821
4752,5.260942760942761,467506,27685,439821
4753,5.259835893120135,467506,27685,439821
4754,5.258729490954985,467506,27685,439821
4755,5.257623554153523,467506,27685,439821
4756,5.256518082422204,467506,27685,439821
4757,5.2554130754677315,467506,27685,439821
4758,5.254308532997058,467506,27685,439821
4759,5.253204454717378,467506,27685,439821
4760,5.2521008403361344,467506,27685,439821
4761,5.250997689561016,467506,27685,439821
4762,5.249895002099958,467506,27685,439821
4763,5.248792777661138,467506,27685,439821
4764,5.247691015952981,467506,27685,439821
4765,5.246589716684155,467506,27685,439821
4766,5.245488879563576,467506,27685,439821
4767,5.244388504300399,467506,27685,439821
4768,5.243288590604027,467506,27685,439821
4769,5.242189138184106,467506,27685,439821
4770,5.241090146750524,467506,27685,439821
4771,5.239991616013414,467506,27685,439821
4772,5.238893545683152,467506,27685,439821
4773,5.237795935470354,467046,27689,439357
4774,5.236698785085882,467046,27689,439357
4775,5.2356020942408374,467046,27689,439357
4776,5.234505862646566,467046,27689,439357
4777,5.233410090014654,467046,27689,439357
4778,5.232314776056928,467046,27689,439357
4779,5.231219920485457,467046,27689,439357
4780,5.2301255230125525,467046,27689,439357
4781,5.229031583350763,467046,27689,439357
4782,5.227938101212882,466796,27689,439107
4783,5.226845076311938,466796,27689,439107
4784,5.225752508361204,466796,27689,439107
4785,5.2246603970741905,466796,27689,439107
4786,5.223568742164647,466796,27689,439107
4787,5.222477543346564,466796,27689,439107
4788,5.221386800334169,466796,27689,439107
4789,5.220296512841929,466796,27689,439107
4790,5.219206680584551,466796,27689,439107
4791,5.218117303276978,466796,27689,439107
4792,5.217028380634391,466796,27689,439107
4793,5.215939912372209,466796,27689,439107
4794,5.214851898206091,466796,27689,439107
4795,5.213764337851929,466786,27689,439097
4796,5.212677231025855,466786,27689,439097
4797,5.211590577444236,466786,27689,439097
4798,5.2105043768236765,466786,27689,439097
4799,5.209418628881017,466786,27689,439097
4800,5.208333333333333,466786,27689,439097
4801,5.207248489897938,466786,27689,439097
4802,5.206164098292378,466786,27689,439097
4803,5.205080158234437,466786,27689,439097
4804,5.203996669442131,466786,27689,439097
4805,5.202913631633715,466786,27689,439097
4806,5.201831044527673,466786,27689,439097
4807,5.200748907842729,466694,27489,439205
4808,5.199667221297837,466694,27489,439205
4809,5.198585984612185,466694,27489,439205
4810,5.197505197505198,466694,27489,439205
4811,5.196424859696529,466694,27489,439205
4812,5.195344970906068,466694,27489,439205
4813,5.194265530853937,466694,27489,439205
4814,5.19318653926049,466694,27489,439205
4815,5.192107995846314,466694,27489,439205
4816,5.191029900332226,466694,27489,439205
4817,5.189952252439277,466694,27489,439205
4818,5.1888750518887505,466694,27489,439205
4819,5.187798298402158,466694,27489,439205
4820,5.186721991701245,466543,27489,439054
4821,5.185646131507986,466543,27489,439054
4822,5.184570717544587,466543,27489,439054
4823,5.183495749533486,466543,27489,439054
4824,5.182421227197347,466543,27489,439054
4825,5.181347150259067,466543,27489,439054
4826,5.180273518441774,466543,27489,439054
4827,5.179200331468821,466543,27489,439054
4828,5.178127589063794,466543,27489,439054
4829,5.177055290950507,466543,27489,439054
4830,5.175983436853002,466543,27489,439054
4831,5.17491202649555,466543,27489,439054
4832,5.173841059602649,466543,27489,439054
4833,5.172770535899027,466543,27489,439054
4834,5.17170045510964,466543,27489,439054
4835,5.170630816959669,466543,27489,439054
4836,5.169561621174524,466543,27489,439054
4837,5.168492867479843,466543,27489,439054
4838,5.167424555601488,466543,27489,439054
4839,5.1663566852655505,466543,27489,439054
4840,5.1652892561983474,466543,27489,439054
4841,5.16422226812642,466543,27489,439054
4842,5.163155720776539,466543,27489,439054
4843,5.162089613875697,466543,27489,439054
4844,5.161023947151115,466543,27489,439054
4845,5.159958720330238,466543,27489,439054
4846,5.158893933140734,466543,27489,439054
4847,5.157829585310501,466543,27489,439054
4848,5.156765676567657,466543,27489,439054
4849,5.1557022066405445,466543,27489,439054
4850,5.154639175257732,466543,27489,439054
4851,5.153576582148011,466543,27489,439054
4852,5.152514427040396,466543,27489,439054
4853,5.151452709664126,466543,27489,439054
4854,5.150391429748661,466543,27489,439054
4855,5.1493305870236865,466543,27489,439054
4856,5.14827018121911,466543,27489,439054
4857,5.147210212065061,466543,27489,439054
4858,5.14615067929189,466543,27489,439054
4859,5.145091582630171,466543,27489,439054
4860,5.1440329218107,466543,27489,439054
4861,5.142974696564493,466543,27489,439054
4862,5.1419169066227886,466543,27489,439054
4863,5.140859551717047,466543,27489,439054
4864,5.139802631578948,466543,27489,439054
4865,5.138746145940391,466543,27489,439054
4866,5.137690094533498,466543,27489,439054
4867,5.1366344770906105,466543,27489,439054
4868,5.135579293344289,466543,27489,439054
4869,5.134524543027315,466543,27489,439054
4870,5.13347022587269,466543,27489,439054
4871,5.132416341613632,466543,27489,439054
4872,5.1313628899835795,466543,27489,439054
4873,5.130309870716191,466543,27489,439054
4874,5.129257283545343,466543,27489,439054
4875,5.128205128205129,466543,27489,439054
4876,5.12715340442986,466543,27489,439054
4877,5.12610211195407,466543,27489,439054
4878,5.125051250512505,466543,27489,439054
4879,5.1240008198401314,466543,27489,439054
4880,5.122950819672131,466543,27489,439054
4881,5.121901249743905,466543,27489,439054
4882,5.120852109791069,466543,27489,439054
4883,5.119803399549458,466543,27489,439054
4884,5.118755118755119,466543,27489,439054
4885,5.117707267144319,466543,27489,439054
4886,5.116659844453541,466543,27489,439054
4887,5.11561285041948,466543,27489,439054
4888,5.114566284779051,466543,27489,439054
4889,5.11352014726938,466543,27489,439054
4890,5.112474437627812,466543,27489,439054
4891,5.111429155591903,466543,27489,439054
4892,5.110384300899428,466543,27489,439054
4893,5.109339873288371,466543,27489,439054
4894,5.108295872496935,466543,27489,439054
4895,5.107252298263535,466543,27489,439054
4896,5.106209150326797,466543,27489,439054
4897,5.105166428425567,466543,27489,439054
4898,5.104124132298898,466543,27489,439054
4899,5.103082261686058,466543,27489,439054
4900,5.1020408163265305,466543,27489,439054
4901,5.100999795960008,466543,27489,439054
4902,5.099959200326397,466543,27489,439054
4903,5.098919029165817,466543,27489,439054
4904,5.097879282218597,466543,27489,439054
4905,5.096839959225281,466543,27489,439054
4906,5.095801059926621,466543,27489,439054
4907,5.094762584063583,466543,27489,439054
4908,5.093724531377343,466543,27489,439054
4909,5.092686901609289,466543,27489,439054
4910,5.091649694501018,466543,27489,439054
4911,5.09061290979434,466543,27489,439054
4912,5.08957654723127,466543,27489,439054
4913,5.08854060655404,466543,27489,439054
4914,5.087505087505088,466543,27489,439054
4915,5.0864699898270604,466543,27489,439054
4916,5.085435313262815,466543,27489,439054
4917,5.08440105755542,466543,27489,439054
4918,5.08336722244815,466543,27489,439054
4919,5.082333807684488,466543,27489,439054
4920,5.08130081300813,466543,27489,439054
4921,5.080268238162975,466543,27489,439054
4922,5.079236082893133,466543,27489,439054
4923,5.078204346942921,466543,27489,439054
4924,5.077173030056865,466543,27489,439054
4925,5.0761421319796955,466543,27489,439054
4926,5.075111652456354,466543,27489,439054
4927,5.074081591231987,466543,27489,439054
4928,5.0730519480519485,466543,27489,439054
4929,5.0720227226617975,466543,27489,439054
4930,5.070993914807302,466543,27489,439054
4931,5.069965524234435,466543,27489,439054
4932,5.068937550689376,466543,27489,439054
4933,5.067909993918508,466543,27489,439054
4934,5.066882853668424,466543,27489,439054
4935,5.065856129685917,466543,27489,439054
4936,5.06482982171799,466543,27489,439054
4937,5.063803929511849,466498,27489,439009
4938,5.0627784528149045,466498,27489,439009
4939,5.061753391374772,466498,27489,439009
4940,5.060728744939271,466498,27489,439009
4941,5.059704513256426,466498,27489,439009
4942,5.058680696074464,466498,27489,439009
4943,5.0576572931418164,466498,27489,439009
4944,5.05663430420712,466498,27489,439009
4945,5.055611729019211,466498,27489,439009
4946,5.054589567327133,466498,27489,439009
4947,5.053567818880129,466498,27489,439009
4948,5.052546483427648,466498,27489,439009
4949,5.0515255607193374,466498,27489,439009
4950,5.05050505050505,466498,27489,439009
4951,5.049484952534842,466498,27489,439009
4952,5.048465266558966,466498,27489,439009
4953,5.047445992327882,466498,27489,439009
4954,5.0464271295922485,466498,27489,439009
4955,5.045408678102926,466466,27429,439037
4956,5.044390637610976,466466,27429,439037
4957,5.043373007867662,466466,27429,439037
4958,5.0423557886244454,466466,27429,439037
4959,5.04133897963299,466466,27429,439037
4960,5.040322580645161,466466,27429,439037
4961,5.0393065914130215,466466,27429,439037
4962,5.038291011688835,466466,27429,439037
4963,5.037275841225066,466466,27429,439037
4964,5.036261079774375,466466,27429,439037
4965,5.0352467270896275,466466,27429,439037
4966,5.034232782923882,466466,27429,439037
4967,5.0332192470304005,466466,27429,439037
4968,5.032206119162641,466466,27429,439037
4969,5.031193399074261,466466,27429,439037
4970,5.030181086519114,466466,27429,439037
4971,5.029169181251257,466466,27429,439037
4972,5.02815768302494,466466,27429,439037
4973,5.027146591594611,466466,27429,439037
4974,5.026135906714917,466466,27429,439037
4975,5.025125628140704,466466,27429,439037
4976,5.02411575562701,466466,27429,439037
4977,5.023106288929074,466466,27429,439037
4978,5.02209722780233,466466,27429,439037
4979,5.0210885720024105,466466,27429,439037
4980,5.020080321285141,466466,27429,439037
4981,5.019072475406545,466466,27429,439037
4982,5.018065034122842,466466,27429,439037
4983,5.017057997190448,466466,27429,439037
4984,5.016051364365971,466466,27429,439037
4985,5.015045135406218,466466,27429,439037
4986,5.014039310068191,466466,27429,439037
4987,5.013033888109083,466466,27429,439037
4988,5.012028869286287,466466,27429,439037
4989,5.0110242533573865,466466,27429,439037
4990,5.01002004008016,466466,27429,439037
4991,5.009016229212583,466466,27429,439037
4992,5.00801282051282,466466,27429,439037
4993,5.007009813739235,466466,27429,439037
4994,5.006007208650381,466466,27429,439037
4995,5.005005005005005,466466,27429,439037
4996,5.00400320256205,466466,27429,439037
4997,5.003001801080648,466466,27429,439037
4998,5.002000800320128,466466,27429,439037
4999,5.001000200040008,466466,27429,439037
5000,5,466466,27429,439037
5001,4.999000199960008,466466,27429,439037
5002,4.998000799680128,466466,27429,439037
5003,4.997001798920648,466466,27429,439037
5004,4.996003197442047,466466,27429,439037
5005,4.995004995004995,466466,27429,439037
5006,4.994007191370356,466466,27429,439037
5007,4.993009786299181,466466,27429,439037
5008,4.992012779552716,466466,27429,439037
5009,4.991016170892394,466466,27429,439037
5010,4.990019960079841,466466,27429,439037
5011,4.989024146876871,466466,27429,439037
5012,4.988028731045491,466466,27429,439037
5013,4.987033712347896,466466,27429,439037
5014,4.98603909054647,466466,27429,439037
5015,4.985044865403789,466466,27429,439037
5016,4.984051036682616,466466,27429,439037
5017,4.983057604145904,466466,27429,439037
5018,4.982064567556796,466466,27429,439037
5019,4.981071926678621,466466,27429,439037
5020,4.9800796812749,466466,27429,439037
5021,4.979087831109341,466466,27429,439037
5022,4.978096375945838,466466,27429,439037
5023,4.977105315548477,466466,27429,439037
5024,4.976114649681529,466466,27429,439037
5025,4.975124378109452,466466,27429,439037
5026,4.974134500596896,466466,27429,439037
5027,4.973145016908693,466466,27429,439037
5028,4.972155926809865,466466,27429,439037
5029,4.971167230065619,466466,27429,439037
5030,4.970178926441352,466466,27429,439037
5031,4.969191015702644,466466,27429,439037
5032,4.968203497615263,466466,27429,439037
5033,4.967216371945162,466466,27429,439037
5034,4.966229638458483,466466,27429,439037
5035,4.965243296921549,466466,27429,439037
5036,4.964257347100873,466466,27429,439037
5037,4.963271788763152,466078,26997,439081
5038,4.962286621675268,466078,26997,439081
5039,4.961301845604287,466078,26997,439081
5040,4.9603174603174605,466078,26997,439081
5041,4.959333465582226,466078,26997,439081
5042,4.958349861166204,466078,26997,439081
5043,4.9573666468372,466078,26997,439081
5044,4.956383822363204,466078,26997,439081
5045,4.955401387512389,466078,26997,439081
5046,4.954419342053112,466078,26997,439081
5047,4.953437685753913,466078,26997,439081
5048,4.952456418383518,466078,26997,439081
5049,4.951475539710834,466078,26997,439081
5050,4.9504950495049505,466078,26997,439081
5051,4.949514947535142,466078,26997,439081
5052,4.948535233570863,466078,26997,439081
5053,4.947555907381753,466078,26997,439081
5054,4.9465769687376335,465908,26650,439258
5055,4.945598417408506,465908,26650,439258
5056,4.944620253164557,465908,26650,439258
5057,4.9436424757761515,465908,26650,439258
5058,4.942665085013839,465908,26650,439258
5059,4.941688080648349,465908,26650,439258
5060,4.940711462450593,465908,26650,439258
5061,4.939735230191662,465908,26650,439258
5062,4.938759383642829,465908,26650,439258
5063,4.937783922575548,465908,26650,439258
5064,4.936808846761453,465908,26650,439258
5065,4.935834155972359,465908,26650,439258
5066,4.934859849980261,465908,26650,439258
5067,4.9338859285573315,465908,26650,439258
5068,4.932912391475927,465908,26650,439258
5069,4.931939238508582,465908,26650,439258
5070,4.930966469428008,465908,26650,439258
5071,4.929994084007099,465908,26650,439258
5072,4.929022082018927,465908,26650,439258
5073,4.928050463236744,465908,26650,439258
5074,4.927079227433977,465908,26650,439258
5075,4.926108374384237,465908,26650,439258
5076,4.925137903861308,465781,26650,439131
5077,4.924167815639157,465781,26650,439131
5078,4.923198109491926,465781,26650,439131
5079,4.922228785193936,465781,26650,439131
5080,4.921259842519685,465781,26650,439131
5081,4.920291281243849,465781,26650,439131
5082,4.919323101141283,465781,26650,439131
5083,4.918355301987016,465781,26650,439131
5084,4.917387883556255,465781,26650,439131
5085,4.916420845624385,465781,26650,439131
5086,4.915454187966968,465781,26650,439131
5087,4.914487910359741,465781,26650,439131
5088,4.913522012578617,465781,26650,439131
5089,4.912556494399686,465781,26650,439131
5090,4.911591355599215,465781,26650,439131
5091,4.9106265959536435,465781,26650,439131
5092,4.9096622152395915,465781,26650,439131
5093,4.90869821323385,465781,26650,439131
5094,4.907734589713388,465781,26650,439131
5095,4.906771344455349,465781,26650,439131
5096,4.9058084772370485,465781,26650,439131
5097,4.904845987835982,465780,26650,439130
5098,4.903883876029815,465780,26650,439130
5099,4.902922141596392,465780,26650,439130
5100,4.901960784313726,465780,26650,439130
5101,4.900999803960008,465780,26650,439130
5102,4.900039200313603,465780,26650,439130
5103,4.899078973153047,465780,26650,439130
5104,4.898119122257054,465780,26650,439130
5105,4.897159647404505,465780,26650,439130
5106,4.896200548374462,465780,26650,439130
5107,4.895241824946153,465780,26650,439130
5108,4.894283476898982,465780,26650,439130
5109,4.893325504012527,465780,26650,439130
5110,4.892367906066537,465780,26650,439130
5111,4.891410682840931,465780,26650,439130
5112,4.890453834115806,465780,26650,439130
5113,4.8894973596714255,465780,26650,439130
5114,4.888541259288228,465780,26650,439130
5115,4.887585532746823,465780,26650,439130
5116,4.886630179827991,465780,26650,439130
5117,4.885675200312683,465780,26650,439130
5118,4.884720593982024,465780,26650,439130
5119,4.883766360617308,465780,26650,439130
5120,4.8828125,465780,26650,439130
5121,4.881859011911736,465780,26650,439130
5122,4.880905896134323,465780,26650,439130
5123,4.879953152449737,465780,26650,439130
5124,4.8790007806401245,465780,26650,439130
5125,4.878048780487805,465780,26650,439130
5126,4.8770971517752635,465780,26650,439130
5127,4.876145894285157,465780,26650,439130
5128,4.875195007800312,465780,26650,439130
5129,4.874244492103724,465780,26650,439130
5130,4.8732943469785575,465780,26650,439130
5131,4.872344572208147,465780,26650,439130
5132,4.871395167575994,465780,26650,439130
5133,4.87044613286577,465780,26650,439130
5134,4.869497467861317,465780,26650,439130
5135,4.868549172346641,465780,26650,439130
5136,4.867601246105919,465780,26650,439130
5137,4.866653688923496,465780,26650,439130
5138,4.865706500583885,465780,26650,439130
5139,4.864759680871765,465780,26650,439130
5140,4.863813229571984,465780,26650,439130
5141,4.862867146469559,465780,26650,439130
5142,4.8619214313496695,465780,26650,439130
5143,4.860976083997667,465780,26650,439130
5144,4.8600311041990665,465780,26650,439130
5145,4.859086491739553,465780,26650,439130
5146,4.858142246404975,465780,26650,439130
5147,4.857198367981348,465780,26650,439130
5148,4.856254856254856,465780,26650,439130
5149,4.855311711011847,465780,26650,439130
5150,4.854368932038835,465780,26650,439130
5151,4.8534265191225,465780,26650,439130
5152,4.85248447204969,465780,26650,439130
5153,4.851542790607414,465780,26650,439130
5154,4.850601474582848,465780,26650,439130
5155,4.849660523763337,465780,26650,439130
5156,4.848719937936385,465780,26650,439130
5157,4.847779716889664,465780,26650,439130
5158,4.846839860411012,465780,26650,439130
5159,4.845900368288428,465780,26650,439130
5160,4.844961240310077,465780,26650,439130
5161,4.84402247626429,465780,26650,439130
5162,4.843084075939558,465780,26650,439130
5163,4.84214603912454,465668,26335,439333
5164,4.841208365608056,465668,26335,439333
5165,4.84027105517909,465668,26335,439333
5166,4.83933410762679,465668,26335,439333
5167,4.838397522740468,465668,26335,439333
5168,4.837461300309598,465668,26335,439333
5169,4.836525440123815,465668,26335,439333
5170,4.835589941972921,465668,26335,439333
5171,4.834654805646877,465668,26335,439333
5172,4.833720030935808,465668,26335,439333
5173,4.832785617630002,465668,26335,439333
5174,4.831851565519907,465668,26335,439333
5175,4.830917874396135,465668,26335,439333
5176,4.829984544049459,465668,26335,439333
5177,4.829051574270813,465668,26335,439333
5178,4.828118964851294,465668,26335,439333
5179,4.827186715582159,465668,26335,439333
5180,4.826254826254826,465668,26335,439333
5181,4.825323296660876,465658,26335,439323
5182,4.824392126592049,465658,26335,439323
5183,4.823461315840247,465658,26335,439323
5184,4.822530864197531,465658,26335,439323
5185,4.821600771456123,465658,26335,439323
5186,4.820671037408407,465658,26335,439323
5187,4.819741661846925,465658,26335,439323
5188,4.818812644564379,465658,26335,439323
5189,4.817883985353633,465658,26335,439323
5190,4.8169556840077075,465658,26335,439323
5191,4.816027740319784,465658,26335,439323
5192,4.815100154083205,465658,26335,439323
5193,4.814172925091469,465658,26335,439323
5194,4.813246053138236,465658,26335,439323
5195,4.8123195380173245,465658,26335,439323
5196,4.81139337952271,465658,26335,439323
5197,4.810467577448528,465658,26335,439323
5198,4.8095421315890725,465658,26335,439323
5199,4.808617041738796,465658,26335,439323
5200,4.8076923076923075,465658,26335,439323
5201,4.806767929244376,465658,26335,439323
5202,4.805843906189927,465658,26335,439323
5203,4.804920238324044,465658,26335,439323
5204,4.803996925441968,465658,26335,439323
5205,4.803073967339097,465658,26335,439323
5206,4.802151363810987,465658,26335,439323
5207,4.801229114653351,465658,26335,439323
5208,4.800307219662058,465658,26335,439323
5209,4.799385678633135,465658,26335,439323
5210,4.798464491362764,465658,26335,439323
5211,4.797543657647284,465658,26335,439323
5212,4.796623177283193,465658,26335,439323
5213,4.79570305006714,465658,26335,439323
5214,4.794783275795934,465658,26335,439323
5215,4.793863854266539,465658,26335,439323
5216,4.792944785276074,465658,26335,439323
5217,4.792026068621813,465658,26335,439323
5218,4.791107704101188,465658,26335,439323
5219,4.790189691511784,465658,26335,439323
5220,4.789272030651341,465658,26335,439323
5221,4.788354721317755,465658,26335,439323
5222,4.787437763309077,465658,26335,439323
5223,4.786521156423511,465658,26335,439323
5224,4.785604900459418,465658,26335,439323
5225,4.784688995215311,465658,26335,439323
5226,4.783773440489858,465658,26335,439323
5227,4.782858236081882,465658,26335,439323
5228,4.781943381790359,465658,26335,439323
5229,4.781028877414419,465658,26335,439323
5230,4.780114722753346,465658,26335,439323
5231,4.779200917606576,465658,26335,439323
5232,4.7782874617737,465658,26335,439323
5233,4.777374355054462,465658,26335,439323
5234,4.776461597248758,465658,26335,439323
5235,4.775549188156638,465658,26335,439323
5236,4.774637127578304,465658,26335,439323
5237,4.773725415314111,465658,26335,439323
5238,4.772814051164566,465658,26335,439323
5239,4.771903034930331,465658,26335,439323
5240,4.770992366412214,465658,26335,439323
5241,4.770082045411181,465658,26335,439323
5242,4.769172071728348,465658,26335,439323
5243,4.768262445164982,465658,26335,439323
5244,4.767353165522502,465658,26335,439323
5245,4.7664442326024785,465658,26335,439323
5246,4.765535646206634,465658,26335,439323
5247,4.76462740613684,465658,26335,439323
5248,4.763719512195122,465658,26335,439323
5249,4.762811964183654,465658,26335,439323
5250,4.761904761904762,465658,26335,439323
5251,4.760997905160922,465658,26335,439323
5252,4.76009139375476,465658,26335,439323
5253,4.759185227489054,465658,26335,439323
5254,4.75827940616673,465658,26335,439323
5255,4.757373929590866,465658,26335,439323
5256,4.756468797564688,465658,26335,439323
5257,4.7555640098915735,465658,26335,439323
5258,4.7546595663750475,465658,26335,439323
5259,4.753755466818787,465658,26335,439323
5260,4.752851711026616,465658,26335,439323
5261,4.7519482988025095,465658,26335,439323
5262,4.751045229950589,465658,26335,439323
5263,4.750142504275129,465658,26335,439323
5264,4.749240121580547,465658,26335,439323
5265,4.748338081671415,465658,26335,439323
5266,4.74743638435245,465658,26335,439323
5267,4.746535029428517,465658,26335,439323
5268,4.745634016704631,465658,26335,439323
5269,4.7447333459859555,465658,26335,439323
5270,4.743833017077799,465658,26335,439323
5271,4.742933029785619,465658,26335,439323
5272,4.742033383915023,465658,26335,439323
5273,4.741134079271762,465658,26335,439323
5274,4.740235115661736,465658,26335,439323
5275,4.739336492890995,465658,26335,439323
5276,4.7384382107657315,465658,26335,439323
5277,4.737540269092287,465658,26335,439323
5278,4.736642667677151,465658,26335,439323
5279,4.735745406326956,465658,26335,439323
5280,4.734848484848484,465658,26335,439323
5281,4.733951903048665,465658,26335,439323
5282,4.73305566073457,465658,26335,439323
5283,4.73215975771342,465658,26335,439323
5284,4.7312641937925815,465658,26335,439323
5285,4.7303689687795645,465658,26335,439323
5286,4.729474082482028,465658,26335,439323
5287,4.728579534707774,465658,26335,439323
5288,4.72768532526475,465658,26335,439323
5289,4.726791453961051,465658,26335,439323
5290,4.725897920604915,465658,26335,439323
5291,4.725004725004725,465658,26335,439323
5292,4.72411186696901,465658,26335,439323
5293,4.7232193463064425,465658,26335,439323
5294,4.722327162825841,465658,26335,439323
5295,4.721435316336166,465658,26335,439323
5296,4.720543806646526,465658,26335,439323
5297,4.719652633566169,465658,26335,439323
5298,4.718761796904492,465658,26335,439323
5299,4.717871296471032,465658,26335,439323
5300,4.716981132075472,465658,26335,439323
5301,4.716091303527636,465658,26335,439323
5302,4.715201810637495,465658,26335,439323
5303,4.714312653215162,465658,26335,439323
5304,4.71342383107089,465658,26335,439323
5305,4.71253534401508,465658,26335,439323
5306,4.711647191858273,465658,26335,439323
5307,4.710759374411155,465658,26335,439323
5308,4.709871891484552,465658,26335,439323
5309,4.708984742889433,465658,26335,439323
5310,4.708097928436912,465658,26335,439323
5311,4.707211447938241,465658,26335,439323
5312,4.706325301204819,465658,26335,439323
5313,4.705439488048183,465658,26335,439323
5314,4.704554008280015,465658,26335,439323
5315,4.703668861712136,465658,26335,439323
5316,4.702784048156508,465658,26335,439323
5317,4.70189956742524,465658,26335,439323
5318,4.7010154193305755,465658,26335,439323
5319,4.700131603684903,465658,26335,439323
5320,4.6992481203007515,465658,26335,439323
5321,4.698364968990791,465658,26335,439323
5322,4.697482149567832,465658,26335,439323
5323,4.696599661844824,465658,26335,439323
5324,4.695717505634861,465658,26335,439323
5325,4.694835680751174,465658,26335,439323
5326,4.693954187007135,465658,26335,439323
5327,4.693073024216257,465658,26335,439323
5328,4.692192192192192,465658,26335,439323
5329,4.6913116907487336,465658,26335,439323
5330,4.690431519699812,465658,26335,439323
5331,4.689551678859501,465658,26335,439323
5332,4.688672168042011,465658,26335,439323
5333,4.687792987061691,465658,26335,439323
5334,4.6869141357330335,465658,26335,439323
5335,4.686035613870666,465658,26335,439323
5336,4.685157421289356,465658,26335,439323
5337,4.68427955780401,465658,26335,439323
5338,4.683402023229674,465658,26335,439323
5339,4.682524817381532,465658,26335,439323
5340,4.681647940074907,465658,26335,439323
5341,4.6807713911252575,465658,26335,439323
5342,4.679895170348185,465658,26335,439323
5343,4.679019277559424,465658,26335,439323
5344,4.67814371257485,465658,26335,439323
5345,4.677268475210477,465658,26335,439323
5346,4.676393565282454,465658,26335,439323
5347,4.67551898260707,465658,26335,439323
5348,4.674644727000748,465658,26335,439323
5349,4.673770798280052,465658,26335,439323
5350,4.672897196261682,465658,26335,439323
5351,4.6720239207624745,465658,26335,439323
5352,4.671150971599402,465658,26335,439323
5353,4.670278348589576,465658,26335,439323
5354,4.669406051550243,465658,26335,439323
5355,4.6685340802987865,465658,26335,439323
5356,4.667662434652726,465658,26335,439323
5357,4.666791114429718,465658,26335,439323
5358,4.665920119447555,465658,26335,439323
5359,4.665049449524165,465658,26335,439323
5360,4.664179104477612,465658,26335,439323
5361,4.663309084126096,465648,26335,439313
5362,4.662439388287952,465648,26335,439313
5363,4.661570016781652,465648,26335,439313
5364,4.660700969425801,465648,26335,439313
5365,4.659832246039143,465648,26335,439313
5366,4.658963846440551,465648,26335,439313
5367,4.65809577044904,465648,26335,439313
5368,4.657228017883756,465648,26335,439313
5369,4.656360588563978,465648,26335,439313
5370,4.655493482309125,465648,26335,439313
5371,4.6546266989387455,465648,26335,439313
5372,4.6537602382725245,465648,26335,439313
5373,4.652894100130281,465648,26335,439313
5374,4.652028284331969,465648,26335,439313
5375,4.651162790697675,465648,26335,439313
5376,4.650297619047619,465648,26335,439313
5377,4.649432769202157,465648,26335,439313
5378,4.648568240981778,465648,26335,439313
5379,4.647704034207102,465648,26335,439313
5380,4.646840148698884,465648,26335,439313
5381,4.645976584278015,465648,26335,439313
5382,4.645113340765515,465648,26335,439313
5383,4.644250417982538,465648,26335,439313
5384,4.643387815750372,465648,26335,439313
5385,4.642525533890437,465648,26335,439313
5386,4.641663572224285,465648,26335,439313
5387,4.640801930573603,465648,26335,439313
5388,4.639940608760208,465648,26335,439313
5389,4.63907960660605,465648,26335,439313
5390,4.638218923933209,465648,26335,439313
5391,4.637358560563903,465648,26335,439313
5392,4.636498516320475,465648,26335,439313
5393,4.6356387910254035,465648,26335,439313
5394,4.6347793845012975,465648,26335,439313
5395,4.633920296570899,465648,26335,439313
5396,4.633061527057079,465648,26335,439313
5397,4.632203075782843,465648,26335,439313
5398,4.631344942571323,465648,26335,439313
5399,4.630487127245786,465648,26335,439313
5400,4.62962962962963,465648,26335,439313
5401,4.62877244954638,465648,26335,439313
5402,4.627915586819697,465648,26335,439313
5403,4.627059041273367,465648,26335,439313
5404,4.62620281273131,465648,26335,439313
5405,4.6253469010175765,465648,26335,439313
5406,4.624491305956345,465648,26335,439313
5407,4.6236360273719255,465648,26335,439313
5408,4.622781065088757,465648,26335,439313
5409,4.621926418931411,465648,26335,439313
5410,4.621072088724584,465648,26335,439313
5411,4.620218074293106,465648,26335,439313
5412,4.619364375461936,465648,26335,439313
5413,4.618510992056161,465648,26335,439313
5414,4.617657923900998,465648,26335,439313
5415,4.616805170821792,465648,26335,439313
5416,4.6159527326440175,465648,26335,439313
5417,4.615100609193281,465648,26335,439313
5418,4.614248800295312,465648,26335,439313
5419,4.613397305775973,465648,26335,439313
5420,4.612546125461255,465648,26335,439313
5421,4.6116952591772735,465648,26335,439313
5422,4.610844706750276,465648,26335,439313
5423,4.609994468006638,465648,26335,439313
5424,4.609144542772861,465648,26335,439313
5425,4.608294930875576,465648,26335,439313
5426,4.607445632141541,465648,26335,439313
5427,4.606596646397642,465648,26335,439313
5428,4.6057479734708915,465648,26335,439313
5429,4.604899613188432,465648,26335,439313
5430,4.6040515653775325,465648,26335,439313
5431,4.603203829865587,465648,26335,439313
5432,4.6023564064801175,465648,26335,439313
5433,4.601509295048776,465648,26335,439313
5434,4.600662495399337,465648,26335,439313
5435,4.599816007359705,465648,26335,439313
5436,4.59896983075791,465648,26335,439313
5437,4.598123965422108,465648,26335,439313
5438,4.597278411180581,465648,26335,439313
5439,4.596433167861739,465648,26335,439313
5440,4.595588235294118,465648,26335,439313
5441,4.5947436133063775,465648,26335,439313
5442,4.593899301727306,465648,26335,439313
5443,4.593055300385816,465648,26335,439313
5444,4.592211609110948,465648,26335,439313
5445,4.591368227731864,465648,26335,439313
5446,4.590525156077855,465648,26335,439313
5447,4.589682393978337,465648,26335,439313
5448,4.588839941262849,465648,26335,439313
5449,4.587997797761057,465648,26335,439313
5450,4.587155963302752,465648,26335,439313
5451,4.58631443771785,465648,26335,439313
5452,4.58547322083639,465648,26335,439313
5453,4.584632312488538,465648,26335,439313
5454,4.583791712504584,465648,26335,439313
5455,4.582951420714941,465648,26335,439313
5456,4.5821114369501466,465648,26335,439313
5457,4.581271761040865,465648,26335,439313
5458,4.580432392817882,465648,26335,439313
5459,4.5795933321121085,465648,26335,439313
5460,4.5787545787545785,465648,26335,439313
5461,4.577916132576451,465648,26335,439313
5462,4.577077993409008,465648,26335,439313
5463,4.576240161083653,465648,26335,439313
5464,4.575402635431918,465648,26335,439313
5465,4.574565416285453,465648,26335,439313
5466,4.573728503476033,465648,26335,439313
5467,4.572891896835559,465648,26335,439313
5468,4.57205559619605,465648,26335,439313
5469,4.571219601389651,465648,26335,439313
5470,4.570383912248629,465648,26335,439313
5471,4.569548528605374,465648,26335,439313
5472,4.568713450292398,465648,26335,439313
5473,4.567878677142335,465648,26335,439313
5474,4.567044208987943,465648,26335,439313
5475,4.566210045662101,465648,26335,439313
5476,4.565376186997809,465648,26335,439313
5477,4.56454263282819,465648,26335,439313
5478,4.563709382986492,465648,26335,439313
5479,4.562876437306078,465648,26335,439313
5480,4.562043795620438,465648,26335,439313
5481,4.561211457763182,465648,26335,439313
5482,4.560379423568041,465648,26335,439313
5483,4.559547692868867,465648,26335,439313
5484,4.558716265499635,465648,26335,439313
5485,4.557885141294439,465648,26335,439313
5486,4.557054320087495,465648,26335,439313
5487,4.5562238017131405,465648,26335,439313
5488,4.555393586005831,465648,26335,439313
5489,4.554563672800146,465648,26335,439313
5490,4.553734061930784,465648,26335,439313
5491,4.552904753232562,465648,26335,439313
5492,4.552075746540423,465648,26335,439313
5493,4.551247041689423,465648,26335,439313
5494,4.550418638514743,465648,26335,439313
5495,4.549590536851683,465648,26335,439313
5496,4.548762736535663,465648,26335,439313
5497,4.5479352374022195,465648,26335,439313
5498,4.547108039287013,465648,26335,439313
5499,4.546281142025823,465648,26335,439313
5500,4.545454545454546,465648,26335,439313
5501,4.5446282494091985,465648,26335,439313
5502,4.543802253725918,465648,26335,439313
5503,4.54297655824096,465648,26335,439313
5504,4.542151162790698,465648,26335,439313
5505,4.541326067211626,465648,26335,439313
5506,4.540501271340356,465648,26335,439313
5507,4.539676775013619,465648,26335,439313
5508,4.538852578068265,465648,26335,439313
5509,4.5380286803412595,465648,26335,439313
5510,4.537205081669692,465648,26335,439313
5511,4.536381781890764,465648,26335,439313
5512,4.5355587808418,465648,26335,439313
5513,4.53473607836024,465648,26335,439313
5514,4.5339136742836414,465648,26335,439313
5515,4.533091568449683,465648,26335,439313
5516,4.532269760696157,465648,26335,439313
5517,4.531448250860975,465648,26335,439313
5518,4.530627038782168,465648,26335,439313
5519,4.52980612429788,465648,26335,439313
5520,4.528985507246377,465648,26335,439313
5521,4.528165187466039,465648,26335,439313
5522,4.527345164795364,465648,26335,439313
5523,4.526525439072968,465648,26335,439313
5524,4.525706010137582,465648,26335,439313
5525,4.524886877828054,465648,26335,439313
5526,4.524068041983352,465648,26335,439313
5527,4.523249502442555,465648,26335,439313
5528,4.522431259044862,465648,26335,439313
5529,4.521613311629589,465648,26335,439313
5530,4.520795660036167,465648,26335,439313
5531,4.51997830410414,465648,26335,439313
5532,4.5191612436731745,465648,26335,439313
5533,4.518344478583047,465648,26335,439313
5534,4.517528008673653,465648,26335,439313
5535,4.5167118337850045,465648,26335,439313
5536,4.515895953757226,465648,26335,439313
5537,4.515080368430558,465648,26335,439313
5538,4.5142650776453594,465648,26335,439313
5539,4.513450081242102,465648,26335,439313
5540,4.512635379061372,465648,26335,439313
5541,4.511820970943873,465648,26335,439313
5542,4.511006856730422,465648,26335,439313
5543,4.510193036261952,465648,26335,439313
5544,4.509379509379509,465648,26335,439313
5545,4.508566275924256,465648,26335,439313
5546,4.507753335737468,465648,26335,439313
5547,4.506940688660538,465648,26335,439313
5548,4.506128334534967,465648,26335,439313
5549,4.505316273202379,465648,26335,439313
5550,4.504504504504505,465648,26335,439313
5551,4.503693028283192,465648,26335,439313
5552,4.502881844380403,465648,26335,439313
5553,4.502070952638213,465648,26335,439313
5554,4.501260352898812,465648,26335,439313
5555,4.5004500450045,465648,26335,439313
5556,4.499640028797696,465648,26335,439313
5557,4.498830304120928,465648,26335,439313
5558,4.49802087081684,465648,26335,439313
5559,4.497211728728188,465648,26335,439313
5560,4.496402877697841,465648,26335,439313
5561,4.4955943175687825,465648,26335,439313
5562,4.494786048184107,465648,26335,439313
5563,4.493978069387022,465648,26335,439313
5564,4.493170381020848,465648,26335,439313
5565,4.492362982929021,465648,26335,439313
5566,4.491555874955084,465648,26335,439313
5567,4.490749056942698,465648,26335,439313
5568,4.489942528735632,465648,26335,439313
5569,4.48913629017777,465648,26335,439313
5570,4.488330341113106,465648,26335,439313
5571,4.4875246813857474,465648,26335,439313
5572,4.486719310839914,465648,26335,439313
5573,4.485914229319936,465648,26335,439313
5574,4.485109436670255,465648,26335,439313
5575,4.484304932735426,465648,26335,439313
5576,4.483500717360115,465648,26335,439313
5577,4.482696790389098,465648,26335,439313
5578,4.481893151667264,465648,26335,439313
5579,4.481089801039613,465648,26335,439313
5580,4.480286738351254,465648,26335,439313
5581,4.479483963447411,465648,26335,439313
5582,4.478681476173414,465648,26335,439313
5583,4.477879276374709,465648,26335,439313
5584,4.477077363896848,465648,26335,439313
5585,4.476275738585497,465648,26335,439313
5586,4.47547440028643,465648,26335,439313
5587,4.474673348845534,465648,26335,439313
5588,4.473872584108805,465648,26335,439313
5589,4.4730721059223475,465648,26335,439313
5590,4.47227191413238,465648,26335,439313
5591,4.471472008585226,465648,26335,439313
5592,4.470672389127325,465648,26335,439313
5593,4.469873055605221,465648,26335,439313
5594,4.46907400786557,465648,26335,439313
5595,4.468275245755138,465648,26335,439313
5596,4.4674767691208,465648,26335,439313
5597,4.466678577809541,465648,26335,439313
5598,4.465880671668453,465648,26335,439313
5599,4.46508305054474,465648,26335,439313
5600,4.464285714285714,465648,26335,439313
5601,4.463488662738797,465648,26335,439313
5602,4.462691895751517,465648,26335,439313
5603,4.461895413171515,465648,26335,439313
5604,4.461099214846538,465648,26335,439313
5605,4.460303300624442,465648,26335,439313
5606,4.459507670353193,465648,26335,439313
5607,4.458712323880863,465648,26335,439313
5608,4.457917261055635,465648,26335,439313
5609,4.457122481725798,465648,26335,439313
5610,4.45632798573975,465648,26335,439313
5611,4.455533772945999,465648,26335,439313
5612,4.454739843193157,465648,26335,439313
5613,4.453946196329948,465648,26335,439313
5614,4.453152832205201,465648,26335,439313
5615,4.452359750667854,465648,26335,439313
5616,4.451566951566951,465648,26335,439313
5617,4.450774434751647,465648,26335,439313
5618,4.4499822000712,465648,26335,439313
5619,4.449190247374978,465648,26335,439313
5620,4.448398576512456,465648,26335,439313
5621,4.447607187333214,465648,26335,439313
5622,4.446816079686944,465648,26335,439313
5623,4.446025253423439,465648,26335,439313
5624,4.445234708392603,465648,26335,439313
5625,4.444444444444445,465648,26335,439313
5626,4.443654461429079,465648,26335,439313
5627,4.44286475919673,465541,25660,439881
5628,4.442075337597726,465541,25660,439881
5629,4.441286196482501,465541,25660,439881
5630,4.440497335701599,465541,25660,439881
5631,4.439708755105665,465541,25660,439881
5632,4.438920454545454,465541,25660,439881
5633,4.438132433871827,465541,25660,439881
5634,4.437344692935747,465541,25660,439881
5635,4.436557231588288,465541,25660,439881
5636,4.435770049680625,465541,25660,439881
5637,4.434983147064041,465541,25660,439881
5638,4.434196523589925,465541,25660,439881
5639,4.433410179109771,465541,25660,439881
5640,4.432624113475177,465541,25660,439881
5641,4.431838326537848,465541,25660,439881
5642,4.431052818149593,465541,25660,439881
5643,4.430267588162325,465541,25660,439881
5644,4.429482636428065,465541,25660,439881
5645,4.428697962798937,465541,25660,439881
5646,4.427913567127169,465541,25660,439881
5647,4.427129449265096,465541,25660,439881
5648,4.426345609065156,465541,25660,439881
5649,4.42556204637989,465541,25660,439881
5650,4.424778761061947,465541,25660,439881
5651,4.423995752964077,465541,25660,439881
5652,4.423213021939136,465541,25660,439881
5653,4.422430567840085,465541,25660,439881
5654,4.4216483905199855,465541,25660,439881
5655,4.420866489832007,465541,25660,439881
5656,4.42008486562942,465541,25660,439881
5657,4.4193035177656,465541,25660,439881
5658,4.418522446094026,465541,25660,439881
5659,4.4177416504682805,465541,25660,439881
5660,4.41696113074205,465541,25660,439881
5661,4.416180886769122,465541,25660,439881
5662,4.415400918403391,465541,25660,439881
5663,4.414621225498852,465541,25660,439881
5664,4.413841807909605,465541,25660,439881
5665,4.41306266548985,465541,25660,439881
5666,4.412283798093894,465541,25660,439881
5667,4.411505205576143,465541,25660,439881
5668,4.410726887791108,465541,25660,439881
5669,4.409948844593402,465541,25660,439881
5670,4.409171075837743,465541,25660,439881
5671,4.408393581378945,465541,25660,439881
5672,4.407616361071932,465541,25660,439881
5673,4.406839414771726,465541,25660,439881
5674,4.406062742333451,465541,25660,439881
5675,4.405286343612334,465541,25660,439881
5676,4.404510218463707,465541,25660,439881
5677,4.403734366742998,465541,25660,439881
5678,4.4029587883057415,465541,25660,439881
5679,4.402183483007572,465541,25660,439881
5680,4.401408450704225,465541,25660,439881
5681,4.4006336912515405,465541,25660,439881
5682,4.399859204505455,465541,25660,439881
5683,4.399084990322013,465541,25660,439881
5684,4.398311048557354,465541,25660,439881
5685,4.397537379067722,465541,25660,439881
5686,4.396763981709462,465541,25660,439881
5687,4.395990856339019,465541,25660,439881
5688,4.39521800281294,465541,25660,439881
5689,4.394445420987871,465541,25660,439881
5690,4.393673110720562,465541,25660,439881
5691,4.392901071867861,465541,25660,439881
5692,4.392129304286718,465541,25660,439881
5693,4.391357807834182,465541,25660,439881
5694,4.390586582367404,465499,25660,439839
5695,4.389815627743634,465499,25660,439839
5696,4.389044943820225,465499,25660,439839
5697,4.388274530454625,465499,25660,439839
5698,4.3875043875043875,465499,25660,439839
5699,4.386734514827163,465499,25660,439839
5700,4.385964912280702,465499,25660,439839
5701,4.385195579722856,465499,25660,439839
5702,4.384426517011575,465499,25660,439839
5703,4.38365772400491,465499,25660,439839
5704,4.38288920056101,465499,25660,439839
5705,4.382120946538125,465499,25660,439839
5706,4.381352961794602,465499,25660,439839
5707,4.380585246188891,465499,25660,439839
5708,4.379817799579538,465499,25660,439839
5709,4.379050621825188,465499,25660,439839
5710,4.378283712784588,465499,25660,439839
5711,4.377517072316582,465499,25660,439839
5712,4.3767507002801125,465499,25660,439839
5713,4.37598459653422,465499,25660,439839
5714,4.375218760938047,465499,25660,439839
5715,4.374453193350831,465499,25660,439839
5716,4.37368789363191,465499,25660,439839
5717,4.3729228616407205,465499,25660,439839
5718,4.372158097236796,465499,25660,439839
5719,4.371393600279769,465499,25660,439839
5720,4.370629370629371,465499,25660,439839
5721,4.369865408145429,465499,25660,439839
5722,4.369101712687871,465499,25660,439839
5723,4.368338284116722,465499,25660,439839
5724,4.367575122292103,465499,25660,439839
5725,4.366812227074236,465499,25660,439839
5726,4.366049598323437,465499,25660,439839
5727,4.365287235900122,465499,25660,439839
5728,4.364525139664805,465499,25660,439839
5729,4.363763309478094,465499,25660,439839
5730,4.363001745200698,465499,25660,439839
5731,4.362240446693422,465499,25660,439839
5732,4.361479413817166,465499,25660,439839
5733,4.360718646432932,465499,25660,439839
5734,4.359958144401814,465499,25660,439839
5735,4.3591979075850045,465499,25660,439839
5736,4.358437935843794,465499,25660,439839
5737,4.357678229039568,465499,25660,439839
5738,4.35691878703381,465499,25660,439839
5739,4.356159609688099,465499,25660,439839
5740,4.355400696864112,465499,25660,439839
5741,4.35464204842362,465499,25660,439839
5742,4.3538836642284915,465499,25660,439839
5743,4.353125544140693,465499,25660,439839
5744,4.352367688022284,465499,25660,439839
5745,4.351610095735422,465499,25660,439839
5746,4.35085276714236,465499,25660,439839
5747,4.350095702105446,465499,25660,439839
5748,4.349338900487126,465499,25660,439839
5749,4.348582362149939,465499,25660,439839
5750,4.3478260869565215,465499,25660,439839
5751,4.347070074769605,465499,25660,439839
5752,4.346314325452017,465499,25660,439839
5753,4.345558838866678,465499,25660,439839
5754,4.344803614876607,465499,25660,439839
5755,4.344048653344918,465499,25660,439839
5756,4.343293954134816,465499,25660,439839
5757,4.342539517109605,465499,25660,439839
5758,4.341785342132685,465499,25660,439839
5759,4.341031429067546,465499,25660,439839
5760,4.340277777777778,465499,25660,439839
5761,4.339524388127061,465499,25660,439839
5762,4.338771259979174,465499,25660,439839
5763,4.338018393197987,465499,25660,439839
5764,4.337265787647467,465499,25660,439839
5765,4.336513443191674,465499,25660,439839
5766,4.335761359694763,465499,25660,439839
5767,4.335009537020982,465499,25660,439839
5768,4.334257975034674,465499,25660,439839
5769,4.333506673600278,465499,25660,439839
5770,4.332755632582322,465499,25660,439839
5771,4.332004851845434,465499,25660,439839
5772,4.331254331254331,465499,25660,439839
5773,4.330504070673826,465499,25660,439839
5774,4.329754069968826,465499,25660,439839
5775,4.329004329004329,465499,25660,439839
5776,4.32825484764543,465499,25660,439839
5777,4.327505625757314,465499,25660,439839
5778,4.326756663205261,465499,25660,439839
5779,4.326007959854646,465499,25660,439839
5780,4.325259515570934,465499,25660,439839
5781,4.324511330219686,465499,25660,439839
5782,4.323763403666551,465499,25660,439839
5783,4.323015735777278,465499,25660,439839
5784,4.322268326417704,465499,25660,439839
5785,4.32152117545376,465499,25660,439839
5786,4.3207742827514695,465499,25660,439839
5787,4.320027648176948,465499,25660,439839
5788,4.319281271596406,465499,25660,439839
5789,4.318535152876144,465499,25660,439839
5790,4.317789291882556,465499,25660,439839
5791,4.317043688482127,465499,25660,439839
5792,4.316298342541437,465499,25660,439839
5793,4.3155532539271535,465499,25660,439839
5794,4.314808422506041,465499,25660,439839
5795,4.3140638481449525,465499,25660,439839
5796,4.313319530710835,465499,25660,439839
5797,4.312575470070726,465499,25660,439839
5798,4.311831666091756,465499,25660,439839
5799,4.311088118641145,465499,25660,439839
5800,4.310344827586207,465499,25660,439839
5801,4.3096017927943455,465499,25660,439839
5802,4.308859014133057,465499,25660,439839
5803,4.30811649146993,465499,25660,439839
5804,4.30737422467264,465499,25660,439839
5805,4.306632213608958,465499,25660,439839
5806,4.305890458146744,465499,25660,439839
5807,4.305148958153952,465499,25660,439839
5808,4.304407713498622,465499,25660,439839
5809,4.30366672404889,465499,25660,439839
5810,4.3029259896729775,465499,25660,439839
5811,4.302185510239202,465499,25660,439839
5812,4.301445285615967,465499,25660,439839
5813,4.30070531567177,465499,25660,439839
5814,4.299965600275198,465499,25660,439839
5815,4.299226139294927,465499,25660,439839
5816,4.298486932599725,465499,25660,439839
5817,4.29774798005845,465499,25660,439839
5818,4.297009281540048,465499,25660,439839
5819,4.296270836913559,465499,25660,439839
5820,4.29553264604811,465499,25660,439839
5821,4.294794708812919,465499,25660,439839
5822,4.294057025077293,465499,25660,439839
5823,4.29331959471063,465499,25660,439839
5824,4.292582417582418,465499,25660,439839
5825,4.291845493562231,465499,25660,439839
5826,4.291108822519739,465499,25660,439839
5827,4.290372404324695,465499,25660,439839
5828,4.289636238846946,465499,25660,439839
5829,4.2889003259564245,465499,25660,439839
5830,4.288164665523156,465499,25660,439839
5831,4.287429257417252,465499,25660,439839
5832,4.286694101508917,465499,25660,439839
5833,4.285959197668438,465499,25660,439839
5834,4.285224545766198,465499,25660,439839
5835,4.284490145672665,465499,25660,439839
5836,4.283755997258396,465499,25660,439839
5837,4.283022100394038,465499,25660,439839
5838,4.282288454950326,465499,25660,439839
5839,4.281555060798082,465499,25660,439839
5840,4.280821917808219,465499,25660,439839
5841,4.280089025851738,465499,25660,439839
5842,4.279356384799726,465499,25660,439839
5843,4.278623994523361,465499,25660,439839
5844,4.277891854893908,465499,25660,439839
5845,4.277159965782721,465499,25660,439839
5846,4.276428327061239,465499,25660,439839
5847,4.2756969386009915,465499,25660,439839
5848,4.2749658002735975,465499,25660,439839
5849,4.274234911950761,465499,25660,439839
5850,4.273504273504273,465499,25660,439839
5851,4.272773884806016,465499,25660,439839
5852,4.272043745727956,465499,25660,439839
5853,4.271313856142149,465499,25660,439839
5854,4.270584215920738,465499,25660,439839
5855,4.269854824935952,465499,25660,439839
5856,4.26912568306011,465499,25660,439839
5857,4.268396790165614,465499,25660,439839
5858,4.267668146124957,465499,25660,439839
5859,4.266939750810718,465499,25660,439839
5860,4.266211604095563,465499,25660,439839
5861,4.265483705852244,465499,25660,439839
5862,4.264756055953599,465499,25660,439839
5863,4.264028654272557,465499,25660,439839
5864,4.263301500682128,465499,25660,439839
5865,4.262574595055414,465499,25660,439839
5866,4.261847937265598,465499,25660,439839
5867,4.2611215271859555,465499,25660,439839
5868,4.260395364689844,465499,25660,439839
5869,4.2596694496507075,465499,25660,439839
5870,4.258943781942079,465499,25660,439839
5871,4.258218361437574,465499,25660,439839
5872,4.2574931880108995,465499,25660,439839
5873,4.256768261535842,465499,25660,439839
5874,4.256043581886279,465499,25660,439839
5875,4.25531914893617,465499,25660,439839
5876,4.2545949625595645,465499,25660,439839
5877,4.253871022630594,465499,25660,439839
5878,4.253147329023477,465499,25660,439839
5879,4.252423881612519,465499,25660,439839
5880,4.2517006802721085,465499,25660,439839
5881,4.250977724876722,465499,25660,439839
5882,4.250255015300918,465499,25660,439839
5883,4.249532551419344,465499,25660,439839
5884,4.24881033310673,465499,25660,439839
5885,4.248088360237893,465499,25660,439839
5886,4.247366632687734,465499,25660,439839
5887,4.246645150331238,465499,25660,439839
5888,4.2459239130434785,465499,25660,439839
5889,4.24520292069961,465499,25660,439839
5890,4.244482173174872,465499,25660,439839
5891,4.243761670344593,465499,25660,439839
5892,4.243041412084182,465499,25660,439839
5893,4.242321398269133,465499,25660,439839
5894,4.241601628775025,465499,25660,439839
5895,4.2408821034775235,465499,25660,439839
5896,4.240162822252374,465499,25660,439839
5897,4.239443784975411,465499,25660,439839
5898,4.23872499152255,465499,25660,439839
5899,4.238006441769792,465499,25660,439839
5900,4.237288135593221,465499,25660,439839
5901,4.236570072869005,465499,25660,439839
5902,4.235852253473399,465499,25660,439839
5903,4.235134677282738,465499,25660,439839
5904,4.234417344173441,465499,25660,439839
5905,4.233700254022016,465499,25660,439839
5906,4.232983406705046,465499,25660,439839
5907,4.232266802099204,465499,25660,439839
5908,4.231550440081246,465499,25660,439839
5909,4.230834320528008,465499,25660,439839
5910,4.230118443316413,465499,25660,439839
5911,4.2294028083234645,465499,25660,439839
5912,4.2286874154262515,465499,25660,439839
5913,4.227972264501945,465499,25660,439839
5914,4.227257355427798,465499,25660,439839
5915,4.22654268808115,465499,25660,439839
5916,4.2258282623394186,465499,25660,439839
5917,4.225114078080108,465499,25660,439839
5918,4.2244001351808045,465499,25660,439839
5919,4.223686433519176,465499,25660,439839
5920,4.222972972972973,465499,25660,439839
5921,4.222259753420031,465499,25660,439839
5922,4.221546774738264,465499,25660,439839
5923,4.220834036805673,465499,25660,439839
5924,4.2201215395003375,465499,25660,439839
5925,4.219409282700422,465499,25660,439839
5926,4.218697266284171,465499,25660,439839
5927,4.217985490129914,465499,25660,439839
5928,4.2172739541160595,465499,25660,439839
5929,4.2165626581210995,465499,25660,439839
5930,4.2158516020236085,465499,25660,439839
5931,4.215140785702243,465499,25660,439839
5932,4.214430209035738,465499,25660,439839
5933,4.213719871902916,465499,25660,439839
5934,4.213009774182676,465499,25660,439839
5935,4.212299915754001,465499,25660,439839
5936,4.211590296495957,465499,25660,439839
5937,4.210880916287687,465499,25660,439839
5938,4.21017177500842,465499,25660,439839
5939,4.209462872537464,465499,25660,439839
5940,4.2087542087542085,465499,25660,439839
5941,4.208045783538125,465499,25660,439839
5942,4.207337596768765,465499,25660,439839
5943,4.2066296483257615,465499,25660,439839
5944,4.205921938088829,465499,25660,439839
5945,4.205214465937763,465499,25660,439839
5946,4.204507231752439,465499,25660,439839
5947,4.203800235412813,465499,25660,439839
5948,4.203093476798924,465499,25660,439839
5949,4.202386955790889,465499,25660,439839
5950,4.201680672268908,465499,25660,439839
5951,4.200974626113259,465499,25660,439839
5952,4.200268817204301,465499,25660,439839
5953,4.1995632454224765,465499,25660,439839
5954,4.198857910648304,465499,25660,439839
5955,4.198152812762385,465499,25660,439839
5956,4.197447951645399,465499,25660,439839
5957,4.19674332717811,465328,25359,439969
5958,4.196038939241356,465328,25359,439969
5959,4.195334787716059,465328,25359,439969
5960,4.194630872483222,465328,25359,439969
5961,4.193927193423922,465328,25359,439969
5962,4.193223750419322,465328,25359,439969
5963,4.192520543350662,465328,25359,439969
5964,4.1918175720992625,465328,25359,439969
5965,4.191114836546522,465328,25359,439969
5966,4.190412336573919,465328,25359,439969
5967,4.189710072063013,465328,25359,439969
5968,4.189008042895442,465328,25359,439969
5969,4.188306248952923,465328,25359,439969
5970,4.187604690117253,465328,25359,439969
5971,4.186903366270307,465328,25359,439969
5972,4.186202277294039,465328,25359,439969
5973,4.185501423070484,465328,25359,439969
5974,4.184800803481754,465328,25359,439969
5975,4.184100418410042,465328,25359,439969
5976,4.183400267737617,465328,25359,439969
5977,4.1827003513468295,465328,25359,439969
5978,4.182000669120107,465328,25359,439969
5979,4.1813012209399565,465328,25359,439969
5980,4.1806020066889635,465328,25359,439969
5981,4.179903026249791,465328,25359,439969
5982,4.179204279505182,465328,25359,439969
5983,4.178505766337958,465328,25359,439969
5984,4.177807486631016,465328,25359,439969
5985,4.177109440267335,465328,25359,439969
5986,4.17641162712997,465328,25359,439969
5987,4.175714047102055,465328,25359,439969
5988,4.1750167000668,465328,25359,439969
5989,4.174319585907497,465328,25359,439969
5990,4.173622704507513,465328,25359,439969
5991,4.172926055750292,465328,25359,439969
5992,4.172229639519359,465328,25359,439969
5993,4.171533455698315,465328,25359,439969
5994,4.170837504170837,465328,25359,439969
5995,4.170141784820684,465328,25359,439969
5996,4.169446297531688,465328,25359,439969
5997,4.16875104218776,465328,25359,439969
5998,4.168056018672891,465328,25359,439969
5999,4.1673612268711455,465328,25359,439969
6000,4.166666666666667,465328,25359,439969
6001,4.165972337943676,465328,25359,439969
6002,4.1652782405864714,465328,25359,439969
6003,4.164584374479427,465328,25359,439969
6004,4.1638907395069955,465328,25359,439969
6005,4.163197335553705,465328,25359,439969
6006,4.162504162504162,465328,25359,439969
6007,4.16181122024305,465328,25359,439969
6008,4.161118508655126,465328,25359,439969
6009,4.1604260276252285,465328,25359,439969
6010,4.159733777038269,465328,25359,439969
6011,4.159041756779238,465328,25359,439969
6012,4.1583499667332005,465328,25359,439969
6013,4.157658406785298,465328,25359,439969
6014,4.156967076820751,465328,25359,439969
6015,4.156275976724855,465328,25359,439969
6016,4.155585106382978,465328,25359,439969
6017,4.154894465680572,465328,25359,439969
6018,4.1542040545031576,465328,25359,439969
6019,4.153513872736335,465328,25359,439969
6020,4.152823920265781,465328,25359,439969
6021,4.152134196977246,465328,25359,439969
6022,4.151444702756559,465328,25359,439969
6023,4.150755437489623,465328,25359,439969
6024,4.150066401062417,465328,25359,439969
6025,4.149377593360996,465328,25359,439969
6026,4.14868901427149,465328,25359,439969
6027,4.148000663680106,465328,25359,439969
6028,4.147312541473125,465328,25359,439969
6029,4.146624647536905,465328,25359,439969
6030,4.1459369817578775,465328,25359,439969
6031,4.14524954402255,465328,25359,439969
6032,4.144562334217507,465328,25359,439969
6033,4.143875352229405,465328,25359,439969
6034,4.143188597944978,465328,25359,439969
6035,4.142502071251036,465328,25359,439969
6036,4.14181577203446,465328,25359,439969
6037,4.141129700182209,465328,25359,439969
6038,4.140443855581318,465328,25359,439969
6039,4.139758238118894,465328,25359,439969
6040,4.139072847682119,465328,25359,439969
6041,4.138387684158252,465328,25359,439969
6042,4.137702747434624,465328,25359,439969
6043,4.137018037398643,464952,25359,439593
6044,4.1363335539377895,464952,25359,439593
6045,4.1356492969396195,464952,25359,439593
6046,4.134965266291763,464952,25359,439593
6047,4.134281461881925,464952,25359,439593
6048,4.133597883597884,464952,25359,439593
6049,4.132914531327492,464952,25359,439593
6050,4.132231404958677,464952,25359,439593
6051,4.131548504379442,464952,25359,439593
6052,4.130865829477859,464952,25359,439593
6053,4.130183380142078,464952,25359,439593
6054,4.129501156260324,464952,25359,439593
6055,4.1288191577208915,464952,25359,439593
6056,4.128137384412153,464952,25359,439593
6057,4.127455836222553,464952,25359,439593
6058,4.1267745130406075,464952,25359,439593
6059,4.12609341475491,464952,25359,439593
6060,4.125412541254126,464952,25359,439593
6061,4.1247318924269925,464952,25359,439593
6062,4.124051468162323,464962,25359,439603
6063,4.123371268349002,464962,25359,439603
6064,4.12269129287599,464962,25359,439603
6065,4.122011541632316,464962,25359,439603
6066,4.121332014507089,464962,25359,439603
6067,4.120652711389484,464962,25359,439603
6068,4.119973632168755,464962,25359,439603
6069,4.119294776734223,464962,25359,439603
6070,4.118616144975288,464962,25359,439603
6071,4.11793773678142,464962,25359,439603
6072,4.117259552042161,464962,25359,439603
6073,4.116581590647127,464962,25359,439603
6074,4.115903852486006,464962,25359,439603
6075,4.11522633744856,464962,25359,439603
6076,4.114549045424622,464962,25359,439603
6077,4.113871976304098,464962,25359,439603
6078,4.113195129976966,464962,25359,439603
6079,4.112518506333278,464962,25359,439603
6080,4.1118421052631575,464962,25359,439603
6081,4.1111659266568,464962,25359,439603
6082,4.110489970404473,464962,25359,439603
6083,4.109814236396515,464962,25359,439603
6084,4.10913872452334,464962,25359,439603
6085,4.108463434675431,464962,25359,439603
6086,4.107788366743345,464962,25359,439603
6087,4.10711352061771,464962,25359,439603
6088,4.106438896189225,464962,25359,439603
6089,4.105764493348661,464962,25359,439603
6090,4.105090311986864,464962,25359,439603
6091,4.104416351994747,464962,25359,439603
6092,4.103742613263296,464962,25359,439603
6093,4.103069095683571,464962,25359,439603
6094,4.102395799146701,464962,25359,439603
6095,4.1017227235438884,464962,25359,439603
6096,4.101049868766404,464962,25359,439603
6097,4.100377234705593,464962,25359,439603
6098,4.09970482125287,464962,25359,439603
6099,4.099032628299721,464962,25359,439603
6100,4.098360655737705,464962,25359,439603
6101,4.097688903458449,464962,25359,439603
6102,4.097017371353655,464962,25359,439603
6103,4.096346059315091,464962,25359,439603
6104,4.095674967234601,464962,25359,439603
6105,4.095004095004095,464962,25359,439603
6106,4.094333442515558,464901,25359,439542
6107,4.093663009661045,464901,25359,439542
6108,4.092992796332679,464901,25359,439542
6109,4.092322802422655,464901,25359,439542
6110,4.091653027823241,464901,25359,439542
6111,4.090983472426771,464901,25359,439542
6112,4.090314136125654,464901,25359,439542
6113,4.089645018812367,464901,25359,439542
6114,4.088976120379457,464901,25359,439542
6115,4.088307440719542,464901,25359,439542
6116,4.087638979725311,464901,25359,439542
6117,4.086970737289521,464901,25359,439542
6118,4.086302713305002,464901,25359,439542
6119,4.085634907664651,464720,25432,439288
6120,4.084967320261438,464720,25432,439288
6121,4.084299950988401,464720,25432,439288
6122,4.0836327997386475,464720,25432,439288
6123,4.082965866405357,464720,25432,439288
6124,4.082299150881776,464720,25432,439288
6125,4.081632653061225,464720,25432,439288
6126,4.0809663728370875,464720,25432,439288
6127,4.080300310102824,464720,25432,439288
6128,4.079634464751958,464720,25432,439288
6129,4.078968836678087,464720,25432,439288
6130,4.078303425774878,464720,25432,439288
6131,4.077638231936063,464720,25432,439288
6132,4.076973255055447,464720,25432,439288
6133,4.076308495026904,464720,25432,439288
6134,4.075643951744375,464720,25432,439288
6135,4.074979625101874,464720,25432,439288
6136,4.074315514993481,464720,25432,439288
6137,4.073651621313346,464720,25432,439288
6138,4.0729879439556855,464720,25432,439288
6139,4.072324482814791,464720,25432,439288
6140,4.071661237785016,464720,25432,439288
6141,4.0709982087607886,464720,25432,439288
6142,4.070335395636601,464720,25432,439288
6143,4.069672798307016,464720,25432,439288
6144,4.069010416666667,464720,25432,439288
6145,4.068348250610252,464720,25432,439288
6146,4.067686300032541,464720,25432,439288
6147,4.067024564828372,464720,25432,439288
6148,4.066363044892648,464720,25432,439288
6149,4.065701740120344,464720,25432,439288
6150,4.065040650406504,464720,25432,439288
6151,4.064379775646237,464720,25432,439288
6152,4.06371911573472,464720,25432,439288
6153,4.063058670567203,464720,25432,439288
6154,4.062398440038999,464720,25432,439288
6155,4.061738424045491,464720,25432,439288
6156,4.061078622482131,464720,25432,439288
6157,4.060419035244437,464720,25432,439288
6158,4.059759662227996,464720,25432,439288
6159,4.059100503328462,464720,25432,439288
6160,4.058441558441558,464720,25432,439288
6161,4.0577828274630745,464720,25432,439288
6162,4.057124310288867,464720,25432,439288
6163,4.056466006814863,464720,25432,439288
6164,4.055807916937054,464720,25432,439288
6165,4.0551500405515,464720,25432,439288
6166,4.05449237755433,464720,25432,439288
6167,4.053834927841739,464720,25432,439288
6168,4.053177691309987,464720,25432,439288
6169,4.052520667855406,464720,25432,439288
6170,4.051863857374392,464720,25432,439288
6171,4.05120725976341,464720,25432,439288
6172,4.050550874918989,464720,25432,439288
6173,4.049894702737729,464720,25432,439288
6174,4.049238743116294,464720,25432,439288
6175,4.048582995951417,464720,25432,439288
6176,4.0479274611398965,464720,25432,439288
6177,4.047272138578598,464720,25432,439288
6178,4.046617028164454,464720,25432,439288
6179,4.045962129794465,464720,25432,439288
6180,4.0453074433656955,464720,25432,439288
6181,4.044652968775279,464720,25432,439288
6182,4.043998705920414,464720,25432,439288
6183,4.043344654698367,464720,25432,439288
6184,4.042690815006468,464720,25432,439288
6185,4.042037186742118,464720,25432,439288
6186,4.04138376980278,464720,25432,439288
6187,4.040730564085987,464720,25432,439288
6188,4.040077569489334,464720,25432,439288
6189,4.039424785910486,464720,25432,439288
6190,4.038772213247173,464720,25432,439288
6191,4.038119851397189,464720,25432,439288
6192,4.037467700258398,464720,25432,439288
6193,4.036815759728726,464720,25432,439288
6194,4.036164029706168,464720,25432,439288
6195,4.035512510088782,464720,25432,439288
6196,4.034861200774693,464720,25432,439288
6197,4.034210101662095,464720,25432,439288
6198,4.033559212649242,464720,25432,439288
6199,4.0329085336344574,464720,25432,439288
6200,4.032258064516129,464720,25432,439288
6201,4.031607805192711,464720,25432,439288
6202,4.030957755562722,464720,25432,439288
6203,4.030307915524746,464720,25432,439288
6204,4.029658284977434,464720,25432,439288
6205,4.0290088638195005,464720,25432,439288
6206,4.028359651949726,464720,25432,439288
6207,4.0277106492669565,464720,25432,439288
6208,4.027061855670103,464720,25432,439288
6209,4.026413271058141,464720,25432,439288
6210,4.025764895330113,464720,25432,439288
6211,4.0251167283851235,464720,25432,439288
6212,4.024468770122344,464720,25432,439288
6213,4.0238210204410105,464720,25432,439288
6214,4.023173479240425,464720,25432,439288
6215,4.022526146419952,464720,25432,439288
6216,4.0218790218790215,464720,25432,439288
6217,4.0212321055171305,464720,25432,439288
6218,4.0205853972338375,464720,25432,439288
6219,4.019938896928767,464720,25432,439288
6220,4.019292604501608,464720,25432,439288
6221,4.018646519852114,464720,25432,439288
6222,4.018000642880103,464701,25432,439269
6223,4.017354973485457,464701,25432,439269
6224,4.0167095115681235,464701,25432,439269
6225,4.016064257028113,464701,25432,439269
6226,4.0154192097655,464701,25432,439269
6227,4.014774369680424,464701,25432,439269
6228,4.014129736673089,464701,25432,439269
6229,4.013485310643763,464701,25432,439269
6230,4.012841091492777,464701,25432,439269
6231,4.012197079120527,464701,25432,439269
6232,4.011553273427471,464701,25432,439269
6233,4.010909674314134,464701,25432,439269
6234,4.010266281681104,464701,25432,439269
6235,4.0096230954290295,464701,25432,439269
6236,4.008980115458628,464701,25432,439269
6237,4.008337341670675,464701,25432,439269
6238,4.007694773966015,464701,25432,439269
6239,4.007052412245552,464701,25432,439269
6240,4.006410256410256,464701,25432,439269
6241,4.00576830636116,464701,25432,439269
6242,4.005126561999359,464701,25432,439269
6243,4.004485023226013,464701,25432,439269
6244,4.003843689942345,464701,25432,439269
6245,4.00320256204964,464701,25432,439269
6246,4.002561639449247,464701,25432,439269
6247,4.00192092204258,464701,25432,439269
6248,4.001280409731114,464701,25432,439269
6249,4.000640102416386,464701,25432,439269
6250,4,464701,25432,439269
6251,3.9993601023836187,464701,25432,439269
6252,3.99872040946897,464701,25432,439269
6253,3.998080921157844,464701,25432,439269
6254,3.9974416373520945,464701,25432,439269
6255,3.9968025579536373,464701,25432,439269
6256,3.99616368286445,464641,25035,439606
6257,3.995525011986575,464641,25035,439606
6258,3.9948865452221156,464555,25035,439520
6259,3.9942482824732384,464555,25035,439520
6260,3.9936102236421727,464555,25035,439520
6261,3.992972368631209,464555,25035,439520
6262,3.992334717342702,464555,25035,439520
6263,3.9916972696790674,464555,25035,439520
6264,3.9910600255427844,464555,25035,439520
6265,3.9904229848363926,464565,25035,439530
6266,3.989786147462496,464565,25035,439530
6267,3.9891495133237593,464565,25035,439530
6268,3.98851308232291,464565,25035,439530
6269,3.9878768543627374,464565,25035,439530
6270,3.9872408293460926,464565,25035,439530
6271,3.986605007175889,464565,25035,439530
6272,3.985969387755102,464565,25035,439530
6273,3.9853339709867686,464565,25035,439530
6274,3.9846987567739878,464565,25035,439530
6275,3.9840637450199203,464565,25035,439530
6276,3.9834289356277885,464565,25035,439530
6277,3.982794328500876,464565,25035,439530
6278,3.9821599235425293,464565,25035,439530
6279,3.9815257206561556,464565,25035,439530
6280,3.9808917197452227,464565,25035,439530
6281,3.980257920713262,464565,25035,439530
6282,3.979624323463865,464565,25035,439530
6283,3.9789909279006843,464565,25035,439530
6284,3.9783577339274347,464565,25035,439530
6285,3.977724741447892,464565,25035,439530
6286,3.9770919503658924,464565,25035,439530
6287,3.9764593605853347,464565,25035,439530
6288,3.975826972010178,464565,25035,439530
6289,3.975194784544443,464565,25035,439530
6290,3.97456279809221,464565,25035,439530
6291,3.973931012557622,464565,25035,439530
6292,3.9732994278448825,464565,25035,439530
6293,3.9726680438582553,464565,25035,439530
6294,3.9720368605020653,464565,25035,439530
6295,3.971405877680699,464565,25035,439530
6296,3.9707750952986025,464565,25035,439530
6297,3.9701445132602826,464565,25035,439530
6298,3.969514131470308,464565,25035,439530
6299,3.968883949833307,464565,25035,439530
6300,3.9682539682539684,464565,25035,439530
6301,3.9676241866370416,464565,25035,439530
6302,3.9669946048873372,464565,25035,439530
6303,3.9663652229097255,464565,25035,439530
6304,3.965736040609137,464565,25035,439530
6305,3.965107057890563,464565,25035,439530
6306,3.964478274659055,464565,25035,439530
6307,3.9638496908197243,464565,25035,439530
6308,3.9632213062777426,464565,25035,439530
6309,3.962593120938342,464565,25035,439530
6310,3.9619651347068148,464565,25035,439530
6311,3.961337347488512,464565,25035,439530
6312,3.9607097591888465,464565,25035,439530
6313,3.96008236971329,464565,25035,439530
6314,3.959455178967374,464565,25035,439530
6315,3.9588281868566906,464565,25035,439530
6316,3.9582013932868905,464565,25035,439530
6317,3.9575747981636855,464565,25035,439530
6318,3.9569484013928458,464565,25035,439530
6319,3.9563222028802025,464565,25035,439530
6320,3.9556962025316458,464565,25035,439530
6321,3.9550704002531245,464565,25035,439530
6322,3.9544447959506486,464565,25035,439530
6323,3.9538193895302864,464565,25035,439530
6324,3.9531941808981657,464565,25035,439530
6325,3.952569169960474,464565,25035,439530
6326,3.951944356623459,464565,25035,439530
6327,3.951319740793425,464565,25035,439530
6328,3.9506953223767383,464565,25035,439530
6329,3.950071101279823,464565,25035,439530
6330,3.949447077409163,464565,25035,439530
6331,3.9488232506713,464565,25035,439530
6332,3.9481996209728365,464565,25035,439530
6333,3.9475761882204328,464565,25035,439530
6334,3.9469529523208084,464565,25035,439530
6335,3.946329913180742,464565,25035,439530
6336,3.9457070707070705,464565,25035,439530
6337,3.9450844248066907,464565,25035,439530
6338,3.9444619753865573,464565,25035,439530
6339,3.9438397223536836,464565,25035,439530
6340,3.943217665615142,464565,25035,439530
6341,3.942595805078063,464565,25035,439530
6342,3.9419741406496374,464565,25035,439530
6343,3.941352672237112,464565,25035,439530
6344,3.940731399747793,464565,25035,439530
6345,3.9401103230890464,464565,25035,439530
6346,3.939489442168295,464565,25035,439530
6347,3.9388687568930205,464565,25035,439530
6348,3.9382482671707626,464565,25035,439530
6349,3.9376279729091195,464565,25035,439530
6350,3.937007874015748,464565,25035,439530
6351,3.9363879703983624,464565,25035,439530
6352,3.9357682619647356,464565,25035,439530
6353,3.935148748622698,464565,25035,439530
6354,3.9345294302801386,464565,25035,439530
6355,3.933910306845004,464565,25035,439530
6356,3.9332913782252987,464565,25035,439530
6357,3.9326726443290863,464565,25035,439530
6358,3.9320541050644855,464565,25035,439530
6359,3.931435760339676,464565,25035,439530
6360,3.930817610062893,464565,25035,439530
6361,3.9301996541424304,464565,25035,439530
6362,3.9295818924866395,464565,25035,439530
6363,3.928964325003929,464565,25035,439530
6364,3.9283469516027654,464565,25035,439530
6365,3.927729772191673,464565,25035,439530
6366,3.9271127866792335,464565,25035,439530
6367,3.926495994974085,464565,25035,439530
6368,3.9258793969849246,464565,25035,439530
6369,3.9252629926205054,464565,25035,439530
6370,3.924646781789639,464565,25035,439530
6371,3.9240307644011927,464565,25035,439530
6372,3.923414940364093,464565,25035,439530
6373,3.9227993095873215,464565,25035,439530
6374,3.9221838719799185,464565,25035,439530
6375,3.9215686274509802,464565,25035,439530
6376,3.920953575909661,464565,25035,439530
6377,3.920338717265172,464565,25035,439530
6378,3.9197240514267797,464565,25035,439530
6379,3.9191095783038095,464565,25035,439530
6380,3.9184952978056424,464565,25035,439530
6381,3.9178812098417177,464565,25035,439530
6382,3.917267314321529,464565,25035,439530
6383,3.9166536111546293,464565,25035,439530
6384,3.9160401002506267,464565,25035,439530
6385,3.9154267815191854,464565,25035,439530
6386,3.914813654870028,464565,25035,439530
6387,3.9142007202129325,464357,25035,439322
6388,3.913587977457733,464357,25035,439322
6389,3.9129754265143215,464357,25035,439322
6390,3.912363067292645,464357,25035,439322
6391,3.911750899702707,464357,25035,439322
6392,3.911138923654568,464175,25246,438929
6393,3.910527139058345,464175,25246,438929
6394,3.90991554582421,464175,25246,438929
6395,3.9093041438623923,464175,25246,438929
6396,3.908692933083177,464175,25246,438929
6397,3.908081913396905,464175,25246,438929
6398,3.9074710847139733,464175,25246,438929
6399,3.906860446944835,464175,25246,438929
6400,3.90625,464175,25246,438929
6401,3.905639743790033,464175,25246,438929
6402,3.9050296782255547,464175,25246,438929
6403,3.904419803217242,464175,25246,438929
6404,3.9038101186758274,464175,25246,438929
6405,3.9032006245121,464066,25246,438820
6406,3.902591320636903,464066,25246,438820
6407,3.901982206961136,464066,25246,438820
6408,3.9013732833957553,464066,25246,438820
6409,3.900764549851771,464066,25246,438820
6410,3.9001560062402496,464066,25246,438820
6411,3.899547652472313,464066,25246,438820
6412,3.8989394884591393,464066,25246,438820
6413,3.89833151411196,464066,25246,438820
6414,3.897723729342064,464066,25246,438820
6415,3.897116134060795,464066,25246,438820
6416,3.896508728179551,464066,25246,438820
6417,3.8959015116097864,464066,25246,438820
6418,3.8952944842630104,464066,25246,438820
6419,3.894687646050787,464066,25246,438820
6420,3.8940809968847354,464066,25246,438820
6421,3.89347453667653,464066,25246,438820
6422,3.892868265337901,464066,25246,438820
6423,3.892262182780632,464066,25246,438820
6424,3.891656288916563,464066,25246,438820
6425,3.8910505836575875,464066,25246,438820
6426,3.890445066915655,464066,25246,438820
6427,3.8898397386027694,464066,25246,438820
6428,3.8892345986309893,464066,25246,438820
6429,3.888629646912428,464066,25246,438820
6430,3.8880248833592534,464066,25246,438820
6431,3.8874203078836884,464066,25246,438820
6432,3.88681592039801,464066,25246,438820
6433,3.88621172081455,464066,25246,438820
6434,3.885607709045695,464066,25246,438820
6435,3.885003885003885,464066,25246,438820
6436,3.884400248601616,464066,25246,438820
6437,3.883796799751437,464066,25246,438820
6438,3.883193538365952,464066,25246,438820
6439,3.8825904643578197,464066,25246,438820
6440,3.8819875776397517,464066,25246,438820
6441,3.881384878124515,464066,25246,438820
6442,3.8807823657249303,464066,25246,438820
6443,3.8801800403538724,464066,25246,438820
6444,3.8795779019242707,464066,25246,438820
6445,3.878975950349108,464066,25246,438820
6446,3.878374185541421,464066,25246,438820
6447,3.8777726074143013,464066,25246,438820
6448,3.8771712158808933,464066,25246,438820
6449,3.876570010854396,464066,25246,438820
6450,3.875968992248062,464066,25246,438820
6451,3.8753681599751975,464066,25246,438820
6452,3.874767513949163,464066,25246,438820
6453,3.874167054083372,464066,25246,438820
6454,3.8735667802912923,464066,25246,438820
6455,3.8729666924864445,464066,25246,438820
6456,3.872366790582404,464066,25246,438820
6457,3.8717670744927983,464066,25246,438820
6458,3.87116754413131,464066,25246,438820
6459,3.870568199411674,464066,25246,438820
6460,3.869969040247678,464066,25246,438820
6461,3.869370066553165,464066,25246,438820
6462,3.8687712782420305,464066,25246,438820
6463,3.868172675228222,464066,25246,438820
6464,3.867574257425743,464066,25246,438820
6465,3.8669760247486464,464066,25246,438820
6466,3.8663779771110423,464066,25246,438820
6467,3.8657801144270914,464066,25246,438820
6468,3.865182436611008,464066,25246,438820
6469,3.86458494357706,464066,25246,438820
6470,3.8639876352395675,464066,25246,438820
6471,3.863390511512904,464066,25246,438820
6472,3.862793572311496,464066,25246,438820
6473,3.8621968175498225,464066,25246,438820
6474,3.861600247142416,464066,25246,438820
6475,3.861003861003861,464066,25246,438820
6476,3.8604076590487955,464066,25246,438820
6477,3.85981164119191,464066,25246,438820
6478,3.859215807347947,464066,25246,438820
6479,3.8586201574317025,464066,25246,438820
6480,3.8580246913580245,464066,25246,438820
6481,3.8574294090418144,464066,25246,438820
6482,3.856834310398025,464066,25246,438820
6483,3.856239395341663,464066,25246,438820
6484,3.8556446637877855,464066,25246,438820
6485,3.8550501156515034,464066,25246,438820
6486,3.8544557508479804,464066,25246,438820
6487,3.853861569292431,464066,25246,438820
6488,3.8532675709001234,464066,25246,438820
6489,3.852673755586377,464066,25246,438820
6490,3.852080123266564,464066,25246,438820
6491,3.8514866738561087,464066,25246,438820
6492,3.850893407270487,464066,25246,438820
6493,3.8503003234252273,464066,25246,438820
6494,3.8497074222359102,464066,25246,438820
6495,3.849114703618168,464066,25246,438820
6496,3.8485221674876846,464066,25246,438820
6497,3.847929813760197,464066,25246,438820
6498,3.847337642351493,464066,25246,438820
6499,3.846745653177412,464066,25246,438820
6500,3.8461538461538463,464066,25246,438820
6501,3.845562221196739,464066,25246,438820
6502,3.8449707782220854,464066,25246,438820
6503,3.8443795171459327,464066,25246,438820
6504,3.843788437884379,464066,25246,438820
6505,3.8431975403535743,464066,25246,438820
6506,3.8426068244697205,464066,25246,438820
6507,3.84201629014907,464066,25246,438820
6508,3.8414259373079287,464066,25246,438820
6509,3.8408357658626517,464066,25246,438820
6510,3.8402457757296466,464066,25246,438820
6511,3.8396559668253722,464066,25246,438820
6512,3.839066339066339,464066,25246,438820
6513,3.838476892369108,464066,25246,438820
6514,3.8378876266502915,464066,25246,438820
6515,3.837298541826554,464066,25246,438820
6516,3.8367096378146104,464066,25246,438820
6517,3.836120914531226,464066,25246,438820
6518,3.8355323718932186,464066,25246,438820
6519,3.8349440098174568,464066,25246,438820
6520,3.834355828220859,464066,25246,438820
6521,3.8337678270203956,464066,25246,438820
6522,3.833180006133088,464066,25246,438820
6523,3.832592365476008,464066,25246,438820
6524,3.8320049049662783,464066,25246,438820
6525,3.8314176245210727,464066,25246,438820
6526,3.8308305240576157,464066,25246,438820
6527,3.8302436034931824,464066,25246,438820
6528,3.829656862745098,464066,25246,438820
6529,3.8290703017307397,464066,25246,438820
6530,3.8284839203675345,464066,25246,438820
6531,3.82789771857296,464066,25246,438820
6532,3.8273116962645437,464066,25246,438820
6533,3.826725853359865,464066,25246,438820
6534,3.8261401897765532,464066,25246,438820
6535,3.8255547054322876,464066,25246,438820
6536,3.824969400244798,464066,25246,438820
6537,3.824384274131865,464066,25246,438820
6538,3.8237993270113186,464066,25246,438820
6539,3.8232145588010398,464066,25246,438820
6540,3.8226299694189603,464066,25246,438820
6541,3.822045558783061,464066,25246,438820
6542,3.821461326811373,464066,25246,438820
6543,3.820877273421978,464066,25246,438820
6544,3.8202933985330074,464066,25246,438820
6545,3.819709702062643,464066,25246,438820
6546,3.819126183929117,464066,25246,438820
6547,3.81854284405071,464066,25246,438820
6548,3.8179596823457542,464066,25246,438820
6549,3.8173766987326307,463616,25246,438370
6550,3.816793893129771,463616,25246,438370
6551,3.8162112654556557,463616,25246,438370
6552,3.815628815628816,463616,25246,438370
6553,3.8150465435678313,463616,25246,438370
6554,3.8144644491913335,463616,25246,438370
6555,3.8138825324180017,463616,25246,438370
6556,3.813300793166565,463616,25246,438370
6557,3.812719231355803,463616,25246,438370
6558,3.812137846904544,463616,25246,438370
6559,3.8115566397316663,463616,25246,438370
6560,3.8109756097560976,463616,25246,438370
6561,3.8103947568968146,463616,25246,438370
6562,3.809814081072844,463616,25246,438370
6563,3.8092335822032606,463616,25246,438370
6564,3.8086532602071905,463616,25246,438370
6565,3.808073115003808,463616,25246,438370
6566,3.807493146512336,463616,25246,438370
6567,3.806913354652048,463616,25246,438370
6568,3.8063337393422656,463616,25246,438370
6569,3.8057543005023597,463616,25246,438370
6570,3.8051750380517504,463616,25246,438370
6571,3.8045959519099073,463616,25246,438370
6572,3.804017041996348,463616,25246,438370
6573,3.8034383082306404,463616,25246,438370
6574,3.8028597505324004,463616,25246,438370
6575,3.802281368821293,463616,25246,438370
6576,3.8017031630170317,463616,25246,438370
6577,3.80112513303938,463616,25246,438370
6578,3.8005472788081485,463616,25246,438370
6579,3.799969600243198,463616,25246,438370
6580,3.7993920972644375,463616,25246,438370
6581,3.798814769791825,463616,25246,438370
6582,3.7982376177453663,463616,25246,438370
6583,3.797660641045116,463616,25246,438370
6584,3.7970838396111786,463616,25246,438370
6585,3.7965072133637054,463616,25246,438370
6586,3.795930762222897,463616,25246,438370
6587,3.7953544861090025,463616,25246,438370
6588,3.7947783849423193,463616,25246,438370
6589,3.794202458643193,463616,25246,438370
6590,3.793626707132018,463616,25246,438370
6591,3.793051130329237,463616,25246,438370
6592,3.7924757281553396,463616,25246,438370
6593,3.791900500530866,463616,25246,438370
6594,3.7913254473764026,463616,25246,438370
6595,3.790750568612585,463616,25246,438370
6596,3.790175864160097,463616,25246,438370
6597,3.7896013339396695,463616,25246,438370
6598,3.7890269778720826,463616,25246,438370
6599,3.7884527958781633,463616,25246,438370
6600,3.787878787878788,463616,25246,438370
6601,3.7873049537948797,463616,25246,438370
6602,3.78673129354741,463187,25391,437796
6603,3.786157807057398,463187,25391,437796
6604,3.7855844942459114,463187,25391,437796
6605,3.785011355034065,463187,25391,437796
6606,3.7844383893430216,463187,25391,437796
6607,3.783865597093991,463187,25391,437796
6608,3.7832929782082325,463187,25391,437796
6609,3.782720532607051,463187,25391,437796
6610,3.7821482602118004,463187,25391,437796
6611,3.7815761609438816,463187,25391,437796
6612,3.781004234724743,463187,25391,437796
6613,3.7804324814758807,463187,25391,437796
6614,3.779860901118839,463187,25391,437796
6615,3.7792894935752077,463187,25391,437796
6616,3.7787182587666264,463187,25391,437796
6617,3.77814719661478,463187,25391,437796
6618,3.7775763070414023,463187,25391,437796
6619,3.7770055899682733,463187,25391,437796
6620,3.7764350453172204,463187,25391,437796
6621,3.7758646730101195,463187,25391,437796
6622,3.7752944729688918,463187,25391,437796
6623,3.7747244451155066,463187,25391,437796
6624,3.774154589371981,463187,25391,437796
6625,3.7735849056603774,463187,25391,437796
6626,3.7730153939028073,463187,25391,437796
6627,3.7724460540214273,463187,25391,437796
6628,3.771876885938443,463187,25391,437796
6629,3.771307889576105,463187,25391,437796
6630,3.770739064856712,463187,25391,437796
6631,3.770170411702609,463122,25391,437731
6632,3.7696019300361883,463122,25391,437731
6633,3.7690336197798886,463122,25391,437731
6634,3.7684654808561953,463122,25391,437731
6635,3.7678975131876413,463122,25391,437731
6636,3.767329716696805,463122,25391,437731
6637,3.766762091306313,463122,25391,437731
6638,3.766194636938837,463122,25391,437731
6639,3.765627353517096,463122,25391,437731
6640,3.7650602409638556,463122,25391,437731
6641,3.7644932992019275,463122,25391,437731
6642,3.7639265281541703,463122,25391,437731
6643,3.7633599277434895,463122,25391,437731
6644,3.7627934978928357,463122,25391,437731
6645,3.762227238525207,463122,25391,437731
6646,3.7616611495636474,463122,25391,437731
6647,3.761095230931247,463122,25391,437731
6648,3.760529482551143,463122,25391,437731
6649,3.759963904346518,463122,25391,437731
6650,3.7593984962406015,463122,25391,437731
6651,3.758833258156668,463122,25391,437731
6652,3.7582681900180397,463122,25391,437731
6653,3.7577032917480837,463122,25391,437731
6654,3.7571385632702134,463122,25391,437731
6655,3.756574004507889,463122,25391,437731
6656,3.7560096153846154,463122,25391,437731
6657,3.7554453958239447,463122,25391,437731
6658,3.7548813457494745,463122,25391,437731
6659,3.7543174650848474,463122,25391,437731
6660,3.7537537537537538,463122,25391,437731
6661,3.753190211679928,463122,25391,437731
6662,3.752626838787151,463122,25391,437731
6663,3.7520636349992498,463122,25391,437731
6664,3.751500600240096,463122,25391,437731
6665,3.7509377344336086,463122,25391,437731
6666,3.7503750375037503,463122,25391,437731
6667,3.7498125093745314,463122,25391,437731
6668,3.749250149970006,463122,25391,437731
6669,3.748687959214275,463122,25391,437731
6670,3.7481259370314843,463122,25391,437731
6671,3.747564083345825,463122,25391,437731
6672,3.7470023980815346,463122,25391,437731
6673,3.7464408811628953,463122,25391,437731
6674,3.7458795325142344,463122,25391,437731
6675,3.745318352059925,463122,25391,437731
6676,3.744757339724386,463122,25391,437731
6677,3.7441964954320803,463062,25399,437663
6678,3.743635819107517,463062,25399,437663
6679,3.7430753106752506,463062,25399,437663
6680,3.7425149700598803,463062,25399,437663
6681,3.74195479718605,463062,25399,437663
6682,3.7413947919784496,463062,25399,437663
6683,3.7408349543618136,463062,25399,437663
6684,3.7402752842609215,463062,25399,437663
6685,3.7397157816005984,463062,25399,437663
6686,3.7391564463057136,463062,25399,437663
6687,3.7385972783011816,463062,25399,437663
6688,3.738038277511962,463062,25399,437663
6689,3.7374794438630587,463062,25399,437663
6690,3.7369207772795217,463062,25399,437663
6691,3.7363622776864447,463062,25399,437663
6692,3.735803945008966,463062,25399,437663
6693,3.7352457791722697,463062,25399,437663
6694,3.7346877801015834,463062,25399,437663
6695,3.7341299477221805,463062,25399,437663
6696,3.7335722819593786,463062,25399,437663
6697,3.7330147827385396,463062,25399,437663
6698,3.7324574499850702,463062,25399,437663
6699,3.7319002836244217,463062,25399,437663
6700,3.7313432835820897,463062,25399,437663
6701,3.7307864497836145,463062,25399,437663
6702,3.7302297821545807,463062,25399,437663
6703,3.7296732806206174,463062,25399,437663
6704,3.7291169451073984,463062,25399,437663
6705,3.7285607755406414,463062,25399,437663
6706,3.728004771846108,463062,25399,437663
6707,3.727448933949605,463062,25399,437663
6708,3.7268932617769828,463062,25399,437663
6709,3.726337755254136,463062,25399,437663
6710,3.7257824143070044,463062,25399,437663
6711,3.7252272388615704,463062,25399,437663
6712,3.7246722288438616,463062,25399,437663
6713,3.7241173841799493,463062,25399,437663
6714,3.723562704795949,463062,25399,437663
6715,3.7230081906180192,463062,25399,437663
6716,3.7224538415723645,463062,25399,437663
6717,3.7218996575852317,463062,25399,437663
6718,3.721345638582912,463062,25399,437663
6719,3.7207917844917398,463062,25399,437663
6720,3.7202380952380953,463062,25399,437663
6721,3.7196845707484005,463062,25399,437663
6722,3.719131210949122,463062,25399,437663
6723,3.718578015766771,463062,25399,437663
6724,3.7180249851279,463062,25399,437663
6725,3.717472118959108,463062,25399,437663
6726,3.7169194171870354,463062,25399,437663
6727,3.7163668797383678,463062,25399,437663
6728,3.7158145065398336,463062,25399,437663
6729,3.715262297518205,463062,25399,437663
6730,3.7147102526002973,463062,25399,437663
6731,3.71415837171297,463062,25399,437663
6732,3.7136066547831255,463062,25399,437663
6733,3.7130551017377096,463062,25399,437663
6734,3.7125037125037124,463062,25399,437663
6735,3.7119524870081664,463062,25399,437663
6736,3.7114014251781473,463062,25399,437663
6737,3.7108505269407748,463062,25399,437663
6738,3.7102997922232115,463062,25399,437663
6739,3.7097492209526637,463062,25399,437663
6740,3.7091988130563798,463062,25399,437663
6741,3.7086485684616526,463062,25399,437663
6742,3.708098487095817,463062,25399,437663
6743,3.7075485688862524,463062,25399,437663
6744,3.7069988137603795,463062,25399,437663
6745,3.7064492216456633,463062,25399,437663
6746,3.7058997924696118,463062,25399,437663
6747,3.7053505261597746,463062,25399,437663
6748,3.7048014226437465,463062,25399,437663
6749,3.7042524818491627,463062,25399,437663
6750,3.7037037037037037,463062,25399,437663
6751,3.703155088135091,463062,25399,437663
6752,3.7026066350710902,463062,25399,437663
6753,3.7020583444395085,463062,25399,437663
6754,3.7015102161681965,463062,25399,437663
6755,3.7009622501850483,463062,25399,437663
6756,3.700414446417999,463062,25399,437663
6757,3.699866804795027,463062,25399,437663
6758,3.699319325244155,463062,25399,437663
6759,3.698772007693446,463062,25399,437663
6760,3.698224852071006,463062,25399,437663
6761,3.6976778583049845,463062,25399,437663
6762,3.697131026323573,463062,25399,437663
6763,3.696584356055005,463062,25399,437663
6764,3.6960378474275575,463062,25399,437663
6765,3.695491500369549,463062,25399,437663
6766,3.694945314809341,463062,25399,437663
6767,3.694399290675336,463062,25399,437663
6768,3.693853427895981,463062,25399,437663
6769,3.693307726399764,463062,25399,437663
6770,3.692762186115214,463062,25399,437663
6771,3.6922168069709054,463062,25399,437663
6772,3.691671588895452,463062,25399,437663
6773,3.6911265318175106,463062,25399,437663
6774,3.690581635665781,463062,25399,437663
6775,3.690036900369004,463062,25399,437663
6776,3.689492325855962,463062,25399,437663
6777,3.6889479120554816,463062,25399,437663
6778,3.6884036588964295,463062,25399,437663
6779,3.687859566307715,463062,25399,437663
6780,3.687315634218289,463062,25399,437663
6781,3.686771862557145,463062,25399,437663
6782,3.6862282512533175,463062,25399,437663
6783,3.685684800235884,463062,25399,437663
6784,3.6851415094339623,463062,25399,437663
6785,3.6845983787767134,463062,25399,437663
6786,3.6840554081933394,463062,25399,437663
6787,3.683512597613084,463062,25399,437663
6788,3.682969946965233,463062,25399,437663
6789,3.6824274561791133,463062,25399,437663
6790,3.681885125184094,463062,25399,437663
6791,3.6813429539095863,463062,25399,437663
6792,3.680800942285041,463062,25399,437663
6793,3.680259090239953,463062,25399,437663
6794,3.679717397703856,463062,25399,437663
6795,3.679175864606328,463062,25399,437663
6796,3.6786344908769864,463062,25399,437663
6797,3.6780932764454906,463062,25399,437663
6798,3.6775522212415415,463062,25399,437663
6799,3.6770113251948815,463062,25399,437663
6800,3.676470588235294,463062,25399,437663
6801,3.6759300102926042,463062,25399,437663
6802,3.6753895912966774,463062,25399,437663
6803,3.6748493311774215,463062,25399,437663
6804,3.6743092298647855,463062,25399,437663
6805,3.673769287288758,463062,25399,437663
6806,3.673229503379371,463062,25399,437663
6807,3.672689878066696,463062,25399,437663
6808,3.672150411280846,463062,25399,437663
6809,3.6716111029519753,463062,25399,437663
6810,3.671071953010279,463062,25399,437663
6811,3.670532961385993,463062,25399,437663
6812,3.669994128009395,463062,25399,437663
6813,3.6694554528108028,463062,25399,437663
6814,3.668916935720575,463062,25399,437663
6815,3.668378576669112,463062,25399,437663
6816,3.6678403755868545,463062,25399,437663
6817,3.6673023324042835,463062,25399,437663
6818,3.6667644470519214,463062,25399,437663
6819,3.6662267194603313,463062,25399,437663
6820,3.665689149560117,463062,25399,437663
6821,3.6651517372819233,463062,25399,437663
6822,3.664614482556435,463062,25399,437663
6823,3.664077385314378,463062,25399,437663
6824,3.663540445486518,463062,25399,437663
6825,3.663003663003663,463062,25399,437663
6826,3.66246703779666,463062,25399,437663
6827,3.6619305697963966,463062,25399,437663
6828,3.661394258933802,463062,25399,437663
6829,3.660858105139845,463062,25399,437663
6830,3.6603221083455346,463062,25399,437663
6831,3.6597862684819207,463062,25399,437663
6832,3.659250585480094,463062,25399,437663
6833,3.658715059271184,462913,25399,437514
6834,3.6581796897863623,462913,25399,437514
6835,3.6576444769568397,462913,25399,437514
6836,3.657109420713868,462913,25399,437514
6837,3.656574520988738,462913,25399,437514
6838,3.6560397777127815,462913,25399,437514
6839,3.655505190817371,462913,25399,437514
6840,3.654970760233918,462913,25399,437514
6841,3.6544364858938754,462913,25399,437514
6842,3.653902367728734,462913,25399,437514
6843,3.6533684056700277,462913,25399,437514
6844,3.652834599649328,462913,25399,437514
6845,3.652300949598247,462913,25399,437514
6846,3.651767455448437,462913,25399,437514
6847,3.6512341171315903,462913,25399,437514
6848,3.6507009345794392,462913,25399,437514
6849,3.6501679077237554,462913,25399,437514
6850,3.6496350364963503,462913,25399,437514
6851,3.6491023208290763,462913,25399,437514
6852,3.6485697606538237,462913,25399,437514
6853,3.6480373559025243,462913,25399,437514
6854,3.647505106507149,462913,25399,437514
6855,3.6469730123997084,462913,25399,437514
6856,3.646441073512252,462913,25399,437514
6857,3.6459092897768706,462913,25399,437514
6858,3.6453776611256927,462913,25399,437514
6859,3.644846187490888,462913,25399,437514
6860,3.6443148688046647,462913,25399,437514
6861,3.6437837049992714,462913,25399,437514
6862,3.643252696006995,462913,25399,437514
6863,3.6427218417601632,462913,25399,437514
6864,3.6421911421911424,462913,25399,437514
6865,3.641660597232338,462913,25399,437514
6866,3.6411302068161957,462913,25399,437514
6867,3.6405999708752,462913,25399,437514
6868,3.6400698893418753,462913,25399,437514
6869,3.6395399621487843,462913,25399,437514
6870,3.63901018922853,462913,25399,437514
6871,3.6384805705137535,462913,25399,437514
6872,3.637951105937136,462913,25399,437514
6873,3.6374217954313983,462913,25399,437514
6874,3.636892638929299,462913,25399,437514
6875,3.6363636363636362,462913,25399,437514
6876,3.6358347876672483,462913,25399,437514
6877,3.6353060927730114,462913,25399,437514
6878,3.6347775516138414,462913,25399,437514
6879,3.6342491641226924,462913,25399,437514
6880,3.633720930232558,462913,25399,437514
6881,3.6331928498764716,462913,25399,437514
6882,3.6326649229875034,462913,25399,437514
6883,3.632137149498765,462913,25399,437514
6884,3.631609529343405,462913,25399,437514
6885,3.6310820624546114,462913,25399,437514
6886,3.6305547487656114,462913,25399,437514
6887,3.6300275882096704,462913,25399,437514
6888,3.629500580720093,462913,25399,437514
6889,3.628973726230222,462913,25399,437514
6890,3.6284470246734397,462913,25399,437514
6891,3.6279204759831662,462913,25399,437514
6892,3.6273940800928615,462913,25399,437514
6893,3.626867836936022,462913,25399,437514
6894,3.626341746446185,462913,25399,437514
6895,3.625815808556925,462913,25399,437514
6896,3.625290023201856,462913,25399,437514
6897,3.6247643903146294,462913,25399,437514
6898,3.624238909828936,462913,25399,437514
6899,3.623713581678504,462913,25399,437514
6900,3.6231884057971016,462913,25399,437514
6901,3.6226633821185334,462913,25399,437514
6902,3.6221385105766446,462913,25399,437514
6903,3.6216137911053163,462913,25399,437514
6904,3.6210892236384704,462913,25399,437514
6905,3.620564808110065,462913,25399,437514
6906,3.6200405444540977,462913,25399,437514
6907,3.619516432604604,462913,25399,437514
6908,3.6189924724956573,462913,25399,437514
6909,3.618468664061369,462913,25399,437514
6910,3.61794500723589,462913,25399,437514
6911,3.6174215019534075,462913,25399,437514
6912,3.6168981481481484,462913,25399,437514
6913,3.6163749457543757,462913,25399,437514
6914,3.6158518947063927,462913,25399,437514
6915,3.6153289949385394,462913,25399,437514
6916,3.6148062463851938,462913,25399,437514
6917,3.614283648980772,462913,25399,437514
6918,3.6137612026597283,462913,25399,437514
6919,3.6132389073565543,462913,25399,437514
6920,3.61271676300578,462913,25399,437514
6921,3.612194769541974,462913,25399,437514
6922,3.61167292689974,462913,25399,437514
6923,3.6111512350137223,462913,25399,437514
6924,3.610629693818602,462913,25399,437514
6925,3.6101083032490973,462913,25399,437514
6926,3.609587063239965,462913,25399,437514
6927,3.6090659737259996,462913,25399,437514
6928,3.6085450346420322,462913,25399,437514
6929,3.6080242459229326,462913,25399,437514
6930,3.6075036075036073,462913,25399,437514
6931,3.6069831193190014,462913,25399,437514
6932,3.606462781304097,462913,25399,437514
6933,3.6059425933939133,462913,25399,437514
6934,3.6054225555235075,462913,25399,437514
6935,3.604902667627974,462913,25399,437514
6936,3.604382929642445,462913,25399,437514
6937,3.60386334150209,462913,25399,437514
6938,3.603343903142116,462913,25399,437514
6939,3.602824614497766,462913,25399,437514
6940,3.602305475504323,462913,25399,437514
6941,3.601786486097104,462913,25399,437514
6942,3.6012676462114666,462913,25399,437514
6943,3.600748955782803,462913,25399,437514
6944,3.6002304147465436,462913,25399,437514
6945,3.599712023038157,462913,25399,437514
6946,3.599193780593147,462913,25399,437514
6947,3.5986756873470562,462913,25399,437514
6948,3.5981577432354634,462913,25399,437514
6949,3.5976399481939847,462913,25399,437514
6950,3.597122302158273,462913,25399,437514
6951,3.5966048050640196,462913,25399,437514
6952,3.5960874568469503,462913,25399,437514
6953,3.5955702574428305,462913,25399,437514
6954,3.5950532067874605,462893,25378,437515
6955,3.5945363048166787,462893,25378,437515
6956,3.59401955146636,462893,25378,437515
6957,3.5935029466724164,462893,25378,437515
6958,3.592986490370796,462893,25378,437515
6959,3.592470182497485,462893,25378,437515
6960,3.5919540229885056,462893,25378,437515
6961,3.5914380117799167,462893,25378,437515
6962,3.590922148807814,462893,25378,437515
6963,3.59040643400833,462893,25378,437515
6964,3.5898908673176337,462893,25378,437515
6965,3.589375448671931,462893,25378,437515
6966,3.5888601780074647,462893,25378,437515
6967,3.588345055260514,462893,25378,437515
6968,3.587830080367394,462893,25378,437515
6969,3.5873152532644568,462893,25378,437515
6970,3.586800573888092,462893,25378,437515
6971,3.586286042174724,462893,25378,437515
6972,3.5857716580608145,462893,25378,437515
6973,3.5852574214828623,462893,25378,437515
6974,3.5847433323774016,462893,25378,437515
6975,3.5842293906810037,462893,25378,437515
6976,3.583715596330275,462893,25378,437515
6977,3.5832019492618605,462853,25317,437536
6978,3.582688449412439,462853,25317,437536
6979,3.5821750967187276,462853,25317,437536
6980,3.5816618911174785,462853,25317,437536
6981,3.5811488325454808,462853,25317,437536
6982,3.580635920939559,462853,25317,437536
6983,3.5801231562365747,462853,25317,437536
6984,3.579610538373425,462853,25317,437536
6985,3.5790980672870436,462853,25317,437536
6986,3.5785857429144,462853,25317,437536
6987,3.5780735651925,462853,25317,437536
6988,3.5775615340583857,462853,25317,437536
6989,3.577049649449134,462853,25317,437536
6990,3.57653791130186,462853,25317,437536
6991,3.576026319553712,462853,25317,437536
6992,3.5755148741418763,462853,25317,437536
6993,3.575003575003575,462853,25317,437536
6994,3.574492422076065,462853,25317,437536
6995,3.5739814152966405,462853,25317,437536
6996,3.57347055460263,462853,25317,437536
6997,3.572959839931399,462853,25317,437536
6998,3.5724492712203486,462853,25317,437536
6999,3.5719388484069152,462853,25317,437536
7000,3.5714285714285716,462853,25317,437536
7001,3.570918440222825,462853,25317,437536
7002,3.570408454727221,462853,25317,437536
7003,3.5698986148793375,462853,25317,437536
7004,3.5693889206167904,462853,25317,437536
7005,3.5688793718772307,462853,25317,437536
7006,3.5683699685983443,462853,25317,437536
7007,3.5678607107178535,462853,25317,437536
7008,3.567351598173516,462853,25317,437536
7009,3.5668426309031247,462853,25317,437536
7010,3.566333808844508,462853,25317,437536
7011,3.56582513193553,462853,25317,437536
7012,3.56531660011409,462853,25317,437536
7013,3.5648082133181234,462853,25317,437536
7014,3.5642999714856,462853,25317,437536
7015,3.563791874554526,462853,25317,437536
7016,3.563283922462942,462853,25317,437536
7017,3.562776115148924,462853,25317,437536
7018,3.562268452550584,462853,25317,437536
7019,3.5617609346060695,462853,25317,437536
7020,3.561253561253561,462853,25317,437536
7021,3.5607463324312776,462853,25317,437536
7022,3.5602392480774707,462853,25317,437536
7023,3.5597323081304286,462853,25317,437536
7024,3.559225512528474,462853,25317,437536
7025,3.5587188612099645,462853,25317,437536
7026,3.5582123541132935,462853,25317,437536
7027,3.5577059911768893,462853,25317,437536
7028,3.5571997723392146,462853,25317,437536
7029,3.5566936975387677,462853,25317,437536
7030,3.5561877667140824,462853,25317,437536
7031,3.5556819798037265,462853,25317,437536
7032,3.5551763367463027,462853,25317,437536
7033,3.554670837480449,462853,25317,437536
7034,3.5541654819448394,462853,25317,437536
7035,3.5536602700781805,462853,25317,437536
7036,3.5531552018192154,462853,25317,437536
7037,3.5526502771067214,462853,25317,437536
7038,3.552145495879511,462853,25317,437536
7039,3.551640858076431,462853,25317,437536
7040,3.5511363636363638,462853,25317,437536
7041,3.5506320124982245,462853,25317,437536
7042,3.5501278046009657,462853,25317,437536
7043,3.549623739883572,462853,25317,437536
7044,3.549119818285065,462853,25317,437536
7045,3.5486160397444997,462853,25317,437536
7046,3.5481124042009653,462853,25317,437536
7047,3.547608911593586,462853,25317,437536
7048,3.547105561861521,462853,25317,437536
7049,3.5466023549439636,462853,25317,437536
7050,3.5460992907801416,462853,25317,437536
7051,3.545596369309318,462853,25317,437536
7052,3.5450935904707883,462853,25317,437536
7053,3.5445909542038847,462853,25317,437536
7054,3.544088460447973,462853,25317,437536
7055,3.5435861091424523,462853,25317,437536
7056,3.5430839002267573,462853,25317,437536
7057,3.542581833640357,462853,25317,437536
7058,3.542079909322754,462853,25317,437536
7059,3.5415781272134863,462853,25317,437536
7060,3.5410764872521248,462853,25317,437536
7061,3.540574989378275,462853,25317,437536
7062,3.5400736335315774,462853,25317,437536
7063,3.539572419651706,462853,25317,437536
7064,3.539071347678369,462853,25317,437536
7065,3.538570417551309,462853,25317,437536
7066,3.5380696292103027,462853,25317,437536
7067,3.5375689825951606,462853,25317,437536
7068,3.537068477645727,462853,25317,437536
7069,3.5365681143018817,462853,25317,437536
7070,3.536067892503536,462853,25317,437536
7071,3.5355678121906378,462853,25317,437536
7072,3.5350678733031673,462853,25317,437536
7073,3.5345680757811397,462853,25317,437536
7074,3.5340684195646026,462853,25317,437536
7075,3.5335689045936394,462853,25317,437536
7076,3.5330695308083664,462853,25317,437536
7077,3.5325702981489333,462853,25317,437536
7078,3.532071206555524,462853,25317,437536
7079,3.5315722559683573,462853,25317,437536
7080,3.531073446327684,462853,25317,437536
7081,3.530574777573789,462853,25317,437536
7082,3.530076249646992,462853,25317,437536
7083,3.5295778624876464,462853,25317,437536
7084,3.529079616036138,462853,25317,437536
7085,3.5285815102328866,462853,25317,437536
7086,3.528083545018346,462853,25317,437536
7087,3.527585720333004,462853,25317,437536
7088,3.5270880361173815,462853,25317,437536
7089,3.5265904923120326,462853,25317,437536
7090,3.5260930888575457,462853,25317,437536
7091,3.5255958256945426,462853,25317,437536
7092,3.5250987027636773,462853,25317,437536
7093,3.524601720005639,462853,25317,437536
7094,3.5241048773611503,462853,25317,437536
7095,3.5236081747709656,462853,25317,437536
7096,3.5231116121758737,462853,25317,437536
7097,3.522615189516697,462853,25317,437536
7098,3.5221189067342915,462853,25317,437536
7099,3.521622763769545,462853,25317,437536
7100,3.5211267605633805,462853,25317,437536
7101,3.5206308970567526,462853,25317,437536
7102,3.5201351731906505,462853,25317,437536
7103,3.519639588906096,462853,25317,437536
7104,3.519144144144144,462853,25317,437536
7105,3.518648838845883,462853,25317,437536
7106,3.5181536729524345,462853,25317,437536
7107,3.517658646404953,462853,25317,437536
7108,3.517163759144626,462853,25317,437536
7109,3.516669011112674,462853,25317,437536
7110,3.5161744022503516,462853,25317,437536
7111,3.515679932498945,462853,25317,437536
7112,3.515185601799775,462853,25317,437536
7113,3.5146914100941937,462853,25317,437536
7114,3.5141973573235874,462853,25317,437536
7115,3.5137034434293746,462788,25317,437471
7116,3.5132096683530074,462788,25317,437471
7117,3.51271603203597,462788,25317,437471
7118,3.512222534419781,462788,25317,437471
7119,3.5117291754459896,462788,25317,437471
7120,3.5112359550561796,462788,25317,437471
7121,3.510742873191967,462788,25317,437471
7122,3.5102499297950014,462788,25317,437471
7123,3.5097571248069634,462788,25317,437471
7124,3.5092644581695676,462788,25317,437471
7125,3.508771929824561,462788,25317,437471
7126,3.5082795397137243,462788,25317,437471
7127,3.507787287778869,462788,25317,437471
7128,3.5072951739618405,462788,25317,437471
7129,3.506803198204517,462788,25317,437471
7130,3.506311360448808,462788,25317,437471
7131,3.5058196606366567,462788,25317,437471
7132,3.5053280987100393,462788,25317,437471
7133,3.504836674610963,462788,25317,437471
7134,3.504345388281469,462788,25317,437471
7135,3.50385423966363,462788,25317,437471
7136,3.5033632286995515,462788,25317,437471
7137,3.502872355331372,462788,25317,437471
7138,3.5023816195012607,462788,25317,437471
7139,3.5018910211514216,462788,25317,437471
7140,3.5014005602240896,462788,25317,437471
7141,3.500910236661532,462788,25317,437471
7142,3.5004200504060488,462788,25317,437471
7143,3.499930001399972,462788,25317,437471
7144,3.4994400895856663,462788,25317,437471
7145,3.4989503149055285,462788,25317,437471
7146,3.498460677301987,462788,25317,437471
7147,3.497971176717504,462788,25317,437471
7148,3.4974818130945717,462788,25317,437471
7149,3.496992586375717,462788,25317,437471
7150,3.4965034965034967,462788,25317,437471
7151,3.4960145434205008,462788,25317,437471
7152,3.495525727069351,462788,25317,437471
7153,3.495037047392702,462788,25317,437471
7154,3.49454850433324,462788,25317,437471
7155,3.4940600978336827,462788,25317,437471
7156,3.49357182783678,462788,25317,437471
7157,3.493083694285315,462788,25317,437471
7158,3.492595697122101,462788,25317,437471
7159,3.4921078362899847,462788,25317,437471
7160,3.4916201117318435,462788,25317,437471
7161,3.491132523390588,462788,25317,437471
7162,3.4906450712091592,462788,25317,437471
7163,3.490157755130532,462788,25317,437471
7164,3.4896705750977106,462788,25317,437471
7165,3.4891835310537336,462788,25317,437471
7166,3.488696622941669,462788,25317,437471
7167,3.488209850704618,462788,25317,437471
7168,3.4877232142857144,462788,25317,437471
7169,3.4872367136281213,462788,25317,437471
7170,3.486750348675035,462788,25317,437471
7171,3.4862641193696833,462788,25317,437471
7172,3.485778025655326,462788,25317,437471
7173,3.4852920674752546,462788,25317,437471
7174,3.4848062447727908,462788,25317,437471
7175,3.484320557491289,462788,25317,437471
7176,3.483835005574136,462788,25317,437471
7177,3.4833495889647486,462788,25317,437471
7178,3.4828643076065755,462657,25281,437376
7179,3.482379161443098,462657,25281,437376
7180,3.481894150417827,462657,25281,437376
7181,3.481409274474307,462657,25281,437376
7182,3.4809245335561125,462657,25281,437376
7183,3.4804399276068496,462657,25281,437376
7184,3.479955456570156,462657,25281,437376
7185,3.4794711203897006,462657,25281,437376
7186,3.4789869190091847,462657,25281,437376
7187,3.478502852372339,462657,25281,437376
7188,3.4780189204229273,462657,25281,437376
7189,3.4775351231047433,462657,25281,437376
7190,3.477051460361613,462657,25281,437376
7191,3.476567932137394,462657,25281,437376
7192,3.4760845383759733,462657,25281,437376
7193,3.4756012790212707,462657,25281,437376
7194,3.4751181540172364,462657,25281,437376
7195,3.4746351633078527,462657,25281,437376
7196,3.474152306837132,462657,25281,437376
7197,3.4736695845491177,462657,25281,437376
7198,3.4731869963878856,462657,25281,437376
7199,3.4727045422975413,462657,25281,437376
7200,3.4722222222222223,462657,25281,437376
7201,3.4717400361060964,462657,25281,437376
7202,3.471257983893363,462657,25281,437376
7203,3.470776065528252,462657,25281,437376
7204,3.470294280955025,462657,25281,437376
7205,3.4698126301179735,462657,25281,437376
7206,3.469331112961421,462657,25281,437376
7207,3.468849729429721,462657,25281,437376
7208,3.4683684794672587,462657,25281,437376
7209,3.4678873630184492,462657,25281,437376
7210,3.467406380027739,462657,25281,437376
7211,3.4669255304396063,462657,25281,437376
7212,3.466444814198558,462657,25281,437376
7213,3.4659642312491337,462657,25281,437376
7214,3.4654837815359025,462657,25281,437376
7215,3.465003465003465,462657,25281,437376
7216,3.464523281596452,462657,25281,437376
7217,3.464043231259526,462657,25281,437376
7218,3.463563313937379,462657,25281,437376
7219,3.4630835295747335,462657,25281,437376
7220,3.4626038781163433,462657,25281,437376
7221,3.4621243595069937,462657,25281,437376
7222,3.4616449736914983,462657,25281,437376
7223,3.461165720614703,462657,25281,437376
7224,3.460686600221484,462657,25281,437376
7225,3.4602076124567476,462657,25281,437376
7226,3.4597287572654305,462657,25281,437376
7227,3.4592500345925004,462657,25281,437376
7228,3.4587714443829554,462657,25281,437376
7229,3.458292986581823,462657,25281,437376
7230,3.4578146611341634,462657,25281,437376
7231,3.457336467985064,462657,25281,437376
7232,3.456858407079646,462657,25281,437376
7233,3.4563804783630583,462657,25281,437376
7234,3.455902681780481,462657,25281,437376
7235,3.455425017277125,462657,25281,437376
7236,3.454947484798231,462657,25281,437376
7237,3.45447008428907,462657,25281,437376
7238,3.4539928156949435,462657,25281,437376
7239,3.4535156789611823,462657,25281,437376
7240,3.453038674033149,462657,25281,437376
7241,3.4525618008562353,462657,25281,437376
7242,3.452085059375863,462657,25281,437376
7243,3.4516084495374844,462657,25281,437376
7244,3.451131971286582,462657,25281,437376
7245,3.450655624568668,462657,25281,437376
7246,3.450179409329285,462657,25281,437376
7247,3.449703325514006,462657,25281,437376
7248,3.4492273730684326,462657,25281,437376
7249,3.4487515519381984,462657,25281,437376
7250,3.4482758620689653,462657,25281,437376
7251,3.4478003034064266,462657,25281,437376
7252,3.4473248758963044,462657,25281,437376
7253,3.4468495794843514,462657,25281,437376
7254,3.4463744141163497,462657,25281,437376
7255,3.4458993797381114,462657,25281,437376
7256,3.4454244762954795,462657,25281,437376
7257,3.4449497037343253,462657,25281,437376
7258,3.444475062000551,462657,25281,437376
7259,3.444000551040088,462657,25281,437376
7260,3.443526170798898,462657,25281,437376
7261,3.443051921222972,462657,25281,437376
7262,3.442577802258331,462657,25281,437376
7263,3.4421038138510256,462657,25281,437376
7264,3.4416299559471364,462657,25281,437376
7265,3.4411562284927735,462657,25281,437376
7266,3.4406826314340764,462657,25281,437376
7267,3.440209164717215,462657,25281,437376
7268,3.4397358282883874,462657,25281,437376
7269,3.439262622093823,462657,25281,437376
7270,3.43878954607978,462657,25281,437376
7271,3.438316600192546,462657,25281,437376
7272,3.4378437843784377,462657,25281,437376
7273,3.437371098583803,462657,25281,437376
7274,3.436898542755018,462657,25281,437376
7275,3.4364261168384878,462657,25281,437376
7276,3.435953820780649,462657,25281,437376
7277,3.435481654527965,462657,25281,437376
7278,3.4350096180269305,462657,25281,437376
7279,3.434537711224069,462657,25281,437376
7280,3.434065934065934,462657,25281,437376
7281,3.4335942864991074,462657,25281,437376
7282,3.4331227684702004,462657,25281,437376
7283,3.4326513799258547,462657,25281,437376
7284,3.43218012081274,462657,25281,437376
7285,3.4317089910775564,462657,25281,437376
7286,3.4312379906670327,462657,25281,437376
7287,3.4307671195279266,462657,25281,437376
7288,3.4302963776070254,462657,25281,437376
7289,3.4298257648511457,462657,25281,437376
7290,3.429355281207133,462657,25281,437376
7291,3.4288849266218624,462657,25281,437376
7292,3.428414701042238,462657,25281,437376
7293,3.4279446044151927,462657,25281,437376
7294,3.4274746366876885,462657,25281,437376
7295,3.427004797806717,462657,25281,437376
7296,3.4265350877192984,462657,25281,437376
7297,3.4260655063724816,462657,25281,437376
7298,3.4255960537133463,462657,25281,437376
7299,3.4251267296889987,462657,25281,437376
7300,3.4246575342465753,462657,25281,437376
7301,3.424188467333242,462657,25281,437376
7302,3.423719528896193,462657,25281,437376
7303,3.423250718882651,462505,25546,436959
7304,3.4227820372398687,462505,25546,436959
7305,3.4223134839151266,462505,25546,436959
7306,3.421845058855735,462505,25546,436959
7307,3.4213767620090323,462505,25546,436959
7308,3.4209085933223866,462505,25546,436959
7309,3.420440552743193,462505,25546,436959
7310,3.4199726402188784,462505,25546,436959
7311,3.419504855696895,462505,25546,436959
7312,3.4190371991247264,462505,25546,436959
7313,3.418569670449884,462505,25546,436959
7314,3.418102269619907,462505,25546,436959
7315,3.417634996582365,462505,25546,436959
7316,3.417167851284855,462505,25546,436959
7317,3.4167008336750033,462505,25546,436959
7318,3.4162339437004645,462505,25546,436959
7319,3.415767181308922,462505,25546,436959
7320,3.4153005464480874,462505,25546,436959
7321,3.4148340390657013,462505,25546,436959
7322,3.414367659109533,462505,25546,436959
7323,3.4139014065273794,462505,25546,436959
7324,3.413435281267067,462505,25546,436959
7325,3.4129692832764507,462505,25546,436959
7326,3.4125034125034124,462505,25546,436959
7327,3.4120376688958647,462505,25546,436959
7328,3.4115720524017465,462505,25546,436959
7329,3.411106562969027,462505,25546,436959
7330,3.4106412005457027,462505,25546,436959
7331,3.410175965079798,462505,25546,436959
7332,3.409710856519367,462505,25546,436959
7333,3.4092458748124916,462505,25546,436959
7334,3.408781019907281,462505,25546,436959
7335,3.408316291751875,462505,25546,436959
7336,3.4078516902944385,462505,25546,436959
7337,3.4073872154831677,462505,25546,436959
7338,3.4069228672662852,462505,25546,436959
7339,3.4064586455920427,462505,25546,436959
7340,3.4059945504087192,462505,25546,436959
7341,3.4055305816646233,462505,25546,436959
7342,3.4050667393080905,462505,25546,436959
7343,3.4046030232874847,462505,25546,436959
7344,3.4041394335511983,462505,25546,436959
7345,3.4036759700476513,462505,25546,436959
7346,3.4032126327252925,462505,25546,436959
7347,3.402749421532598,462505,25546,436959
7348,3.402286336418073,462505,25546,436959
7349,3.401823377330249,462505,25546,436959
7350,3.401360544217687,462505,25546,436959
7351,3.4008978370289755,462505,25546,436959
7352,3.4004352557127313,462505,25546,436959
7353,3.3999728002175984,462505,25546,436959
7354,3.399510470492249,462505,25546,436959
7355,3.399048266485384,462505,25546,436959
7356,3.3985861881457313,462505,25546,436959
7357,3.398124235422047,462505,25546,436959
7358,3.397662408263115,462505,25546,436959
7359,3.3972007066177468,462505,25546,436959
7360,3.3967391304347827,462505,25546,436959
7361,3.3962776796630894,462505,25546,436959
7362,3.3958163542515623,462505,25546,436959
7363,3.395355154149124,462505,25546,436959
7364,3.3948940793047258,462505,25546,436959
7365,3.3944331296673456,462505,25546,436959
7366,3.3939723051859896,462505,25546,436959
7367,3.393511605809692,462505,25546,436959
7368,3.3930510314875137,462505,25546,436959
7369,3.392590582168544,462505,25546,436959
7370,3.3921302578018997,462505,25546,436959
7371,3.391670058336725,462505,25546,436959
7372,3.391209983722192,462505,25546,436959
7373,3.3907500339075005,462505,25546,436959
7374,3.390290208841877,462505,25546,436959
7375,3.389830508474576,462505,25546,436959
7376,3.389370932754881,462505,25546,436959
7377,3.3889114816320998,462505,25546,436959
7378,3.3884521550555706,462505,25546,436959
7379,3.387992952974658,462505,25546,436959
7380,3.3875338753387534,462505,25546,436959
7381,3.387074922097277,462505,25546,436959
7382,3.3866160931996747,462505,25546,436959
7383,3.386157388595422,462505,25546,436959
7384,3.3856988082340194,462505,25546,436959
7385,3.3852403520649967,462505,25546,436959
7386,3.3847820200379095,462505,25546,436959
7387,3.384323812102342,462505,25546,436959
7388,3.3838657282079048,462505,25546,436959
7389,3.383407768304236,462505,25546,436959
7390,3.3829499323410013,462505,25546,436959
7391,3.3824922202678933,462505,25546,436959
7392,3.382034632034632,462505,25546,436959
7393,3.3815771675909643,462505,25546,436959
7394,3.381119826886665,462505,25546,436959
7395,3.3806626098715347,462505,25546,436959
7396,3.380205516495403,462505,25546,436959
7397,3.3797485467081247,462505,25546,436959
7398,3.3792917004595835,462505,25546,436959
7399,3.378834977699689,462505,25546,436959
7400,3.3783783783783785,462505,25546,436959
7401,3.3779219024456153,462505,25546,436959
7402,3.3774655498513915,462505,25546,436959
7403,3.377009320545725,462505,25546,436959
7404,3.37655321447866,462505,25546,436959
7405,3.37609723160027,462505,25546,436959
7406,3.3756413718606537,462505,25546,436959
7407,3.3751856352099368,462505,25546,436959
7408,3.374730021598272,462505,25546,436959
7409,3.3742745309758404,462505,25546,436959
7410,3.3738191632928474,462505,25546,436959
7411,3.373363918499528,462505,25546,436959
7412,3.3729087965461413,462505,25546,436959
7413,3.372453797382976,462505,25546,436959
7414,3.3719989209603454,462505,25546,436959
7415,3.3715441672285906,462505,25546,436959
7416,3.3710895361380797,462505,25546,436959
7417,3.3706350276392074,462505,25546,436959
7418,3.3701806416823943,462505,25546,436959
7419,3.369726378218089,462505,25546,436959
7420,3.3692722371967654,462505,25546,436959
7421,3.368818218568926,462505,25546,436959
7422,3.3683643222850983,462505,25546,436959
7423,3.3679105482958374,462416,25685,436731
7424,3.367456896551724,462416,25685,436731
7425,3.367003367003367,462416,25685,436731
7426,3.3665499596014006,462416,25685,436731
7427,3.366096674296486,462416,25685,436731
7428,3.365643511039311,462416,25685,436731
7429,3.3651904697805897,462416,25685,436731
7430,3.3647375504710633,462416,25685,436731
7431,3.364284753061499,462416,25685,436731
7432,3.363832077502691,462416,25685,436731
7433,3.3633795237454596,462416,25685,436731
7434,3.362927091740651,462416,25685,436731
7435,3.3624747814391394,462416,25685,436731
7436,3.3620225927918237,462416,25685,436731
7437,3.3615705257496304,462416,25685,436731
7438,3.3611185802635117,462416,25685,436731
7439,3.3606667562844468,462416,25685,436731
7440,3.360215053763441,462416,25685,436731
7441,3.3597634726515255,462416,25685,436731
7442,3.3593120128997582,462416,25685,436731
7443,3.3588606744592235,462416,25685,436731
7444,3.3584094572810317,462416,25685,436731
7445,3.3579583613163195,462416,25685,436731
7446,3.35750738651625,462220,25685,436535
7447,3.3570565328320128,462220,25685,436535
7448,3.356605800214823,462220,25685,436535
7449,3.3561551886159218,462220,25685,436535
7450,3.3557046979865772,462220,25685,436535
7451,3.3552543282780833,462220,25685,436535
7452,3.3548040794417604,462220,25685,436535
7453,3.354353951428955,462220,25685,436535
7454,3.3539039441910385,462220,25685,436535
7455,3.35345405767941,462220,25685,436535
7456,3.3530042918454934,462220,25685,436535
7457,3.35255464664074,461826,25408,436418
7458,3.3521051220166265,461826,25408,436418
7459,3.351655717924655,461826,25408,436418
7460,3.351206434316354,461826,25408,436418
7461,3.3507572711432783,461826,25408,436418
7462,3.350308228357009,461826,25408,436418
7463,3.3498593059091517,461826,25408,436418
7464,3.34941050375134,461826,25408,436418
7465,3.348961821835231,461826,25408,436418
7466,3.34851326011251,461826,25408,436418
7467,3.348064818534887,461826,25408,436418
7468,3.3476164970540974,461677,25408,436269
7469,3.3471682956219038,461677,25408,436269
7470,3.3467202141900936,461677,25408,436269
7471,3.3462722527104805,461677,25408,436269
7472,3.345824411134904,461677,25408,436269
7473,3.3453766894152284,461677,25408,436269
7474,3.344929087503345,461677,25408,436269
7475,3.3444816053511706,461677,25408,436269
7476,3.3440342429106473,461677,25408,436269
7477,3.3435870001337435,461677,25408,436269
7478,3.3431398769724527,461677,25408,436269
7479,3.342692873378794,461677,25408,436269
7480,3.342245989304813,461677,25408,436269
7481,3.34179922470258,461677,25408,436269
7482,3.3413525795241914,461677,25408,436269
7483,3.340906053721769,461677,25408,436269
7484,3.3404596472474615,461677,25408,436269
7485,3.3400133600534403,461677,25408,436269
7486,3.339567192091905,461677,25408,436269
7487,3.3391211433150794,461677,25408,436269
7488,3.338675213675214,461677,25408,436269
7489,3.3382294031245827,461677,25408,436269
7490,3.3377837116154874,461677,25408,436269
7491,3.3373381391002535,461677,25408,436269
7492,3.3368926855312333,461677,25408,436269
7493,3.3364473508608032,461677,25408,436269
7494,3.3360021350413662,461677,25408,436269
7495,3.33555703802535,461677,25408,436269
7496,3.335112059765208,461677,25408,436269
7497,3.334667200213419,461677,25408,436269
7498,3.334222459322486,461677,25408,436269
7499,3.333777837044939,461677,25408,436269
7500,3.3333333333333335,461677,25408,436269
7501,3.332888948140248,461677,25408,436269
7502,3.3324446814182886,461637,25408,436229
7503,3.3320005331200853,461637,25408,436229
7504,3.331556503198294,461637,25408,436229
7505,3.331112591605596,461637,25408,436229
7506,3.3306687982946976,461637,25408,436229
7507,3.3302251232183298,461637,25408,436229
7508,3.329781566329249,461637,25408,436229
7509,3.329338127580237,461637,25408,436229
7510,3.3288948069241013,461637,25408,436229
7511,3.328451604313673,461637,25408,436229
7512,3.3280085197018106,461637,25408,436229
7513,3.327565553041395,461637,25408,436229
7514,3.327122704285334,461637,25408,436229
7515,3.32667997338656,461637,25408,436229
7516,3.326237360298031,461637,25408,436229
7517,3.3257948649727287,461637,25408,436229
7518,3.3253524873636606,461637,25408,436229
7519,3.3249102274238598,461637,25408,436229
7520,3.324468085106383,461637,25408,436229
7521,3.3240260603643135,461637,25408,436229
7522,3.3235841531507577,461637,25408,436229
7523,3.323142363418849,461637,25408,436229
7524,3.3227006911217436,461637,25408,436229
7525,3.3222591362126246,461637,25408,436229
7526,3.3218176986446983,461637,25408,436229
7527,3.321376378371197,461637,25408,436229
7528,3.3209351753453773,461637,25408,436229
7529,3.320494089520521,461637,25408,436229
7530,3.3200531208499338,461637,25408,436229
7531,3.319612269286947,461637,25408,436229
7532,3.3191715347849176,461637,25408,436229
7533,3.3187309172972257,461637,25408,436229
7534,3.3182904167772764,461637,25408,436229
7535,3.3178500331785004,461637,25408,436229
7536,3.3174097664543525,461637,25408,436229
7537,3.3169696165583122,461637,25408,436229
7538,3.3165295834438844,461637,25408,436229
7539,3.3160896670645976,461637,25408,436229
7540,3.315649867374005,461637,25408,436229
7541,3.3152101843256863,461637,25408,436229
7542,3.314770617873243,461637,25408,436229
7543,3.3143311679703036,461637,25408,436229
7544,3.3138918345705197,461637,25408,436229
7545,3.313452617627568,461637,25408,436229
7546,3.3130135170951496,461637,25408,436229
7547,3.3125745329269907,461637,25408,436229
7548,3.3121356650768417,461637,25408,436229
7549,3.311696913498477,461637,25408,436229
7550,3.3112582781456954,461637,25408,436229
7551,3.3108197589723214,461637,25408,436229
7552,3.3103813559322033,461637,25408,436229
7553,3.3099430689792135,461637,25408,436229
7554,3.309504898067249,461637,25408,436229
7555,3.3090668431502315,461637,25408,436229
7556,3.308628904182107,461637,25408,436229
7557,3.308191081116845,461637,25408,436229
7558,3.3077533739084415,461637,25408,436229
7559,3.3073157825109143,461637,25408,436229
7560,3.306878306878307,461637,25408,436229
7561,3.3064409469646874,461637,25408,436229
7562,3.306003702724147,461637,25408,436229
7563,3.3055665741108027,461637,25408,436229
7564,3.305129561078794,461637,25408,436229
7565,3.3046926635822866,461637,25408,436229
7566,3.304255881575469,461637,25408,436229
7567,3.3038192150125547,461637,25408,436229
7568,3.3033826638477803,461637,25408,436229
7569,3.3029462280354074,461637,25408,436229
7570,3.3025099075297226,461637,25408,436229
7571,3.302073702285035,461637,25408,436229
7572,3.301637612255679,461637,25408,436229
7573,3.3012016373960122,461637,25408,436229
7574,3.300765777660417,461637,25408,436229
7575,3.3003300330033003,461637,25408,436229
7576,3.299894403379092,461637,25408,436229
7577,3.2994588887422465,461637,25408,436229
7578,3.299023489047242,461637,25408,436229
7579,3.2985882042485817,461637,25408,436229
7580,3.2981530343007917,461637,25408,436229
7581,3.2977179791584224,461637,25408,436229
7582,3.2972830387760483,461637,25408,436229
7583,3.2968482131082686,461637,25408,436229
7584,3.2964135021097047,461637,25408,436229
7585,3.2959789057350033,461637,25408,436229
7586,3.2955444239388347,461637,25408,436229
7587,3.295110056675893,461637,25408,436229
7588,3.2946758039008963,461637,25408,436229
7589,3.294241665568586,461637,25408,436229
7590,3.2938076416337285,461637,25408,436229
7591,3.293373732051113,461595,24823,436772
7592,3.292939936775553,461595,24823,436772
7593,3.292506255761886,461595,24823,436772
7594,3.2920726889649723,461595,24823,436772
7595,3.291639236339697,461595,24823,436772
7596,3.291205897840969,461595,24823,436772
7597,3.29077267342372,461595,24823,436772
7598,3.290339563042906,461595,24823,436772
7599,3.289906566653507,461595,24823,436772
7600,3.289473684210526,461595,24823,436772
7601,3.289040915668991,461595,24823,436772
7602,3.2886082609839518,461595,24823,436772
7603,3.2881757201104826,461595,24823,436772
7604,3.287743293003682,461595,24823,436772
7605,3.287310979618672,461595,24823,436772
7606,3.2868787799105967,461595,24823,436772
7607,3.286446693834626,461595,24823,436772
7608,3.2860147213459516,461595,24823,436772
7609,3.2855828623997896,461595,24823,436772
7610,3.2851511169513796,461595,24823,436772
7611,3.2847194849559846,461595,24823,436772
7612,3.284287966368891,461595,24823,436772
7613,3.2838565611454094,461534,24823,436711
7614,3.283425269240872,461534,24823,436711
7615,3.2829940906106367,461534,24823,436711
7616,3.282563025210084,461534,24823,436711
7617,3.2821320729946173,461534,24823,436711
7618,3.281701233919664,461534,24823,436711
7619,3.2812705079406745,461534,24823,436711
7620,3.2808398950131235,461534,24823,436711
7621,3.2804093950925077,461534,24823,436711
7622,3.279979008134348,461534,24823,436711
7623,3.2795487340941887,461534,24823,436711
7624,3.279118572927597,461534,24823,436711
7625,3.278688524590164,461534,24823,436711
7626,3.2782585890375033,461534,24823,436711
7627,3.2778287662252525,461534,24823,436711
7628,3.277399056109072,461534,24823,436711
7629,3.2769694586446456,461534,24823,436711
7630,3.2765399737876804,461534,24823,436711
7631,3.2761106014939063,461534,24823,436711
7632,3.2756813417190775,461534,24823,436711
7633,3.2752521944189703,461534,24823,436711
7634,3.2748231595493844,461534,24823,436711
7635,3.2743942370661427,461534,24823,436711
7636,3.2739654269250917,461534,24823,436711
7637,3.2735367290821005,461534,24823,436711
7638,3.273108143493061,461534,24823,436711
7639,3.2726796701138894,461534,24823,436711
7640,3.2722513089005236,461534,24823,436711
7641,3.2718230598089257,461534,24823,436711
7642,3.27139492279508,461534,24823,436711
7643,3.270966897814994,461445,24823,436622
7644,3.2705389848246993,461445,24823,436622
7645,3.2701111837802483,461445,24823,436622
7646,3.269683494637719,461445,24823,436622
7647,3.2692559173532105,461445,24823,436622
7648,3.268828451882845,461445,24823,436622
7649,3.268401098182769,461445,24823,436622
7650,3.2679738562091503,461445,24823,436622
7651,3.2675467259181805,461445,24823,436622
7652,3.2671197072660743,461445,24823,436622
7653,3.2666928002090683,461445,24823,436622
7654,3.266266004703423,461445,24823,436622
7655,3.2658393207054215,461445,24823,436622
7656,3.265412748171369,461445,24823,436622
7657,3.2649862870575945,461445,24823,436622
7658,3.264559937320449,461445,24823,436622
7659,3.2641336989163077,461445,24823,436622
7660,3.2637075718015667,461445,24823,436622
7661,3.263281555932646,461445,24823,436622
7662,3.262855651265988,461445,24823,436622
7663,3.2624298577580584,461445,24823,436622
7664,3.2620041753653446,461445,24823,436622
7665,3.2615786040443573,461445,24823,436622
7666,3.261153143751631,461445,24823,436622
7667,3.26072779444372,461445,24823,436622
7668,3.260302556077204,461445,24823,436622
7669,3.2598774286086845,461445,24823,436622
7670,3.259452411994785,461445,24823,436622
7671,3.2590275061921523,461445,24823,436622
7672,3.258602711157456,461445,24823,436622
7673,3.258178026847387,461445,24823,436622
7674,3.2577534532186605,461445,24823,436622
7675,3.257328990228013,461445,24823,436622
7676,3.2569046378322044,461445,24823,436622
7677,3.256480395988016,461445,24823,436622
7678,3.256056264652253,461445,24823,436622
7679,3.255632243781742,461445,24823,436622
7680,3.2552083333333335,461445,24823,436622
7681,3.254784533263898,461445,24823,436622
7682,3.2543608435303306,461445,24823,436622
7683,3.2539372640895485,461445,24823,436622
7684,3.2535137948984905,461445,24823,436622
7685,3.2530904359141184,461445,24823,436622
7686,3.2526671870934165,461445,24823,436622
7687,3.2522440483933917,461445,24823,436622
7688,3.251821019771072,461445,24823,436622
7689,3.2513981011835087,461445,24823,436622
7690,3.250975292587776,461445,24823,436622
7691,3.25055259394097,461445,24823,436622
7692,3.2501300052002082,461445,24823,436622
7693,3.249707526322631,461445,24823,436622
7694,3.2492851572654016,461445,24823,436622
7695,3.248862897985705,461445,24823,436622
7696,3.2484407484407485,461445,24823,436622
7697,3.2480187085877614,461445,24823,436622
7698,3.2475967783839956,461445,24823,436622
7699,3.2471749577867257,461445,24823,436622
7700,3.2467532467532467,461445,24823,436622
7701,3.2463316452408777,461445,24823,436622
7702,3.2459101532069594,461445,24823,436622
7703,3.2454887706088535,461445,24823,436622
7704,3.245067497403946,461445,24823,436622
7705,3.244646333549643,461445,24823,436622
7706,3.244225279003374,461445,24823,436622
7707,3.24380433372259,461445,24823,436622
7708,3.2433834976647637,461445,24823,436622
7709,3.242962770787391,461445,24823,436622
7710,3.2425421530479897,461445,24823,436622
7711,3.242121644404098,461445,24823,436622
7712,3.241701244813278,461445,24823,436622
7713,3.241280954233113,461445,24823,436622
7714,3.240860772621208,461445,24823,436622
7715,3.240440699935191,461445,24823,436622
7716,3.240020736132711,461445,24823,436622
7717,3.2396008811714396,461445,24823,436622
7718,3.2391811350090696,461445,24823,436622
7719,3.2387614976033166,461445,24823,436622
7720,3.238341968911917,461445,24823,436622
7721,3.2379225488926306,461445,24823,436622
7722,3.2375032375032373,461445,24823,436622
7723,3.237084034701541,461445,24823,436622
7724,3.236664940445365,461445,24823,436622
7725,3.236245954692557,461445,24823,436622
7726,3.235827077400984,461445,24823,436622
7727,3.235408308528536,461445,24823,436622
7728,3.2349896480331264,461445,24823,436622
7729,3.2345710958726874,461445,24823,436622
7730,3.2341526520051747,461445,24823,436622
7731,3.2337343163885657,461445,24823,436622
7732,3.233316088980859,461445,24823,436622
7733,3.232897969740075,461445,24823,436622
7734,3.2324799586242565,461445,24823,436622
7735,3.2320620555914674,461445,24823,436622
7736,3.231644260599793,461445,24823,436622
7737,3.2312265736073416,461445,24823,436622
7738,3.2308089945722407,461445,24823,436622
7739,3.2303915234526426,461445,24823,436622
7740,3.2299741602067185,461445,24823,436622
7741,3.2295569047926627,461445,24823,436622
7742,3.2291397571686904,461445,24823,436622
7743,3.228722717293039,461445,24823,436622
7744,3.228305785123967,461445,24823,436622
7745,3.2278889606197545,461445,24823,436622
7746,3.227472243738704,461445,24823,436622
7747,3.2270556344391377,461445,24823,436622
7748,3.2266391326794013,461445,24823,436622
7749,3.2262227384178606,461445,24823,436622
7750,3.225806451612903,461445,24823,436622
7751,3.225390272222939,461445,24823,436622
7752,3.224974200206398,461445,24823,436622
7753,3.2245582355217337,461445,24823,436622
7754,3.224142378127418,461445,24823,436622
7755,3.223726627981947,461445,24823,436622
7756,3.223310985043837,461445,24823,436622
7757,3.2228954492716255,461445,24823,436622
7758,3.222480020623872,461445,24823,436622
7759,3.2220646990591573,461445,24823,436622
7760,3.2216494845360826,461445,24823,436622
7761,3.2212343770132716,461445,24823,436622
7762,3.2208193764493687,461445,24823,436622
7763,3.22040448280304,461445,24823,436622
7764,3.2199896960329726,461445,24823,436622
7765,3.219575016097875,461445,24823,436622
7766,3.219160442956477,461445,24823,436622
7767,3.2187459765675293,461445,24823,436622
7768,3.218331616889804,461445,24823,436622
7769,3.2179173638820955,461445,24823,436622
7770,3.2175032175032174,461445,24823,436622
7771,3.217089177712006,461445,24823,436622
7772,3.216675244467319,461445,24823,436622
7773,3.216261417728033,461445,24823,436622
7774,3.2158476974530488,461445,24823,436622
7775,3.215434083601286,461445,24823,436622
7776,3.2150205761316872,461445,24823,436622
7777,3.2146071750032146,461445,24823,436622
7778,3.214193880174852,461445,24823,436622
7779,3.2137806916056046,461445,24823,436622
7780,3.2133676092544987,461445,24823,436622
7781,3.2129546330805807,461445,24823,436622
7782,3.2125417630429194,461445,24823,436622
7783,3.212128999100604,461445,24823,436622
7784,3.2117163412127443,461445,24823,436622
7785,3.2113037893384715,461445,24823,436622
7786,3.210891343436938,461445,24823,436622
7787,3.2104790034673174,461445,24823,436622
7788,3.210066769388803,461445,24823,436622
7789,3.2096546411606113,461445,24823,436622
7790,3.209242618741977,461445,24823,436622
7791,3.2088307020921576,461445,24823,436622
7792,3.208418891170431,461445,24823,436622
7793,3.2080071859360966,461445,24823,436622
7794,3.2075955863484733,461445,24823,436622
7795,3.207184092366902,461445,24823,436622
7796,3.206772703950744,461445,24823,436622
7797,3.206361421059382,461445,24823,436622
7798,3.2059502436522185,461445,24823,436622
7799,3.205539171688678,461445,24823,436622
7800,3.2051282051282053,461445,24823,436622
7801,3.204717343930265,461445,24823,436622
7802,3.204306588054345,461445,24823,436622
7803,3.203895937459951,461445,24823,436622
7804,3.203485392106612,461445,24823,436622
7805,3.2030749519538757,461445,24823,436622
7806,3.2026646169613118,461445,24823,436622
7807,3.2022543870885105,461445,24823,436622
7808,3.201844262295082,461445,24823,436622
7809,3.201434242540658,461445,24823,436622
7810,3.201024327784891,461445,24823,436622
7811,3.2006145179874537,461445,24823,436622
7812,3.200204813108039,461445,24823,436622
7813,3.1997952131063614,461445,24823,436622
7814,3.199385717942155,461445,24823,436622
7815,3.198976327575176,461445,24823,436622
7816,3.1985670419651995,461445,24823,436622
7817,3.1981578610720227,461445,24823,436622
7818,3.1977487848554618,461445,24823,436622
7819,3.197339813275355,461445,24823,436622
7820,3.1969309462915603,461445,24823,436622
7821,3.196522183863956,461445,24823,436622
7822,3.196113525952442,461445,24823,436622
7823,3.1957049725169373,461445,24823,436622
7824,3.1952965235173822,461445,24823,436622
7825,3.194888178913738,461445,24823,436622
7826,3.1944799386659852,461445,24823,436622
7827,3.1940718027341255,461445,24823,436622
7828,3.193663771078181,461445,24823,436622
7829,3.1932558436581937,461445,24823,436622
7830,3.1928480204342273,461445,24823,436622
7831,3.1924403013663643,461445,24823,436622
7832,3.192032686414709,461445,24823,436622
7833,3.1916251755393845,461445,24823,436622
7834,3.191217768700536,461445,24823,436622
7835,3.190810465858328,461445,24823,436622
7836,3.1904032669729454,461445,24823,436622
7837,3.1899961720045935,461445,24823,436622
7838,3.189589180913498,461445,24823,436622
7839,3.1891822936599055,461445,24823,436622
7840,3.188775510204082,461445,24823,436622
7841,3.188368830506313,461445,24823,436622
7842,3.1879622545269064,461445,24823,436622
7843,3.187555782226189,461445,24823,436622
7844,3.1871494135645078,461445,24823,436622
7845,3.186743148502231,461445,24823,436622
7846,3.186336986999745,461445,24823,436622
7847,3.185930929017459,461445,24823,436622
7848,3.1855249745158,461445,24823,436622
7849,3.1851191234552174,461445,24823,436622
7850,3.1847133757961785,461445,24823,436622
7851,3.184307731499172,461245,24823,436422
7852,3.183902190524707,461245,24823,436422
7853,3.183496752833312,461245,24823,436422
7854,3.183091418385536,461245,24823,436422
7855,3.1826861871419476,461245,24823,436422
7856,3.1822810590631363,461245,24823,436422
7857,3.181876034109711,461245,24823,436422
7858,3.181471112242301,461245,24823,436422
7859,3.181066293421555,461245,24823,436422
7860,3.1806615776081424,461245,24823,436422
7861,3.1802569647627528,461245,24823,436422
7862,3.1798524548460954,461245,24823,436422
7863,3.1794480478188984,461245,24823,436422
7864,3.1790437436419126,461245,24823,436422
7865,3.178639542275906,461245,24823,436422
7866,3.1782354436816678,461245,24823,436422
7867,3.1778314478200076,461245,24823,436422
7868,3.177427554651754,461245,24823,436422
7869,3.177023764137756,461245,24823,436422
7870,3.1766200762388817,461245,24823,436422
7871,3.176216490916021,461245,24823,436422
7872,3.1758130081300813,461245,24823,436422
7873,3.1754096278419914,461245,24823,436422
7874,3.1750063500127,461245,24823,436422
7875,3.1746031746031744,461245,24823,436422
7876,3.1742001015744035,461245,24823,436422
7877,3.173797130887394,461245,24823,436422
7878,3.1733942625031735,461245,24823,436422
7879,3.1729914963827897,461245,24823,436422
7880,3.1725888324873095,461245,24823,436422
7881,3.17218627077782,461245,24823,436422
7882,3.1717838112154277,461245,24823,436422
7883,3.1713814537612586,461245,24823,436422
7884,3.170979198376459,461245,24823,436422
7885,3.170577045022194,461245,24823,436422
7886,3.17017499365965,461245,24823,436422
7887,3.169773044250032,461245,24823,436422
7888,3.1693711967545637,461245,24823,436422
7889,3.1689694511344912,461245,24823,436422
7890,3.1685678073510775,461245,24823,436422
7891,3.168166265365606,461245,24823,436422
7892,3.1677648251393817,461245,24823,436422
7893,3.167363486633726,461245,24823,436422
7894,3.1669622498099823,461245,24823,436422
7895,3.1665611146295123,461245,24823,436422
7896,3.166160081053698,461245,24823,436422
7897,3.1657591490439407,461245,24823,436422
7898,3.1653583185616614,461245,24823,436422
7899,3.1649575895682998,461245,24823,436422
7900,3.1645569620253164,461245,24823,436422
7901,3.1641564358941907,461245,24823,436422
7902,3.1637560111364214,461245,24823,436422
7903,3.1633556877135267,461245,24823,436422
7904,3.1629554655870447,461245,24823,436422
7905,3.1625553447185326,461245,24823,436422
7906,3.1621553250695675,461245,24823,436422
7907,3.1617554066017455,461245,24823,436422
7908,3.161355589276682,461245,24823,436422
7909,3.1609558730560123,461245,24823,436422
7910,3.1605562579013906,461245,24823,436422
7911,3.160156743774491,461245,24823,436422
7912,3.159757330637007,461245,24823,436422
7913,3.159358018450651,461245,24823,436422
7914,3.1589588071771546,461245,24823,436422
7915,3.158559696778269,461245,24823,436422
7916,3.1581606872157657,461245,24823,436422
7917,3.157761778451434,461245,24823,436422
7918,3.1573629704470827,461245,24823,436422
7919,3.156964263164541,461245,24823,436422
7920,3.1565656565656566,461245,24823,436422
7921,3.1561671506122964,461245,24823,436422
7922,3.155768745266347,461245,24823,436422
7923,3.1553704404897136,461245,24823,436422
7924,3.154972236244321,461245,24823,436422
7925,3.1545741324921135,461245,24823,436422
7926,3.1541761291950543,461245,24823,436422
7927,3.1537782263151257,461245,24823,436422
7928,3.153380423814329,461245,24823,436422
7929,3.1529827216546855,460969,24823,436146
7930,3.1525851197982346,460969,24823,436146
7931,3.152187618207036,460969,24823,436146
7932,3.151790216843167,460969,24823,436146
7933,3.1513929156687257,460969,24823,436146
7934,3.1509957146458283,460969,24823,436146
7935,3.15059861373661,460969,24823,436146
7936,3.150201612903226,460969,24823,436146
7937,3.149804712107849,460969,24823,436146
7938,3.1494079113126734,460969,24823,436146
7939,3.1490112104799093,460969,24823,436146
7940,3.1486146095717884,460969,24823,436146
7941,3.1482181085505605,460969,24823,436146
7942,3.147821707378494,460969,24823,436146
7943,3.1474254060178772,460969,24823,436146
7944,3.1470292044310173,460969,24823,436146
7945,3.146633102580239,460969,24823,436146
7946,3.1462371004278884,460969,24823,436146
7947,3.145841197936328,460969,24823,436146
7948,3.1454453950679415,460969,24823,436146
7949,3.1450496917851303,460969,24823,436146
7950,3.1446540880503147,460969,24823,436146
7951,3.144258583825934,460969,24823,436146
7952,3.143863179074447,460969,24823,436146
7953,3.1434678737583304,460969,24823,436146
7954,3.1430726678400807,460969,24823,436146
7955,3.1426775612822127,460969,24823,436146
7956,3.14228255404726,460969,24823,436146
7957,3.1418876460977754,460969,24823,436146
7958,3.141492837396331,460959,24823,436136
7959,3.141098127905516,460959,24823,436136
7960,3.14070351758794,460959,24823,436136
7961,3.1403090064062305,460959,24823,436136
7962,3.1399145943230344,460959,24823,436136
7963,3.1395202813010172,460959,24823,436136
7964,3.139126067302863,460959,24823,436136
7965,3.138731952291274,460959,24823,436136
7966,3.138337936228973,460959,24823,436136
7967,3.1379440190786996,460959,24823,436136
7968,3.137550200803213,460959,24823,436136
7969,3.1371564813652904,460959,24823,436136
7970,3.136762860727729,460959,24823,436136
7971,3.1363693388533433,460949,24823,436126
7972,3.1359759157049676,460949,24823,436126
7973,3.1355825912454534,460949,24823,436126
7974,3.1351893654376726,460949,24823,436126
7975,3.134796238244514,460949,24823,436126
7976,3.1344032096288865,460949,24823,436126
7977,3.134010279553717,460949,24823,436126
7978,3.1336174479819503,460949,24823,436126
7979,3.133224714876551,460949,24823,436126
7980,3.1328320802005014,460949,24823,436126
7981,3.1324395439168025,460949,24823,436126
7982,3.132047105988474,460949,24823,436126
7983,3.1316547663785546,460949,24823,436126
7984,3.1312625250501003,460949,24823,436126
7985,3.1308703819661865,460949,24823,436126
7986,3.130478337089907,460949,24823,436126
7987,3.1300863903843745,460949,24823,436126
7988,3.129694541812719,460949,24823,436126
7989,3.1293027913380898,460949,24823,436126
7990,3.1289111389236544,460949,24823,436126
7991,3.128519584532599,460949,24823,436126
7992,3.1281281281281283,460914,24823,436091
7993,3.127736769673464,460719,24823,435896
7994,3.1273455091318487,460719,24823,435896
7995,3.1269543464665417,460719,24823,435896
7996,3.1265632816408204,460719,24823,435896
7997,3.126172314617982,460719,24823,435896
7998,3.12578144536134,460719,24823,435896
7999,3.125390673834229,460719,24823,435896
8000,3.125,460719,24823,435896
8001,3.1246094238220223,460719,24823,435896
8002,3.124218945263684,460719,24823,435896
8003,3.123828564288392,460719,24823,435896
8004,3.1234382808595704,460719,24823,435896
8005,3.1230480949406623,460719,24823,435896
8006,3.122658006495129,460719,24823,435896
8007,3.1222680154864495,460719,24823,435896
8008,3.121878121878122,460719,24823,435896
8009,3.121488325633662,460719,24823,435896
8010,3.1210986267166043,460719,24823,435896
8011,3.1207090250905005,460719,24823,435896
8012,3.1203195207189216,460719,24823,435896
8013,3.1199301135654562,460719,24823,435896
8014,3.119540803593711,460719,24823,435896
8015,3.119151590767311,460719,24823,435896
8016,3.1187624750499,460719,24823,435896
8017,3.118373456405139,460719,24823,435896
8018,3.1179845347967072,460719,24823,435896
8019,3.117595710188303,460719,24823,435896
8020,3.117206982543641,460719,24823,435896
8021,3.1168183518264554,460719,24823,435896
8022,3.1164298180004986,460719,24823,435896
8023,3.11604138102954,460719,24823,435896
8024,3.1156530408773677,460719,24823,435896
8025,3.115264797507788,460719,24823,435896
8026,3.114876650884625,460719,24823,435896
8027,3.1144886009717205,460719,24823,435896
8028,3.114100647732935,460719,24823,435896
8029,3.113712791132146,460719,24823,435896
8030,3.1133250311332503,460719,24823,435896
8031,3.112937367700162,460719,24823,435896
8032,3.112549800796813,460719,24823,435896
8033,3.112162330387153,460719,24823,435896
8034,3.1117749564351507,460719,24823,435896
8035,3.1113876789047916,460719,24823,435896
8036,3.1110004977600796,460719,24823,435896
8037,3.1106134129650367,460719,24823,435896
8038,3.1102264244837023,460719,24823,435896
8039,3.109839532280134,460719,24823,435896
8040,3.109452736318408,460719,24823,435896
8041,3.1090660365626164,460719,24823,435896
8042,3.108679432976871,460719,24823,435896
8043,3.1082929255253013,460719,24823,435896
8044,3.1079065141720537,460719,24823,435896
8045,3.107520198881293,460719,24823,435896
8046,3.1071339796172013,460719,24823,435896
8047,3.106747856343979,460719,24823,435896
8048,3.106361829025845,460719,24823,435896
8049,3.1059758976270344,460719,24823,435896
8050,3.1055900621118013,460719,24823,435896
8051,3.105204322444417,460719,24823,435896
8052,3.1048186785891705,460719,24823,435896
8053,3.104433130510369,460719,24823,435896
8054,3.1040476781723365,460719,24823,435896
8055,3.1036623215394163,460719,24823,435896
8056,3.103277060575968,460719,24823,435896
8057,3.1028918952463695,460719,24823,435896
8058,3.1025068255150163,460719,24823,435896
8059,3.102121851346321,460719,24823,435896
8060,3.101736972704715,460719,24823,435896
8061,3.1013521895546456,460719,24823,435896
8062,3.1009675018605805,460719,24823,435896
8063,3.1005829095870023,460719,24823,435896
8064,3.1001984126984126,460719,24823,435896
8065,3.0998140111593306,460719,24823,435896
8066,3.099429704934292,460719,24823,435896
8067,3.099045493987852,460719,24823,435896
8068,3.098661378284581,460719,24823,435896
8069,3.0982773577890694,460719,24823,435896
8070,3.097893432465923,460719,24823,435896
8071,3.097509602279767,460418,24188,436230
8072,3.097125867195243,460418,24188,436230
8073,3.09674222717701,460418,24188,436230
8074,3.096358682189745,460418,24188,436230
8075,3.0959752321981426,460418,24188,436230
8076,3.0955918771669144,460418,24188,436230
8077,3.09520861706079,460418,24188,436230
8078,3.094825451844516,460418,24188,436230
8079,3.0944423814828568,460418,24188,436230
8080,3.094059405940594,460418,24188,436230
8081,3.093676525182527,460418,24188,436230
8082,3.093293739173472,460418,24188,436230
8083,3.092911047878263,460418,24188,436230
8084,3.0925284512617517,460418,24188,436230
8085,3.0921459492888066,460418,24188,436230
8086,3.0917635419243137,460418,24188,436230
8087,3.0913812291331766,460418,24188,436230
8088,3.0909990108803167,460418,24188,436230
8089,3.0906168871306714,460418,24188,436230
8090,3.0902348578491967,460418,24188,436230
8091,3.089852923000865,460418,24188,436230
8092,3.0894710825506673,460418,24188,436230
8093,3.0890893364636107,459905,23940,435965
8094,3.0887076847047195,459905,23940,435965
8095,3.0883261272390365,459905,23940,435965
8096,3.0879446640316206,459905,23940,435965
8097,3.0875632950475485,459905,23940,435965
8098,3.0871820202519142,459905,23940,435965
8099,3.0868008396098285,459905,23940,435965
8100,3.0864197530864197,459905,23940,435965
8101,3.086038760646834,459905,23940,435965
8102,3.085657862256233,459905,23940,435965
8103,3.0852770578797974,459905,23940,435965
8104,3.0848963474827245,459905,23940,435965
8105,3.0845157310302285,459905,23940,435965
8106,3.08413520848754,459905,23940,435965
8107,3.0837547798199085,459905,23940,435965
8108,3.0833744449925997,459905,23940,435965
8109,3.0829942039708964,459905,23940,435965
8110,3.082614056720099,459905,23940,435965
8111,3.0822340032055235,459905,23940,435965
8112,3.081854043392505,459905,23940,435965
8113,3.0814741772463945,459905,23940,435965
8114,3.081094404732561,459905,23940,435965
8115,3.0807147258163896,459905,23940,435965
8116,3.0803351404632826,459905,23940,435965
8117,3.0799556486386597,459905,23940,435965
8118,3.079576250307958,459905,23940,435965
8119,3.07919694543663,459905,23940,435965
8120,3.0788177339901477,459905,23940,435965
8121,3.0784386159339983,459905,23940,435965
8122,3.078059591233686,459905,23940,435965
8123,3.0776806598547335,459905,23940,435965
8124,3.0773018217626786,459905,23940,435965
8125,3.076923076923077,459905,23940,435965
8126,3.0765444253015013,459905,23940,435965
8127,3.0761658668635414,459905,23940,435965
8128,3.0757874015748032,459905,23940,435965
8129,3.07540902940091,459905,23940,435965
8130,3.075030750307503,459905,23940,435965
8131,3.0746525642602385,459905,23940,435965
8132,3.074274471224791,459905,23940,435965
8133,3.0738964711668513,459905,23940,435965
8134,3.0735185640521268,459905,23940,435965
8135,3.073140749846343,459905,23940,435965
8136,3.072763028515241,459905,23940,435965
8137,3.072385400024579,459905,23940,435965
8138,3.0720078643401325,459905,23940,435965
8139,3.071630421427694,459905,23940,435965
8140,3.0712530712530715,459905,23940,435965
8141,3.0708758137820906,459905,23940,435965
8142,3.0704986489805943,459905,23940,435965
8143,3.070121576814442,459905,23940,435965
8144,3.069744597249509,459905,23940,435965
8145,3.0693677102516883,459905,23940,435965
8146,3.0689909157868893,459905,23940,435965
8147,3.0686142138210384,459905,23940,435965
8148,3.0682376043200787,459905,23940,435965
8149,3.067861087249969,459905,23940,435965
8150,3.067484662576687,459905,23940,435965
8151,3.067108330266225,459905,23940,435965
8152,3.0667320902845927,459905,23940,435965
8153,3.066355942597817,459905,23940,435965
8154,3.0659798871719404,459905,23940,435965
8155,3.065603923973023,459905,23940,435965
8156,3.0652280529671407,459905,23940,435965
8157,3.0648522741203874,459905,23940,435965
8158,3.064476587398872,459905,23940,435965
8159,3.0641009927687217,459905,23940,435965
8160,3.0637254901960786,459905,23940,435965
8161,3.063350079647102,459905,23940,435965
8162,3.0629747610879687,459905,23940,435965
8163,3.0625995344848707,459905,23940,435965
8164,3.0622243998040175,459905,23940,435965
8165,3.061849357011635,459905,23940,435965
8166,3.061474406073965,459834,23956,435878
8167,3.061099546957267,459834,23956,435878
8168,3.060724779627816,459834,23956,435878
8169,3.0603501040519037,459834,23956,435878
8170,3.0599755201958385,459834,23956,435878
8171,3.0596010280259454,459834,23956,435878
8172,3.0592266275085658,459834,23956,435878
8173,3.0588523186100574,459834,23956,435878
8174,3.0584781012967945,459834,23956,435878
8175,3.058103975535168,459834,23956,435878
8176,3.0577299412915853,459834,23956,435878
8177,3.057355998532469,459834,23956,435878
8178,3.0569821472242604,459834,23956,435878
8179,3.056608387333415,459834,23956,435878
8180,3.056234718826406,459834,23956,435878
8181,3.0558611416697223,459834,23956,435878
8182,3.0554876558298703,459834,23956,435878
8183,3.0551142612733715,459834,23956,435878
8184,3.0547409579667644,459834,23956,435878
8185,3.0543677458766036,459818,23889,435929
8186,3.05399462496946,459818,23889,435929
8187,3.0536215952119212,459818,23889,435929
8188,3.053248656570591,459818,23889,435929
8189,3.0528758090120895,459818,23889,435929
8190,3.0525030525030523,459818,23889,435929
8191,3.0521303870101333,459818,23889,435929
8192,3.0517578125,459818,23889,435929
8193,3.0513853289393387,459818,23889,435929
8194,3.0510129362948497,459818,23889,435929
8195,3.050640634533252,459818,23889,435929
8196,3.0502684236212785,459818,23889,435929
8197,3.04989630352568,459818,23889,435929
8198,3.0495242742132227,459818,23889,435929
8199,3.0491523356506893,459818,23889,435929
8200,3.048780487804878,459818,23889,435929
8201,3.0484087306426044,459818,23889,435929
8202,3.0480370641306997,459818,23889,435929
8203,3.047665488236011,459818,23889,435929
8204,3.047294002925402,459818,23889,435929
8205,3.0469226081657528,459818,23889,435929
8206,3.046551303923958,459818,23889,435929
8207,3.0461800901669305,459818,23889,435929
8208,3.0458089668615984,459818,23889,435929
8209,3.0454379339749056,459818,23889,435929
8210,3.045066991473812,459818,23889,435929
8211,3.0446961393252954,459818,23889,435929
8212,3.044325377496347,459818,23889,435929
8213,3.0439547059539755,459818,23889,435929
8214,3.043584124665206,459818,23889,435929
8215,3.0432136335970785,459818,23889,435929
8216,3.0428432327166504,459818,23889,435929
8217,3.0424729219909943,459818,23889,435929
8218,3.042102701387199,459818,23889,435929
8219,3.041732570872369,459818,23889,435929
8220,3.0413625304136254,459818,23889,435929
8221,3.040992579978105,459818,23889,435929
8222,3.0406227195329603,459818,23889,435929
8223,3.0402529490453607,459818,23889,435929
8224,3.03988326848249,459818,23889,435929
8225,3.0395136778115504,459818,23889,435929
8226,3.039144176999757,459818,23889,435929
8227,3.038774766014343,459818,23889,435929
8228,3.038405444822557,459818,23889,435929
8229,3.0380362133916634,459818,23889,435929
8230,3.0376670716889427,459818,23889,435929
8231,3.037298019681691,459818,23889,435929
8232,3.0369290573372205,459818,23889,435929
8233,3.0365601846228594,459818,23889,435929
8234,3.036191401505951,459818,23889,435929
8235,3.0358227079538556,459818,23889,435929
8236,3.0354541039339487,459818,23889,435929
8237,3.0350855894136215,459818,23889,435929
8238,3.0347171643602815,459818,23889,435929
8239,3.034348828741352,459818,23889,435929
8240,3.033980582524272,459818,23889,435929
8241,3.0336124256764956,459818,23889,435929
8242,3.033244358165494,459818,23889,435929
8243,3.032876379958753,459818,23889,435929
8244,3.032508491023775,459818,23889,435929
8245,3.0321406913280775,459818,23889,435929
8246,3.031772980839195,459818,23889,435929
8247,3.0314053595246757,459818,23889,435929
8248,3.0310378273520855,459818,23889,435929
8249,3.030670384289005,459818,23889,435929
8250,3.0303030303030303,459818,23889,435929
8251,3.0299357653617744,459818,23889,435929
8252,3.0295685894328646,459818,23889,435929
8253,3.029201502483945,459818,23889,435929
8254,3.028834504482675,459818,23889,435929
8255,3.0284675953967293,459818,23889,435929
8256,3.0281007751937983,459818,23889,435929
8257,3.027734043841589,459818,23889,435929
8258,3.027367401307823,459818,23889,435929
8259,3.0270008475602372,459818,23889,435929
8260,3.026634382566586,459818,23889,435929
8261,3.0262680062946377,459818,23889,435929
8262,3.025901718712176,459818,23889,435929
8263,3.0255355197870024,459818,23889,435929
8264,3.0251694094869315,459818,23889,435929
8265,3.0248033877797944,459818,23889,435929
8266,3.0244374546334383,459818,23889,435929
8267,3.024071610015725,459818,23889,435929
8268,3.023705853894533,459818,23889,435929
8269,3.0233401862377556,459818,23889,435929
8270,3.022974607013301,459818,23889,435929
8271,3.0226091161890944,459818,23889,435929
8272,3.0222437137330753,459818,23889,435929
8273,3.0218783996131995,459818,23889,435929
8274,3.021513173797438,459818,23889,435929
8275,3.0211480362537766,459818,23889,435929
8276,3.0207829869502176,459818,23889,435929
8277,3.020418025854778,459818,23889,435929
8278,3.0200531529354917,459818,23889,435929
8279,3.0196883681604056,459818,23889,435929
8280,3.0193236714975846,459818,23889,435929
8281,3.018959062915107,459818,23889,435929
8282,3.0185945423810674,459818,23889,435929
8283,3.018230109863576,459818,23889,435929
8284,3.017865765330758,459818,23889,435929
8285,3.017501508750754,459818,23889,435929
8286,3.017137340091721,459818,23889,435929
8287,3.0167732593218295,459818,23889,435929
8288,3.0164092664092665,459818,23889,435929
8289,3.0160453613222344,459818,23889,435929
8290,3.0156815440289506,459818,23889,435929
8291,3.015317814497648,459818,23889,435929
8292,3.014954172696575,459818,23889,435929
8293,3.014590618593995,459818,23889,435929
8294,3.0142271521581865,459818,23889,435929
8295,3.013863773357444,459818,23889,435929
8296,3.0135004821600773,459818,23889,435929
8297,3.01313727853441,459818,23889,435929
8298,3.0127741624487827,459818,23889,435929
8299,3.012411133871551,459818,23889,435929
8300,3.0120481927710845,459818,23889,435929
8301,3.011685339115769,459818,23889,435929
8302,3.0113225728740063,459818,23889,435929
8303,3.0109598940142117,459753,23889,435864
8304,3.010597302504817,459753,23889,435864
8305,3.0102347983142685,459753,23889,435864
8306,3.009872381411028,459753,23889,435864
8307,3.0095100517635727,459753,23889,435864
8308,3.0091478093403947,459753,23889,435864
8309,3.0087856541100013,459753,23889,435864
8310,3.0084235860409145,459753,23889,435864
8311,3.0080616051016724,459753,23889,435864
8312,3.0076997112608277,459753,23889,435864
8313,3.007337904486948,459753,23889,435864
8314,3.0069761847486167,459753,23889,435864
8315,3.006614552014432,459753,23889,435864
8316,3.006253006253006,459753,23889,435864
8317,3.005891547432969,459753,23889,435864
8318,3.005530175522962,459753,23889,435864
8319,3.0051688904916456,459753,23889,435864
8320,3.0048076923076925,459753,23889,435864
8321,3.004446580939791,459753,23889,435864
8322,3.004085556356645,459753,23889,435864
8323,3.0037246185269733,459753,23889,435864
8324,3.00336376741951,459753,23889,435864
8325,3.003003003003003,459753,23889,435864
8326,3.002642325246217,459753,23889,435864
8327,3.0022817341179295,459753,23889,435864
8328,3.0019212295869355,459753,23889,435864
8329,3.0015608116220434,459753,23889,435864
8330,3.0012004801920766,459753,23889,435864
8331,3.0008402352658745,459753,23889,435864
8332,3.00048007681229,459753,23889,435864
8333,3.000120004800192,459753,23889,435864
8334,2.999760019198464,459753,23889,435864
8335,2.9994001199760048,459753,23889,435864
8336,2.9990403071017275,459753,23889,435864
8337,2.99868058054456,459753,23889,435864
8338,2.9983209402734468,459753,23889,435864
8339,2.997961386257345,459753,23889,435864
8340,2.997601918465228,459753,23889,435864
8341,2.997242536866083,459753,23889,435864
8342,2.9968832414289137,459753,23889,435864
8343,2.9965240321227378,459753,23889,435864
8344,2.9961649089165867,459753,23889,435864
8345,2.995805871779509,459753,23889,435864
8346,2.9954469206805654,459753,23889,435864
8347,2.9950880555888344,459753,23889,435864
8348,2.994729276473407,459753,23889,435864
8349,2.9943705833033896,459753,23889,435864
8350,2.9940119760479043,459753,23889,435864
8351,2.9936534546760867,459753,23889,435864
8352,2.993295019157088,459753,23889,435864
8353,2.9929366694600743,459753,23889,435864
8354,2.9925784055542257,459753,23889,435864
8355,2.9922202274087373,459753,23889,435864
8356,2.9918621349928194,459753,23889,435864
8357,2.991504128275697,459753,23889,435864
8358,2.9911462072266093,459753,23889,435864
8359,2.9907883718148103,459753,23889,435864
8360,2.9904306220095696,459753,23889,435864
8361,2.99007295778017,459753,23889,435864
8362,2.98971537909591,459753,23889,435864
8363,2.989357885926103,459753,23889,435864
8364,2.9890004782400763,459753,23889,435864
8365,2.9886431560071727,459753,23889,435864
8366,2.988285919196749,459753,23889,435864
8367,2.9879287677781763,459753,23889,435864
8368,2.9875717017208414,459753,23889,435864
8369,2.987214720994145,459753,23889,435864
8370,2.986857825567503,459753,23889,435864
8371,2.986501015410345,459753,23889,435864
8372,2.9861442904921165,459753,23889,435864
8373,2.9857876507822763,459753,23889,435864
8374,2.9854310962502986,459753,23889,435864
8375,2.985074626865672,459753,23889,435864
8376,2.9847182425978986,459753,23889,435864
8377,2.9843619434164976,459753,23889,435864
8378,2.9840057292910003,459753,23889,435864
8379,2.9836496001909536,459753,23889,435864
8380,2.983293556085919,459753,23889,435864
8381,2.982937596945472,459753,23889,435864
8382,2.982581722739203,459753,23889,435864
8383,2.9822259334367174,459753,23889,435864
8384,2.9818702290076335,459753,23889,435864
8385,2.9815146094215863,459753,23889,435864
8386,2.981159074648223,459753,23889,435864
8387,2.9808036246572076,459753,23889,435864
8388,2.9804482594182167,459753,23889,435864
8389,2.9800929789009416,459753,23889,435864
8390,2.9797377830750893,459691,23889,435802
8391,2.97938267191038,459691,23889,435802
8392,2.979027645376549,459691,23889,435802
8393,2.978672703443346,459691,23889,435802
8394,2.9783178460805337,459691,23889,435802
8395,2.9779630732578917,459691,23889,435802
8396,2.977608384945212,459691,23889,435802
8397,2.977253781112302,459691,23889,435802
8398,2.976899261728983,459691,23889,435802
8399,2.976544826765091,459691,23889,435802
8400,2.9761904761904763,459691,23889,435802
8401,2.975836209975003,459691,23889,435802
8402,2.9754820280885506,459691,23889,435802
8403,2.9751279305010114,459691,23889,435802
8404,2.974773917182294,459691,23889,435802
8405,2.97441998810232,459691,23889,435802
8406,2.9740661432310254,459691,23889,435802
8407,2.973712382538361,459691,23889,435802
8408,2.973358705994291,459691,23889,435802
8409,2.9730051135687954,459691,23889,435802
8410,2.972651605231867,459691,23889,435802
8411,2.9722981809535134,459691,23889,435802
8412,2.9719448407037565,459691,23889,435802
8413,2.971591584452633,459691,23889,435802
8414,2.9712384121701927,459691,23889,435802
8415,2.9708853238265003,459691,23889,435802
8416,2.970532319391635,459691,23889,435802
8417,2.9701793988356897,459691,23889,435802
8418,2.969826562128772,459691,23889,435802
8419,2.9694738092410025,459691,23889,435802
8420,2.969121140142518,459691,23889,435802
8421,2.9687685548034675,459691,23889,435802
8422,2.968416053194016,459691,23889,435802
8423,2.9680636352843406,459691,23889,435802
8424,2.9677113010446345,459691,23889,435802
8425,2.9673590504451037,459691,23889,435802
8426,2.9670068834559697,459691,23889,435802
8427,2.9666548000474666,459691,23889,435802
8428,2.9663028001898435,459691,23889,435802
8429,2.9659508838533633,459691,23889,435802
8430,2.965599051008304,459691,23889,435802
8431,2.9652473016249554,459691,23889,435802
8432,2.9648956356736242,459691,23889,435802
8433,2.9645440531246297,459691,23889,435802
8434,2.9641925539483043,459691,23889,435802
8435,2.963841138114997,459691,23889,435802
8436,2.963489805595069,459691,23889,435802
8437,2.9631385563588952,459691,23889,435802
8438,2.9627873903768664,459691,23889,435802
8439,2.9624363076193863,459691,23889,435802
8440,2.962085308056872,459691,23889,435802
8441,2.961734391659756,459691,23889,435802
8442,2.9613835583984836,459691,23889,435802
8443,2.9610328082435156,459691,23889,435802
8444,2.9606821411653246,459691,23889,435802
8445,2.960331557134399,459691,23889,435802
8446,2.959981056121241,459691,23889,435802
8447,2.9596306380963657,459691,23889,435802
8448,2.959280303030303,459691,23889,435802
8449,2.958930050893597,459691,23889,435802
8450,2.9585798816568047,459691,23889,435802
8451,2.958229795290498,459691,23889,435802
8452,2.957879791765263,459691,23889,435802
8453,2.9575298710516975,459691,23889,435802
8454,2.9571800331204163,459691,23889,435802
8455,2.9568302779420463,459691,23889,435802
8456,2.956480605487228,459691,23889,435802
8457,2.956131015726617,459691,23889,435802
8458,2.955781508630882,459691,23889,435802
8459,2.9554320841707056,459691,23889,435802
8460,2.955082742316785,459691,23889,435802
8461,2.95473348303983,459691,23889,435802
8462,2.954384306310565,459691,23889,435802
8463,2.954035212099728,459691,23889,435802
8464,2.9536862003780717,459691,23889,435802
8465,2.9533372711163617,459691,23889,435802
8466,2.952988424285377,459691,23889,435802
8467,2.9526396598559113,459691,23889,435802
8468,2.952290977798772,459691,23889,435802
8469,2.9519423780847798,459691,23889,435802
8470,2.9515938606847696,459691,23889,435802
8471,2.9512454255695904,459691,23889,435802
8472,2.950897072710104,459691,23889,435802
8473,2.9505488020771864,459691,23889,435802
8474,2.950200613641728,459691,23889,435802
8475,2.949852507374631,459691,23889,435802
8476,2.9495044832468147,459691,23889,435802
8477,2.9491565412292085,459691,23889,435802
8478,2.948808681292758,459691,23889,435802
8479,2.948460903408421,459691,23889,435802
8480,2.94811320754717,459691,23889,435802
8481,2.9477655936799905,459691,23889,435802
8482,2.9474180617778827,459691,23889,435802
8483,2.947070611811859,459691,23889,435802
8484,2.9467232437529467,459691,23889,435802
8485,2.946375957572186,459691,23889,435802
8486,2.9460287532406317,459691,23889,435802
8487,2.945681630729351,459691,23889,435802
8488,2.945334590009425,459691,23889,435802
8489,2.9449876310519496,459691,23889,435802
8490,2.944640753828033,459691,23889,435802
8491,2.9442939583087977,459691,23889,435802
8492,2.943947244465379,459691,23889,435802
8493,2.9436006122689276,459691,23889,435802
8494,2.943254061690605,459691,23889,435802
8495,2.942907592701589,459691,23889,435802
8496,2.9425612052730696,459691,23889,435802
8497,2.9422148993762502,459691,23889,435802
8498,2.9418686749823486,459691,23889,435802
8499,2.9415225320625957,459691,23889,435802
8500,2.9411764705882355,459691,23889,435802
8501,2.940830490530526,459691,23889,435802
8502,2.9404845918607387,459691,23889,435802
8503,2.940138774550159,459461,24225,435236
8504,2.939793038570085,459461,24225,435236
8505,2.9394473838918285,459461,24225,435236
8506,2.939101810486715,459461,24225,435236
8507,2.9387563183260843,459461,24225,435236
8508,2.938410907381288,459461,24225,435236
8509,2.9380655776236924,459461,24225,435236
8510,2.937720329024677,459461,24225,435236
8511,2.937375161555634,459461,24225,435236
8512,2.93703007518797,459461,24225,435236
8513,2.936685069893105,459461,24225,435236
8514,2.9363401456424714,459461,24225,435236
8515,2.935995302407516,459461,24225,435236
8516,2.9356505401596995,459461,24225,435236
8517,2.9353058588704943,459461,24225,435236
8518,2.934961258511388,459461,24225,435236
8519,2.9346167390538795,459461,24225,435236
8520,2.9342723004694835,459461,24225,435236
8521,2.9339279427297265,459461,24225,435236
8522,2.933583665806149,459461,24225,435236
8523,2.933239469670304,459461,24225,435236
8524,2.9328953542937586,459461,24225,435236
8525,2.932551319648094,459461,24225,435236
8526,2.932207365704903,459461,24225,435236
8527,2.931863492435792,459461,24225,435236
8528,2.931519699812383,459461,24225,435236
8529,2.931175987806308,459461,24225,435236
8530,2.9308323563892147,459461,24225,435236
8531,2.9304888055327627,459461,24225,435236
8532,2.930145335208626,459461,24225,435236
8533,2.929801945388492,459461,24225,435236
8534,2.929458636044059,459461,24225,435236
8535,2.9291154071470418,459461,24225,435236
8536,2.928772258669166,459461,24225,435236
8537,2.9284291905821718,459461,24225,435236
8538,2.9280862028578123,459461,24225,435236
8539,2.9277432954678533,459461,24225,435236
8540,2.927400468384075,459408,24225,435183
8541,2.9270577215782696,459408,24225,435183
8542,2.926715055022243,459408,24225,435183
8543,2.9263724686878145,459408,24225,435183
8544,2.9260299625468167,459408,24225,435183
8545,2.925687536571094,459408,24225,435183
8546,2.9253451907325063,459408,24225,435183
8547,2.925002925002925,459408,24225,435183
8548,2.924660739354235,459408,24225,435183
8549,2.9243186337583342,459408,24225,435183
8550,2.9239766081871346,459408,24225,435183
8551,2.9236346626125598,459408,24225,435183
8552,2.9232927970065483,459408,24225,435183
8553,2.9229510113410497,459408,24225,435183
8554,2.922609305588029,459408,24225,435183
8555,2.922267679719462,459408,24225,435183
8556,2.92192613370734,459408,24225,435183
8557,2.921584667523665,459408,24225,435183
8558,2.921243281140453,459408,24225,435183
8559,2.920901974529735,459408,24225,435183
8560,2.9205607476635516,459408,24225,435183
8561,2.9202196005139585,459408,24225,435183
8562,2.919878533053025,459408,24225,435183
8563,2.919537545252832,459408,24225,435183
8564,2.919196637085474,459408,24225,435183
8565,2.918855808523059,459408,24225,435183
8566,2.9185150595377074,459408,24225,435183
8567,2.9181743901015524,459408,24225,435183
8568,2.917833800186741,459408,24225,435183
8569,2.9174932897654333,459408,24225,435183
8570,2.9171528588098017,459408,24225,435183
8571,2.9168125072920312,459408,24225,435183
8572,2.916472235184321,459408,24225,435183
8573,2.9161320424588824,459408,24225,435183
8574,2.9157919290879404,459408,24225,435183
8575,2.9154518950437316,459408,24225,435183
8576,2.9151119402985075,459408,24225,435183
8577,2.9147720648245308,459408,24225,435183
8578,2.914432268594078,459408,24225,435183
8579,2.9140925515794383,459408,24225,435183
8580,2.913752913752914,459408,24225,435183
8581,2.9134133550868198,459408,24225,435183
8582,2.913073875553484,459408,24225,435183
8583,2.9127344751252475,459408,24225,435183
8584,2.9123951537744643,459408,24225,435183
8585,2.9120559114735003,459408,24225,435183
8586,2.9117167481947357,459408,24225,435183
8587,2.9113776639105624,459408,24225,435183
8588,2.911038658593386,459408,24225,435183
8589,2.9106997322156247,459408,24225,435183
8590,2.910360884749709,459408,24225,435183
8591,2.910022116168083,459408,24225,435183
8592,2.9096834264432028,459408,24225,435183
8593,2.9093448155475388,459408,24225,435183
8594,2.9090062834535724,459408,24225,435183
8595,2.908667830133799,459408,24225,435183
8596,2.9083294555607258,459408,24225,435183
8597,2.9079911597068744,459408,24225,435183
8598,2.907652942544778,459408,24225,435183
8599,2.9073148040469823,459408,24225,435183
8600,2.9069767441860463,459408,24225,435183
8601,2.9066387629345427,459408,24225,435183
8602,2.9063008602650546,459408,24225,435183
8603,2.90596303615018,459408,24225,435183
8604,2.9056252905625293,459408,24225,435183
8605,2.905287623474724,459408,24225,435183
8606,2.9049500348594006,459408,24225,435183
8607,2.9046125246892065,459408,24225,435183
8608,2.904275092936803,459408,24225,435183
8609,2.9039377395748636,459408,24225,435183
8610,2.9036004645760745,459408,24225,435183
8611,2.9032632679131343,459408,24225,435183
8612,2.902926149558755,459408,24225,435183
8613,2.9025891094856613,459408,24225,435183
8614,2.9022521476665895,459408,24225,435183
8615,2.901915264074289,459408,24225,435183
8616,2.9015784586815228,459408,24225,435183
8617,2.9012417314610652,459408,24225,435183
8618,2.9009050823857043,459408,24225,435183
8619,2.90056851142824,459408,24225,435183
8620,2.9002320185614847,459408,24225,435183
8621,2.8998956037582646,459408,24225,435183
8622,2.8995592669914174,459408,24225,435183
8623,2.8992230082337933,459408,24225,435183
8624,2.898886827458256,459408,24225,435183
8625,2.898550724637681,459408,24225,435183
8626,2.898214699744957,459408,24225,435183
8627,2.897878752752985,459408,24225,435183
8628,2.897542883634678,459408,24225,435183
8629,2.897207092362962,459408,24225,435183
8630,2.8968713789107765,459408,24225,435183
8631,2.896535743251072,459233,24253,434980
8632,2.896200185356812,459233,24253,434980
8633,2.895864705200973,459233,24253,434980
8634,2.895529302756544,459233,24253,434980
8635,2.895193977996526,459233,24253,434980
8636,2.894858730893932,459233,24253,434980
8637,2.89452356142179,459233,24253,434980
8638,2.8941884695531375,459233,24253,434980
8639,2.8938534552610258,459233,24253,434980
8640,2.8935185185185186,459015,24028,434987
8641,2.893183659298692,459015,24028,434987
8642,2.8928488775746355,459015,24028,434987
8643,2.8925141733194493,459015,24028,434987
8644,2.892179546506247,459015,24028,434987
8645,2.891844997108155,459015,24028,434987
8646,2.8915105250983113,459015,24028,434987
8647,2.891176130449867,459015,24028,434987
8648,2.890841813135985,459015,24028,434987
8649,2.8905075731298417,459015,24028,434987
8650,2.8901734104046244,459015,24028,434987
8651,2.8898393249335337,459015,24028,434987
8652,2.8895053166897826,459015,24028,434987
8653,2.8891713856465966,459015,24028,434987
8654,2.888837531777213,459015,24028,434987
8655,2.8885037550548818,459015,24028,434987
8656,2.888170055452865,459015,24028,434987
8657,2.887836432944438,459015,24028,434987
8658,2.8875028875028876,459015,24028,434987
8659,2.8871694191015127,459015,24028,434987
8660,2.886836027713626,459015,24028,434987
8661,2.8865027133125505,459015,24028,434987
8662,2.886169475871623,459015,24028,434987
8663,2.8858363153641924,459015,24028,434987
8664,2.88550323176362,459015,24028,434987
8665,2.8851702250432774,459015,24028,434987
8666,2.884837295176552,459015,24028,434987
8667,2.884504442136841,459015,24028,434987
8668,2.8841716658975542,458680,24028,434652
8669,2.8838389664321142,458680,24028,434652
8670,2.883506343713956,458680,24028,434652
8671,2.8831737977165264,458680,24028,434652
8672,2.882841328413284,458680,24028,434652
8673,2.8825089357777007,458680,24028,434652
8674,2.88217661978326,458680,24028,434652
8675,2.881844380403458,458680,24028,434652
8676,2.8815122176118027,458680,24028,434652
8677,2.881180131381814,458680,24028,434652
8678,2.8808481216870248,458680,24028,434652
8679,2.8805161885009793,458680,24028,434652
8680,2.880184331797235,458680,24028,434652
8681,2.8798525515493605,458680,24028,434652
8682,2.8795208477309377,458680,24028,434652
8683,2.8791892203155593,458680,24028,434652
8684,2.878857669276831,458680,24028,434652
8685,2.8785261945883707,458680,24028,434652
8686,2.8781947962238084,458680,24028,434652
8687,2.877863474156786,458680,24028,434652
8688,2.8775322283609577,458680,24028,434652
8689,2.8772010588099897,458680,24028,434652
8690,2.8768699654775602,458680,24028,434652
8691,2.8765389483373607,458680,24028,434652
8692,2.8762080073630925,458680,24028,434652
8693,2.8758771425284713,458680,24028,434652
8694,2.8755463538072235,458680,24028,434652
8695,2.875215641173088,458680,24028,434652
8696,2.874885004599816,458680,24028,434652
8697,2.8745544440611703,458680,24028,434652
8698,2.8742239595309265,458680,24028,434652
8699,2.8738935509828716,458680,24028,434652
8700,2.8735632183908044,458680,24028,434652
8701,2.873232961728537,458680,24028,434652
8702,2.872902780969892,458680,24028,434652
8703,2.872572676088705,458680,24028,434652
8704,2.8722426470588234,458680,24028,434652
8705,2.8719126938541066,458680,24028,434652
8706,2.8715828164484263,458680,24028,434652
8707,2.8712530148156654,458680,24028,434652
8708,2.8709232889297196,458680,24028,434652
8709,2.8705936387644964,458680,24028,434652
8710,2.8702640642939152,458680,24028,434652
8711,2.869934565491907,458680,24028,434652
8712,2.869605142332415,458680,24028,434652
8713,2.869275794789395,458680,24028,434652
8714,2.8689465228368145,458680,24028,434652
8715,2.8686173264486516,458680,24028,434652
8716,2.8682882055988985,458680,24028,434652
8717,2.8679591602615577,458680,24028,434652
8718,2.8676301904106447,458680,24028,434652
8719,2.867301296020186,458680,24028,434652
8720,2.86697247706422,458680,24028,434652
8721,2.8666437335167987,458680,24028,434652
8722,2.8663150653519835,458680,24028,434652
8723,2.8659864725438498,458680,24028,434652
8724,2.8656579550664834,458680,24028,434652
8725,2.865329512893983,458680,24028,434652
8726,2.8650011460004583,458680,24028,434652
8727,2.864672854360032,458680,24028,434652
8728,2.8643446379468376,458680,24028,434652
8729,2.864016496735021,458680,24028,434652
8730,2.86368843069874,458680,24028,434652
8731,2.8633604398121637,458680,24028,434652
8732,2.863032524049473,458680,24028,434652
8733,2.862704683384862,458680,24028,434652
8734,2.862376917792535,458680,24028,434652
8735,2.862049227246709,458680,24028,434652
8736,2.8617216117216118,458680,24028,434652
8737,2.8613940711914845,458680,24028,434652
8738,2.861066605630579,458680,24028,434652
8739,2.8607392150131594,458680,24028,434652
8740,2.860411899313501,458680,24028,434652
8741,2.8600846585058917,458680,24028,434652
8742,2.8597574925646305,458680,24028,434652
8743,2.8594304014640284,458680,24028,434652
8744,2.859103385178408,458680,24028,434652
8745,2.858776443682104,458680,24028,434652
8746,2.8584495769494627,458680,24028,434652
8747,2.858122784954842,458680,24028,434652
8748,2.857796067672611,458680,24028,434652
8749,2.8574694250771517,458680,24028,434652
8750,2.857142857142857,458680,24028,434652
8751,2.856816363844132,458680,24028,434652
8752,2.856489945155393,458680,24028,434652
8753,2.856163601051068,458680,24028,434652
8754,2.8558373315055974,458680,24028,434652
8755,2.8555111364934325,458680,24028,434652
8756,2.855185015989036,458680,24028,434652
8757,2.854858969966884,458680,24028,434652
8758,2.8545329984014614,458680,24028,434652
8759,2.854207101267268,458680,24028,434652
8760,2.853881278538813,458680,24028,434652
8761,2.8535555301906177,458680,24028,434652
8762,2.853229856197215,458680,24028,434652
8763,2.852904256533151,458680,24028,434652
8764,2.85257873117298,458680,24028,434652
8765,2.852253280091272,458680,24028,434652
8766,2.8519279032626055,458680,24028,434652
8767,2.851602600661572,458680,24028,434652
8768,2.8512773722627736,458680,24028,434652
8769,2.8509522180408258,458680,24028,434652
8770,2.8506271379703536,458680,24028,434652
8771,2.8503021320259947,458680,24028,434652
8772,2.8499772001823986,458680,24028,434652
8773,2.8496523424142253,458680,24028,434652
8774,2.8493275586961477,458680,24028,434652
8775,2.849002849002849,458680,24028,434652
8776,2.8486782133090247,458680,24028,434652
8777,2.8483536515893815,458680,24028,434652
8778,2.8480291638186377,458680,24028,434652
8779,2.847704749971523,458680,24028,434652
8780,2.847380410022779,458680,24028,434652
8781,2.8470561439471584,458680,24028,434652
8782,2.846731951719426,458680,24028,434652
8783,2.846407833314357,458680,24028,434652
8784,2.8460837887067396,458680,24028,434652
8785,2.8457598178713717,458680,24028,434652
8786,2.845435920783064,458680,24028,434652
8787,2.845112097416638,458680,24028,434652
8788,2.8447883477469276,458680,24028,434652
8789,2.844464671748777,458680,24028,434652
8790,2.844141069397042,458680,24028,434652
8791,2.8438175406665906,458680,24028,434652
8792,2.843494085532302,458680,24028,434652
8793,2.8431707039690663,458680,24028,434652
8794,2.8428473959517855,458680,24028,434652
8795,2.8425241614553722,458680,24028,434652
8796,2.842201000454752,458680,24028,434652
8797,2.841877912924861,458680,24028,434652
8798,2.8415548988406454,458680,24028,434652
8799,2.8412319581770658,458680,24028,434652
8800,2.840909090909091,458680,24028,434652
8801,2.8405862970117033,458680,24028,434652
8802,2.8402635764598956,458680,24028,434652
8803,2.839940929228672,458680,24028,434652
8804,2.8396183552930485,458680,24028,434652
8805,2.8392958546280522,458680,24028,434652
8806,2.8389734272087215,458680,24028,434652
8807,2.8386510730101056,458680,24028,434652
8808,2.838328792007266,458680,24028,434652
8809,2.8380065841752753,458680,24028,434652
8810,2.837684449489217,458680,24028,434652
8811,2.837362387924186,458680,24028,434652
8812,2.8370403994552884,458680,24028,434652
8813,2.8367184840576423,458680,24028,434652
8814,2.836396641706376,458680,24028,434652
8815,2.836074872376631,458680,24028,434652
8816,2.835753176043557,458680,24028,434652
8817,2.8354315526823184,458680,24028,434652
8818,2.835110002268088,458680,24028,434652
8819,2.8347885247760516,458680,24028,434652
8820,2.834467120181406,458680,24028,434652
8821,2.834145788459358,458680,24028,434652
8822,2.833824529585128,458680,24028,434652
8823,2.833503343533945,458680,24028,434652
8824,2.833182230281052,458680,24028,434652
8825,2.8328611898016995,458680,24028,434652
8826,2.8325402220711533,458680,24028,434652
8827,2.832219327064688,458680,24028,434652
8828,2.8318985047575893,458680,24028,434652
8829,2.8315777551251555,458680,24028,434652
8830,2.8312570781426953,458680,24028,434652
8831,2.830936473785528,458680,24028,434652
8832,2.8306159420289854,458681,24028,434653
8833,2.8302954828484093,458681,24028,434653
8834,2.829975096219153,458681,24028,434653
8835,2.829654782116582,458681,24028,434653
8836,2.829334540516071,458681,24028,434653
8837,2.8290143713930065,458681,24028,434653
8838,2.828694274722788,458681,24028,434653
8839,2.828374250480824,458681,24028,434653
8840,2.828054298642534,458681,24028,434653
8841,2.8277344191833502,458681,24028,434653
8842,2.8274146120787154,458681,24028,434653
8843,2.8270948773040825,458681,24028,434653
8844,2.826775214834916,458681,24028,434653
8845,2.826455624646693,458681,24028,434653
8846,2.8261361067148996,458681,24028,434653
8847,2.8258166610150335,458681,24028,434653
8848,2.825497287522604,458681,24028,434653
8849,2.825177986213131,458681,24028,434653
8850,2.824858757062147,458681,24028,434653
8851,2.8245396000451928,458681,24028,434653
8852,2.824220515137822,458681,24028,434653
8853,2.823901502315599,458681,24028,434653
8854,2.8235825615540997,458681,24028,434653
8855,2.82326369282891,458681,24028,434653
8856,2.822944896115628,458681,24028,434653
8857,2.822626171389861,458681,24028,434653
8858,2.8223075186272295,458681,24028,434653
8859,2.821988937803364,458681,24028,434653
8860,2.8216704288939054,458681,24028,434653
8861,2.8213519918745065,458681,24028,434653
8862,2.8210336267208307,458681,24028,434653
8863,2.8207153334085526,458681,24028,434653
8864,2.8203971119133575,458681,24028,434653
8865,2.820078962210942,458681,24028,434653
8866,2.8197608842770134,458681,24028,434653
8867,2.81944287808729,458681,24028,434653
8868,2.819124943617501,458681,24028,434653
8869,2.818807080843387,458681,24028,434653
8870,2.818489289740699,458681,24028,434653
8871,2.818171570285199,458681,24028,434653
8872,2.81785392245266,458681,24028,434653
8873,2.817536346218866,458681,24028,434653
8874,2.817218841559612,458681,24028,434653
8875,2.816901408450704,458681,24028,434653
8876,2.8165840468679586,458681,24028,434653
8877,2.816266756787203,458681,24028,434653
8878,2.8159495381842756,458681,24028,434653
8879,2.8156323910350265,458681,24028,434653
8880,2.815315315315315,458681,24028,434653
8881,2.8149983110010135,458681,24028,434653
8882,2.814681378068003,458681,24028,434653
8883,2.814364516492176,458681,24028,434653
8884,2.814047726249437,458681,24028,434653
8885,2.8137310073157007,458681,24028,434653
8886,2.8134143596668917,458681,24028,434653
8887,2.813097783278947,458681,24028,434653
8888,2.812781278127813,458681,24028,434653
8889,2.8124648441894475,458681,24028,434653
8890,2.81214848143982,458681,24028,434653
8891,2.8118321898549095,458681,24028,434653
8892,2.8115159694107064,458681,24028,434653
8893,2.8111998200832113,458681,24028,434653
8894,2.8108837418484374,458681,24028,434653
8895,2.810567734682406,458681,24028,434653
8896,2.810251798561151,458681,24028,434653
8897,2.809935933460717,458681,24028,434653
8898,2.809620139357159,458681,24028,434653
8899,2.809304416226542,458681,24028,434653
8900,2.808988764044944,458681,24028,434653
8901,2.808673182788451,458681,24028,434653
8902,2.808357672433161,458681,24028,434653
8903,2.8080422329551835,458681,24028,434653
8904,2.807726864330638,458681,24028,434653
8905,2.807411566535654,458681,24028,434653
8906,2.8070963395463733,458681,24028,434653
8907,2.806781183338947,458681,24028,434653
8908,2.8064660978895377,458681,24028,434653
8909,2.806151083174318,458681,24028,434653
8910,2.8058361391694726,458681,24028,434653
8911,2.805521265851195,458681,24028,434653
8912,2.8052064631956912,458681,24028,434653
8913,2.8048917311791763,458681,24028,434653
8914,2.8045770697778774,458683,24028,434655
8915,2.8042624789680315,458683,24028,434655
8916,2.803947958725886,458683,24028,434655
8917,2.8036335090277,458683,24028,434655
8918,2.803319129849742,458683,24028,434655
8919,2.8030048211682925,458683,24028,434655
8920,2.802690582959641,458683,24028,434655
8921,2.8023764152000896,458683,24028,434655
8922,2.8020623178659494,458683,24028,434655
8923,2.8017482909335425,458683,24028,434655
8924,2.801434334379202,458683,24028,434655
8925,2.8011204481792715,458683,24028,434655
8926,2.8008066323101053,458683,24028,434655
8927,2.8004928867480676,458683,24028,434655
8928,2.800179211469534,458683,24028,434655
8929,2.7998656064508904,458683,24028,434655
8930,2.799552071668533,458683,24028,434655
8931,2.7992386070988693,458683,24028,434655
8932,2.798925212718316,458683,24028,434655
8933,2.7986118885033022,458683,24028,434655
8934,2.7982986344302665,458683,24028,434655
8935,2.7979854504756574,458683,24028,434655
8936,2.7976723366159355,458683,24028,434655
8937,2.797359292827571,458683,24028,434655
8938,2.7970463190870443,458683,24028,434655
8939,2.7967334153708467,458683,24028,434655
8940,2.796420581655481,458683,24028,434655
8941,2.7961078179174588,458683,24028,434655
8942,2.7957951241333037,458683,24028,434655
8943,2.7954825002795483,458683,24028,434655
8944,2.795169946332737,458683,24028,434655
8945,2.7948574622694244,458683,24028,434655
8946,2.794545048066175,458683,24028,434655
8947,2.794232703699564,458683,24028,434655
8948,2.793920429146178,458683,24028,434655
8949,2.793608224382613,458683,24028,434655
8950,2.793296089385475,458683,24028,434655
8951,2.792984024131382,458683,24028,434655
8952,2.7926720285969617,458683,24028,434655
8953,2.7923601027588516,458683,24028,434655
8954,2.7920482465937013,458683,24028,434655
8955,2.7917364600781687,458683,24028,434655
8956,2.7914247431889234,458683,24028,434655
8957,2.791113095902646,458683,24028,434655
8958,2.7908015181960257,458683,24028,434655
8959,2.790490010045764,458683,24028,434655
8960,2.7901785714285716,458683,24028,434655
8961,2.7898672023211697,458683,24028,434655
8962,2.78955590270029,458683,24028,434655
8963,2.7892446725426754,458673,24028,434645
8964,2.788933511825078,458673,24028,434645
8965,2.788622420524261,458673,24028,434645
8966,2.7883113986169974,458673,24028,434645
8967,2.7880004460800714,458673,24028,434645
8968,2.7876895628902765,458673,24028,434645
8969,2.7873787490244175,458673,24028,434645
8970,2.787068004459309,458673,24028,434645
8971,2.7867573291717758,458673,24028,434645
8972,2.7864467231386536,458673,24028,434645
8973,2.786136186336788,458673,24028,434645
8974,2.7858257187430353,458673,24028,434645
8975,2.785515320334262,458673,24028,434645
8976,2.785204991087344,458673,24028,434645
8977,2.784894730979169,458673,24028,434645
8978,2.784584539986634,458673,24028,434645
8979,2.7842744180866466,458673,24028,434645
8980,2.7839643652561246,458673,24028,434645
8981,2.7836543814719965,458673,24028,434645
8982,2.7833444667112004,458673,24028,434645
8983,2.7830346209506844,458673,24028,434645
8984,2.782724844167409,458673,24028,434645
8985,2.782415136338342,458673,24028,434645
8986,2.782105497440463,458673,24028,434645
8987,2.781795927450762,458673,24028,434645
8988,2.7814864263462393,458673,24028,434645
8989,2.781176994103905,458673,24028,434645
8990,2.7808676307007785,458673,24028,434645
8991,2.7805583361138915,458673,24028,434645
8992,2.780249110320285,458673,24028,434645
8993,2.7799399532970086,458673,24028,434645
8994,2.779630865021125,458673,24028,434645
8995,2.7793218454697053,458673,24028,434645
8996,2.779012894619831,458673,24028,434645
8997,2.778704012448594,458673,24028,434645
8998,2.7783951989330964,458673,24028,434645
8999,2.77808645405045,458673,24028,434645
9000,2.7777777777777777,458673,24028,434645
9001,2.777469170092212,458673,24028,434645
9002,2.7771606309708954,458673,24028,434645
9003,2.776852160390981,458673,24028,434645
9004,2.7765437583296313,458673,24028,434645
9005,2.77623542476402,458673,24028,434645
9006,2.77592715967133,458673,24028,434645
9007,2.7756189630287555,458673,24028,434645
9008,2.775310834813499,458673,24028,434645
9009,2.775002775002775,458673,24028,434645
9010,2.774694783573807,458673,24028,434645
9011,2.7743868605038284,458673,24028,434645
9012,2.7740790057700844,458673,24028,434645
9013,2.773771219349828,458673,24028,434645
9014,2.773463501220324,458673,24028,434645
9015,2.7731558513588466,458673,24028,434645
9016,2.7728482697426795,458673,24028,434645
9017,2.7725407563491182,458673,24028,434645
9018,2.7722333111554667,458673,24028,434645
9019,2.77192593413904,458673,24028,434645
9020,2.7716186252771617,458673,24028,434645
9021,2.7713113845471677,458673,24028,434645
9022,2.7710042119264022,458673,24028,434645
9023,2.7706971073922197,458673,24028,434645
9024,2.770390070921986,458673,24028,434645
9025,2.770083102493075,458673,24028,434645
9026,2.7697762020828716,458673,24028,434645
9027,2.7694693696687716,458673,24028,434645
9028,2.769162605228179,458673,24028,434645
9029,2.768855908738509,458673,24028,434645
9030,2.768549280177187,458673,24028,434645
9031,2.7682427195216475,458673,24028,434645
9032,2.7679362267493355,458673,24028,434645
9033,2.7676298018377063,458673,24028,434645
9034,2.767323444764224,458673,24028,434645
9035,2.7670171555063643,458673,24028,434645
9036,2.7667109340416114,458673,24028,434645
9037,2.7664047803474605,458673,24028,434645
9038,2.7660986944014163,458673,24028,434645
9039,2.7657926761809937,458673,24028,434645
9040,2.765486725663717,458673,24028,434645
9041,2.765180842827121,458673,24028,434645
9042,2.7648750276487504,458673,24028,434645
9043,2.7645692801061594,458673,24028,434645
9044,2.7642636001769127,458673,24028,434645
9045,2.7639579878385847,458673,24028,434645
9046,2.7636524430687595,458673,24028,434645
9047,2.7633469658450314,458673,24028,434645
9048,2.7630415561450046,458673,24028,434645
9049,2.7627362139462925,458673,24028,434645
9050,2.7624309392265194,458673,24028,434645
9051,2.762125731963319,458673,24028,434645
9052,2.761820592134335,458673,24028,434645
9053,2.761515519717221,458673,24028,434645
9054,2.76121051468964,458673,24028,434645
9055,2.7609055770292654,458673,24028,434645
9056,2.760600706713781,458673,24028,434645
9057,2.7602959037208787,458673,24028,434645
9058,2.7599911680282623,458673,24028,434645
9059,2.759686499613644,458673,24028,434645
9060,2.759381898454746,458673,24028,434645
9061,2.7590773645293014,458673,24028,434645
9062,2.758772897815052,458673,24028,434645
9063,2.7584684982897496,458673,24028,434645
9064,2.758164165931156,458673,24028,434645
9065,2.7578599007170435,458673,24028,434645
9066,2.757555702625193,458673,24028,434645
9067,2.757251571633396,458673,24028,434645
9068,2.756947507719453,458673,24028,434645
9069,2.7566435108611755,458673,24028,434645
9070,2.7563395810363835,458673,24028,434645
9071,2.756035718222908,458673,24028,434645
9072,2.755731922398589,458673,24028,434645
9073,2.755428193541276,458673,24028,434645
9074,2.7551245316288298,458673,24028,434645
9075,2.7548209366391183,458673,24028,434645
9076,2.754517408550022,458673,24028,434645
9077,2.754213947339429,458673,24028,434645
9078,2.7539105529852392,458673,24028,434645
9079,2.7536072254653594,458673,24028,434645
9080,2.753303964757709,458673,24028,434645
9081,2.7530007708402158,458673,24028,434645
9082,2.752697643690817,458673,24028,434645
9083,2.75239458328746,458673,24028,434645
9084,2.752091589608102,458673,24028,434645
9085,2.7517886626307098,458673,24028,434645
9086,2.75148580233326,458673,24028,434645
9087,2.7511830086937383,458673,24028,434645
9088,2.750880281690141,458673,24028,434645
9089,2.750577621300473,458673,24028,434645
9090,2.75027502750275,458673,24028,434645
9091,2.749972500274997,458673,24028,434645
9092,2.7496700395952485,458673,24028,434645
9093,2.7493676454415485,458673,24028,434645
9094,2.749065317791951,458673,24028,434645
9095,2.748763056624519,458673,24028,434645
9096,2.748460861917326,458673,24028,434645
9097,2.7481587336484554,458673,24028,434645
9098,2.747856671795999,458673,24028,434645
9099,2.747554676338059,458673,24028,434645
9100,2.7472527472527473,458673,24028,434645
9101,2.746950884518185,458673,24028,434645
9102,2.7466490881125027,458673,24028,434645
9103,2.7463473580138418,458673,24028,434645
9104,2.7460456942003515,458673,24028,434645
9105,2.745744096650192,458673,24028,434645
9106,2.745442565341533,458673,24028,434645
9107,2.745141100252553,458673,24028,434645
9108,2.7448397013614403,458673,24028,434645
9109,2.7445383686463938,458673,24028,434645
9110,2.74423710208562,458673,24028,434645
9111,2.7439359016573373,458673,24028,434645
9112,2.743634767339772,458673,24028,434645
9113,2.74333369911116,458673,24028,434645
9114,2.7430326969497476,458673,24028,434645
9115,2.7427317608337907,458673,24028,434645
9116,2.742430890741553,458673,24028,434645
9117,2.7421300866513105,458673,24028,434645
9118,2.741829348541347,458673,24028,434645
9119,2.741528676389955,458673,24028,434645
9120,2.741228070175439,458673,24028,434645
9121,2.74092752987611,458673,24028,434645
9122,2.7406270554702914,458673,24028,434645
9123,2.740326646936315,458673,24028,434645
9124,2.740026304252521,458673,24028,434645
9125,2.73972602739726,458673,24028,434645
9126,2.739425816348893,458673,24028,434645
9127,2.7391256710857896,458673,24028,434645
9128,2.7388255915863278,458673,24028,434645
9129,2.738525577828897,458673,24028,434645
9130,2.738225629791895,458673,24028,434645
9131,2.737925747453729,458673,24028,434645
9132,2.7376259307928166,458673,24028,434645
9133,2.7373261797875834,458673,24028,434645
9134,2.737026494416466,458673,24028,434645
9135,2.736726874657909,458673,24028,434645
9136,2.736427320490368,458673,24028,434645
9137,2.736127831892306,458673,24028,434645
9138,2.7358284088421976,458673,24028,434645
9139,2.735529051318525,458673,24028,434645
9140,2.735229759299781,458673,24028,434645
9141,2.734930532764468,458673,24028,434645
9142,2.734631371691096,458673,24028,434645
9143,2.7343322760581867,458673,24028,434645
9144,2.7340332458442695,458673,24028,434645
9145,2.733734281027884,458673,24028,434645
9146,2.7334353815875794,458673,24028,434645
9147,2.733136547501913,458673,24028,434645
9148,2.7328377787494533,458673,24028,434645
9149,2.732539075308777,458673,24028,434645
9150,2.73224043715847,458673,24028,434645
9151,2.731941864277128,458673,24028,434645
9152,2.7316433566433567,458673,24028,434645
9153,2.7313449142357697,458673,24028,434645
9154,2.731046537032991,458673,24028,434645
9155,2.7307482250136537,458673,24028,434645
9156,2.7304499781564,458673,24028,434645
9157,2.7301517964398823,458673,24028,434645
9158,2.7298536798427606,458673,24028,434645
9159,2.7295556283437055,458673,24028,434645
9160,2.7292576419213974,458673,24028,434645
9161,2.7289597205545246,458673,24028,434645
9162,2.7286618642217855,458673,24028,434645
9163,2.728364072901888,458673,24028,434645
9164,2.7280663465735486,458673,24028,434645
9165,2.727768685215494,458673,24028,434645
9166,2.7274710888064586,458673,24028,434645
9167,2.7271735573251883,458673,24028,434645
9168,2.7268760907504364,458673,24028,434645
9169,2.7265786890609665,458673,24028,434645
9170,2.7262813522355507,458673,24028,434645
9171,2.7259840802529713,458673,24028,434645
9172,2.725686873092019,458673,24028,434645
9173,2.7253897307314947,458673,24028,434645
9174,2.7250926531502073,458673,24028,434645
9175,2.7247956403269753,458673,24028,434645
9176,2.7244986922406276,458673,24028,434645
9177,2.724201808870001,458673,24028,434645
9178,2.723904990193942,458673,24028,434645
9179,2.723608236191306,458673,24028,434645
9180,2.7233115468409586,458673,24028,434645
9181,2.723014922121773,458673,24028,434645
9182,2.7227183620126336,458673,24028,434645
9183,2.722421866492432,458673,24028,434645
9184,2.7221254355400695,458673,24028,434645
9185,2.721829069134458,458673,24028,434645
9186,2.7215327672545175,458673,24028,434645
9187,2.721236529879177,458673,24028,434645
9188,2.720940356987375,458673,24028,434645
9189,2.7206442485580586,458673,24028,434645
9190,2.720348204570185,458673,24028,434645
9191,2.72005222500272,458673,24028,434645
9192,2.7197563098346387,458673,24028,434645
9193,2.7194604590449254,458673,24028,434645
9194,2.7191646726125733,458673,24028,434645
9195,2.718868950516585,458673,24028,434645
9196,2.718573292735972,458673,24028,434645
9197,2.7182776992497555,458673,24028,434645
9198,2.7179821700369646,458673,24028,434645
9199,2.717686705076639,458673,24028,434645
9200,2.717391304347826,458673,24028,434645
9201,2.7170959678295836,458673,24028,434645
9202,2.7168006955009782,458673,24028,434645
9203,2.7165054873410845,458673,24028,434645
9204,2.7162103433289873,458673,24028,434645
9205,2.7159152634437804,458673,24028,434645
9206,2.7156202476645666,458673,24028,434645
9207,2.7153252959704575,458673,24028,434645
9208,2.7150304083405734,458673,24028,434645
9209,2.714735584754045,458673,24028,434645
9210,2.7144408251900107,458673,24028,434645
9211,2.7141461296276193,458673,24028,434645
9212,2.713851498046027,458673,24028,434645
9213,2.7135569304244003,458673,24028,434645
9214,2.7132624267419145,458673,24028,434645
9215,2.7129679869777537,458673,24028,434645
9216,2.712673611111111,458673,24028,434645
9217,2.712379299121189,458673,24028,434645
9218,2.712085050987199,458673,24028,434645
9219,2.711790866688361,458673,24028,434645
9220,2.7114967462039044,458673,24028,434645
9221,2.711202689513068,458673,24028,434645
9222,2.710908696595099,458673,24028,434645
9223,2.710614767429253,458673,24028,434645
9224,2.710320901994796,458673,24028,434645
9225,2.710027100271003,458673,24028,434645
9226,2.7097333622371558,458673,24028,434645
9227,2.709439687872548,458673,24028,434645
9228,2.7091460771564804,458611,23911,434700
9229,2.708852530068263,458611,23911,434700
9230,2.7085590465872156,458611,23911,434700
9231,2.708265626692666,458611,23911,434700
9232,2.7079722703639515,458611,23911,434700
9233,2.707678977580418,458611,23911,434700
9234,2.7073857483214208,458611,23911,434700
9235,2.707092582566324,458611,23911,434700
9236,2.7067994802945,458611,23911,434700
9237,2.7065064414853306,458611,23911,434700
9238,2.7062134661182076,458611,23911,434700
9239,2.7059205541725295,458611,23911,434700
9240,2.705627705627706,458611,23911,434700
9241,2.7053349204631534,458611,23911,434700
9242,2.705042198658299,458611,23911,434700
9243,2.7047495401925783,458611,23911,434700
9244,2.7044569450454348,458611,23911,434700
9245,2.7041644131963225,458611,23911,434700
9246,2.7038719446247024,458611,23911,434700
9247,2.7035795393100464,458611,23911,434700
9248,2.703287197231834,458611,23911,434700
9249,2.7029949183695536,458611,23911,434700
9250,2.7027027027027026,458611,23911,434700
9251,2.702410550210788,458611,23911,434700
9252,2.702118460873325,458611,23911,434700
9253,2.7018264346698366,458611,23911,434700
9254,2.7015344715798575,458611,23911,434700
9255,2.7012425715829282,458611,23911,434700
9256,2.7009507346586,458611,23911,434700
9257,2.700658960786432,458611,23911,434700
9258,2.7003672499459928,458611,23911,434700
9259,2.7000756021168595,458611,23911,434700
9260,2.699784017278618,458611,23911,434700
9261,2.699492495410863,458611,23911,434700
9262,2.699201036493198,458611,23911,434700
9263,2.698909640505236,458611,23911,434700
9264,2.6986183074265977,458611,23911,434700
9265,2.698327037236913,458611,23911,434700
9266,2.6980358299158214,458611,23911,434700
9267,2.6977446854429696,458611,23911,434700
9268,2.6974536037980146,458611,23911,434700
9269,2.6971625849606213,458611,23911,434700
9270,2.696871628910464,458611,23911,434700
9271,2.696580735627225,458611,23911,434700
9272,2.6962899050905955,458611,23911,434700
9273,2.695999137280276,458611,23911,434700
9274,2.6957084321759757,458611,23911,434700
9275,2.6954177897574123,458611,23911,434700
9276,2.695127210004312,458611,23911,434700
9277,2.6948366928964105,458611,23911,434700
9278,2.694546238413451,458611,23911,434700
9279,2.694255846535187,458611,23911,434700
9280,2.6939655172413794,458611,23911,434700
9281,2.6936752505117982,458611,23911,434700
9282,2.693385046326223,458555,23848,434707
9283,2.6930949046644406,458555,23848,434707
9284,2.692804825506247,458555,23848,434707
9285,2.6925148088314486,458555,23848,434707
9286,2.692224854619858,458555,23848,434707
9287,2.6919349628512976,458555,23848,434707
9288,2.6916451335055984,458555,23848,434707
9289,2.691355366562601,458555,23848,434707
9290,2.6910656620021527,458555,23848,434707
9291,2.6907760198041113,458555,23848,434707
9292,2.6904864399483426,458555,23848,434707
9293,2.690196922414721,458555,23848,434707
9294,2.689907467183129,458555,23848,434707
9295,2.6896180742334588,458555,23848,434707
9296,2.689328743545611,458555,23848,434707
9297,2.6890394750994946,458555,23848,434707
9298,2.688750268875027,458555,23848,434707
9299,2.6884611248521346,458555,23848,434707
9300,2.6881720430107525,458555,23848,434707
9301,2.6878830233308246,458555,23848,434707
9302,2.6875940657923025,458555,23848,434707
9303,2.6873051703751476,458555,23848,434707
9304,2.687016337059329,458555,23848,434707
9305,2.6867275658248255,458555,23848,434707
9306,2.6864388566516224,458555,23848,434707
9307,2.6861502095197163,458555,23848,434707
9308,2.6858616244091102,458555,23848,434707
9309,2.685573101299817,458555,23848,434707
9310,2.6852846401718584,458555,23848,434707
9311,2.684996241005263,458555,23848,434707
9312,2.6847079037800685,458555,23848,434707
9313,2.6844196284763235,458555,23848,434707
9314,2.684131415074082,458555,23848,434707
9315,2.6838432635534084,458549,23584,434965
9316,2.6835551738943755,458549,23584,434965
9317,2.6832671460770636,458549,23584,434965
9318,2.6829791800815626,458549,23584,434965
9319,2.682691275887971,458549,23584,434965
9320,2.6824034334763946,458549,23584,434965
9321,2.68211565282695,458549,23584,434965
9322,2.6818279339197595,458549,23584,434965
9323,2.6815402767349568,458549,23584,434965
9324,2.681252681252681,458549,23584,434965
9325,2.680965147453083,458549,23584,434965
9326,2.68067767531632,458549,23584,434965
9327,2.680390264822558,458549,23584,434965
9328,2.6801029159519727,458549,23584,434965
9329,2.6798156286847465,458549,23584,434965
9330,2.679528403001072,458549,23584,434965
9331,2.679241238881149,458549,23584,434965
9332,2.6789541363051863,458549,23584,434965
9333,2.678667095253402,458549,23584,434965
9334,2.678380115706021,458549,23584,434965
9335,2.678093197643278,458548,23584,434964
9336,2.677806341045416,458548,23584,434964
9337,2.677519545892685,458548,23584,434964
9338,2.6772328121653457,458548,23584,434964
9339,2.6769461398436665,458548,23584,434964
9340,2.6766595289079227,458548,23584,434964
9341,2.676372979338401,458548,23584,434964
9342,2.676086491115393,458548,23584,434964
9343,2.6758000642192017,458548,23584,434964
9344,2.675513698630137,458548,23584,434964
9345,2.675227394328518,458548,23584,434964
9346,2.6749411512946715,458548,23584,434964
9347,2.6746549695089334,458548,23584,434964
9348,2.6743688489516475,458548,23584,434964
9349,2.6740827896031663,458548,23584,434964
9350,2.6737967914438503,458548,23584,434964
9351,2.673510854454069,458548,23584,434964
9352,2.6732249786142,458548,23584,434964
9353,2.6729391639046294,458548,23584,434964
9354,2.6726534103057515,458548,23584,434964
9355,2.672367717797969,458548,23584,434964
9356,2.672082086361693,458548,23584,434964
9357,2.671796515977343,458548,23584,434964
9358,2.671511006625347,458548,23584,434964
9359,2.6712255582861415,458548,23584,434964
9360,2.6709401709401708,458548,23584,434964
9361,2.670654844567888,458548,23584,434964
9362,2.6703695791497544,458548,23584,434964
9363,2.6700843746662395,458548,23584,434964
9364,2.6697992310978216,458548,23584,434964
9365,2.6695141484249865,458548,23584,434964
9366,2.6692291266282298,458548,23584,434964
9367,2.6689441656880537,458548,23584,434964
9368,2.66865926558497,458548,23584,434964
9369,2.6683744262994984,458548,23584,434964
9370,2.6680896478121663,458548,23584,434964
9371,2.667804930103511,458548,23584,434964
9372,2.667520273154076,458548,23584,434964
9373,2.667235676944415,458548,23584,434964
9374,2.6669511414550886,458548,23584,434964
9375,2.6666666666666665,458548,23584,434964
9376,2.666382252559727,458548,23584,434964
9377,2.6660978991148556,458548,23584,434964
9378,2.6658136063126467,458548,23584,434964
9379,2.665529374133703,458548,23584,434964
9380,2.6652452025586353,458548,23584,434964
9381,2.6649610915680633,458548,23584,434964
9382,2.6646770411426135,458548,23584,434964
9383,2.6643930512629224,458548,23584,434964
9384,2.6641091219096333,458548,23584,434964
9385,2.6638252530633992,458548,23584,434964
9386,2.6635414447048795,458548,23584,434964
9387,2.663257696814744,458548,23584,434964
9388,2.6629740093736687,458548,23584,434964
9389,2.662690382362339,458548,23584,434964
9390,2.6624068157614484,458548,23584,434964
9391,2.6621233095516983,458548,23584,434964
9392,2.6618398637137988,458548,23584,434964
9393,2.661556478228468,458548,23584,434964
9394,2.661273153076432,458548,23584,434964
9395,2.660989888238425,458548,23584,434964
9396,2.6607066836951896,458548,23584,434964
9397,2.6604235394274767,458548,23584,434964
9398,2.660140455416046,458548,23584,434964
9399,2.659857431641664,458548,23584,434964
9400,2.6595744680851063,458548,23584,434964
9401,2.6592915647271567,458548,23584,434964
9402,2.6590087215486067,458548,23584,434964
9403,2.658725938530256,458548,23584,434964
9404,2.658443215652914,458548,23584,434964
9405,2.658160552897395,458548,23584,434964
9406,2.657877950244525,458548,23584,434964
9407,2.6575954076751356,458548,23584,434964
9408,2.6573129251700682,458548,23584,434964
9409,2.657030502710171,458548,23584,434964
9410,2.656748140276302,458548,23584,434964
9411,2.6564658378493253,458548,23584,434964
9412,2.656183595410115,458548,23584,434964
9413,2.6559014129395515,458548,23584,434964
9414,2.6556192904185254,458548,23584,434964
9415,2.655337227827934,458548,23584,434964
9416,2.655055225148683,458548,23584,434964
9417,2.6547732823616865,458548,23584,434964
9418,2.6544913994478656,458548,23584,434964
9419,2.6542095763881517,458548,23584,434964
9420,2.653927813163482,458548,23584,434964
9421,2.653646109754803,458548,23584,434964
9422,2.6533644661430693,458548,23584,434964
9423,2.6530828823092434,458548,23584,434964
9424,2.6528013582342953,458548,23584,434964
9425,2.6525198938992043,458548,23584,434964
9426,2.6522384892849566,458548,23584,434964
9427,2.651957144372547,458548,23584,434964
9428,2.6516758591429785,458548,23584,434964
9429,2.6513946335772616,458548,23584,434964
9430,2.651113467656416,458548,23584,434964
9431,2.6508323613614677,458548,23584,434964
9432,2.6505513146734523,458548,23584,434964
9433,2.6502703275734123,458548,23584,434964
9434,2.6499894000424,458548,23584,434964
9435,2.649708532061473,458548,23584,434964
9436,2.6494277236117,458548,23584,434964
9437,2.6491469746741547,458548,23584,434964
9438,2.6488662852299214,458548,23584,434964
9439,2.6485856552600913,458548,23584,434964
9440,2.6483050847457625,458548,23584,434964
9441,2.6480245736680437,458548,23584,434964
9442,2.6477441220080493,458548,23584,434964
9443,2.6474637297469026,458548,23584,434964
9444,2.647183396865735,458548,23584,434964
9445,2.6469031233456857,458548,23584,434964
9446,2.6466229091679017,458548,23584,434964
9447,2.6463427543135385,458548,23584,434964
9448,2.6460626587637597,458548,23584,434964
9449,2.6457826224997354,458373,23499,434874
9450,2.6455026455026456,458373,23499,434874
9451,2.645222727753677,458373,23499,434874
9452,2.6449428692340247,458373,23499,434874
9453,2.6446630699248916,458373,23499,434874
9454,2.644383329807489,458373,23499,434874
9455,2.6441036488630356,458373,23499,434874
9456,2.643824027072758,458373,23499,434874
9457,2.6435444644178916,458373,23499,434874
9458,2.6432649608796788,458373,23499,434874
9459,2.64298551643937,458373,23499,434874
9460,2.6427061310782243,458373,23499,434874
9461,2.6424268047775077,458373,23499,434874
9462,2.642147537518495,458373,23499,434874
9463,2.6418683292824685,458373,23499,434874
9464,2.6415891800507185,458373,23499,434874
9465,2.641310089804543,458373,23499,434874
9466,2.641031058525248,458373,23499,434874
9467,2.6407520861941483,458373,23499,434874
9468,2.6404731727925643,458373,23499,434874
9469,2.640194318301827,458373,23499,434874
9470,2.6399155227032733,458373,23499,434874
9471,2.6396367859782495,458373,23499,434874
9472,2.639358108108108,458373,23499,434874
9473,2.639079489074211,458373,23499,434874
9474,2.638800928857927,458373,23499,434874
9475,2.638522427440633,458373,23499,434874
9476,2.6382439848037147,458373,23499,434874
9477,2.6379656009285637,458373,23499,434874
9478,2.6376872757965817,458373,23499,434874
9479,2.637409009389176,458373,23499,434874
9480,2.6371308016877637,458373,23499,434874
9481,2.6368526526737686,458373,23499,434874
9482,2.6365745623286228,458373,23499,434874
9483,2.6362965306337656,458373,23499,434874
9484,2.636018557570645,458373,23499,434874
9485,2.635740643120717,458373,23499,434874
9486,2.635462787265444,458373,23499,434874
9487,2.635184989986297,458373,23499,434874
9488,2.6349072512647553,458373,23499,434874
9489,2.6346295710823058,458373,23499,434874
9490,2.6343519494204424,458373,23499,434874
9491,2.634074386260668,458373,23499,434874
9492,2.6337968815844923,458373,23499,434874
9493,2.633519435373433,458373,23499,434874
9494,2.6332420476090164,458373,23499,434874
9495,2.6329647182727753,458363,23499,434864
9496,2.632687447346251,458363,23499,434864
9497,2.632410234810993,458363,23499,434864
9498,2.6321330806485577,458363,23499,434864
9499,2.6318559848405094,458363,23499,434864
9500,2.6315789473684212,458363,23499,434864
9501,2.6313019682138723,458363,23499,434864
9502,2.6310250473584507,458363,23499,434864
9503,2.6307481847837524,458363,23499,434864
9504,2.6304713804713806,458363,23499,434864
9505,2.6301946344029457,458363,23499,434864
9506,2.6299179465600675,458363,23499,434864
9507,2.6296413169243715,458363,23499,434864
9508,2.6293647454774924,458363,23499,434864
9509,2.6290882322010725,458363,23499,434864
9510,2.6288117770767614,458363,23499,434864
9511,2.628535380086216,458363,23499,434864
9512,2.628259041211102,458363,23499,434864
9513,2.6279827604330914,458363,23499,434864
9514,2.6277065377338658,458363,23499,434864
9515,2.627430373095113,458363,23499,434864
9516,2.627154266498529,458363,23499,434864
9517,2.626878217925817,458363,23499,434864
9518,2.626602227358689,458363,23499,434864
9519,2.6263262947788633,458363,23499,434864
9520,2.6260504201680672,458363,23499,434864
9521,2.625774603508035,458363,23499,434864
9522,2.625498844780508,458363,23499,434864
9523,2.6252231439672373,458363,23499,434864
9524,2.624947501049979,458363,23499,434864
9525,2.6246719160104988,458363,23499,434864
9526,2.624396388830569,458363,23499,434864
9527,2.62412091949197,458363,23499,434864
9528,2.6238455079764904,458363,23499,434864
9529,2.623570154265925,458363,23499,434864
9530,2.6232948583420774,458363,23499,434864
9531,2.623019620186759,458363,23499,434864
9532,2.622744439781788,458363,23499,434864
9533,2.62246931710899,458363,23499,434864
9534,2.6221942521501993,458363,23499,434864
9535,2.6219192448872577,458363,23499,434864
9536,2.6216442953020134,458363,23499,434864
9537,2.621369403376324,458363,23499,434864
9538,2.621094569092053,458363,23499,434864
9539,2.6208197924310723,458363,23499,434864
9540,2.620545073375262,458363,23499,434864
9541,2.6202704119065086,458363,23499,434864
9542,2.619995808006707,458363,23499,434864
9543,2.6197212616577596,458363,23499,434864
9544,2.619446772841576,458363,23499,434864
9545,2.6191723415400734,458363,23499,434864
9546,2.618897967735177,458363,23499,434864
9547,2.6186236514088197,458363,23499,434864
9548,2.618349392542941,457465,23499,433966
9549,2.618075191119489,457465,23499,433966
9550,2.6178010471204187,457465,23499,433966
9551,2.6175269605276936,457451,23311,434140
9552,2.617252931323283,457451,23311,434140
9553,2.616978959489166,457451,23311,434140
9554,2.616705045007327,457451,23311,434140
9555,2.6164311878597593,457451,23311,434140
9556,2.616157388028464,457451,23311,434140
9557,2.6158836454954484,457451,23311,434140
9558,2.6156099602427285,457451,23311,434140
9559,2.6153363322523275,457451,23311,434140
9560,2.6150627615062763,457451,23311,434140
9561,2.614789247986612,457451,23311,434140
9562,2.6145157916753816,457451,23311,434140
9563,2.6142423925546376,457451,23311,434140
9564,2.613969050606441,457451,23311,434140
9565,2.6136957658128592,457451,23311,434140
9566,2.613422538155969,457451,23311,434140
9567,2.613149367617853,457451,23311,434140
9568,2.612876254180602,457451,23311,434140
9569,2.612603197826314,457451,23311,434140
9570,2.6123301985370952,457451,23311,434140
9571,2.612057256295058,457451,23311,434140
9572,2.6117843710823236,457451,23311,434140
9573,2.6115115428810194,457451,23311,434140
9574,2.611238771673282,457451,23311,434140
9575,2.6109660574412534,457451,23311,434140
9576,2.6106934001670843,457451,23311,434140
9577,2.610420799832933,457451,23311,434140
9578,2.6101482564209646,457451,23311,434140
9579,2.609875769913352,457451,23311,434140
9580,2.6096033402922756,457451,23311,434140
9581,2.6093309675399228,457451,23311,434140
9582,2.609058651638489,457451,23311,434140
9583,2.608786392570176,457451,23311,434140
9584,2.6085141903171953,457451,23311,434140
9585,2.6082420448617634,457451,23311,434140
9586,2.6079699561861047,457451,23311,434140
9587,2.6076979242724523,457451,23311,434140
9588,2.6074259491030456,457451,23311,434140
9589,2.6071540306601313,457451,23311,434140
9590,2.6068821689259645,457451,23311,434140
9591,2.606610363882807,457451,23311,434140
9592,2.6063386155129273,456942,23311,433631
9593,2.606066923798603,456942,23311,433631
9594,2.605795288722118,456942,23311,433631
9595,2.6055237102657633,456906,23311,433595
9596,2.6052521884118383,456906,23311,433595
9597,2.6049807231426487,456906,23311,433595
9598,2.6047093144405085,456906,23311,433595
9599,2.6044379622877383,456906,23311,433595
9600,2.6041666666666665,456906,23311,433595
9601,2.603895427559629,456906,23311,433595
9602,2.603624244948969,456906,23311,433595
9603,2.6033531188170365,456906,23311,433595
9604,2.603082049146189,456906,23311,433595
9605,2.6028110359187924,456906,23311,433595
9606,2.6025400791172184,456906,23311,433595
9607,2.602269178723847,456906,23311,433595
9608,2.6019983347210656,456906,23311,433595
9609,2.6017275470912686,456906,23311,433595
9610,2.6014568158168574,456906,23311,433595
9611,2.6011861408802415,456906,23311,433595
9612,2.6009155222638367,456906,23311,433595
9613,2.600644959950068,456906,23311,433595
9614,2.6003744539213645,456906,23311,433595
9615,2.6001040041601664,456906,23311,433595
9616,2.5998336106489184,456906,23311,433595
9617,2.599563273370074,456906,23311,433595
9618,2.5992929923060926,456906,23311,433595
9619,2.599022767439443,456906,23311,433595
9620,2.598752598752599,456906,23311,433595
9621,2.598482486228043,456906,23311,433595
9622,2.5982124298482643,456906,23311,433595
9623,2.59794242959576,456906,23311,433595
9624,2.597672485453034,456906,23311,433595
9625,2.5974025974025974,456906,23311,433595
9626,2.5971327654269687,456906,23311,433595
9627,2.5968629895086734,456906,23311,433595
9628,2.596593269630245,456906,23311,433595
9629,2.5963236057742236,456906,23311,433595
9630,2.596053997923157,456906,23311,433595
9631,2.595784446059599,456906,23311,433595
9632,2.595514950166113,456906,23311,433595
9633,2.595245510225267,456906,23311,433595
9634,2.5949761262196387,456906,23311,433595
9635,2.5947067981318113,456906,23311,433595
9636,2.5944375259443753,456906,23311,433595
9637,2.5941683096399295,456906,23311,433595
9638,2.593899149201079,456906,23311,433595
9639,2.593630044610437,456906,23311,433595
9640,2.5933609958506225,456906,23311,433595
9641,2.593092002904263,456906,23311,433595
9642,2.592823065753993,456906,23311,433595
9643,2.5925541843824536,456857,23311,433546
9644,2.5922853587722936,456857,23311,433546
9645,2.592016588906169,456857,23311,433546
9646,2.591747874766743,456857,23311,433546
9647,2.591479216336685,456857,23311,433546
9648,2.5912106135986734,456857,23311,433546
9649,2.5909420665353924,456857,23311,433546
9650,2.5906735751295336,456857,23311,433546
9651,2.5904051393637966,456857,23311,433546
9652,2.590136759220887,456857,23311,433546
9653,2.589868434683518,456857,23311,433546
9654,2.5896001657344105,456857,23311,433546
9655,2.589331952356292,456857,23311,433546
9656,2.589063794531897,456857,23311,433546
9657,2.588795692243968,456857,23311,433546
9658,2.5885276454752537,456857,23311,433546
9659,2.5882596542085103,456857,23311,433546
9660,2.587991718426501,456857,23311,433546
9661,2.5877238381119967,456857,23311,433546
9662,2.587456013247775,456857,23311,433546
9663,2.58718824381662,456857,23311,433546
9664,2.5869205298013247,456857,23311,433546
9665,2.586652871184687,456857,23311,433546
9666,2.5863852679495136,456857,23311,433546
9667,2.586117720078618,456857,23311,433546
9668,2.58585022755482,456857,23311,433546
9669,2.5855827903609474,456857,23311,433546
9670,2.5853154084798344,456857,23311,433546
9671,2.5850480818943233,456857,23311,433546
9672,2.584780810587262,456857,23311,433546
9673,2.5845135945415074,456857,23311,433546
9674,2.5842464337399216,456857,23311,433546
9675,2.5839793281653747,456857,23311,433546
9676,2.583712277800744,456857,23311,433546
9677,2.583445282628914,456857,23311,433546
9678,2.5831783426327752,456857,23311,433546
9679,2.582911457795227,456857,23311,433546
9680,2.5826446280991737,456857,23311,433546
9681,2.5823778535275284,456857,23311,433546
9682,2.58211113406321,456857,23311,433546
9683,2.581844469689146,456857,23311,433546
9684,2.5815778603882693,456857,23311,433546
9685,2.581311306143521,456857,23311,433546
9686,2.5810448069378484,456857,23311,433546
9687,2.5807783627542067,456857,23311,433546
9688,2.5805119735755575,456857,23311,433546
9689,2.5802456393848696,456857,23311,433546
9690,2.579979360165119,456857,23311,433546
9691,2.579713135899288,456857,23311,433546
9692,2.579446966570367,456857,23311,433546
9693,2.5791808521613535,456857,23311,433546
9694,2.5789147926552505,456857,23311,433546
9695,2.5786487880350695,456857,23311,433546
9696,2.5783828382838285,456857,23311,433546
9697,2.578116943384552,456857,23311,433546
9698,2.5778511033202722,456857,23311,433546
9699,2.5775853180740285,456857,23311,433546
9700,2.577319587628866,456857,23311,433546
9701,2.5770539119678384,456857,23311,433546
9702,2.5767882910740054,456857,23311,433546
9703,2.576522724930434,456857,23311,433546
9704,2.576257213520198,456857,23311,433546
9705,2.575991756826378,456857,23311,433546
9706,2.575726354832063,456857,23311,433546
9707,2.5754610075203463,456857,23311,433546
9708,2.5751957148743303,456857,23311,433546
9709,2.574930476877124,456857,23311,433546
9710,2.5746652935118433,456857,23311,433546
9711,2.5744001647616104,456857,23311,433546
9712,2.574135090609555,456857,23311,433546
9713,2.573870071038814,456857,23311,433546
9714,2.5736051060325305,456857,23311,433546
9715,2.573340195573855,456857,23311,433546
9716,2.573075339645945,456857,23311,433546
9717,2.572810538231965,456857,23311,433546
9718,2.5725457913150853,456857,23311,433546
9719,2.5722810988784857,456857,23311,433546
9720,2.57201646090535,456857,23311,433546
9721,2.5717518773788703,456857,23311,433546
9722,2.5714873482822465,456857,23311,433546
9723,2.5712228735986837,456857,23311,433546
9724,2.5709584533113943,456857,23311,433546
9725,2.570694087403599,456857,23311,433546
9726,2.5704297758585235,456857,23311,433546
9727,2.5701655186594015,456857,23311,433546
9728,2.569901315789474,456857,23311,433546
9729,2.5696371672319867,456857,23311,433546
9730,2.5693730729701953,456857,23311,433546
9731,2.56910903298736,456857,23311,433546
9732,2.568845047266749,456857,23311,433546
9733,2.5685811157916367,456857,23311,433546
9734,2.5683172385453052,456857,23311,433546
9735,2.568053415511043,456857,23311,433546
9736,2.5677896466721446,456857,23311,433546
9737,2.5675259320119133,456857,23311,433546
9738,2.5672622715136577,456857,23311,433546
9739,2.566998665160694,456857,23311,433546
9740,2.566735112936345,456857,23311,433546
9741,2.56647161482394,456857,23311,433546
9742,2.566208170806816,456857,23311,433546
9743,2.565944780868316,456857,23311,433546
9744,2.5656814449917897,456857,23311,433546
9745,2.565418163160595,456857,23311,433546
9746,2.5651549353580956,456857,23311,433546
9747,2.5648917615676616,456857,23311,433546
9748,2.5646286417726714,456857,23311,433546
9749,2.5643655759565083,456857,23311,433546
9750,2.5641025641025643,456857,23311,433546
9751,2.5638396061942363,456857,23311,433546
9752,2.56357670221493,456857,23311,433546
9753,2.563313852148057,456857,23311,433546
9754,2.563051055977035,456857,23311,433546
9755,2.5627883136852896,456857,23311,433546
9756,2.5625256252562525,456857,23311,433546
9757,2.5622629906733625,456857,23311,433546
9758,2.5620004099200657,456857,23311,433546
9759,2.5617378829798136,456857,23311,433546
9760,2.5614754098360657,456857,23311,433546
9761,2.5612129904722876,456857,23311,433546
9762,2.5609506248719525,456857,23311,433546
9763,2.5606883130185394,456857,23311,433546
9764,2.5604260548955344,456857,23311,433546
9765,2.5601638504864312,456857,23311,433546
9766,2.559901699774729,456857,23311,433546
9767,2.5596396027439337,456857,23311,433546
9768,2.5593775593775594,456857,23311,433546
9769,2.559115569659126,456857,23311,433546
9770,2.5588536335721597,456857,23311,433546
9771,2.5585917511001943,456857,23311,433546
9772,2.5583299222267706,456857,23311,433546
9773,2.5580681469354345,456857,23311,433546
9774,2.55780642520974,456857,23311,433546
9775,2.557544757033248,456857,23311,433546
9776,2.5572831423895255,456857,23311,433546
9777,2.5570215812621457,456857,23311,433546
9778,2.55676007363469,456857,23311,433546
9779,2.5564986194907453,456857,23311,433546
9780,2.556237218813906,456857,23311,433546
9781,2.5559758715877723,456857,23311,433546
9782,2.5557145777959516,456857,23311,433546
9783,2.5554533374220587,456857,23311,433546
9784,2.555192150449714,456857,23311,433546
9785,2.5549310168625445,456857,23311,433546
9786,2.5546699366441854,456857,23311,433546
9787,2.554408909778277,456857,23311,433546
9788,2.5541479362484676,456857,23311,433546
9789,2.5538870160384106,456857,23311,433546
9790,2.5536261491317673,456857,23311,433546
9791,2.553365335512205,456857,23311,433546
9792,2.5531045751633985,456857,23311,433546
9793,2.552843868069029,456857,23311,433546
9794,2.5525832142127833,456857,23311,433546
9795,2.5523226135783563,456857,23311,433546
9796,2.552062066149449,456857,23311,433546
9797,2.551801571909768,456857,23311,433546
9798,2.551541130843029,456857,23311,433546
9799,2.5512807429329523,456857,23311,433546
9800,2.5510204081632653,456857,23311,433546
9801,2.5507601265177025,456857,23311,433546
9802,2.550499897980004,456857,23311,433546
9803,2.5502397225339184,456857,23311,433546
9804,2.5499796001631987,456857,23311,433546
9805,2.5497195308516063,456857,23311,433546
9806,2.5494595145829084,456857,23311,433546
9807,2.549199551340879,456857,23311,433546
9808,2.5489396411092984,456857,23311,433546
9809,2.5486797838719544,456857,23311,433546
9810,2.5484199796126403,456857,23311,433546
9811,2.5481602283151563,456857,23311,433546
9812,2.5479005299633104,456857,23311,433546
9813,2.547640884540915,456857,23311,433546
9814,2.5473812920317913,456857,23311,433546
9815,2.547121752419766,456857,23311,433546
9816,2.5468622656886715,456857,23311,433546
9817,2.546602831822349,456857,23311,433546
9818,2.5463434508046445,456857,23311,433546
9819,2.5460841226194115,456857,23311,433546
9820,2.545824847250509,456857,23311,433546
9821,2.5455656246818044,456857,23311,433546
9822,2.54530645489717,456857,23311,433546
9823,2.5450473378804848,456857,23311,433546
9824,2.544788273615635,456857,23311,433546
9825,2.544529262086514,456857,23311,433546
9826,2.54427030327702,456857,23311,433546
9827,2.5440113971710594,456857,23311,433546
9828,2.543752543752544,456857,23311,433546
9829,2.543493743005392,456857,23311,433546
9830,2.5432349949135302,456857,23311,433546
9831,2.542976299460889,456857,23311,433546
9832,2.5427176566314076,456857,23311,433546
9833,2.5424590664090307,456857,23311,433546
9834,2.54220052877771,456857,23311,433546
9835,2.541942043721403,456857,23311,433546
9836,2.541683611224075,456857,23311,433546
9837,2.541425231269696,456857,23311,433546
9838,2.541166903842244,456857,23311,433546
9839,2.540908628925704,456857,23311,433546
9840,2.540650406504065,456857,23311,433546
9841,2.540392236561325,456857,23311,433546
9842,2.5401341190814875,456857,23311,433546
9843,2.5398760540485625,456857,23311,433546
9844,2.5396180414465666,456857,23311,433546
9845,2.5393600812595225,456857,23311,433546
9846,2.5391021734714605,456857,23311,433546
9847,2.538844318066416,456857,23311,433546
9848,2.5385865150284324,456857,23311,433546
9849,2.5383287643415575,456857,23311,433546
9850,2.5380710659898478,456857,23311,433546
9851,2.5378134199573648,456857,23311,433546
9852,2.537555826228177,456857,23311,433546
9853,2.5372982847863597,456857,23311,433546
9854,2.5370407956159937,456857,23311,433546
9855,2.536783358701167,456857,23311,433546
9856,2.5365259740259742,456857,23311,433546
9857,2.5362686415745155,456857,23311,433546
9858,2.5360113613308988,456857,23311,433546
9859,2.5357541332792373,456857,23311,433546
9860,2.535496957403651,456857,23311,433546
9861,2.535239833688267,456857,23311,433546
9862,2.5349827621172176,456857,23311,433546
9863,2.5347257426746426,456857,23311,433546
9864,2.534468775344688,456857,23311,433546
9865,2.534211860111505,456857,23311,433546
9866,2.533954996959254,456857,23311,433546
9867,2.533698185872099,456857,23311,433546
9868,2.533441426834212,456857,23311,433546
9869,2.53318471982977,456857,23311,433546
9870,2.5329280648429586,456857,23311,433546
9871,2.532671461857968,456857,23311,433546
9872,2.532414910858995,456857,23311,433546
9873,2.532158411830244,456857,23311,433546
9874,2.5319019647559244,456857,23311,433546
9875,2.5316455696202533,456857,23311,433546
9876,2.5313892264074522,456857,23311,433546
9877,2.5311329351017515,456857,23311,433546
9878,2.530876695687386,456857,23311,433546
9879,2.530620508148598,456857,23311,433546
9880,2.5303643724696356,456857,23311,433546
9881,2.5301082886347537,456857,23311,433546
9882,2.529852256628213,456857,23311,433546
9883,2.529596276434281,456857,23311,433546
9884,2.529340348037232,456857,23311,433546
9885,2.5290844714213456,456857,23311,433546
9886,2.5288286465709082,456857,23311,433546
9887,2.5285728734702135,456857,23311,433546
9888,2.52831715210356,456857,23311,433546
9889,2.528061482455253,456857,23311,433546
9890,2.5278058645096055,456857,23311,433546
9891,2.5275502982509352,456857,23311,433546
9892,2.5272947836635664,456857,23311,433546
9893,2.5270393207318307,456857,23311,433546
9894,2.5267839094400646,456857,23311,433546
9895,2.526528549772612,456857,23311,433546
9896,2.526273241713824,456857,23311,433546
9897,2.526017985248055,456857,23311,433546
9898,2.5257627803596687,456823,23099,433724
9899,2.5255076270330337,456823,23099,433724
9900,2.525252525252525,456823,23099,433724
9901,2.524997475002525,456823,23099,433724
9902,2.524742476267421,456823,23099,433724
9903,2.5244875290316067,456823,23099,433724
9904,2.524232633279483,456823,23099,433724
9905,2.523977788995457,456823,23099,433724
9906,2.523722996163941,456823,23099,433724
9907,2.523468254769355,456823,23099,433724
9908,2.5232135647961242,456823,23099,433724
9909,2.522958926228681,456823,23099,433724
9910,2.522704339051463,456823,23099,433724
9911,2.5224498032489153,456823,23099,433724
9912,2.522195318805488,456823,23099,433724
9913,2.521940885705639,456823,23099,433724
9914,2.521686503933831,456823,23099,433724
9915,2.5214321734745337,456823,23099,433724
9916,2.5211778943122227,456823,23099,433724
9917,2.5209236664313805,456823,23099,433724
9918,2.520669489816495,456823,23099,433724
9919,2.5204153644520617,456823,23099,433724
9920,2.5201612903225805,456823,23099,433724
9921,2.519907267412559,456823,23099,433724
9922,2.5196532957065108,456823,23099,433724
9923,2.519399375188955,456823,23099,433724
9924,2.5191455058444174,456823,23099,433724
9925,2.5188916876574305,456823,23099,433724
9926,2.518637920612533,456823,23099,433724
9927,2.518384204694268,456823,23099,433724
9928,2.5181305398871876,456823,23099,433724
9929,2.5178769261758487,456823,23099,433724
9930,2.5176233635448138,456823,23099,433724
9931,2.5173698519786525,456823,23099,433724
9932,2.517116391461941,456823,23099,433724
9933,2.516862981979261,456823,23099,433724
9934,2.5166096235152002,456823,23099,433724
9935,2.5163563160543534,456823,23099,433724
9936,2.5161030595813205,456823,23099,433724
9937,2.5158498540807086,456823,23099,433724
9938,2.5155966995371304,456823,23099,433724
9939,2.515343595935205,456823,23099,433724
9940,2.515090543259557,456823,23099,433724
9941,2.5148375414948196,456823,23099,433724
9942,2.5145845906256286,456823,23099,433724
9943,2.5143316906366286,456823,23099,433724
9944,2.51407884151247,456823,23099,433724
9945,2.513826043237808,456823,23099,433724
9946,2.5135732957973054,456823,23099,433724
9947,2.5133205991756307,456823,23099,433724
9948,2.5130679533574587,456823,23099,433724
9949,2.51281535832747,456823,23099,433724
9950,2.512562814070352,456798,23099,433699
9951,2.512310320570797,456798,23099,433699
9952,2.512057877813505,456798,23099,433699
9953,2.511805485783181,456798,23099,433699
9954,2.511553144464537,456798,23099,433699
9955,2.5113008538422905,456798,23099,433699
9956,2.511048613901165,456798,23099,433699
9957,2.5107964246258914,456798,23099,433699
9958,2.5105442860012053,456798,23099,433699
9959,2.5102921980118484,456798,23099,433699
9960,2.5100401606425704,456798,23099,433699
9961,2.5097881738781247,456798,23099,433699
9962,2.5095362377032724,456798,23099,433699
9963,2.5092843521027803,456798,23099,433699
9964,2.509032517061421,456798,23099,433699
9965,2.5087807325639737,456798,23099,433699
9966,2.508528998595224,456798,23099,433699
9967,2.5082773151399618,456798,23099,433699
9968,2.5080256821829856,456798,23099,433699
9969,2.5077740997090983,456798,23099,433699
9970,2.507522567703109,456798,23099,433699
9971,2.5072710861498346,456798,23099,433699
9972,2.5070196550340955,456798,23099,433699
9973,2.50676827434072,456798,23099,433699
9974,2.5065169440545416,456798,23099,433699
9975,2.506265664160401,456798,23099,433699
9976,2.5060144346431437,456798,23099,433699
9977,2.5057632554876217,456798,23099,433699
9978,2.5055121266786933,456798,23099,433699
9979,2.5052610482012225,456798,23099,433699
9980,2.50501002004008,456798,23099,433699
9981,2.5047590421801424,456798,23099,433699
9982,2.5045081146062915,456798,23099,433699
9983,2.504257237303416,456798,23099,433699
9984,2.50400641025641,456798,23099,433699
9985,2.5037556334501754,456798,23099,433699
9986,2.5035049068696176,456798,23099,433699
9987,2.5032542304996497,456798,23099,433699
9988,2.5030036043251904,456798,23099,433699
9989,2.5027530283311643,456798,23099,433699
9990,2.5025025025025025,456798,23099,433699
9991,2.502252026824142,456798,23099,433699
9992,2.502001601281025,456798,23099,433699
9993,2.5017512258581007,456798,23099,433699
9994,2.501500900540324,456798,23099,433699
9995,2.5012506253126565,456798,23099,433699
9996,2.501000400160064,456798,23099,433699
9997,2.50075022506752,456798,23099,433699
9998,2.500500100020004,456798,23099,433699
9999,2.5002500250025004,456798,23099,433699
10000,2.5,456798,23099,433699
10001,2.4997500249975,456798,23099,433699
10002,2.499500099980004,456798,23099,433699
10003,2.49925022493252,456798,23099,433699
10004,2.499000399840064,456798,23099,433699
10005,2.498750624687656,456798,23099,433699
10006,2.498500899460324,456798,23099,433699
10007,2.4982512241431,456798,23099,433699
10008,2.4980015987210233,456798,23099,433699
10009,2.497752023179139,456798,23099,433699
10010,2.4975024975024973,456798,23099,433699
10011,2.497253021676156,456798,23099,433699
10012,2.497003595685178,456798,23099,433699
10013,2.496754219514631,456798,23099,433699
10014,2.4965048931495906,456798,23099,433699
10015,2.4962556165751373,456798,23099,433699
10016,2.496006389776358,456798,23099,433699
10017,2.495757212738345,456798,23099,433699
10018,2.495508085446197,456798,23099,433699
10019,2.4952590078850183,456798,23099,433699
10020,2.4950099800399204,456798,23099,433699
10021,2.4947610018960185,456798,23099,433699
10022,2.4945120734384356,456798,23099,433699
10023,2.4942631946522997,456798,23099,433699
10024,2.4940143655227454,456798,23099,433699
10025,2.493765586034913,456798,23099,433699
10026,2.493516856173948,456798,23099,433699
10027,2.4932681759250026,456798,23099,433699
10028,2.493019545273235,456798,23099,433699
10029,2.492770964203809,456798,23099,433699
10030,2.4925224327018944,456798,23099,433699
10031,2.4922739507526668,456798,23099,433699
10032,2.492025518341308,456798,23099,433699
10033,2.491777135453005,456798,23099,433699
10034,2.491528802072952,456798,23099,433699
10035,2.4912805181863478,456798,23099,433699
10036,2.491032283778398,456798,23099,433699
10037,2.490784098834313,456798,23099,433699
10038,2.4905359633393105,456798,23099,433699
10039,2.4902878772786132,456798,23099,433699
10040,2.49003984063745,456798,23099,433699
10041,2.4897918534010555,456798,23099,433699
10042,2.4895439155546706,456798,23099,433699
10043,2.4892960270835407,456798,23099,433699
10044,2.489048187972919,456798,23099,433699
10045,2.4888003982080638,456798,23099,433699
10046,2.4885526577742385,456733,23099,433634
10047,2.4883049666567136,456733,23099,433634
10048,2.4880573248407645,456733,23099,433634
10049,2.487809732311673,456733,23099,433634
10050,2.487562189054726,456733,23099,433634
10051,2.4873146950552183,456733,23099,433634
10052,2.487067250298448,456733,23099,433634
10053,2.4868198547697205,456733,23099,433634
10054,2.4865725084543464,456733,23099,433634
10055,2.486325211337643,456733,23099,433634
10056,2.4860779634049326,456733,23099,433634
10057,2.4858307646415434,456733,23099,433634
10058,2.4855836150328097,456733,23099,433634
10059,2.485336514564072,456733,23099,433634
10060,2.485089463220676,456733,23099,433634
10061,2.4848424609879736,456733,23099,433634
10062,2.484595507851322,456733,23099,433634
10063,2.4843486037960845,456733,23099,433634
10064,2.4841017488076313,456733,23099,433634
10065,2.483854942871336,456733,23099,433634
10066,2.483608185972581,456733,23099,433634
10067,2.483361478096752,456733,23099,433634
10068,2.4831148192292414,456733,23099,433634
10069,2.4828682093554475,456733,23099,433634
10070,2.4826216484607744,456733,23099,433634
10071,2.4823751365306324,456733,23099,433634
10072,2.4821286735504366,456733,23099,433634
10073,2.481882259505609,456733,23099,433634
10074,2.481635894381576,456733,23099,433634
10075,2.4813895781637716,456733,23099,433634
10076,2.481143310837634,456733,23099,433634
10077,2.4808970923886076,456733,23099,433634
10078,2.4806509228021434,456733,23099,433634
10079,2.480404802063697,456733,23099,433634
10080,2.4801587301587302,456733,23099,433634
10081,2.479912707072711,456733,23099,433634
10082,2.479666732791113,456733,23099,433634
10083,2.479420807299415,456733,23099,433634
10084,2.479174930583102,456733,23099,433634
10085,2.478929102627665,456733,23099,433634
10086,2.4786833234186,456733,23099,433634
10087,2.4784375929414098,456733,23099,433634
10088,2.478191911181602,456733,23099,433634
10089,2.47794627812469,456733,23099,433634
10090,2.4777006937561943,456733,23099,433634
10091,2.4774551580616393,456733,23099,433634
10092,2.477209671026556,456733,23099,433634
10093,2.476964232636481,456733,23099,433634
10094,2.4767188428769566,456733,23099,433634
10095,2.4764735017335315,456733,23099,433634
10096,2.476228209191759,456733,23099,433634
10097,2.475982965237199,456733,23099,433634
10098,2.475737769855417,456733,23099,433634
10099,2.4754926230319834,456733,23099,433634
10100,2.4752475247524752,456733,23099,433634
10101,2.475002475002475,456733,23099,433634
10102,2.474757473767571,456733,23099,433634
10103,2.4745125210333563,456733,23099,433634
10104,2.4742676167854314,456733,23099,433634
10105,2.4740227610094014,456733,23099,433634
10106,2.4737779536908766,456733,23099,433634
10107,2.4735331948154746,456733,23099,433634
10108,2.4732884843688168,456733,23099,433634
10109,2.473043822336532,456733,23099,433634
10110,2.472799208704253,456733,23099,433634
10111,2.47255464345762,456733,23099,433634
10112,2.4723101265822787,456733,23099,433634
10113,2.4720656580638782,456733,23099,433634
10114,2.4718212378880757,456733,23099,433634
10115,2.4715768660405337,456733,23099,433634
10116,2.4713325425069197,456733,23099,433634
10117,2.471088267272907,456733,23099,433634
10118,2.4708440403241747,456733,23099,433634
10119,2.4705998616464075,456733,23099,433634
10120,2.4703557312252964,456733,23099,433634
10121,2.4701116490465367,456733,23099,433634
10122,2.469867615095831,456733,23099,433634
10123,2.469623629358886,456733,23099,433634
10124,2.4693796918214144,456733,23099,433634
10125,2.4691358024691357,456733,23099,433634
10126,2.468891961287774,456733,23099,433634
10127,2.468648168263059,456733,23099,433634
10128,2.4684044233807265,456733,23099,433634
10129,2.4681607266265178,456733,23099,433634
10130,2.4679170779861797,456733,23099,433634
10131,2.4676734774454645,456733,23099,433634
10132,2.4674299249901304,456733,23099,433634
10133,2.467186420605941,456733,23099,433634
10134,2.4669429642786658,456733,23099,433634
10135,2.46669955599408,456733,23099,433634
10136,2.4664561957379636,456733,23099,433634
10137,2.4662128834961035,456733,23099,433634
10138,2.465969619254291,456733,23099,433634
10139,2.4657264029983232,456733,23099,433634
10140,2.465483234714004,456733,23099,433634
10141,2.465240114387141,456733,23099,433634
10142,2.4649970420035494,456733,23099,433634
10143,2.4647540175490485,456733,23099,433634
10144,2.4645110410094637,456733,23099,433634
10145,2.464268112370626,456733,23099,433634
10146,2.464025231618372,456733,23099,433634
10147,2.463782398738543,456733,23099,433634
10148,2.4635396137169887,456733,23099,433634
10149,2.4632968765395606,456733,23099,433634
10150,2.4630541871921183,456733,23099,433634
10151,2.462811545660526,456733,23099,433634
10152,2.462568951930654,456733,23099,433634
10153,2.4623264059883776,456733,23099,433634
10154,2.4620839078195784,456733,23099,433634
10155,2.461841457410143,456733,23099,433634
10156,2.461599054745963,456733,23099,433634
10157,2.461356699812937,456733,23099,433634
10158,2.461114392596968,456733,23099,433634
10159,2.460872133083965,456733,23099,433634
10160,2.4606299212598426,456733,23099,433634
10161,2.460387757110521,456733,23099,433634
10162,2.4601456406219246,456733,23099,433634
10163,2.459903571779986,456733,23099,433634
10164,2.4596615505706416,456733,23099,433634
10165,2.459419576979833,456733,23099,433634
10166,2.459177650993508,456733,23099,433634
10167,2.4589357725976195,456733,23099,433634
10168,2.4586939417781273,456733,23099,433634
10169,2.4584521585209953,456733,23099,433634
10170,2.4582104228121926,456733,23099,433634
10171,2.4579687346376953,456733,23099,433634
10172,2.457727093983484,456733,23099,433634
10173,2.457485500835545,456733,23099,433634
10174,2.4572439551798704,456733,23099,433634
10175,2.457002457002457,456733,23099,433634
10176,2.4567610062893084,456733,23099,433634
10177,2.456519603026432,456733,23099,433634
10178,2.456278247199843,456733,23099,433634
10179,2.4560369387955596,456733,23099,433634
10180,2.4557956777996073,456733,23099,433634
10181,2.455554464198016,456733,23099,433634
10182,2.4553132979768217,456733,23099,433634
10183,2.455072179122066,456733,23099,433634
10184,2.4548311076197957,456733,23099,433634
10185,2.454590083456063,456733,23099,433634
10186,2.454349106616925,456733,23099,433634
10187,2.454108177088446,456733,23099,433634
10188,2.453867294856694,456733,23099,433634
10189,2.4536264599077438,456733,23099,433634
10190,2.4533856722276743,456733,23099,433634
10191,2.453144931802571,456733,23099,433634
10192,2.4529042386185242,456733,23099,433634
10193,2.4526635926616307,456733,23099,433634
10194,2.452422993917991,456733,23099,433634
10195,2.4521824423737124,456733,23099,433634
10196,2.4519419380149077,456733,23099,433634
10197,2.4517014808276945,456733,23099,433634
10198,2.451461070798196,456733,23099,433634
10199,2.4512207079125403,456733,23099,433634
10200,2.450980392156863,456733,23099,433634
10201,2.4507401235173023,456733,23099,433634
10202,2.450499901980004,456733,23099,433634
10203,2.4502597275311184,456733,23099,433634
10204,2.4500196001568013,456733,23099,433634
10205,2.449779519843214,456733,23099,433634
10206,2.4495394865765237,456733,23099,433634
10207,2.449299500342902,456733,23099,433634
10208,2.449059561128527,456733,23099,433634
10209,2.448819668919581,456733,23099,433634
10210,2.4485798237022527,456733,23099,433634
10211,2.4483400254627363,456733,23099,433634
10212,2.448100274187231,456733,23099,433634
10213,2.4478605698619407,456733,23099,433634
10214,2.4476209124730763,456733,23099,433634
10215,2.447381302006853,456733,23099,433634
10216,2.447141738449491,456733,23099,433634
10217,2.446902221787217,456733,23099,433634
10218,2.4466627520062634,456733,23099,433634
10219,2.446423329092866,456733,23099,433634
10220,2.4461839530332683,456733,23099,433634
10221,2.445944623813717,456733,23099,433634
10222,2.4457053414204655,456733,23099,433634
10223,2.445466105839773,456733,23099,433634
10224,2.445226917057903,456733,23099,433634
10225,2.444987775061125,456733,23099,433634
10226,2.4447486798357128,456733,23099,433634
10227,2.4445096313679477,456733,23099,433634
10228,2.444270629644114,456733,23099,433634
10229,2.4440316746505033,456733,23099,433634
10230,2.4437927663734116,456733,23099,433634
10231,2.4435539047991397,456733,23099,433634
10232,2.4433150899139955,456733,23099,433634
10233,2.44307632170429,456733,23099,433634
10234,2.4428376001563414,456733,23099,433634
10235,2.442598925256473,456733,23099,433634
10236,2.442360296991012,456733,23099,433634
10237,2.442121715346293,456733,23099,433634
10238,2.441883180308654,456733,23099,433634
10239,2.44164469186444,456733,23099,433634
10240,2.44140625,456733,23099,433634
10241,2.441167854701689,456733,23099,433634
10242,2.440929505955868,456733,23099,433634
10243,2.4406912037489015,456733,23099,433634
10244,2.4404529480671613,456733,23099,433634
10245,2.440214738897023,456733,23099,433634
10246,2.4399765762248684,456733,23099,433634
10247,2.439738460037084,456733,23099,433634
10248,2.4395003903200623,456733,23099,433634
10249,2.439262367060201,456733,23099,433634
10250,2.4390243902439024,456733,23099,433634
10251,2.438786459857575,456733,23099,433634
10252,2.4385485758876317,456733,23099,433634
10253,2.4383107383204914,456733,23099,433634
10254,2.4380729471425786,456733,23099,433634
10255,2.4378352023403216,456733,23099,433634
10256,2.437597503900156,456733,23099,433634
10257,2.437359851808521,456733,23099,433634
10258,2.437122246051862,456733,23099,433634
10259,2.4368846866166294,456733,23099,433634
10260,2.4366471734892787,456733,23099,433634
10261,2.436409706656271,456733,23099,433634
10262,2.4361722861040733,456733,23099,433634
10263,2.4359349118191562,456733,23099,433634
10264,2.435697583787997,456733,23099,433634
10265,2.4354603019970775,456733,23099,433634
10266,2.435223066432885,456733,23099,433634
10267,2.434985877081913,456733,23099,433634
10268,2.4347487339306584,456733,23099,433634
10269,2.434511636965625,456733,23099,433634
10270,2.4342745861733204,456733,23099,433634
10271,2.434037581540259,456733,23099,433634
10272,2.4338006230529596,456733,23099,433634
10273,2.433563710697946,456733,23099,433634
10274,2.433326844461748,456733,23099,433634
10275,2.4330900243309004,456733,23099,433634
10276,2.4328532502919424,456733,23099,433634
10277,2.43261652233142,456733,23099,433634
10278,2.4323798404358823,456733,23099,433634
10279,2.4321432045918865,456733,23099,433634
10280,2.431906614785992,456733,23099,433634
10281,2.431670071004766,456733,23099,433634
10282,2.4314335732347794,456733,23099,433634
10283,2.431197121462608,456733,23099,433634
10284,2.4309607156748347,456733,23099,433634
10285,2.430724355858046,456733,23099,433634
10286,2.4304880419988333,456733,23099,433634
10287,2.430251774083795,456733,23099,433634
10288,2.4300155520995332,456733,23099,433634
10289,2.429779376032656,456733,23099,433634
10290,2.4295432458697763,456733,23099,433634
10291,2.4293071615975124,456733,23099,433634
10292,2.4290711232024873,456733,23099,433634
10293,2.42883513067133,456733,23099,433634
10294,2.428599183990674,456733,23099,433634
10295,2.4283632831471587,456733,23099,433634
10296,2.428127428127428,456733,23099,433634
10297,2.4278916189181317,456733,23099,433634
10298,2.4276558555059236,456733,23099,433634
10299,2.427420137877464,456733,23099,433634
10300,2.4271844660194173,456733,23099,433634
10301,2.4269488399184547,456733,23099,433634
10302,2.42671325956125,456733,23099,433634
10303,2.426477724934485,456733,23099,433634
10304,2.426242236024845,456733,23099,433634
10305,2.42600679281902,456733,23099,433634
10306,2.425771395303707,456733,23099,433634
10307,2.425536043465606,456733,23099,433634
10308,2.425300737291424,456733,23099,433634
10309,2.4250654767678728,456733,23099,433634
10310,2.4248302618816684,456733,23099,433634
10311,2.4245950926195325,456733,23099,433634
10312,2.4243599689681923,456733,23099,433634
10313,2.42412489091438,456733,23099,433634
10314,2.423889858444832,456733,23099,433634
10315,2.423654871546292,456733,23099,433634
10316,2.423419930205506,456733,23099,433634
10317,2.4231850344092276,456733,23099,433634
10318,2.422950184144214,456733,23099,433634
10319,2.4227153793972285,456733,23099,433634
10320,2.4224806201550386,456733,23099,433634
10321,2.4222459064044184,456733,23099,433634
10322,2.422011238132145,456733,23099,433634
10323,2.4217766153250024,456733,23099,433634
10324,2.421542037969779,456733,23099,433634
10325,2.4213075060532687,456733,23099,433634
10326,2.42107301956227,456733,23099,433634
10327,2.4208385784835866,456733,23099,433634
10328,2.420604182804028,456733,23099,433634
10329,2.4203698325104077,456733,23099,433634
10330,2.420135527589545,456733,23099,433634
10331,2.4199012680282643,456733,23099,433634
10332,2.419667053813395,456733,23099,433634
10333,2.419432884931772,456733,23099,433634
10334,2.419198761370234,456733,23099,433634
10335,2.4189646831156266,456733,23099,433634
10336,2.418730650154799,456733,23099,433634
10337,2.4184966624746056,456733,23099,433634
10338,2.4182627200619073,456733,23099,433634
10339,2.418028822903569,456733,23099,433634
10340,2.4177949709864603,456733,23099,433634
10341,2.4175611642974566,456733,23099,433634
10342,2.4173274028234384,456733,23099,433634
10343,2.417093686551291,456733,23099,433634
10344,2.416860015467904,456733,23099,433634
10345,2.416626389560174,456733,23099,433634
10346,2.416392808815001,456733,23099,433634
10347,2.4161592732192907,456733,23099,433634
10348,2.4159257827599534,456733,23099,433634
10349,2.4156923374239057,456733,23099,433634
10350,2.4154589371980677,456733,23099,433634
10351,2.415225582069365,456733,23099,433634
10352,2.4149922720247297,456733,23099,433634
10353,2.4147590070510963,456733,23099,433634
10354,2.4145257871354064,456733,23099,433634
10355,2.4142926122646067,456733,23099,433634
10356,2.414059482425647,456733,23099,433634
10357,2.4138263976054843,456733,23099,433634
10358,2.4135933577910795,456733,23099,433634
10359,2.4133603629693985,456733,23099,433634
10360,2.413127413127413,456733,23099,433634
10361,2.412894508252099,456733,23099,433634
10362,2.412661648330438,456733,23099,433634
10363,2.4124288333494164,456733,23099,433634
10364,2.4121960632960247,456733,23099,433634
10365,2.41196333815726,456733,23099,433634
10366,2.4117306579201236,456733,23099,433634
10367,2.4114980225716214,456733,23099,433634
10368,2.4112654320987654,456733,23099,433634
10369,2.4110328864885715,456733,23099,433634
10370,2.4108003857280615,456733,23099,433634
10371,2.410567929804262,456733,23099,433634
10372,2.4103355187042035,456733,23099,433634
10373,2.4101031524149232,456733,23099,433634
10374,2.4098708309234627,456733,23099,433634
10375,2.4096385542168677,456733,23099,433634
10376,2.4094063222821895,456733,23099,433634
10377,2.4091741351064857,456733,23099,433634
10378,2.4089419926768163,456733,23099,433634
10379,2.4087098949802486,456733,23099,433634
10380,2.4084778420038537,456733,23099,433634
10381,2.4082458337347075,456733,23099,433634
10382,2.408013870159892,456733,23099,433634
10383,2.4077819512664935,456733,23099,433634
10384,2.4075500770416025,456733,23099,433634
10385,2.407318247472316,456733,23099,433634
10386,2.4070864625457347,456733,23099,433634
10387,2.406854722248965,456733,23099,433634
10388,2.406623026569118,456733,23099,433634
10389,2.4063913754933104,456733,23099,433634
10390,2.4061597690086622,456733,23099,433634
10391,2.4059282071023,456733,23099,433634
10392,2.405696689761355,456733,23099,433634
10393,2.4054652169729627,456733,23099,433634
10394,2.405233788724264,456733,23099,433634
10395,2.405002405002405,456733,23099,433634
10396,2.4047710657945363,456733,23099,433634
10397,2.404539771087814,456733,23099,433634
10398,2.404308520869398,456733,23099,433634
10399,2.4040773151264543,456733,23099,433634
10400,2.4038461538461537,456733,23099,433634
10401,2.4036150370156717,456733,23099,433634
10402,2.403383964622188,456733,23099,433634
10403,2.4031529366528885,456733,23099,433634
10404,2.4029219530949635,456733,23099,433634
10405,2.4026910139356077,456733,23099,433634
10406,2.402460119162022,456733,23099,433634
10407,2.4022292687614106,456733,23099,433634
10408,2.401998462720984,456733,23099,433634
10409,2.4017677010279566,456733,23099,433634
10410,2.4015369836695486,456733,23099,433634
10411,2.401306310632984,456733,23099,433634
10412,2.4010756819054935,456733,23099,433634
10413,2.4008450974743107,456733,23099,433634
10414,2.4006145573266755,456733,23099,433634
10415,2.400384061449832,456733,23099,433634
10416,2.400153609831029,456733,23099,433634
10417,2.399923202457521,456733,23099,433634
10418,2.3996928393165673,456733,23099,433634
10419,2.3994625203954314,456733,23099,433634
10420,2.399232245681382,456733,23099,433634
10421,2.3990020151616926,456733,23099,433634
10422,2.398771828823642,456733,23099,433634
10423,2.398541686654514,456733,23099,433634
10424,2.3983115886415964,456733,23099,433634
10425,2.3980815347721824,456733,23099,433634
10426,2.39785152503357,456733,23099,433634
10427,2.397621559413062,456733,23099,433634
10428,2.397391637897967,456733,23099,433634
10429,2.397161760475597,456733,23099,433634
10430,2.3969319271332696,456733,23099,433634
10431,2.396702137858307,456733,23099,433634
10432,2.396472392638037,456733,23099,433634
10433,2.396242691459791,456733,23099,433634
10434,2.3960130343109065,456733,23099,433634
10435,2.3957834211787254,456733,23099,433634
10436,2.395553852050594,456733,23099,433634
10437,2.395324326913864,456733,23099,433634
10438,2.395094845755892,456733,23099,433634
10439,2.394865408564039,456733,23099,433634
10440,2.3946360153256707,456733,23099,433634
10441,2.3944066660281584,456733,23099,433634
10442,2.3941773606588774,456733,23099,433634
10443,2.3939480992052093,456733,23099,433634
10444,2.3937188816545385,456733,23099,433634
10445,2.3934897079942554,456733,23099,433634
10446,2.3932605782117555,456733,23099,433634
10447,2.3930314922944387,456733,23099,433634
10448,2.392802450229709,456733,23099,433634
10449,2.3925734520049766,456733,23099,433634
10450,2.3923444976076556,456733,23099,433634
10451,2.392115587025165,456733,23099,433634
10452,2.391886720244929,456733,23099,433634
10453,2.391657897254377,456733,23099,433634
10454,2.391429118040941,456733,23099,433634
10455,2.391200382592061,456733,23099,433634
10456,2.3909716908951797,456733,23099,433634
10457,2.390743042937745,456733,23099,433634
10458,2.3905144387072097,456733,23099,433634
10459,2.3902858781910314,456733,23099,433634
10460,2.390057361376673,456733,23099,433634
10461,2.3898288882516012,456733,23099,433634
10462,2.389600458803288,456733,23099,433634
10463,2.3893720730192105,456733,23099,433634
10464,2.38914373088685,456733,23099,433634
10465,2.388915432393693,456733,23099,433634
10466,2.388687177527231,456733,23099,433634
10467,2.3884589662749596,456733,23099,433634
10468,2.388230798624379,456733,23099,433634
10469,2.3880026745629954,456733,23099,433634
10470,2.387774594078319,456733,23099,433634
10471,2.3875465571578647,456733,23099,433634
10472,2.387318563789152,456733,23099,433634
10473,2.387090613959706,456733,23099,433634
10474,2.3868627076570554,456733,23099,433634
10475,2.386634844868735,456733,23099,433634
10476,2.386407025582283,456733,23099,433634
10477,2.386179249785244,456733,23099,433634
10478,2.3859515174651653,456733,23099,433634
10479,2.3857238286096,456733,23099,433634
10480,2.385496183206107,456733,23099,433634
10481,2.385268581242248,456733,23099,433634
10482,2.3850410227055905,456733,23099,433634
10483,2.384813507583707,456733,23099,433634
10484,2.384586035864174,456733,23099,433634
10485,2.384358607534573,456733,23099,433634
10486,2.384131222582491,456733,23099,433634
10487,2.3839038809955184,456733,23099,433634
10488,2.383676582761251,456733,23099,433634
10489,2.3834493278672895,456733,23099,433634
10490,2.3832221163012393,456733,23099,433634
10491,2.38299494805071,456733,23099,433634
10492,2.382767823103317,456733,23099,433634
10493,2.382540741446679,456733,23099,433634
10494,2.38231370306842,456733,23099,433634
10495,2.3820867079561694,456733,23099,433634
10496,2.381859756097561,456733,23099,433634
10497,2.3816328474802324,456733,23099,433634
10498,2.381405982091827,456733,23099,433634
10499,2.3811791599199923,456733,23099,433634
10500,2.380952380952381,456733,23099,433634
10501,2.38072564517665,456733,23099,433634
10502,2.380498952580461,456733,23099,433634
10503,2.3802723031514805,456733,23099,433634
10504,2.38004569687738,456733,23099,433634
10505,2.379819133745835,456733,23099,433634
10506,2.379592613744527,456733,23099,433634
10507,2.3793661368611403,456733,23099,433634
10508,2.379139703083365,456733,23099,433634
10509,2.3789133123988964,456733,23099,433634
10510,2.378686964795433,456733,23099,433634
10511,2.3784606602606795,456733,23099,433634
10512,2.378234398782344,456733,23099,433634
10513,2.3780081803481403,456733,23099,433634
10514,2.3777820049457867,456733,23099,433634
10515,2.377555872563005,456733,23099,433634
10516,2.3773297831875237,456733,23099,433634
10517,2.3771037368070744,456733,23099,433634
10518,2.3768777334093936,456733,23099,433634
10519,2.3766517729822225,456733,23099,433634
10520,2.376425855513308,456733,23099,433634
10521,2.3761999809904,456733,23099,433634
10522,2.3759741494012547,456733,23099,433634
10523,2.375748360733631,456733,23099,433634
10524,2.3755226149752944,456733,23099,433634
10525,2.375296912114014,456733,23099,433634
10526,2.3750712521375643,456733,23099,433634
10527,2.3748456350337226,456733,23099,433634
10528,2.3746200607902734,456733,23099,433634
10529,2.3743945293950044,456733,23099,433634
10530,2.3741690408357075,456733,23099,433634
10531,2.3739435951001804,456733,23099,433634
10532,2.373718192176225,456733,23099,433634
10533,2.3734928320516473,456733,23099,433634
10534,2.3732675147142586,456733,23099,433634
10535,2.3730422401518747,456733,23099,433634
10536,2.3728170083523157,456733,23099,433634
10537,2.3725918193034072,456733,23099,433634
10538,2.3723666729929778,456733,23099,433634
10539,2.3721415694088623,456733,23099,433634
10540,2.3719165085388996,456733,23099,433634
10541,2.3716914903709325,456733,23099,433634
10542,2.3714665148928096,456733,23099,433634
10543,2.3712415820923836,456733,23099,433634
10544,2.3710166919575113,456733,23099,433634
10545,2.370791844476055,456613,22691,433922
10546,2.370567039635881,456613,22691,433922
10547,2.3703422774248604,456451,22675,433776
10548,2.370117557830868,456451,22675,433776
10549,2.369892880841786,456451,22675,433776
10550,2.3696682464454977,456451,22675,433776
10551,2.369443654629893,456451,22675,433776
10552,2.3692191053828657,456451,22675,433776
10553,2.368994598692315,456451,22675,433776
10554,2.3687701345461436,456451,22675,433776
10555,2.3685457129322596,456451,22675,433776
10556,2.3683213338385753,456451,22675,433776
10557,2.3680969972530073,456451,22675,433776
10558,2.367872703163478,456451,22675,433776
10559,2.367648451557913,456451,22675,433776
10560,2.367424242424242,456451,22675,433776
10561,2.3672000757504024,456451,22675,433776
10562,2.3669759515243327,456451,22675,433776
10563,2.366751869733977,456451,22675,433776
10564,2.366527830367285,456451,22675,433776
10565,2.36630383341221,456451,22675,433776
10566,2.36607987885671,456451,22675,433776
10567,2.365855966688748,456451,22675,433776
10568,2.3656320968962907,456451,22675,433776
10569,2.36540826946731,456451,22675,433776
10570,2.3651844843897822,456451,22675,433776
10571,2.3649607416516885,456451,22675,433776
10572,2.364737041241014,456451,22675,433776
10573,2.3645133831457485,456451,22675,433776
10574,2.364289767353887,456451,22675,433776
10575,2.3640661938534278,456451,22675,433776
10576,2.363842662632375,456451,22675,433776
10577,2.363619173678737,456451,22675,433776
10578,2.3633957269805257,456451,22675,433776
10579,2.3631723225257586,456451,22675,433776
10580,2.3629489603024574,456451,22675,433776
10581,2.3627256402986485,456293,22691,433602
10582,2.3625023625023625,456293,22691,433602
10583,2.3622791269016346,456293,22691,433602
10584,2.362055933484505,456293,22691,433602
10585,2.3618327822390173,456293,22691,433602
10586,2.3616096731532212,456293,22691,433602
10587,2.3613866062151696,456293,22691,433602
10588,2.3611635814129204,456293,22691,433602
10589,2.360940598734536,456293,22691,433602
10590,2.360717658168083,456293,22691,433602
10591,2.3604947597016332,456293,22691,433602
10592,2.360271903323263,456293,22691,433602
10593,2.3600490890210515,456293,22691,433602
10594,2.3598263167830846,456293,22691,433602
10595,2.359603586597452,456293,22691,433602
10596,2.359380898452246,456293,22691,433602
10597,2.3591582523355665,456293,22691,433602
10598,2.358935648235516,456293,22691,433602
10599,2.358713086140202,456293,22691,433602
10600,2.358490566037736,456293,22691,433602
10601,2.358268087916234,456293,22691,433602
10602,2.358045651763818,456293,22691,433602
10603,2.3578232575686124,456293,22691,433602
10604,2.3576009053187477,456293,22691,433602
10605,2.3573785950023574,456293,22691,433602
10606,2.357156326607581,456293,22691,433602
10607,2.3569341001225608,456293,22691,433602
10608,2.356711915535445,456293,22691,433602
10609,2.356489772834386,456293,22691,433602
10610,2.35626767200754,456293,22691,433602
10611,2.3560456130430687,456293,22691,433602
10612,2.3558235959291367,456293,22691,433602
10613,2.355601620653915,456293,22691,433602
10614,2.3553796872055774,456293,22691,433602
10615,2.3551577955723033,456293,22691,433602
10616,2.354935945742276,456293,22691,433602
10617,2.3547141377036827,456293,22691,433602
10618,2.3544923714447163,456293,22691,433602
10619,2.354270646953574,456293,22691,433602
10620,2.354048964218456,456293,22691,433602
10621,2.353827323227568,456293,22691,433602
10622,2.3536057239691206,456293,22691,433602
10623,2.3533841664313284,456293,22691,433602
10624,2.3531626506024095,456293,22691,433602
10625,2.3529411764705883,456293,22691,433602
10626,2.3527197440240917,456293,22691,433602
10627,2.3524983532511525,456293,22691,433602
10628,2.3522770041400074,456293,22691,433602
10629,2.3520556966788972,456293,22691,433602
10630,2.351834430856068,456293,22691,433602
10631,2.351613206659769,456293,22691,433602
10632,2.351392024078254,456293,22691,433602
10633,2.3511708830997837,456293,22691,433602
10634,2.35094978371262,456293,22691,433602
10635,2.3507287259050305,456293,22691,433602
10636,2.3505077096652878,456293,22691,433602
10637,2.3502867349816676,456293,22691,433602
10638,2.3500658018424514,456293,22691,433602
10639,2.3498449102359245,456293,22691,433602
10640,2.3496240601503757,456293,22691,433602
10641,2.3494032515741003,456293,22691,433602
10642,2.3491824844953957,456293,22691,433602
10643,2.348961758902565,456293,22691,433602
10644,2.348741074783916,456293,22691,433602
10645,2.3485204321277595,456293,22691,433602
10646,2.348299830922412,456293,22691,433602
10647,2.348079271156194,456293,22691,433602
10648,2.3478587528174306,456293,22691,433602
10649,2.3476382758944503,456293,22691,433602
10650,2.347417840375587,456293,22691,433602
10651,2.3471974462491785,456293,22691,433602
10652,2.3469770935035674,456293,22691,433602
10653,2.3467567821271005,456293,22691,433602
10654,2.3465365121081283,456293,22691,433602
10655,2.346316283435007,456293,22691,433602
10656,2.346096096096096,456243,22691,433552
10657,2.3458759500797597,456243,22691,433552
10658,2.3456558453743668,456243,22691,433552
10659,2.34543578196829,456243,22691,433552
10660,2.345215759849906,456243,22691,433552
10661,2.344995779007598,456243,22691,433552
10662,2.3447758394297504,456243,22691,433552
10663,2.3445559411047547,456243,22691,433552
10664,2.3443360840210055,456243,22691,433552
10665,2.344116268166901,456243,22691,433552
10666,2.3438964935308455,456243,22691,433552
10667,2.3436767601012467,456243,22691,433552
10668,2.3434570678665168,456243,22691,433552
10669,2.3432374168150716,456243,22691,433552
10670,2.343017806935333,456243,22691,433552
10671,2.342798238215725,456243,22691,433552
10672,2.342578710644678,456243,22691,433552
10673,2.342359224210625,456243,22691,433552
10674,2.342139778902005,456243,22691,433552
10675,2.34192037470726,456243,22691,433552
10676,2.341701011614837,456243,22691,433552
10677,2.3414816896131874,456243,22691,433552
10678,2.341262408690766,456243,22691,433552
10679,2.341043168836033,456243,22691,433552
10680,2.3408239700374533,456243,22691,433552
10681,2.340604812283494,456243,22691,433552
10682,2.3403856955626288,456243,22691,433552
10683,2.3401666198633344,456243,22691,433552
10684,2.3399475851740923,456243,22691,433552
10685,2.339728591483388,456243,22691,433552
10686,2.339509638779712,456243,22691,433552
10687,2.339290727051558,456243,22691,433552
10688,2.339071856287425,456243,22691,433552
10689,2.338853026475816,456243,22691,433552
10690,2.3386342376052385,456243,22691,433552
10691,2.3384154896642033,456243,22691,433552
10692,2.338196782641227,456243,22691,433552
10693,2.3379781165248295,456243,22691,433552
10694,2.337759491303535,456243,22691,433552
10695,2.337540906965872,456243,22691,433552
10696,2.337322363500374,456243,22691,433552
10697,2.3371038608955783,456243,22691,433552
10698,2.336885399140026,456243,22691,433552
10699,2.3366669782222638,456243,22691,433552
10700,2.336448598130841,456243,22691,433552
10701,2.3362302588543127,456243,22691,433552
10702,2.3360119603812373,456243,22691,433552
10703,2.3357937027001774,456243,22691,433552
10704,2.335575485799701,456243,22691,433552
10705,2.335357309668379,456243,22691,433552
10706,2.335139174294788,456243,22691,433552
10707,2.3349210796675073,456243,22691,433552
10708,2.3347030257751213,456243,22691,433552
10709,2.334485012606219,456243,22691,433552
10710,2.3342670401493932,456243,22691,433552
10711,2.3340491083932404,456243,22691,433552
10712,2.333831217326363,456243,22691,433552
10713,2.333613366937366,456243,22691,433552
10714,2.333395557214859,456243,22691,433552
10715,2.3331777881474567,456243,22691,433552
10716,2.3329600597237774,456243,22691,433552
10717,2.3327423719324436,456243,22691,433552
10718,2.3325247247620826,456243,22691,433552
10719,2.332307118201325,456243,22691,433552
10720,2.332089552238806,456243,22691,433552
10721,2.3318720268631656,456243,22691,433552
10722,2.331654542063048,456243,22691,433552
10723,2.331437097827101,456243,22691,433552
10724,2.331219694143976,456243,22691,433552
10725,2.331002331002331,456243,22691,433552
10726,2.330785008390826,456243,22691,433552
10727,2.3305677262981264,456243,22691,433552
10728,2.3303504847129006,456243,22691,433552
10729,2.330133283623823,456243,22691,433552
10730,2.3299161230195713,456243,22691,433552
10731,2.3296990028888267,456243,22691,433552
10732,2.3294819232202757,456243,22691,433552
10733,2.3292648840026087,456243,22691,433552
10734,2.32904788522452,456243,22691,433552
10735,2.328830926874709,456243,22691,433552
10736,2.328614008941878,456243,22691,433552
10737,2.328397131414734,456243,22691,433552
10738,2.328180294281989,456243,22691,433552
10739,2.327963497532359,456243,22691,433552
10740,2.3277467411545625,456243,22691,433552
10741,2.327530025137324,456243,22691,433552
10742,2.3273133494693727,456243,22691,433552
10743,2.3270967141394396,456243,22691,433552
10744,2.3268801191362622,456243,22691,433552
10745,2.3266635644485807,456243,22691,433552
10746,2.3264470500651404,456243,22691,433552
10747,2.3262305759746904,456243,22691,433552
10748,2.3260141421659846,456243,22691,433552
10749,2.3257977486277794,456243,22691,433552
10750,2.3255813953488373,456243,22691,433552
10751,2.3253650823179237,456243,22691,433552
10752,2.3251488095238093,456243,22691,433552
10753,2.3249325769552684,456243,22691,433552
10754,2.3247163846010785,456243,22691,433552
10755,2.3245002324500232,456243,22691,433552
10756,2.324284120490889,456243,22691,433552
10757,2.324068048712466,456243,22691,433552
10758,2.323852017103551,456243,22691,433552
10759,2.3236360256529416,456243,22691,433552
10760,2.323420074349442,456243,22691,433552
10761,2.3232041631818605,456243,22691,433552
10762,2.3229882921390077,456243,22691,433552
10763,2.3227724612097,456243,22691,433552
10764,2.3225566703827574,456243,22691,433552
10765,2.3223409196470044,456243,22691,433552
10766,2.322125208991269,456206,22691,433515
10767,2.321909538404384,456206,22691,433515
10768,2.321693907875186,456206,22691,433515
10769,2.3214783173925158,456206,22691,433515
10770,2.3212627669452184,456206,22691,433515
10771,2.3210472565221427,456206,22691,433515
10772,2.3208317861121426,456206,22691,433515
10773,2.320616355704075,456206,22691,433515
10774,2.3204009652868014,456206,22691,433515
10775,2.320185614849188,456206,22691,433515
10776,2.319970304380104,456206,22691,433515
10777,2.3197550338684234,456206,22691,433515
10778,2.319539803303025,456206,22691,433515
10779,2.3193246126727898,456206,22691,433515
10780,2.3191094619666046,456206,22691,433515
10781,2.3188943511733604,456206,22691,433515
10782,2.3186792802819514,456206,22691,433515
10783,2.318464249281276,456206,22691,433515
10784,2.3182492581602374,456206,22691,433515
10785,2.3180343069077423,456206,22691,433515
10786,2.3178193955127018,456206,22691,433515
10787,2.3176045239640306,456206,22691,433515
10788,2.3173896922506487,456206,22691,433515
10789,2.317174900361479,456206,22691,433515
10790,2.3169601482854496,456206,22691,433515
10791,2.316745436011491,456206,22691,433515
10792,2.3165307635285397,456206,22691,433515
10793,2.316316130825535,456206,22691,433515
10794,2.3161015378914214,456206,22691,433515
10795,2.3158869847151458,456206,22691,433515
10796,2.3156724712856613,456206,22691,433515
10797,2.3154579975919236,456206,22691,433515
10798,2.315243563622893,456206,22691,433515
10799,2.3150291693675342,456206,22691,433515
10800,2.314814814814815,456206,22691,433515
10801,2.314600499953708,456206,22691,433515
10802,2.31438622477319,456206,22691,433515
10803,2.314171989262242,456206,22691,433515
10804,2.3139577934098483,456206,22691,433515
10805,2.3137436372049978,456206,22691,433515
10806,2.3135295206366835,456206,22691,433515
10807,2.3133154436939023,456206,22691,433515
10808,2.313101406365655,456206,22691,433515
10809,2.312887408640947,456206,22691,433515
10810,2.3126734505087883,456206,22691,433515
10811,2.312459531958191,456206,22691,433515
10812,2.3122456529781723,456206,22691,433515
10813,2.3120318135577547,456206,22691,433515
10814,2.3118180136859627,456206,22691,433515
10815,2.311604253351826,456206,22691,433515
10816,2.3113905325443787,456206,22691,433515
10817,2.311176851252658,456206,22691,433515
10818,2.3109632094657053,456206,22691,433515
10819,2.310749607172567,456206,22691,433515
10820,2.310536044362292,456206,22691,433515
10821,2.310322521023935,456206,22691,433515
10822,2.310109037146553,456206,22691,433515
10823,2.3098955927192093,456206,22691,433515
10824,2.309682187730968,456206,22691,433515
10825,2.3094688221709005,456206,22691,433515
10826,2.3092554960280807,456206,22691,433515
10827,2.3090422092915857,456206,22691,433515
10828,2.308828961950499,456206,22691,433515
10829,2.308615753993905,456206,22691,433515
10830,2.308402585410896,456206,22691,433515
10831,2.308189456190564,456206,22691,433515
10832,2.3079763663220088,456206,22691,433515
10833,2.307763315794332,456206,22691,433515
10834,2.3075503045966403,456206,22691,433515
10835,2.3073373327180433,456206,22691,433515
10836,2.307124400147656,456206,22691,433515
10837,2.3069115068745965,456206,22691,433515
10838,2.3066986528879867,456206,22691,433515
10839,2.3064858381769535,456206,22691,433515
10840,2.3062730627306274,456206,22691,433515
10841,2.3060603265381423,456206,22691,433515
10842,2.3058476295886368,456206,22691,433515
10843,2.305634971871253,456206,22691,433515
10844,2.305422353375138,456206,22691,433515
10845,2.305209774089442,456206,22691,433515
10846,2.304997234003319,456206,22691,433515
10847,2.3047847331059277,456206,22691,433515
10848,2.3045722713864305,456206,22691,433515
10849,2.304359848833994,456206,22691,433515
10850,2.304147465437788,456206,22691,433515
10851,2.303935121186987,456206,22691,433515
10852,2.3037228160707706,456206,22691,433515
10853,2.3035105500783195,456207,22691,433516
10854,2.303298323198821,456207,22691,433516
10855,2.3030861354214647,456207,22691,433516
10856,2.3028739867354457,456207,22691,433516
10857,2.302661877129962,456207,22691,433516
10858,2.302449806594216,456207,22691,433516
10859,2.302237775117414,456207,22691,433516
10860,2.3020257826887662,456207,22691,433516
10861,2.3018138292974863,456207,22691,433516
10862,2.3016019149327933,456207,22691,433516
10863,2.3013900395839086,456207,22691,433516
10864,2.3011782032400587,456207,22691,433516
10865,2.300966405890474,456207,22691,433516
10866,2.300754647524388,456207,22691,433516
10867,2.3005429281310388,456207,22691,433516
10868,2.3003312476996687,456207,22691,433516
10869,2.3001196062195235,456207,22691,433516
10870,2.2999080036798527,456207,22691,433516
10871,2.2996964400699107,456207,22691,433516
10872,2.299484915378955,456207,22691,433516
10873,2.2992734295962474,456207,22691,433516
10874,2.299061982711054,456207,22691,433516
10875,2.2988505747126435,456207,22691,433516
10876,2.2986392055902907,456207,22691,433516
10877,2.298427875333272,456207,22691,433516
10878,2.2982165839308695,456207,22691,433516
10879,2.298005331372369,456207,22691,433516
10880,2.297794117647059,456207,22691,433516
10881,2.297582942744233,456207,22691,433516
10882,2.2973718066531887,456207,22691,433516
10883,2.297160709363227,456207,22691,433516
10884,2.296949650863653,456207,22691,433516
10885,2.296738631143776,456207,22691,433516
10886,2.296527650192908,456207,22691,433516
10887,2.2963167080003672,456207,22691,433516
10888,2.296105804555474,456207,22691,433516
10889,2.2958949398475528,456207,22691,433516
10890,2.295684113865932,456207,22691,433516
10891,2.2954733265999447,456207,22691,433516
10892,2.2952625780389275,456207,22691,433516
10893,2.2950518681722207,456207,22691,433516
10894,2.2948411969891684,456207,22691,433516
10895,2.2946305644791187,456207,22691,433516
10896,2.2944199706314246,456207,22691,433516
10897,2.294209415435441,456207,22691,433516
10898,2.2939988988805284,456207,22691,433516
10899,2.293788420956051,456207,22691,433516
10900,2.293577981651376,456207,22691,433516
10901,2.293367580955876,456207,22691,433516
10902,2.293157218858925,456207,22691,433516
10903,2.2929468953499037,456207,22691,433516
10904,2.292736610418195,456207,22691,433516
10905,2.2925263640531868,456207,22691,433516
10906,2.292316156244269,456207,22691,433516
10907,2.292105986980838,456207,22691,433516
10908,2.291895856252292,456207,22691,433516
10909,2.291685764048034,456207,22691,433516
10910,2.2914757103574703,456207,22691,433516
10911,2.291265695170012,456207,22691,433516
10912,2.2910557184750733,456207,22691,433516
10913,2.2908457802620728,456207,22691,433516
10914,2.2906358805204325,456207,22691,433516
10915,2.2904260192395784,456207,22691,433516
10916,2.290216196408941,456207,22691,433516
10917,2.2900064120179535,456207,22691,433516
10918,2.2897966660560543,456207,22691,433516
10919,2.2895869585126842,456207,22691,433516
10920,2.2893772893772892,456207,22691,433516
10921,2.2891676586393186,456207,22691,433516
10922,2.2889580662882256,456207,22691,433516
10923,2.288748512313467,456207,22691,433516
10924,2.288538996704504,456207,22691,433516
10925,2.288329519450801,456207,22691,433516
10926,2.2881200805418267,456207,22691,433516
10927,2.287910679967054,456207,22691,433516
10928,2.287701317715959,456207,22691,433516
10929,2.287491993778022,456207,22691,433516
10930,2.2872827081427265,456207,22691,433516
10931,2.287073460799561,456207,22691,433516
10932,2.2868642517380167,456207,22691,433516
10933,2.28665508094759,456207,22691,433516
10934,2.2864459484177795,456207,22691,433516
10935,2.286236854138089,456207,22691,433516
10936,2.286027798098025,456207,22691,433516
10937,2.285818780287099,456207,22691,433516
10938,2.2856098006948256,456207,22691,433516
10939,2.285400859310723,456207,22691,433516
10940,2.2851919561243146,456207,22691,433516
10941,2.2849830911251257,456207,22691,433516
10942,2.284774264302687,456207,22691,433516
10943,2.284565475646532,456207,22691,433516
10944,2.284356725146199,456207,22691,433516
10945,2.284148012791229,456207,22691,433516
10946,2.2839393385711677,456207,22691,433516
10947,2.283730702475564,456207,22691,433516
10948,2.2835221044939713,456207,22691,433516
10949,2.2833135446159467,456207,22691,433516
10950,2.2831050228310503,456207,22691,433516
10951,2.2828965391288465,456207,22691,433516
10952,2.2826880934989044,456207,22691,433516
10953,2.282479685930795,456207,22691,433516
10954,2.282271316414095,456207,22691,433516
10955,2.2820629849383844,456207,22691,433516
10956,2.281854691493246,456207,22691,433516
10957,2.2816464360682667,456207,22691,433516
10958,2.281438218653039,456207,22691,433516
10959,2.2812300392371565,456207,22691,433516
10960,2.281021897810219,456207,22691,433516
10961,2.2808137943618285,456207,22691,433516
10962,2.280605728881591,456207,22691,433516
10963,2.2803977013591172,456207,22691,433516
10964,2.2801897117840206,456207,22691,433516
10965,2.279981760145919,456207,22691,433516
10966,2.2797738464344337,456207,22691,433516
10967,2.27956597063919,456207,22691,433516
10968,2.2793581327498176,456013,22691,433322
10969,2.2791503327559486,456013,22691,433322
10970,2.2789425706472195,456013,22691,433322
10971,2.2787348464132715,456013,22691,433322
10972,2.2785271600437476,456013,22691,433322
10973,2.278319511528297,456013,22691,433322
10974,2.2781119008565702,456013,22691,433322
10975,2.277904328018223,456013,22691,433322
10976,2.2776967930029155,456013,22691,433322
10977,2.2774892958003097,456013,22691,433322
10978,2.277281836400073,456013,22691,433322
10979,2.2770744147918753,456013,22691,433322
10980,2.276867030965392,456013,22691,433322
10981,2.2766596849102996,456013,22691,433322
10982,2.276452376616281,456013,22691,433322
10983,2.2762451060730218,456013,22691,433322
10984,2.2760378732702113,456013,22691,433322
10985,2.275830678197542,456013,22691,433322
10986,2.2756235208447113,456013,22691,433322
10987,2.27541640120142,456013,22691,433322
10988,2.2752093192573715,456013,22691,433322
10989,2.275002275002275,456013,22691,433322
10990,2.2747952684258417,456013,22691,433322
10991,2.274588299517787,456013,22691,433322
10992,2.2743813682678313,456013,22691,433322
10993,2.2741744746656964,456013,22691,433322
10994,2.2739676187011097,456013,22691,433322
10995,2.2737608003638017,456013,22691,433322
10996,2.2735540196435067,456013,22691,433322
10997,2.2733472765299627,456013,22691,433322
10998,2.2731405710129113,456013,22691,433322
10999,2.2729339030820985,456013,22691,433322
11000,2.272727272727273,456013,22691,433322
11001,2.2725206799381876,456013,22691,433322
11002,2.2723141247045993,456013,22691,433322
11003,2.2721076070162685,456013,22691,433322
11004,2.271901126862959,456013,22691,433322
11005,2.271694684234439,456013,22691,433322
11006,2.27148827912048,456013,22691,433322
11007,2.2712819115108567,456013,22691,433322
11008,2.271075581395349,456013,22691,433322
11009,2.270869288763739,456013,22691,433322
11010,2.270663033605813,456013,22691,433322
11011,2.2704568159113614,456013,22691,433322
11012,2.270250635670178,456013,22691,433322
11013,2.2700444928720604,456013,22691,433322
11014,2.2698383875068093,456013,22691,433322
11015,2.2696323195642307,456013,22691,433322
11016,2.2694262890341323,456013,22691,433322
11017,2.269220295906327,456013,22691,433322
11018,2.2690143401706298,456013,22691,433322
11019,2.268808421816862,456013,22691,433322
11020,2.268602540834846,456013,22691,433322
11021,2.268396697214409,456013,22691,433322
11022,2.268190890945382,456013,22691,433322
11023,2.2679851220175995,456013,22691,433322
11024,2.2677793904209,456013,22691,433322
11025,2.2675736961451247,456013,22691,433322
11026,2.26736803918012,456013,22691,433322
11027,2.267162419515734,456013,22691,433322
11028,2.2669568371418207,456013,22691,433322
11029,2.2667512920482364,456013,22691,433322
11030,2.2665457842248413,456013,22691,433322
11031,2.2663403136614995,456013,22691,433322
11032,2.2661348803480785,456013,22691,433322
11033,2.2659294842744493,456013,22691,433322
11034,2.2657241254304874,456013,22691,433322
11035,2.2655188038060716,456013,22691,433322
11036,2.265313519391084,456013,22691,433322
11037,2.26510827217541,456013,22691,433322
11038,2.26490306214894,455908,22691,433217
11039,2.264697889301567,455908,22691,433217
11040,2.2644927536231885,455908,22691,433217
11041,2.2642876551037046,455908,22691,433217
11042,2.2640825937330193,455908,22691,433217
11043,2.2638775695010414,455908,22691,433217
11044,2.263672582397682,455908,22691,433217
11045,2.2634676324128566,455908,22691,433217
11046,2.263262719536484,455908,22691,433217
11047,2.2630578437584865,455908,22691,433217
11048,2.262853005068791,455908,22691,433217
11049,2.2626482034573265,455908,22691,433217
11050,2.262443438914027,455908,22691,433217
11051,2.26223871142883,455908,22691,433217
11052,2.262034020991676,455908,22691,433217
11053,2.261829367592509,455908,22691,433217
11054,2.2616247512212775,455908,22691,433217
11055,2.261420171867933,455908,22691,433217
11056,2.261215629522431,455908,22691,433217
11057,2.261011124174731,455908,22691,433217
11058,2.2608066558147946,455908,22691,433217
11059,2.260602224432589,455908,22691,433217
11060,2.2603978300180834,455908,22691,433217
11061,2.260193472561251,455908,22691,433217
11062,2.25998915205207,455908,22691,433217
11063,2.2597848684805206,455908,22691,433217
11064,2.2595806218365873,455908,22691,433217
11065,2.2593764121102575,455908,22691,433217
11066,2.2591722392915234,455908,22691,433217
11067,2.2589681033703806,455908,22691,433217
11068,2.2587640043368267,455908,22691,433217
11069,2.2585599421808653,455908,22691,433217
11070,2.2583559168925023,455908,22691,433217
11071,2.258151928461747,455908,22691,433217
11072,2.257947976878613,455908,22691,433217
11073,2.2577440621331166,455908,22691,433217
11074,2.257540184215279,455908,22691,433217
11075,2.2573363431151243,455908,22691,433217
11076,2.2571325388226797,455908,22691,433217
11077,2.256928771327977,455908,22691,433217
11078,2.256725040621051,455908,22691,433217
11079,2.25652134669194,455908,22691,433217
11080,2.256317689530686,455908,22691,433217
11081,2.256114069127335,455908,22691,433217
11082,2.2559104854719365,455908,22691,433217
11083,2.255706938554543,455908,22691,433217
11084,2.255503428365211,455908,22691,433217
11085,2.2552999548940007,455908,22691,433217
11086,2.255096518130976,455908,22691,433217
11087,2.2548931180662035,455908,22691,433217
11088,2.2546897546897546,455908,22691,433217
11089,2.2544864279917034,455908,22691,433217
11090,2.254283137962128,455908,22691,433217
11091,2.25407988459111,455908,22691,433217
11092,2.253876667868734,455908,22691,433217
11093,2.2536734877850897,455908,22691,433217
11094,2.253470344330269,455908,22691,433217
11095,2.253267237494367,455908,22691,433217
11096,2.2530641672674836,455908,22691,433217
11097,2.2528611336397226,455908,22691,433217
11098,2.2526581366011893,455908,22691,433217
11099,2.2524551761419946,455908,22691,433217
11100,2.2522522522522523,455908,22691,433217
11101,2.252049364922079,455908,22691,433217
11102,2.251846514141596,455908,22691,433217
11103,2.2516436999009275,455908,22691,433217
11104,2.2514409221902016,455908,22691,433217
11105,2.25123818099955,455908,22691,433217
11106,2.2510354763191067,455908,22691,433217
11107,2.2508328081390117,455908,22691,433217
11108,2.250630176449406,455908,22691,433217
11109,2.2504275812404355,455908,22691,433217
11110,2.25022502250225,455908,22691,433217
11111,2.2500225002250023,455908,22691,433217
11112,2.249820014398848,455908,22691,433217
11113,2.249617565013948,455908,22691,433217
11114,2.249415152060464,455908,22691,433217
11115,2.249212775528565,455908,22691,433217
11116,2.24901043540842,455908,22691,433217
11117,2.248808131690204,455908,22691,433217
11118,2.248605864364094,455908,22691,433217
11119,2.2484036334202715,455908,22691,433217
11120,2.2482014388489207,455908,22691,433217
11121,2.2479992806402302,455908,22691,433217
11122,2.2477971587843912,455908,22691,433217
11123,2.2475950732715995,455908,22691,433217
11124,2.2473930240920534,455908,22691,433217
11125,2.247191011235955,455908,22691,433217
11126,2.246989034693511,455908,22691,433217
11127,2.2467870944549295,455908,22691,433217
11128,2.246585190510424,455908,22691,433217
11129,2.2463833228502113,455908,22691,433217
11130,2.2461814914645104,455908,22691,433217
11131,2.245979696343545,455908,22691,433217
11132,2.245777937477542,455908,22691,433217
11133,2.245576214856732,455908,22691,433217
11134,2.245374528471349,455908,22691,433217
11135,2.24517287831163,455908,22691,433217
11136,2.244971264367816,455908,22691,433217
11137,2.2447696866301516,455908,22691,433217
11138,2.244568145088885,455810,22266,433544
11139,2.244366639734267,455810,22266,433544
11140,2.244165170556553,455810,22266,433544
11141,2.243963737546001,455810,22266,433544
11142,2.2437623406928737,455810,22266,433544
11143,2.243560979987436,455810,22266,433544
11144,2.243359655419957,455810,22266,433544
11145,2.2431583669807087,455810,22266,433544
11146,2.242957114659968,455810,22266,433544
11147,2.2427558984480127,455810,22266,433544
11148,2.2425547183351275,455810,22266,433544
11149,2.2423535743115974,455810,22266,433544
11150,2.242152466367713,455810,22266,433544
11151,2.2419513944937672,455810,22266,433544
11152,2.2417503586800573,455810,22266,433544
11153,2.2415493589168833,455810,22266,433544
11154,2.241348395194549,455810,22266,433544
11155,2.2411474675033616,455810,22266,433544
11156,2.240946575833632,455810,22266,433544
11157,2.2407457201756746,455810,22266,433544
11158,2.2405449005198066,455810,22266,433544
11159,2.240344116856349,455810,22266,433544
11160,2.240143369175627,455810,22266,433544
11161,2.2399426574679686,455810,22266,433544
11162,2.2397419817237054,455810,22266,433544
11163,2.239541341933172,455810,22266,433544
11164,2.239340738086707,455810,22266,433544
11165,2.239140170174653,455810,22266,433544
11166,2.2389396381873543,455810,22266,433544
11167,2.238739142115161,455810,22266,433544
11168,2.238538681948424,455810,22266,433544
11169,2.2383382576775004,455810,22266,433544
11170,2.2381378692927485,455810,22266,433544
11171,2.2379375167845312,455810,22266,433544
11172,2.237737200143215,455810,22266,433544
11173,2.237536919359169,455810,22266,433544
11174,2.237336674422767,455810,22266,433544
11175,2.237136465324385,455810,22266,433544
11176,2.2369362920544025,455810,22266,433544
11177,2.236736154603203,455810,22266,433544
11178,2.2365360529611737,455810,22266,433544
11179,2.2363359871187045,455810,22266,433544
11180,2.23613595706619,455810,22266,433544
11181,2.2359359627940254,455810,22266,433544
11182,2.235736004292613,455810,22266,433544
11183,2.235536081552356,455810,22266,433544
11184,2.2353361945636623,455810,22266,433544
11185,2.235136343316942,455810,22266,433544
11186,2.2349365278026103,455810,22266,433544
11187,2.2347367480110845,455810,22266,433544
11188,2.234537003932785,455810,22266,433544
11189,2.2343372955581375,455810,22266,433544
11190,2.234137622877569,455810,22266,433544
11191,2.233937985881512,455810,22266,433544
11192,2.2337383845604,455810,22266,433544
11193,2.2335388189046728,455810,22266,433544
11194,2.2333392889047703,455810,22266,433544
11195,2.233139794551139,455810,22266,433544
11196,2.2329403358342264,455784,22418,433366
11197,2.232740912744485,455784,22418,433366
11198,2.23254152527237,455784,22418,433366
11199,2.23234217340834,455784,22418,433366
11200,2.232142857142857,455784,22418,433366
11201,2.231943576466387,455784,22418,433366
11202,2.2317443313693985,455784,22418,433366
11203,2.231545121842364,455784,22418,433366
11204,2.2313459478757585,455784,22418,433366
11205,2.2311468094600624,455784,22418,433366
11206,2.2309477065857575,455784,22418,433366
11207,2.23074863924333,455784,22418,433366
11208,2.230549607423269,455784,22418,433366
11209,2.2303506111160676,455784,22418,433366
11210,2.230151650312221,455784,22418,433366
11211,2.2299527250022297,455784,22418,433366
11212,2.2297538351765964,455784,22418,433366
11213,2.229554980825827,455784,22418,433366
11214,2.2293561619404314,455784,22418,433366
11215,2.229157378510923,455784,22418,433366
11216,2.2289586305278175,455784,22418,433366
11217,2.228759917981635,455784,22418,433366
11218,2.228561240862899,455784,22418,433366
11219,2.2283625991621356,455784,22418,433366
11220,2.228163992869875,455784,22418,433366
11221,2.2279654219766507,455784,22418,433366
11222,2.2277668864729994,455784,22418,433366
11223,2.227568386349461,455784,22418,433366
11224,2.2273699215965785,455784,22418,433366
11225,2.2271714922048997,455784,22418,433366
11226,2.226973098164974,455784,22418,433366
11227,2.2267747394673556,455784,22418,433366
11228,2.2265764161026005,455784,22418,433366
11229,2.22637812806127,455784,22418,433366
11230,2.226179875333927,455784,22418,433366
11231,2.225981657911139,455784,22418,433366
11232,2.2257834757834756,455784,22418,433366
11233,2.2255853289415115,455784,22418,433366
11234,2.2253872173758236,455784,22418,433366
11235,2.2251891410769917,455784,22418,433366
11236,2.2249911000356,455784,22418,433366
11237,2.2247930942422354,455784,22418,433366
11238,2.224595123687489,455784,22418,433366
11239,2.2243971883619538,455784,22418,433366
11240,2.224199288256228,455784,22418,433366
11241,2.224001423360911,455784,22418,433366
11242,2.223803593666607,455784,22418,433366
11243,2.2236057991639244,455784,22418,433366
11244,2.223408039843472,455784,22418,433366
11245,2.223210315695865,455784,22418,433366
11246,2.2230126267117196,455784,22418,433366
11247,2.2228149728816575,455784,22418,433366
11248,2.2226173541963017,455784,22418,433366
11249,2.2224197706462796,455784,22418,433366
11250,2.2222222222222223,455784,22418,433366
11251,2.222024708914763,455784,22418,433366
11252,2.2218272307145397,455784,22418,433366
11253,2.2216297876121924,455784,22418,433366
11254,2.221432379598365,455784,22418,433366
11255,2.221235006663705,455784,22418,433366
11256,2.221037668798863,455784,22418,433366
11257,2.2208403659944924,455784,22418,433366
11258,2.2206430982412506,455784,22418,433366
11259,2.2204458655297983,455784,22418,433366
11260,2.2202486678507993,455784,22418,433366
11261,2.2200515051949203,455784,22418,433366
11262,2.2198543775528323,455784,22418,433366
11263,2.219657284915209,455784,22418,433366
11264,2.219460227272727,455784,22418,433366
11265,2.2192632046160674,455784,22418,433366
11266,2.2190662169359134,455784,22418,433366
11267,2.218869264222952,455784,22418,433366
11268,2.2186723464678737,455784,22418,433366
11269,2.2184754636613717,455784,22418,433366
11270,2.218278615794144,455784,22418,433366
11271,2.218081802856889,455784,22418,433366
11272,2.2178850248403124,455784,22418,433366
11273,2.217688281735119,455784,22418,433366
11274,2.2174915735320204,455784,22418,433366
11275,2.2172949002217295,455784,22418,433366
11276,2.2170982617949626,455784,22418,433366
11277,2.2169016582424406,455784,22418,433366
11278,2.2167050895548854,455784,22418,433366
11279,2.216508555723025,455784,22418,433366
11280,2.2163120567375887,455784,22418,433366
11281,2.2161155925893095,455784,22418,433366
11282,2.215919163268924,455784,22418,433366
11283,2.2157227687671717,455784,22418,433366
11284,2.2155264090747964,455784,22418,433366
11285,2.2153300841825434,455784,22418,433366
11286,2.2151337940811624,455784,22418,433366
11287,2.214937538761407,455784,22418,433366
11288,2.2147413182140325,455784,22418,433366
11289,2.214545132429799,455784,22418,433366
11290,2.2143489813994686,455784,22418,433366
11291,2.2141528651138076,455784,22418,433366
11292,2.2139567835635847,455784,22418,433366
11293,2.213760736739573,455784,22418,433366
11294,2.213564724632548,455784,22418,433366
11295,2.213368747233289,455784,22418,433366
11296,2.213172804532578,455784,22418,433366
11297,2.2129768965212,455784,22418,433366
11298,2.212781023189945,455784,22418,433366
11299,2.2125851845296043,455784,22418,433366
11300,2.2123893805309733,455784,22418,433366
11301,2.212193611184851,455784,22418,433366
11302,2.2119978764820387,455784,22418,433366
11303,2.2118021764133418,455784,22418,433366
11304,2.211606510969568,455784,22418,433366
11305,2.21141088014153,455784,22418,433366
11306,2.2112152839200423,455784,22418,433366
11307,2.211019722295923,455784,22418,433366
11308,2.2108241952599927,455784,22418,433366
11309,2.2106287028030773,455784,22418,433366
11310,2.2104332449160036,455784,22418,433366
11311,2.2102378215896032,455784,22418,433366
11312,2.21004243281471,455784,22418,433366
11313,2.209847078582162,455638,22265,433373
11314,2.2096517588828,455638,22265,433373
11315,2.209456473707468,455638,22265,433373
11316,2.209261223047013,455638,22265,433373
11317,2.209066006892286,455638,22265,433373
11318,2.2088708252341402,455638,22265,433373
11319,2.2086756780634333,455638,22265,433373
11320,2.208480565371025,455638,22265,433373
11321,2.2082854871477786,455638,22265,433373
11322,2.208090443384561,455638,22265,433373
11323,2.2078954340722423,455638,22265,433373
11324,2.2077004592016953,455638,22265,433373
11325,2.207505518763797,455638,22265,433373
11326,2.207310612749426,455638,22265,433373
11327,2.2071157411494657,455638,22265,433373
11328,2.2069209039548023,455638,22265,433373
11329,2.2067261011563244,455638,22265,433373
11330,2.206531332744925,455638,22265,433373
11331,2.2063365987114993,455638,22265,433373
11332,2.206141899046947,455638,22265,433373
11333,2.205947233742169,455638,22265,433373
11334,2.2057526027880714,455638,22265,433373
11335,2.2055580061755626,455638,22265,433373
11336,2.205363443895554,455638,22265,433373
11337,2.205168915938961,455638,22265,433373
11338,2.204974422296701,455638,22265,433373
11339,2.2047799629596967,455638,22265,433373
11340,2.2045855379188715,455638,22265,433373
11341,2.204391147165153,455638,22265,433373
11342,2.2041967906894726,455638,22265,433373
11343,2.2040024684827646,455638,22265,433373
11344,2.203808180535966,455638,22265,433373
11345,2.2036139268400174,455638,22265,433373
11346,2.203419707385863,455638,22265,433373
11347,2.203225522164449,455638,22265,433373
11348,2.2030313711667255,455638,22265,433373
11349,2.2028372543836463,455638,22265,433373
11350,2.202643171806167,455638,22265,433373
11351,2.202449123425249,455638,22265,433373
11352,2.2022551092318534,455638,22265,433373
11353,2.202061129216947,455638,22265,433373
11354,2.201867183371499,455638,22265,433373
11355,2.2016732716864817,455638,22265,433373
11356,2.2014793941528707,455638,22265,433373
11357,2.2012855507616447,455638,22265,433373
11358,2.201091741503786,455638,22265,433373
11359,2.2008979663702792,455638,22265,433373
11360,2.2007042253521125,455638,22265,433373
11361,2.2005105184402782,455638,22265,433373
11362,2.2003168456257702,455638,22265,433373
11363,2.2001232068995864,455638,22265,433373
11364,2.1999296022527277,455638,22265,433373
11365,2.1997360316761987,455638,22265,433373
11366,2.1995424951610065,455638,22265,433373
11367,2.1993489926981615,455638,22265,433373
11368,2.199155524278677,455638,22265,433373
11369,2.1989620898935702,455638,22265,433373
11370,2.198768689533861,455638,22265,433373
11371,2.1985753231905725,455638,22265,433373
11372,2.198381990854731,455638,22265,433373
11373,2.1981886925173657,455638,22265,433373
11374,2.1979954281695093,455638,22265,433373
11375,2.197802197802198,455638,22265,433373
11376,2.19760900140647,455638,22265,433373
11377,2.197415838973367,455638,22265,433373
11378,2.1972227104939357,455638,22265,433373
11379,2.1970296159592233,455638,22265,433373
11380,2.196836555360281,455638,22265,433373
11381,2.1966435286881647,455638,22265,433373
11382,2.1964505359339306,455638,22265,433373
11383,2.196257577088641,455638,22265,433373
11384,2.196064652143359,455638,22265,433373
11385,2.1958717610891525,455638,22265,433373
11386,2.195678903917091,455638,22265,433373
11387,2.195486080618249,455638,22265,433373
11388,2.195293291183702,455638,22265,433373
11389,2.1951005356045306,455638,22265,433373
11390,2.194907813871817,455638,22265,433373
11391,2.194715125976648,455638,22265,433373
11392,2.1945224719101124,455638,22265,433373
11393,2.194329851663302,455638,22265,433373
11394,2.1941372652273126,455638,22265,433373
11395,2.1939447125932428,455638,22265,433373
11396,2.1937521937521938,455638,22265,433373
11397,2.1935597086952705,455638,22265,433373
11398,2.1933672574135814,455638,22265,433373
11399,2.1931748398982367,455638,22265,433373
11400,2.192982456140351,455638,22265,433373
11401,2.1927901061310413,455638,22265,433373
11402,2.192597789861428,455638,22265,433373
11403,2.1924055073226345,455638,22265,433373
11404,2.1922132585057876,455638,22265,433373
11405,2.1920210434020166,455638,22265,433373
11406,2.191828862002455,455638,22265,433373
11407,2.191636714298238,455638,22265,433373
11408,2.191444600280505,455638,22265,433373
11409,2.191252519940398,455638,22265,433373
11410,2.1910604732690624,455638,22265,433373
11411,2.1908684602576463,455638,22265,433373
11412,2.190676480897301,455638,22265,433373
11413,2.1904845351791815,455638,22265,433373
11414,2.1902926230944453,455638,22265,433373
11415,2.190100744634253,455638,22265,433373
11416,2.189908899789769,455638,22265,433373
11417,2.189717088552159,455638,22265,433373
11418,2.189525310912594,455638,22265,433373
11419,2.1893335668622473,455638,22265,433373
11420,2.189141856392294,455638,22265,433373
11421,2.1889501794939146,455638,22265,433373
11422,2.188758536158291,455638,22265,433373
11423,2.1885669263766085,455596,22265,433331
11424,2.1883753501400562,455596,22265,433331
11425,2.1881838074398248,455596,22265,433331
11426,2.18799229826711,455521,22265,433256
11427,2.1878008226131094,455521,22265,433256
11428,2.1876093804690235,455521,22265,433256
11429,2.1874179718260565,455521,22265,433256
11430,2.1872265966754156,455521,22265,433256
11431,2.1870352550083108,455521,22265,433256
11432,2.186843946815955,455521,22265,433256
11433,2.1866526720895654,455521,22265,433256
11434,2.1864614308203603,455521,22265,433256
11435,2.1862702229995628,455521,22265,433256
11436,2.186079048618398,455521,22265,433256
11437,2.1858879076680946,455521,22265,433256
11438,2.1856968001398847,455521,22265,433256
11439,2.1855057260250024,455521,22265,433256
11440,2.1853146853146854,455521,22265,433256
11441,2.1851236780001746,455521,22265,433256
11442,2.1849327040727147,455521,22265,433256
11443,2.1847417635235513,455521,22265,433256
11444,2.1845508563439355,455521,22265,433256
11445,2.18435998252512,455521,22265,433256
11446,2.184169142058361,455521,22265,433256
11447,2.1839783349349173,455521,22265,433256
11448,2.1837875611460515,455521,22265,433256
11449,2.183596820683029,455521,22265,433256
11450,2.183406113537118,455521,22265,433256
11451,2.1832154396995898,455521,22265,433256
11452,2.1830247991617187,455521,22265,433256
11453,2.182834191914782,455521,22265,433256
11454,2.182643617950061,455521,22265,433256
11455,2.182453077258839,455521,22265,433256
11456,2.1822625698324023,455521,22265,433256
11457,2.1820720956620407,455521,22265,433256
11458,2.181881654739047,455521,22265,433256
11459,2.181691247054717,455521,22265,433256
11460,2.181500872600349,455521,22265,433256
11461,2.1813105313672456,455521,22265,433256
11462,2.181120223346711,455521,22265,433256
11463,2.180929948530053,455521,22265,433256
11464,2.180739706908583,455521,22265,433256
11465,2.1805494984736153,455521,22265,433256
11466,2.180359323216466,455521,22265,433256
11467,2.1801691811284556,455521,22265,433256
11468,2.179979072200907,455521,22265,433256
11469,2.1797889964251462,455521,22265,433256
11470,2.1795989537925022,455521,22265,433256
11471,2.179408944294307,455521,22265,433256
11472,2.179218967921897,455521,22265,433256
11473,2.1790290246666086,455521,22265,433256
11474,2.178839114519784,455521,22265,433256
11475,2.178649237472767,455521,22265,433256
11476,2.178459393516905,455521,22265,433256
11477,2.178269582643548,455521,22265,433256
11478,2.1780798048440495,455521,22265,433256
11479,2.1778900601097657,455521,22265,433256
11480,2.177700348432056,455521,22265,433256
11481,2.177510669802282,455521,22265,433256
11482,2.17732102421181,455521,22265,433256
11483,2.1771314116520073,455521,22265,433256
11484,2.1769418321142457,455521,22265,433256
11485,2.1767522855898997,455521,22265,433256
11486,2.1765627720703464,455521,22265,433256
11487,2.176373291546966,455521,22265,433256
11488,2.176183844011142,455521,22265,433256
11489,2.175994429454261,455521,22265,433256
11490,2.175805047867711,455521,22265,433256
11491,2.175615699242886,455521,22265,433256
11492,2.17542638357118,455521,22265,433256
11493,2.175237100843992,455521,22265,433256
11494,2.175047851052723,455521,22265,433256
11495,2.174858634188778,455521,22265,433256
11496,2.174669450243563,455521,22265,433256
11497,2.174480299208489,455521,22265,433256
11498,2.1742911810749694,455521,22265,433256
11499,2.1741020958344204,455521,22265,433256
11500,2.1739130434782608,455521,22265,433256
11501,2.1737240239979134,455521,22265,433256
11502,2.1735350373848026,455521,22265,433256
11503,2.1733460836303573,455521,22265,433256
11504,2.1731571627260085,455521,22265,433256
11505,2.17296827466319,455521,22265,433256
11506,2.172779419433339,455521,22265,433256
11507,2.172590597027896,455521,22265,433256
11508,2.1724018074383036,455521,22265,433256
11509,2.1722130506560084,455521,22265,433256
11510,2.172024326672459,455521,22265,433256
11511,2.171835635479107,455521,22265,433256
11512,2.171646977067408,455521,22265,433256
11513,2.1714583514288197,455521,22265,433256
11514,2.1712697585548026,455521,22265,433256
11515,2.1710811984368217,455521,22265,433256
11516,2.1708926710663423,455521,22265,433256
11517,2.1707041764348354,455521,22265,433256
11518,2.170515714533773,455521,22265,433256
11519,2.1703272853546314,455521,22265,433256
11520,2.170138888888889,455521,22265,433256
11521,2.169950525128027,455521,22265,433256
11522,2.1697621940635305,455521,22265,433256
11523,2.169573895686887,455521,22265,433256
11524,2.169385629989587,455521,22265,433256
11525,2.1691973969631237,455521,22265,433256
11526,2.1690091965989935,455521,22265,433256
11527,2.168821028888696,455521,22265,433256
11528,2.1686328938237334,455521,22265,433256
11529,2.168444791395611,455521,22265,433256
11530,2.168256721595837,455521,22265,433256
11531,2.1680686844159225,455521,22265,433256
11532,2.1678806798473813,455521,22265,433256
11533,2.1676927078817307,455521,22265,433256
11534,2.167504768510491,455521,22265,433256
11535,2.167316861725184,455521,22265,433256
11536,2.167128987517337,455521,22265,433256
11537,2.1669411458784777,455521,22265,433256
11538,2.166753336800139,455521,22265,433256
11539,2.166565560273854,455521,22265,433256
11540,2.166377816291161,455521,22265,433256
11541,2.166190104843601,455521,22265,433256
11542,2.166002425922717,455521,22265,433256
11543,2.1658147795200553,455521,22265,433256
11544,2.1656271656271655,455521,22265,433256
11545,2.1654395842356,455521,22265,433256
11546,2.165252035336913,455521,22265,433256
11547,2.165064518922664,455521,22265,433256
11548,2.164877034984413,455521,22265,433256
11549,2.164689583513724,455521,22265,433256
11550,2.1645021645021645,455521,22265,433256
11551,2.164314777941304,455521,22265,433256
11552,2.164127423822715,455521,22265,433256
11553,2.163940102137973,455521,22265,433256
11554,2.163752812878657,455521,22265,433256
11555,2.163565556036348,455521,22265,433256
11556,2.1633783316026305,455521,22265,433256
11557,2.163191139569092,455521,22265,433256
11558,2.163003979927323,455521,22265,433256
11559,2.162816852668916,455521,22265,433256
11560,2.162629757785467,455521,22265,433256
11561,2.1624426952685756,455521,22265,433256
11562,2.162255665109843,455521,22265,433256
11563,2.1620686673008733,455521,22265,433256
11564,2.1618817018332757,455521,22265,433256
11565,2.1616947686986596,455521,22265,433256
11566,2.161507867888639,455521,22265,433256
11567,2.16132099939483,455521,22265,433256
11568,2.161134163208852,455521,22265,433256
11569,2.1609473593223267,455521,22265,433256
11570,2.16076058772688,455521,22265,433256
11571,2.160573848414139,455521,22265,433256
11572,2.1603871413757347,455521,22265,433256
11573,2.160200466603301,455521,22265,433256
11574,2.160013824088474,455521,22265,433256
11575,2.159827213822894,455521,22265,433256
11576,2.159640635798203,455521,22265,433256
11577,2.1594540900060464,455521,22265,433256
11578,2.159267576438072,455521,22265,433256
11579,2.1590810950859316,455521,22265,433256
11580,2.158894645941278,455521,22265,433256
11581,2.158708228995769,455521,22265,433256
11582,2.1585218442410636,455521,22265,433256
11583,2.158335491668825,455521,22265,433256
11584,2.1581491712707184,455521,22265,433256
11585,2.1579628830384117,455521,22265,433256
11586,2.1577766269635767,455521,22265,433256
11587,2.1575904030378874,455521,22265,433256
11588,2.1574042112530205,455521,22265,433256
11589,2.1572180516006556,455521,22265,433256
11590,2.1570319240724762,455521,22265,433256
11591,2.1568458286601673,455521,22265,433256
11592,2.1566597653554176,455521,22265,433256
11593,2.1564737341499183,455521,22265,433256
11594,2.156287735035363,455521,22265,433256
11595,2.1561017680034498,455521,22265,433256
11596,2.155915833045878,455521,22265,433256
11597,2.1557299301543504,455521,22265,433256
11598,2.1555440593205724,455521,22265,433256
11599,2.155358220536253,455521,22265,433256
11600,2.1551724137931036,455521,22265,433256
11601,2.154986639082838,455521,22265,433256
11602,2.1548008963971728,455521,22265,433256
11603,2.154615185727829,455521,22265,433256
11604,2.1544295070665287,455521,22265,433256
11605,2.154243860404998,455521,22265,433256
11606,2.154058245734965,455521,22265,433256
11607,2.1538726630481606,455521,22265,433256
11608,2.15368711233632,455521,22265,433256
11609,2.153501593591179,455521,22265,433256
11610,2.153316106804479,455521,22265,433256
11611,2.1531306519679614,455521,22265,433256
11612,2.152945229073372,455521,22265,433256
11613,2.15275983811246,455521,22265,433256
11614,2.152574479076976,455521,22265,433256
11615,2.152389151958674,455521,22265,433256
11616,2.152203856749311,455521,22265,433256
11617,2.1520185934406473,455521,22265,433256
11618,2.151833362024445,455521,22265,433256
11619,2.151648162492469,455521,22265,433256
11620,2.1514629948364887,455521,22265,433256
11621,2.1512778590482746,455521,22265,433256
11622,2.151092755119601,455521,22265,433256
11623,2.150907683042244,455521,22265,433256
11624,2.1507226428079833,455521,22265,433256
11625,2.150537634408602,455521,22265,433256
11626,2.150352657835885,455521,22265,433256
11627,2.1501677130816206,455521,22265,433256
11628,2.149982800137599,455521,22265,433256
11629,2.1497979189956142,455521,22265,433256
11630,2.1496130696474633,455521,22265,433256
11631,2.1494282520849453,455521,22265,433256
11632,2.1492434662998625,455521,22265,433256
11633,2.1490587122840195,455521,22265,433256
11634,2.148873990029225,455521,22265,433256
11635,2.1486892995272884,455521,22265,433256
11636,2.148504640770024,455521,22265,433256
11637,2.148320013749248,455521,22265,433256
11638,2.1481354184567794,455521,22265,433256
11639,2.1479508548844404,455521,22265,433256
11640,2.147766323024055,455521,22265,433256
11641,2.1475818228674513,455521,22265,433256
11642,2.1473973544064595,455521,22265,433256
11643,2.1472129176329124,455521,22265,433256
11644,2.1470285125386463,455521,22265,433256
11645,2.1468441391155,455521,22265,433256
11646,2.146659797355315,455521,22265,433256
11647,2.1464754872499356,455521,22265,433256
11648,2.146291208791209,455521,22265,433256
11649,2.1461069619709847,455512,22265,433247
11650,2.1459227467811157,455512,22265,433247
11651,2.1457385632134582,455512,22265,433247
11652,2.1455544112598695,455512,22265,433247
11653,2.1453702909122114,455512,22265,433247
11654,2.1451862021623476,455512,22265,433247
11655,2.145002145002145,455512,22265,433247
11656,2.144818119423473,455512,22265,433247
11657,2.1446341254182038,455512,22265,433247
11658,2.1444501629782122,455512,22265,433247
11659,2.144266232095377,455512,22265,433247
11660,2.144082332761578,455512,22265,433247
11661,2.143898464968699,455512,22265,433247
11662,2.143714628708626,455512,22265,433247
11663,2.143530823973249,455512,22265,433247
11664,2.1433470507544583,455512,22265,433247
11665,2.1431633090441493,455512,22265,433247
11666,2.142979598834219,455512,22265,433247
11667,2.1427959201165683,455512,22265,433247
11668,2.142612272883099,455512,22265,433247
11669,2.1424286571257176,455512,22265,433247
11670,2.1422450728363325,455512,22265,433247
11671,2.1420615200068545,455512,22265,433247
11672,2.141877998629198,455512,22265,433247
11673,2.14169450869528,455512,22265,433247
11674,2.141511050197019,455512,22265,433247
11675,2.1413276231263385,455512,22265,433247
11676,2.141144227475163,455512,22265,433247
11677,2.1409608632354202,455512,22265,433247
11678,2.140777530399041,455512,22265,433247
11679,2.140594228957959,455512,22265,433247
11680,2.1404109589041096,455512,22265,433247
11681,2.1402277202294324,455512,22265,433247
11682,2.140044512925869,455512,22265,433247
11683,2.1398613369853634,455512,22265,433247
11684,2.139678192399863,455512,22265,433247
11685,2.139495079161318,455512,22265,433247
11686,2.1393119972616805,455512,22265,433247
11687,2.1391289466929067,455512,22265,433247
11688,2.138945927446954,455512,22265,433247
11689,2.138762939515784,455512,22265,433247
11690,2.1385799828913603,455512,22265,433247
11691,2.1383970575656486,455512,22265,433247
11692,2.1382141635306193,455512,22265,433247
11693,2.1380313007782434,455512,22265,433247
11694,2.1378484693004958,455512,22265,433247
11695,2.1376656690893543,455512,22265,433247
11696,2.1374829001367988,455512,22265,433247
11697,2.1373001624348125,455512,22265,433247
11698,2.1371174559753805,455512,22265,433247
11699,2.1369347807504915,455512,22265,433247
11700,2.1367521367521367,455512,22265,433247
11701,2.13656952397231,455512,22265,433247
11702,2.136386942403008,455512,22265,433247
11703,2.13620439203623,455512,22265,433247
11704,2.136021872863978,455512,22265,433247
11705,2.135839384878257,455512,22265,433247
11706,2.1356569280710747,455512,22265,433247
11707,2.135474502434441,455512,22265,433247
11708,2.135292107960369,455512,22265,433247
11709,2.1351097446408747,455512,22265,433247
11710,2.134927412467976,455512,22265,433247
11711,2.134745111433695,455512,22265,433247
11712,2.134562841530055,455512,22265,433247
11713,2.1343806027490824,455512,22265,433247
11714,2.134198395082807,455512,22265,433247
11715,2.1340162185232607,455512,22265,433247
11716,2.1338340730624785,455512,22265,433247
11717,2.1336519586924982,455512,22265,433247
11718,2.133469875405359,455512,22265,433247
11719,2.1332878231931054,455512,22265,433247
11720,2.1331058020477816,455512,22265,433247
11721,2.1329238119614367,455512,22265,433247
11722,2.132741852926122,455512,22265,433247
11723,2.1325599249338905,455512,22265,433247
11724,2.1323780279767997,455512,22265,433247
11725,2.1321961620469083,455512,22265,433247
11726,2.1320143271362784,455512,22265,433247
11727,2.1318325232369744,455512,22265,433247
11728,2.131650750341064,455512,22265,433247
11729,2.131469008440617,455512,22265,433247
11730,2.131287297527707,455512,22265,433247
11731,2.131105617594408,455512,22265,433247
11732,2.130923968632799,455512,22265,433247
11733,2.130742350634961,455512,22265,433247
11734,2.1305607635929777,455512,22265,433247
11735,2.130379207498935,455512,22265,433247
11736,2.130197682344922,455512,22265,433247
11737,2.13001618812303,455512,22265,433247
11738,2.1298347248253537,455512,22265,433247
11739,2.12965329244399,455512,22265,433247
11740,2.1294718909710393,455512,22265,433247
11741,2.129290520398603,455512,22265,433247
11742,2.129109180718787,455512,22265,433247
11743,2.128927871923699,455512,22265,433247
11744,2.1287465940054497,455512,22265,433247
11745,2.1285653469561514,455512,22265,433247
11746,2.128384130767921,455512,22265,433247
11747,2.1282029454328764,455512,22265,433247
11748,2.1280217909431394,455512,22265,433247
11749,2.127840667290833,455512,22265,433247
11750,2.127659574468085,455512,22265,433247
11751,2.127478512467024,455512,22265,433247
11752,2.1272974812797822,455512,22265,433247
11753,2.127116480898494,455512,22265,433247
11754,2.126935511315297,455512,22265,433247
11755,2.126754572522331,455512,22265,433247
11756,2.1265736645117386,455512,22265,433247
11757,2.1263927872756656,455512,22265,433247
11758,2.1262119408062596,455512,22265,433247
11759,2.1260311250956714,455512,22265,433247
11760,2.1258503401360542,455512,22265,433247
11761,2.1256695859195647,455512,22265,433247
11762,2.125488862438361,455512,22265,433247
11763,2.125308169684604,455512,22265,433247
11764,2.125127507650459,455508,22265,433243
11765,2.124946876328092,455508,22265,433243
11766,2.124766275709672,455508,22265,433243
11767,2.1245857057873714,455508,22265,433243
11768,2.124405166553365,455508,22265,433243
11769,2.12422465799983,455508,22265,433243
11770,2.1240441801189465,455508,22265,433243
11771,2.123863732902897,455508,22265,433243
11772,2.123683316343867,455508,22265,433243
11773,2.123502930434044,455508,22265,433243
11774,2.123322575165619,455508,22265,433243
11775,2.1231422505307855,455508,22265,433243
11776,2.1229619565217392,455508,22265,433243
11777,2.1227816931306784,455508,22265,433243
11778,2.122601460349805,455508,22265,433243
11779,2.1224212581713218,455508,22265,433243
11780,2.122241086587436,455508,22265,433243
11781,2.1220609455903574,455508,22265,433243
11782,2.1218808351722966,455508,22265,433243
11783,2.121700755325469,455508,22265,433243
11784,2.121520706042091,455508,22265,433243
11785,2.1213406873143827,455508,22265,433243
11786,2.1211606991345664,455508,22265,433243
11787,2.120980741494867,455508,22265,433243
11788,2.1208008143875126,455401,22265,433136
11789,2.1206209178047333,455401,22265,433136
11790,2.1204410517387617,455401,22265,433136
11791,2.1202612161818335,455401,22265,433136
11792,2.120081411126187,455401,22265,433136
11793,2.1199016365640633,455401,22265,433136
11794,2.1197218924877057,455401,22265,433136
11795,2.11954217888936,455401,22265,433136
11796,2.119362495761275,455401,22265,433136
11797,2.1191828430957025,455401,22265,433136
11798,2.119003220884896,455401,22265,433136
11799,2.118823629121112,455401,22265,433136
11800,2.1186440677966103,455401,22265,433136
11801,2.118464536903652,455401,22265,433136
11802,2.1182850364345027,455401,22265,433136
11803,2.1181055663814283,455401,22265,433136
11804,2.1179261267366996,455401,22265,433136
11805,2.117746717492588,455401,22265,433136
11806,2.117567338641369,455401,22265,433136
11807,2.11738799017532,455401,22265,433136
11808,2.1172086720867207,455401,22265,433136
11809,2.117029384367855,455401,22265,433136
11810,2.116850127011008,455401,22265,433136
11811,2.1166709000084665,455401,22265,433136
11812,2.116491703352523,455401,22265,433136
11813,2.116312537035469,455401,22265,433136
11814,2.116133401049602,455401,22265,433136
11815,2.1159542953872195,455401,22265,433136
11816,2.115775220040623,455401,22265,433136
11817,2.1155961750021155,455401,22265,433136
11818,2.115417160264004,455401,22265,433136
11819,2.115238175818597,455401,22265,433136
11820,2.1150592216582065,455401,22265,433136
11821,2.1148802977751457,455401,22265,433136
11822,2.1147014041617322,455401,22265,433136
11823,2.114522540810285,455401,22265,433136
11824,2.1143437077131257,455401,22265,433136
11825,2.1141649048625792,455401,22265,433136
11826,2.1139861322509725,455401,22265,433136
11827,2.113807389870635,455401,22265,433136
11828,2.113628677713899,455401,22265,433136
11829,2.1134499957731,455401,22265,433136
11830,2.113271344040575,455401,22265,433136
11831,2.1130927225086635,455401,22265,433136
11832,2.1129141311697093,455401,22265,433136
11833,2.112735570016057,455401,22265,433136
11834,2.112557039040054,455401,22265,433136
11835,2.1123785382340516,455401,22265,433136
11836,2.1122000675904022,455401,22265,433136
11837,2.1120216271014614,455401,22265,433136
11838,2.111843216759588,455401,22265,433136
11839,2.1116648365571415,455401,22265,433136
11840,2.1114864864864864,455401,22265,433136
11841,2.111308166539988,455401,22265,433136
11842,2.1111298767100153,455401,22265,433136
11843,2.1109516169889386,455401,22265,433136
11844,2.110773387369132,455401,22265,433136
11845,2.110595187842972,455401,22265,433136
11846,2.1104170184028366,455401,22265,433136
11847,2.1102388790411073,455401,22265,433136
11848,2.1100607697501688,455401,22265,433136
11849,2.109882690522407,455401,22265,433136
11850,2.109704641350211,455401,22265,433136
11851,2.1095266222259723,455401,22265,433136
11852,2.1093486331420856,455401,22265,433136
11853,2.1091706740909473,455401,22265,433136
11854,2.108992745064957,455401,22265,433136
11855,2.108814846056516,455401,22265,433136
11856,2.1086369770580298,455401,22265,433136
11857,2.1084591380619044,455401,22265,433136
11858,2.1082813290605498,455401,22265,433136
11859,2.108103550046378,455401,22265,433136
11860,2.1079258010118043,455401,22265,433136
11861,2.1077480819492456,455401,22265,433136
11862,2.1075703928511214,455401,22265,433136
11863,2.107392733709854,455401,22265,433136
11864,2.107215104517869,455401,22265,433136
11865,2.1070375052675936,455401,22265,433136
11866,2.106859935951458,455401,22265,433136
11867,2.106682396561894,455401,22265,433136
11868,2.106504887091338,455401,22265,433136
11869,2.106327407532227,455401,22265,433136
11870,2.1061499578770007,455401,22265,433136
11871,2.105972538118103,455401,22265,433136
11872,2.1057951482479784,455401,22265,433136
11873,2.1056177882590754,455401,22265,433136
11874,2.1054404581438435,455401,22265,433136
11875,2.1052631578947367,455401,22265,433136
11876,2.10508588750421,455401,22265,433136
11877,2.104908646964722,455401,22265,433136
11878,2.104731436268732,455401,22265,433136
11879,2.104554255408704,455401,22265,433136
11880,2.1043771043771042,455401,22265,433136
11881,2.1041999831664002,455401,22265,433136
11882,2.1040228917690627,455401,22265,433136
11883,2.1038458301775647,455401,22265,433136
11884,2.1036687983843825,455401,22265,433136
11885,2.103491796381994,455401,22265,433136
11886,2.1033148241628807,455401,22265,433136
11887,2.1031378817195256,455401,22265,433136
11888,2.1029609690444144,455401,22265,433136
11889,2.102784086130036,455401,22265,433136
11890,2.1026072329688814,455401,22265,433136
11891,2.1024304095534436,455401,22265,433136
11892,2.1022536158762195,455401,22265,433136
11893,2.1020768519297066,455401,22265,433136
11894,2.1019001177064065,455401,22265,433136
11895,2.101723413198823,455401,22265,433136
11896,2.101546738399462,455401,22265,433136
11897,2.101370093300832,455401,22265,433136
11898,2.1011934778954444,455401,22265,433136
11899,2.1010168921758132,455401,22265,433136
11900,2.100840336134454,455401,22265,433136
11901,2.1006638097638852,455401,22265,433136
11902,2.1004873130566293,455401,22265,433136
11903,2.100310846005209,455401,22265,433136
11904,2.1001344086021505,455401,22265,433136
11905,2.099958000839983,455401,22265,433136
11906,2.0997816227112382,455401,22265,433136
11907,2.099605274208449,455401,22265,433136
11908,2.099428955324152,455401,22265,433136
11909,2.099252666050886,455401,22265,433136
11910,2.0990764063811924,455401,22265,433136
11911,2.0989001763076147,455401,22265,433136
11912,2.0987239758226996,455401,22265,433136
11913,2.098547804918996,455401,22265,433136
11914,2.098371663589055,455401,22265,433136
11915,2.0981955518254303,455401,22265,433136
11916,2.098019469620678,455401,22265,433136
11917,2.0978434169673577,455401,22265,433136
11918,2.0976673938580297,455401,22265,433136
11919,2.097491400285259,455401,22265,433136
11920,2.097315436241611,455401,22265,433136
11921,2.0971395017196546,455401,22265,433136
11922,2.096963596711961,455401,22265,433136
11923,2.0967877212111046,455401,22265,433136
11924,2.096611875209661,455401,22265,433136
11925,2.0964360587002098,455401,22265,433136
11926,2.096260271675331,455401,22265,433136
11927,2.0960845141276097,455401,22265,433136
11928,2.0959087860496313,455401,22265,433136
11929,2.0957330874339846,455401,22265,433136
11930,2.095557418273261,455401,22265,433136
11931,2.0953817785600535,455401,22265,433136
11932,2.0952061682869596,455401,22265,433136
11933,2.0950305874465767,455401,22265,433136
11934,2.0948550360315066,455401,22265,433136
11935,2.0946795140343526,455401,22265,433136
11936,2.094504021447721,455401,22265,433136
11937,2.0943285582642206,455401,22265,433136
11938,2.0941531244764615,455401,22265,433136
11939,2.093977720077058,455401,22265,433136
11940,2.0938023450586263,455401,22265,433136
11941,2.0936269994137846,455401,22265,433136
11942,2.0934516831351533,455401,22265,433136
11943,2.0932763962153564,455401,22265,433136
11944,2.0931011386470195,455401,22265,433136
11945,2.092925910422771,455401,22265,433136
11946,2.092750711535242,455401,22265,433136
11947,2.0925755419770655,455401,22265,433136
11948,2.092400401740877,455401,22265,433136
11949,2.0922252908193153,455401,22265,433136
11950,2.092050209205021,455401,22265,433136
11951,2.091875156890637,455401,22265,433136
11952,2.0917001338688084,455401,22265,433136
11953,2.0915251401321844,455401,22265,433136
11954,2.0913501756734147,455401,22265,433136
11955,2.0911752404851525,455401,22265,433136
11956,2.0910003345600536,455401,22265,433136
11957,2.0908254578907752,455401,22265,433136
11958,2.0906506104699782,455401,22265,433136
11959,2.0904757922903254,455401,22265,433136
11960,2.0903010033444818,455401,22265,433136
11961,2.090126243625115,455401,22265,433136
11962,2.0899515131248956,455401,22265,433136
11963,2.089776811836496,455401,22265,433136
11964,2.089602139752591,455401,22265,433136
11965,2.089427496865859,455401,22265,433136
11966,2.089252883168979,455401,22265,433136
11967,2.0890782986546337,455401,22265,433136
11968,2.088903743315508,455401,22265,433136
11969,2.0887292171442895,455401,22265,433136
11970,2.0885547201336676,455401,22265,433136
11971,2.0883802522763344,455401,22265,433136
11972,2.088205813564985,455401,22265,433136
11973,2.088031403992316,455401,22265,433136
11974,2.0878570235510274,455401,22265,433136
11975,2.0876826722338206,455401,22265,433136
11976,2.0875083500334,455401,22265,433136
11977,2.087334056942473,455401,22265,433136
11978,2.0871597929537486,455401,22265,433136
11979,2.086985558059938,455401,22265,433136
11980,2.0868113522537564,455401,22265,433136
11981,2.0866371755279194,455401,22265,433136
11982,2.086463027875146,455401,22265,433136
11983,2.0862889092881582,455401,22265,433136
11984,2.0861148197596795,455401,22265,433136
11985,2.0859407592824364,455401,22265,433136
11986,2.0857667278491574,455401,22265,433136
11987,2.0855927254525737,455401,22265,433136
11988,2.0854187520854186,455401,22265,433136
11989,2.0852448077404286,455401,22265,433136
11990,2.085070892410342,455401,22265,433136
11991,2.0848970060878993,455401,22265,433136
11992,2.084723148765844,455401,22265,433136
11993,2.0845493204369214,455401,22265,433136
11994,2.08437552109388,455401,22265,433136
11995,2.084201750729471,455401,22265,433136
11996,2.0840280093364454,455401,22265,433136
11997,2.0838542969075604,455401,22265,433136
11998,2.0836806134355728,455401,22265,433136
11999,2.083506958913243,455401,22265,433136
12000,2.0833333333333335,455401,22265,433136
12001,2.0831597366886094,455401,22265,433136
12002,2.082986168971838,455401,22265,433136
12003,2.0828126301757894,455401,22265,433136
12004,2.0826391202932357,455401,22265,433136
12005,2.0824656393169514,455401,22265,433136
12006,2.0822921872397133,455401,22265,433136
12007,2.0821187640543015,455401,22265,433136
12008,2.0819453697534978,455401,22265,433136
12009,2.0817720043300856,455401,22265,433136
12010,2.0815986677768525,455401,22265,433136
12011,2.081425360086587,455383,22246,433137
12012,2.081252081252081,455383,22246,433137
12013,2.0810788312661286,455383,22246,433137
12014,2.080905610121525,455383,22246,433137
12015,2.0807324178110695,455383,22246,433137
12016,2.080559254327563,455383,22246,433137
12017,2.08038611966381,455383,22246,433137
12018,2.0802130138126143,455383,22246,433137
12019,2.080039936766786,455383,22246,433137
12020,2.0798668885191347,455383,22246,433137
12021,2.079693869062474,455383,22246,433137
12022,2.079520878389619,455383,22246,433137
12023,2.0793479164933877,455383,22246,433137
12024,2.0791749833666002,455383,22246,433137
12025,2.079002079002079,455383,22246,433137
12026,2.078829203392649,455383,22246,433137
12027,2.0786563565311384,455383,22246,433137
12028,2.0784835384103757,455383,22246,433137
12029,2.078310749023194,455383,22246,433137
12030,2.0781379883624274,455383,22246,433137
12031,2.077965256420913,455383,22246,433137
12032,2.077792553191489,455383,22246,433137
12033,2.077619878666999,455383,22246,433137
12034,2.077447232840286,455383,22246,433137
12035,2.077274615704196,455383,22246,433137
12036,2.0771020272515788,455383,22246,433137
12037,2.0769294674752845,455383,22246,433137
12038,2.0767569363681675,455383,22246,433137
12039,2.0765844339230832,455383,22246,433137
12040,2.0764119601328903,455383,22246,433137
12041,2.076239514990449,455383,22246,433137
12042,2.076067098488623,455383,22246,433137
12043,2.075894710620277,455383,22246,433137
12044,2.0757223513782797,455383,22246,433137
12045,2.0755500207555,455383,22246,433137
12046,2.0753777187448117,455383,22246,433137
12047,2.0752054453390887,455383,22246,433137
12048,2.0750332005312084,455383,22246,433137
12049,2.074860984314051,455383,22246,433137
12050,2.074688796680498,455383,22246,433137
12051,2.0745166376234336,455383,22246,433137
12052,2.074344507135745,455383,22246,433137
12053,2.074172405210321,455383,22246,433137
12054,2.074000331840053,455383,22246,433137
12055,2.073828287017835,455383,22246,433137
12056,2.0736562707365627,455383,22246,433137
12057,2.073484282989135,455383,22246,433137
12058,2.0733123237684525,455383,22246,433137
12059,2.0731403930674186,455383,22246,433137
12060,2.0729684908789388,455383,22246,433137
12061,2.072796617195921,455383,22246,433137
12062,2.072624772011275,455383,22246,433137
12063,2.0724529553179143,455383,22246,433137
12064,2.0722811671087533,455383,22246,433137
12065,2.0721094073767095,455383,22246,433137
12066,2.0719376761147026,455383,22246,433137
12067,2.0717659733156544,455383,22246,433137
12068,2.071594298972489,455383,22246,433137
12069,2.071422653078134,455383,22246,433137
12070,2.071251035625518,455383,22246,433137
12071,2.071079446607572,455383,22246,433137
12072,2.07090788601723,455383,22246,433137
12073,2.070736353847428,455383,22246,433137
12074,2.0705648500911047,455383,22246,433137
12075,2.070393374741201,455383,22246,433137
12076,2.070221927790659,455383,22246,433137
12077,2.0700505092324253,455383,22246,433137
12078,2.069879119059447,455383,22246,433137
12079,2.0697077572646743,455383,22246,433137
12080,2.0695364238410594,455383,22246,433137
12081,2.069365118781558,455383,22246,433137
12082,2.069193842079126,455383,22246,433137
12083,2.0690225937267237,455383,22246,433137
12084,2.068851373717312,455383,22246,433137
12085,2.068680182043856,455383,22246,433137
12086,2.0685090186993214,455383,22246,433137
12087,2.0683378836766773,455383,22246,433137
12088,2.0681667769688947,455383,22246,433137
12089,2.067995698568947,455383,22246,433137
12090,2.0678246484698097,455383,22246,433137
12091,2.067653626664461,455383,22246,433137
12092,2.0674826331458815,455383,22246,433137
12093,2.067311667907054,455383,22246,433137
12094,2.0671407309409626,455383,22246,433137
12095,2.0669698222405954,455383,22246,433137
12096,2.066798941798942,455383,22246,433137
12097,2.066628089608994,455383,22246,433137
12098,2.066457265663746,455383,22246,433137
12099,2.0662864699561947,455383,22246,433137
12100,2.0661157024793386,455383,22246,433137
12101,2.0659449632261797,455383,22246,433137
12102,2.065774252189721,455383,22246,433137
12103,2.0656035693629677,455383,22246,433137
12104,2.0654329147389294,455379,22246,433133
12105,2.0652622883106155,455379,22246,433133
12106,2.065091690071039,455379,22246,433133
12107,2.0649211200132154,455379,22246,433133
12108,2.064750578130162,455379,22246,433133
12109,2.064580064414898,455379,22246,433133
12110,2.0644095788604457,455379,22246,433133
12111,2.06423912145983,455379,22246,433133
12112,2.0640686922060767,455379,22246,433133
12113,2.063898291092215,455379,22246,433133
12114,2.0637279181112764,455379,22246,433133
12115,2.063557573256294,455379,22246,433133
12116,2.0633872565203037,455379,22246,433133
12117,2.063216967896344,455379,22246,433133
12118,2.063046707377455,455379,22246,433133
12119,2.0628764749566795,455379,22246,433133
12120,2.062706270627063,455379,22246,433133
12121,2.0625360943816515,455379,22246,433133
12122,2.0623659462134962,455379,22246,433133
12123,2.062195826115648,455379,22246,433133
12124,2.0620257340811614,455379,22246,433133
12125,2.0618556701030926,455379,22246,433133
12126,2.061685634174501,455379,22246,433133
12127,2.0615156262884473,455379,22246,433133
12128,2.061345646437995,455379,22246,433133
12129,2.061175694616209,455379,22246,433133
12130,2.061005770816158,455379,22246,433133
12131,2.0608358750309126,455379,22246,433133
12132,2.0606660072535443,455379,22246,433133
12133,2.0604961674771283,455379,22246,433133
12134,2.060326355694742,455379,22246,433133
12135,2.0601565718994643,455379,22246,433133
12136,2.0599868160843773,455379,22246,433133
12137,2.059817088242564,455379,22246,433133
12138,2.0596473883671114,455379,22246,433133
12139,2.059477716451108,455379,22246,433133
12140,2.059308072487644,455379,22246,433133
12141,2.059138456469813,455379,22246,433133
12142,2.05896886839071,455379,22246,433133
12143,2.0587993082434326,455379,22246,433133
12144,2.0586297760210805,455379,22246,433133
12145,2.058460271716756,455379,22246,433133
12146,2.0582907953235634,455379,22246,433133
12147,2.0581213468346093,455379,22246,433133
12148,2.057951926243003,455379,22246,433133
12149,2.057782533541855,455379,22246,433133
12150,2.05761316872428,455379,22246,433133
12151,2.0574438317833925,455379,22246,433133
12152,2.057274522712311,455379,22246,433133
12153,2.0571052415041553,455379,22246,433133
12154,2.056935988152049,455379,22246,433133
12155,2.0567667626491155,455379,22246,433133
12156,2.056597564988483,455379,22246,433133
12157,2.0564283951632802,455379,22246,433133
12158,2.056259253166639,455379,22246,433133
12159,2.0560901389916935,455379,22246,433133
12160,2.0559210526315788,455379,22246,433133
12161,2.055751994079434,455379,22246,433133
12162,2.0555829633284,455379,22246,433133
12163,2.055413960371619,455379,22246,433133
12164,2.0552449852022363,455379,22246,433133
12165,2.055076037813399,455379,22246,433133
12166,2.0549071181982574,455379,22246,433133
12167,2.054738226349963,455379,22246,433133
12168,2.05456936226167,455379,22246,433133
12169,2.0544005259265345,455379,22246,433133
12170,2.0542317173377156,455379,22246,433133
12171,2.054062936488374,455379,22246,433133
12172,2.0538941833716726,455379,22246,433133
12173,2.0537254579807773,455379,22246,433133
12174,2.053556760308855,455379,22246,433133
12175,2.0533880903490758,455379,22246,433133
12176,2.0532194480946124,455379,22246,433133
12177,2.0530508335386384,455379,22246,433133
12178,2.0528822466743306,455379,22246,433133
12179,2.0527136874948684,455379,22246,433133
12180,2.052545155993432,455379,22246,433133
12181,2.052376652163205,455379,22246,433133
12182,2.0522081759973734,455379,22246,433133
12183,2.052039727489124,455379,22246,433133
12184,2.051871306631648,455379,22246,433133
12185,2.0517029134181373,455379,22246,433133
12186,2.0515345478417855,455379,22246,433133
12187,2.0513662098957908,455379,22246,433133
12188,2.0511978995733506,455379,22246,433133
12189,2.0510296168676674,455379,22246,433133
12190,2.0508613617719442,455379,22246,433133
12191,2.0506931342793866,455379,22246,433133
12192,2.050524934383202,455379,22246,433133
12193,2.0503567620766012,455379,22246,433133
12194,2.0501886173527963,455379,22246,433133
12195,2.0500205002050023,455379,22246,433133
12196,2.049852410626435,455379,22246,433133
12197,2.049684348610314,455379,22246,433133
12198,2.0495163141498605,455379,22246,433133
12199,2.049348307238298,455379,22246,433133
12200,2.0491803278688523,455379,22246,433133
12201,2.049012376034751,455379,22246,433133
12202,2.0488444517292246,455379,22246,433133
12203,2.048676554945505,455379,22246,433133
12204,2.0485086856768273,455379,22246,433133
12205,2.048340843916428,455379,22246,433133
12206,2.0481730296575456,455379,22246,433133
12207,2.0480052428934217,455379,22246,433133
12208,2.0478374836173003,455379,22246,433133
12209,2.047669751822426,455379,22246,433133
12210,2.0475020475020473,455379,22246,433133
12211,2.0473343706494145,455379,22246,433133
12212,2.047166721257779,455379,22246,433133
12213,2.0469990993203964,455379,22246,433133
12214,2.0468315048305223,455379,22246,433133
12215,2.046663937781416,455379,22246,433133
12216,2.0464963981663393,455379,22246,433133
12217,2.0463288859785544,455379,22246,433133
12218,2.0461614012113274,455379,22246,433133
12219,2.045993943857926,455379,22246,433133
12220,2.0458265139116203,455379,22246,433133
12221,2.045659111365682,455379,22246,433133
12222,2.0454917362133855,455379,22246,433133
12223,2.045324388448008,455379,22246,433133
12224,2.045157068062827,455379,22246,433133
12225,2.044989775051125,455379,22246,433133
12226,2.0448225094061834,455379,22246,433133
12227,2.044655271121289,455379,22246,433133
12228,2.0444880601897286,455379,22246,433133
12229,2.044320876604792,455379,22246,433133
12230,2.044153720359771,455379,22246,433133
12231,2.0439865914479602,455379,22246,433133
12232,2.0438194898626554,455379,22246,433133
12233,2.043652415597155,455379,22246,433133
12234,2.0434853686447605,455379,22246,433133
12235,2.043318348998774,455379,22246,433133
12236,2.043151356652501,455379,22246,433133
12237,2.0429843915992483,455379,22246,433133
12238,2.0428174538323254,455379,22246,433133
12239,2.0426505433450446,455379,22246,433133
12240,2.042483660130719,455379,22246,433133
12241,2.042316804182665,455379,22246,433133
12242,2.0421499754942003,455379,22246,433133
12243,2.041983174058646,455379,22246,433133
12244,2.0418163998693237,455379,22246,433133
12245,2.041649652919559,455379,22246,433133
12246,2.0414829332026785,455379,22246,433133
12247,2.041316240712011,455379,22246,433133
12248,2.041149575440888,455379,22246,433133
12249,2.0409829373826436,455379,22246,433133
12250,2.0408163265306123,455379,22246,433133
12251,2.0406497428781325,455379,22246,433133
12252,2.0404831864185438,455379,22246,433133
12253,2.0403166571451887,455379,22246,433133
12254,2.040150155051412,455379,22246,433133
12255,2.039983680130559,455379,22246,433133
12256,2.039817232375979,455379,22246,433133
12257,2.0396508117810233,455379,22246,433133
12258,2.0394844183390437,455379,22246,433133
12259,2.039318052043397,455379,22246,433133
12260,2.039151712887439,455379,22246,433133
12261,2.03898540086453,455379,22246,433133
12262,2.0388191159680313,455379,22246,433133
12263,2.0386528581913073,455379,22246,433133
12264,2.0384866275277234,455379,22246,433133
12265,2.038320423970648,455379,22246,433133
12266,2.038154247513452,455379,22246,433133
12267,2.0379880981495067,455379,22246,433133
12268,2.0378219758721876,455379,22246,433133
12269,2.0376558806748717,455379,22246,433133
12270,2.037489812550937,455379,22246,433133
12271,2.037323771493766,455379,22246,433133
12272,2.0371577574967406,455379,22246,433133
12273,2.036991770553247,455379,22246,433133
12274,2.036825810656673,455379,22246,433133
12275,2.0366598778004072,455379,22246,433133
12276,2.0364939719778428,455379,22246,433133
12277,2.0363280931823735,455379,22246,433133
12278,2.0361622414073954,455379,22246,433133
12279,2.0359964166463067,455379,22246,433133
12280,2.035830618892508,455379,22246,433133
12281,2.0356648481394024,455379,22246,433133
12282,2.0354991043803943,455379,22246,433133
12283,2.0353333876088904,455379,22246,433133
12284,2.0351676978183004,455379,22246,433133
12285,2.035002035002035,455379,22246,433133
12286,2.034836399153508,455379,22246,433133
12287,2.034670790266135,455379,22246,433133
12288,2.0345052083333335,455379,22246,433133
12289,2.034339653348523,455379,22246,433133
12290,2.034174125305126,455379,22246,433133
12291,2.0340086241965665,455379,22246,433133
12292,2.0338431500162706,455379,22246,433133
12293,2.033677702757667,455379,22246,433133
12294,2.033512282414186,455379,22246,433133
12295,2.03334688897926,455379,22246,433133
12296,2.033181522446324,455379,22246,433133
12297,2.033016182808815,455379,22246,433133
12298,2.032850870060172,455379,22246,433133
12299,2.0326855841938367,455379,22246,433133
12300,2.032520325203252,455379,22246,433133
12301,2.0323550930818635,455379,22246,433133
12302,2.0321898878231184,455379,22246,433133
12303,2.0320247094204666,455379,22246,433133
12304,2.03185955786736,455379,22246,433133
12305,2.031694433157253,455379,22246,433133
12306,2.0315293352836017,455379,22246,433133
12307,2.0313642642398633,455379,22246,433133
12308,2.0311992200194995,455379,22246,433133
12309,2.031034202615972,455379,22246,433133
12310,2.0308692120227456,455379,22246,433133
12311,2.0307042482332873,455379,22246,433133
12312,2.0305393112410655,455379,22246,433133
12313,2.030374401039552,455379,22246,433133
12314,2.0302095176222186,455379,22246,433133
12315,2.0300446609825418,455379,22246,433133
12316,2.029879831113998,455379,22246,433133
12317,2.0297150280100675,455379,22246,433133
12318,2.029550251664231,455379,22246,433133
12319,2.029385502069973,455379,22246,433133
12320,2.029220779220779,455379,22246,433133
12321,2.029056083110137,455379,22246,433133
12322,2.0288914137315373,455379,22246,433133
12323,2.028726771078471,455379,22246,433133
12324,2.0285621551444337,455379,22246,433133
12325,2.028397565922921,455379,22246,433133
12326,2.0282330034074314,455379,22246,433133
12327,2.0280684675914658,455379,22246,433133
12328,2.027903958468527,455379,22246,433133
12329,2.0277394760321195,455379,22246,433133
12330,2.02757502027575,455379,22246,433133
12331,2.0274105911929285,455379,22246,433133
12332,2.027246188777165,455379,22246,433133
12333,2.0270818130219737,455379,22246,433133
12334,2.0269174639208694,455379,22246,433133
12335,2.026753141467369,455379,22246,433133
12336,2.0265888456549934,455379,22246,433133
12337,2.0264245764772637,455379,22246,433133
12338,2.026260333927703,455379,22246,433133
12339,2.026096117999838,455379,22246,433133
12340,2.025931928687196,455379,22246,433133
12341,2.0257677659833075,455379,22246,433133
12342,2.025603629881705,455379,22246,433133
12343,2.0254395203759215,455379,22246,433133
12344,2.0252754374594946,455379,22246,433133
12345,2.025111381125962,455379,22246,433133
12346,2.0249473513688643,455379,22246,433133
12347,2.0247833481817445,455379,22246,433133
12348,2.024619371558147,455379,22246,433133
12349,2.0244554214916186,455379,22246,433133
12350,2.0242914979757085,455379,22246,433133
12351,2.0241276010039675,455379,22246,433133
12352,2.0239637305699483,455379,22246,433133
12353,2.0237998866672062,455379,22246,433133
12354,2.023636069289299,455379,22246,433133
12355,2.0234722784297854,455379,22246,433133
12356,2.023308514082227,455379,22246,433133
12357,2.023144776240188,455379,22246,433133
12358,2.0229810648972326,455379,22246,433133
12359,2.0228173800469293,455379,22246,433133
12360,2.0226537216828477,455379,22246,433133
12361,2.02249008979856,455379,22246,433133
12362,2.0223264843876394,455379,22246,433133
12363,2.0221629054436625,455379,22246,433133
12364,2.021999352960207,455379,22246,433133
12365,2.0218358269308534,455379,22246,433133
12366,2.0216723273491835,455379,22246,433133
12367,2.0215088542087813,455379,22246,433133
12368,2.021345407503234,455379,22246,433133
12369,2.0211819872261296,455379,22246,433133
12370,2.021018593371059,455379,22246,433133
12371,2.0208552259316144,455379,22246,433133
12372,2.02069188490139,455379,22246,433133
12373,2.0205285702739837,455379,22246,433133
12374,2.0203652820429934,455379,22246,433133
12375,2.0202020202020203,455379,22246,433133
12376,2.020038784744667,455379,22246,433133
12377,2.019875575664539,455379,22246,433133
12378,2.019712392955243,455379,22246,433133
12379,2.0195492366103887,455379,22246,433133
12380,2.0193861066235863,455379,22246,433133
12381,2.01922300298845,455379,22246,433133
12382,2.0190599256985946,455379,22246,433133
12383,2.0188968747476377,455379,22246,433133
12384,2.018733850129199,455379,22246,433133
12385,2.0185708518368997,455379,22246,433133
12386,2.018407879864363,455379,22246,433133
12387,2.018244934205215,455379,22246,433133
12388,2.018082014853084,455379,22246,433133
12389,2.017919121801598,455379,22246,433133
12390,2.017756255044391,455379,22246,433133
12391,2.017593414575095,455379,22246,433133
12392,2.0174306003873466,455379,22246,433133
12393,2.0172678124747843,455379,22246,433133
12394,2.0171050508310473,455379,22246,433133
12395,2.016942315449778,455379,22246,433133
12396,2.016779606324621,455379,22246,433133
12397,2.0166169234492215,455379,22246,433133
12398,2.0164542668172287,455379,22246,433133
12399,2.016291636422292,455379,22246,433133
12400,2.0161290322580645,455379,22246,433133
12401,2.0159664543182,455379,22246,433133
12402,2.0158039025963554,455379,22246,433133
12403,2.015641377086189,455379,22246,433133
12404,2.015478877781361,455379,22246,433133
12405,2.015316404675534,455379,22246,433133
12406,2.015153957762373,455379,22246,433133
12407,2.0149915370355442,455379,22246,433133
12408,2.014829142488717,455379,22246,433133
12409,2.0146667741155615,455299,22531,432768
12410,2.0145044319097503,455299,22531,432768
12411,2.0143421158649586,455299,22531,432768
12412,2.014179825974863,455299,22531,432768
12413,2.0140175622331427,455299,22531,432768
12414,2.0138553246334783,455299,22531,432768
12415,2.013693113169553,455299,22531,432768
12416,2.0135309278350517,455299,22531,432768
12417,2.013368768623661,455299,22531,432768
12418,2.0132066355290705,455299,22531,432768
12419,2.0130445285449716,455299,22531,432768
12420,2.0128824476650564,455299,22531,432768
12421,2.0127203928830206,455299,22531,432768
12422,2.0125583641925617,455299,22531,432768
12423,2.012396361587378,455299,22531,432768
12424,2.012234385061172,455299,22531,432768
12425,2.0120724346076457,455299,22531,432768
12426,2.0119105102205053,455299,22531,432768
12427,2.011748611893458,455299,22531,432768
12428,2.0115867396202125,455299,22531,432768
12429,2.0114248933944805,455299,22531,432768
12430,2.011263073209976,455299,22531,432768
12431,2.0111012790604135,455299,22531,432768
12432,2.0109395109395107,455299,22531,432768
12433,2.010777768840988,455299,22531,432768
12434,2.0106160527585653,455299,22531,432768
12435,2.0104543626859672,455299,22531,432768
12436,2.0102926986169187,455299,22531,432768
12437,2.0101310605451475,455299,22531,432768
12438,2.0099694484643833,455299,22531,432768
12439,2.0098078623683575,455299,22531,432768
12440,2.009646302250804,455299,22531,432768
12441,2.009484768105458,455299,22531,432768
12442,2.009323259926057,455299,22531,432768
12443,2.009161777706341,455299,22531,432768
12444,2.0090003214400514,455299,22531,432768
12445,2.008838891120932,455299,22531,432768
12446,2.0086774867427284,455299,22531,432768
12447,2.0085161082991885,455299,22531,432768
12448,2.0083547557840618,455299,22531,432768
12449,2.0081934291911,455299,22531,432768
12450,2.0080321285140563,455299,22531,432768
12451,2.007870853746687,455299,22531,432768
12452,2.00770960488275,455299,22531,432768
12453,2.007548381916004,455299,22531,432768
12454,2.007387184840212,455299,22531,432768
12455,2.007226013649137,455299,22531,432768
12456,2.0070648683365446,455299,22531,432768
12457,2.006903748896203,455299,22531,432768
12458,2.0067426553218817,455299,22531,432768
12459,2.0065815876073523,455299,22531,432768
12460,2.0064205457463884,455299,22531,432768
12461,2.006259529732766,455299,22531,432768
12462,2.0060985395602633,455299,22531,432768
12463,2.005937575222659,455299,22531,432768
12464,2.0057766367137355,455299,22531,432768
12465,2.0056157240272765,455299,22531,432768
12466,2.005454837157067,455299,22531,432768
12467,2.0052939760968957,455299,22531,432768
12468,2.005133140840552,455299,22531,432768
12469,2.004972331381827,455299,22531,432768
12470,2.0048115477145148,455299,22531,432768
12471,2.0046507898324113,455299,22531,432768
12472,2.004490057729314,455299,22531,432768
12473,2.0043293513990217,455299,22531,432768
12474,2.0041686708353375,455299,22531,432768
12475,2.004008016032064,455299,22531,432768
12476,2.0038473869830074,455299,22531,432768
12477,2.003686783681975,455299,22531,432768
12478,2.003526206122776,455299,22531,432768
12479,2.003365654299223,455299,22531,432768
12480,2.003205128205128,455299,22531,432768
12481,2.003044627834308,455299,22531,432768
12482,2.00288415318058,455299,22531,432768
12483,2.0027237042377632,455299,22531,432768
12484,2.0025632809996794,455299,22531,432768
12485,2.002402883460152,455299,22531,432768
12486,2.0022425116130065,455299,22531,432768
12487,2.00208216545207,455299,22531,432768
12488,2.0019218449711724,455299,22531,432768
12489,2.0017615501641446,455299,22531,432768
12490,2.00160128102482,455299,22531,432768
12491,2.0014410375470337,455299,22531,432768
12492,2.0012808197246237,455299,22531,432768
12493,2.001120627551429,455299,22531,432768
12494,2.00096046102129,455299,22531,432768
12495,2.000800320128051,455299,22531,432768
12496,2.000640204865557,455299,22531,432768
12497,2.0004801152276546,455299,22531,432768
12498,2.000320051208193,455299,22531,432768
12499,2.000160012801024,455299,22531,432768
12500,2,455299,22531,432768
12501,1.9998400127989762,455299,22531,432768
12502,1.9996800511918094,455299,22531,432768
12503,1.9995201151723587,455299,22531,432768
12504,1.999360204734485,455299,22531,432768
12505,1.9992003198720512,455299,22531,432768
12506,1.999040460578922,455299,22531,432768
12507,1.9988806268489645,455299,22531,432768
12508,1.9987208186760472,455299,22531,432768
12509,1.9985610360540411,455299,22531,432768
12510,1.9984012789768186,455299,22531,432768
12511,1.9982415474382544,455299,22531,432768
12512,1.998081841432225,455299,22531,432768
12513,1.9979221609526092,455299,22531,432768
12514,1.9977625059932875,455299,22531,432768
12515,1.9976028765481422,455299,22531,432768
12516,1.9974432726110578,455299,22531,432768
12517,1.9972836941759207,455299,22531,432768
12518,1.9971241412366192,455299,22531,432768
12519,1.9969646137870436,455299,22531,432768
12520,1.9968051118210863,455299,22531,432768
12521,1.9966456353326412,455299,22531,432768
12522,1.9964861843156045,455299,22531,432768
12523,1.9963267587638744,455299,22531,432768
12524,1.996167358671351,455299,22531,432768
12525,1.996007984031936,455299,22531,432768
12526,1.9958486348395337,455299,22531,432768
12527,1.9956893110880498,455299,22531,432768
12528,1.9955300127713922,455299,22531,432768
12529,1.9953707398834704,455299,22531,432768
12530,1.9952114924181963,455299,22531,432768
12531,1.9950522703694837,455299,22531,432768
12532,1.994893073731248,455299,22531,432768
12533,1.994733902497407,455299,22531,432768
12534,1.9945747566618797,455299,22531,432768
12535,1.9944156362185879,455151,22474,432677
12536,1.994256541161455,455151,22474,432677
12537,1.9940974714844062,455151,22474,432677
12538,1.9939384271813687,455151,22474,432677
12539,1.9937794082462716,455151,22474,432677
12540,1.9936204146730463,455151,22474,432677
12541,1.9934614464556255,455151,22474,432677
12542,1.9933025035879446,455151,22474,432677
12543,1.9931435860639402,455151,22474,432677
12544,1.992984693877551,455151,22474,432677
12545,1.9928258270227182,455151,22474,432677
12546,1.9926669854933843,455151,22474,432677
12547,1.992508169283494,455151,22474,432677
12548,1.9923493783869939,455151,22474,432677
12549,1.9921906127978326,455151,22474,432677
12550,1.9920318725099602,455151,22474,432677
12551,1.9918731575173294,455151,22474,432677
12552,1.9917144678138943,455151,22474,432677
12553,1.9915558033936112,455151,22474,432677
12554,1.991397164250438,455151,22474,432677
12555,1.9912385503783354,455151,22474,432677
12556,1.9910799617712647,455151,22474,432677
12557,1.9909213984231902,455151,22474,432677
12558,1.9907628603280778,455151,22474,432677
12559,1.990604347479895,455151,22474,432677
12560,1.9904458598726114,455151,22474,432677
12561,1.9902873975001991,455151,22474,432677
12562,1.990128960356631,455151,22474,432677
12563,1.9899705484358832,455151,22474,432677
12564,1.9898121617319324,455151,22474,432677
12565,1.9896538002387585,455151,22474,432677
12566,1.9894954639503422,455151,22474,432677
12567,1.989337152860667,455151,22474,432677
12568,1.9891788669637174,455151,22474,432677
12569,1.9890206062534808,455151,22474,432677
12570,1.988862370723946,455151,22474,432677
12571,1.9887041603691036,455151,22474,432677
12572,1.9885459751829462,455151,22474,432677
12573,1.9883878151594687,455151,22474,432677
12574,1.9882296802926673,455151,22474,432677
12575,1.9880715705765408,455151,22474,432677
12576,1.987913486005089,455151,22474,432677
12577,1.9877554265723145,455151,22474,432677
12578,1.9875973922722214,455151,22474,432677
12579,1.9874393830988155,455151,22474,432677
12580,1.987281399046105,455151,22474,432677
12581,1.9871234401080995,455151,22474,432677
12582,1.986965506278811,455151,22474,432677
12583,1.986807597552253,455151,22474,432677
12584,1.9866497139224413,455151,22474,432677
12585,1.986491855383393,455151,22474,432677
12586,1.9863340219291277,455151,22474,432677
12587,1.9861762135536665,455151,22474,432677
12588,1.9860184302510326,455151,22474,432677
12589,1.9858606720152514,455151,22474,432677
12590,1.9857029388403495,455151,22474,432677
12591,1.9855452307203558,455151,22474,432677
12592,1.9853875476493013,455151,22474,432677
12593,1.9852298896212182,455151,22474,432677
12594,1.9850722566301413,455151,22474,432677
12595,1.9849146486701073,455151,22474,432677
12596,1.984757065735154,455151,22474,432677
12597,1.9845995078193222,455151,22474,432677
12598,1.9844419749166535,455151,22474,432677
12599,1.984284467021192,455151,22474,432677
12600,1.9841269841269842,455151,22474,432677
12601,1.9839695262280772,455151,22474,432677
12602,1.9838120933185208,455151,22474,432677
12603,1.983654685392367,455151,22474,432677
12604,1.9834973024436686,455151,22474,432677
12605,1.9833399444664817,455151,22474,432677
12606,1.9831826114548627,455151,22474,432677
12607,1.9830253034028715,455151,22474,432677
12608,1.9828680203045685,455151,22474,432677
12609,1.982710762154017,455151,22474,432677
12610,1.9825535289452816,455151,22474,432677
12611,1.9823963206724289,455151,22474,432677
12612,1.9822391373295274,455151,22474,432677
12613,1.9820819789106476,455151,22474,432677
12614,1.9819248454098621,455151,22474,432677
12615,1.9817677368212445,455151,22474,432677
12616,1.9816106531388713,455151,22474,432677
12617,1.9814535943568201,455151,22474,432677
12618,1.981296560469171,455151,22474,432677
12619,1.9811395514700056,455151,22474,432677
12620,1.9809825673534074,455151,22474,432677
12621,1.9808256081134616,455151,22474,432677
12622,1.980668673744256,455151,22474,432677
12623,1.9805117642398795,455151,22474,432677
12624,1.9803548795944232,455151,22474,432677
12625,1.9801980198019802,455151,22474,432677
12626,1.980041184856645,455151,22474,432677
12627,1.9798843747525146,455151,22474,432677
12628,1.979727589483687,455151,22474,432677
12629,1.9795708290442633,455151,22474,432677
12630,1.9794140934283453,455151,22474,432677
12631,1.9792573826300373,455151,22474,432677
12632,1.9791006966434452,455151,22474,432677
12633,1.978944035462677,455151,22474,432677
12634,1.9787873990818428,455151,22474,432677
12635,1.9786307874950535,455151,22474,432677
12636,1.9784742006964229,455151,22474,432677
12637,1.9783176386800665,455151,22474,432677
12638,1.9781611014401013,455151,22474,432677
12639,1.9780045889706463,455151,22474,432677
12640,1.9778481012658229,455151,22474,432677
12641,1.9776916383197531,455151,22474,432677
12642,1.9775352001265623,455150,22474,432676
12643,1.9773787866803765,455150,22474,432676
12644,1.9772223979753243,455150,22474,432676
12645,1.9770660340055357,455150,22474,432676
12646,1.9769096947651432,455150,22474,432676
12647,1.9767533802482802,455150,22474,432676
12648,1.9765970904490828,455150,22474,432676
12649,1.9764408253616887,455150,22474,432676
12650,1.976284584980237,455150,22474,432676
12651,1.9761283692988696,455150,22474,432676
12652,1.9759721783117294,455150,22474,432676
12653,1.9758160120129613,455150,22474,432676
12654,1.9756598703967125,455150,22474,432676
12655,1.9755037534571316,455150,22474,432676
12656,1.9753476611883691,455150,22474,432676
12657,1.9751915935845776,455150,22474,432676
12658,1.9750355506399115,455150,22474,432676
12659,1.9748795323485266,455150,22474,432676
12660,1.9747235387045814,455150,22474,432676
12661,1.9745675697022351,455150,22474,432676
12662,1.97441162533565,455150,22474,432676
12663,1.974255705598989,455150,22474,432676
12664,1.9740998104864182,455150,22474,432676
12665,1.9739439399921042,455150,22474,432676
12666,1.9737880941102164,455150,22474,432676
12667,1.9736322728349254,455150,22474,432676
12668,1.9734764761604042,455150,22474,432676
12669,1.9733207040808272,455150,22474,432676
12670,1.973164956590371,455150,22474,432676
12671,1.9730092336832137,455150,22474,432676
12672,1.9728535353535352,455150,22474,432676
12673,1.972697861595518,455150,22474,432676
12674,1.9725422124033454,455150,22474,432676
12675,1.9723865877712032,455141,22474,432667
12676,1.9722309876932786,455141,22474,432667
12677,1.9720754121637611,455141,22474,432667
12678,1.9719198611768418,455141,22474,432667
12679,1.9717643347267135,455141,22474,432667
12680,1.971608832807571,455141,22474,432667
12681,1.9714533554136109,455141,22474,432667
12682,1.9712979025390316,455141,22474,432667
12683,1.9711424741780337,455141,22474,432667
12684,1.9709870703248187,455141,22474,432667
12685,1.9708316909735908,455141,22474,432667
12686,1.970676336118556,455141,22474,432667
12687,1.9705210057539213,455141,22474,432667
12688,1.9703656998738965,455141,22474,432667
12689,1.970210418472693,455141,22474,432667
12690,1.9700551615445232,455141,22474,432667
12691,1.9698999290836026,455141,22474,432667
12692,1.9697447210841474,455141,22474,432667
12693,1.9695895375403767,455141,22474,432667
12694,1.9694343784465103,455141,22474,432667
12695,1.9692792437967703,455141,22474,432667
12696,1.9691241335853813,455141,22474,432667
12697,1.9689690478065685,455141,22474,432667
12698,1.9688139864545597,455141,22474,432667
12699,1.9686589495235844,455141,22474,432667
12700,1.968503937007874,455141,22474,432667
12701,1.9683489489016612,455141,22474,432667
12702,1.9681939851991812,455141,22474,432667
12703,1.9680390458946706,455141,22474,432667
12704,1.9678841309823678,455141,22474,432667
12705,1.9677292404565132,455141,22474,432667
12706,1.967574374311349,455141,22474,432667
12707,1.967419532541119,455141,22474,432667
12708,1.9672647151400693,455141,22474,432667
12709,1.967109922102447,455141,22474,432667
12710,1.966955153422502,455141,22474,432667
12711,1.966800409094485,455141,22474,432667
12712,1.9666456891126494,455141,22474,432667
12713,1.96649099347125,455141,22474,432667
12714,1.9663363221645431,455141,22474,432667
12715,1.9661816751867873,455141,22474,432667
12716,1.9660270525322427,455141,22474,432667
12717,1.9658724541951718,455141,22474,432667
12718,1.965717880169838,455141,22474,432667
12719,1.9655633304505071,455141,22474,432667
12720,1.9654088050314464,455141,22474,432667
12721,1.9652543039069255,455141,22474,432667
12722,1.9650998270712152,455141,22474,432667
12723,1.9649453745185883,455141,22474,432667
12724,1.9647909462433197,455141,22474,432667
12725,1.9646365422396856,455141,22474,432667
12726,1.9644821625019644,455141,22474,432667
12727,1.9643278070244363,455141,22474,432667
12728,1.9641734758013827,455141,22474,432667
12729,1.9640191688270878,455141,22474,432667
12730,1.9638648860958365,455141,22474,432667
12731,1.9637106276019165,455141,22474,432667
12732,1.9635563933396167,455141,22474,432667
12733,1.9634021833032278,455141,22474,432667
12734,1.9632479974870425,455141,22474,432667
12735,1.9630938358853554,455141,22474,432667
12736,1.9629396984924623,455141,22474,432667
12737,1.9627855853026615,455141,22474,432667
12738,1.9626314963102527,455141,22474,432667
12739,1.9624774315095377,455141,22474,432667
12740,1.9623233908948194,455141,22474,432667
12741,1.9621693744604034,455141,22474,432667
12742,1.9620153822005963,455141,22474,432667
12743,1.9618614141097073,455141,22474,432667
12744,1.9617074701820465,455141,22474,432667
12745,1.9615535504119261,455141,22474,432667
12746,1.9613996547936607,455141,22474,432667
12747,1.961245783321566,455141,22474,432667
12748,1.9610919359899592,455141,22474,432667
12749,1.9609381127931602,455141,22474,432667
12750,1.9607843137254901,455141,22474,432667
12751,1.9606305387812721,455141,22474,432667
12752,1.9604767879548306,455141,22474,432667
12753,1.9603230612404925,455141,22474,432667
12754,1.960169358632586,455141,22474,432667
12755,1.960015680125441,455141,22474,432667
12756,1.9598620257133899,455141,22474,432667
12757,1.959708395390766,455141,22474,432667
12758,1.9595547891519047,455141,22474,432667
12759,1.9594012069911435,455141,22474,432667
12760,1.9592476489028212,455141,22474,432667
12761,1.9590941148812788,455141,22474,432667
12762,1.9589406049208589,455141,22474,432667
12763,1.9587871190159054,455141,22474,432667
12764,1.9586336571607645,455141,22474,432667
12765,1.9584802193497846,455141,22474,432667
12766,1.9583268055773146,455141,22474,432667
12767,1.9581734158377067,455141,22474,432667
12768,1.9580200501253133,455141,22474,432667
12769,1.9578667084344898,455141,22474,432667
12770,1.9577133907595927,455141,22474,432667
12771,1.957560097094981,455141,22474,432667
12772,1.957406827435014,455141,22474,432667
12773,1.9572535817740546,455141,22474,432667
12774,1.9571003601064663,455141,22474,432667
12775,1.9569471624266144,455141,22474,432667
12776,1.9567939887288666,455141,22474,432667
12777,1.9566408390075918,455141,22474,432667
12778,1.9564877132571608,455141,22474,432667
12779,1.9563346114719462,455141,22474,432667
12780,1.9561815336463224,455141,22474,432667
12781,1.9560284797746654,455141,22474,432667
12782,1.9558754498513535,455141,22474,432667
12783,1.9557224438707659,455141,22474,432667
12784,1.955569461827284,455141,22474,432667
12785,1.9554165037152913,455141,22474,432667
12786,1.9552635695291725,455141,22474,432667
12787,1.9551106592633143,455141,22474,432667
12788,1.954957772912105,455141,22474,432667
12789,1.9548049104699352,455141,22474,432667
12790,1.9546520719311962,455141,22474,432667
12791,1.9544992572902822,455141,22474,432667
12792,1.9543464665415884,455141,22474,432667
12793,1.9541936996795122,455141,22474,432667
12794,1.9540409566984525,455141,22474,432667
12795,1.9538882375928097,455141,22474,432667
12796,1.9537355423569867,455141,22474,432667
12797,1.9535828709853873,455141,22474,432667
12798,1.9534302234724175,455141,22474,432667
12799,1.9532775998124854,455141,22474,432667
12800,1.953125,455141,22474,432667
12801,1.9529724240293727,455141,22474,432667
12802,1.9528198718950165,455141,22474,432667
12803,1.9526673435913457,455141,22474,432667
12804,1.9525148391127773,455141,22474,432667
12805,1.952362358453729,455141,22474,432667
12806,1.952209901608621,455141,22474,432667
12807,1.9520574685718748,455141,22474,432667
12808,1.9519050593379137,455141,22474,432667
12809,1.9517526739011632,455141,22474,432667
12810,1.95160031225605,455141,22474,432667
12811,1.9514479743970026,455141,22474,432667
12812,1.9512956603184515,455141,22474,432667
12813,1.9511433700148286,455141,22474,432667
12814,1.950991103480568,455141,22474,432667
12815,1.9508388607101053,455141,22474,432667
12816,1.9506866416978776,455141,22474,432667
12817,1.950534446438324,455141,22474,432667
12818,1.9503822749258855,455141,22474,432667
12819,1.9502301271550042,455141,22474,432667
12820,1.9500780031201248,455141,22474,432667
12821,1.949925902815693,455141,22474,432667
12822,1.9497738262361566,455141,22474,432667
12823,1.949621773375965,455141,22474,432667
12824,1.9494697442295696,455141,22474,432667
12825,1.949317738791423,455141,22474,432667
12826,1.94916575705598,455141,22474,432667
12827,1.949013799017697,455141,22474,432667
12828,1.948861864671032,455141,22474,432667
12829,1.9487099540104451,455141,22474,432667
12830,1.9485580670303975,455141,22474,432667
12831,1.9484062037253527,455141,22474,432667
12832,1.9482543640897756,455141,22474,432667
12833,1.9481025481181329,455141,22474,432667
12834,1.9479507558048932,455141,22474,432667
12835,1.9477989871445267,455141,22474,432667
12836,1.9476472421315052,455141,22474,432667
12837,1.9474955207603022,455141,22474,432667
12838,1.9473438230253934,455141,22474,432667
12839,1.9471921489212556,455141,22474,432667
12840,1.9470404984423677,455141,22474,432667
12841,1.94688887158321,455141,22474,432667
12842,1.946737268338265,455141,22474,432667
12843,1.9465856887020168,455141,22474,432667
12844,1.9464341326689505,455141,22474,432667
12845,1.9462826002335538,455141,22474,432667
12846,1.946131091390316,455141,22474,432667
12847,1.9459796061337278,455141,22474,432667
12848,1.9458281444582815,455141,22474,432667
12849,1.9456767063584715,455141,22474,432667
12850,1.9455252918287937,455141,22474,432667
12851,1.945373900863746,455141,22474,432667
12852,1.9452225334578275,455141,22474,432667
12853,1.9450711896055395,455141,22474,432667
12854,1.9449198693013847,455141,22474,432667
12855,1.9447685725398678,455141,22474,432667
12856,1.9446172993154947,455141,22474,432667
12857,1.9444660496227737,455141,22474,432667
12858,1.944314823456214,455141,22474,432667
12859,1.9441636208103275,455141,22474,432667
12860,1.9440124416796267,455141,22474,432667
12861,1.9438612860586268,455141,22474,432667
12862,1.9437101539418442,455141,22474,432667
12863,1.943559045323797,455141,22474,432667
12864,1.943407960199005,455141,22474,432667
12865,1.9432568985619898,455141,22474,432667
12866,1.943105860407275,455141,22474,432667
12867,1.9429548457293853,455141,22474,432667
12868,1.9428038545228474,455141,22474,432667
12869,1.9426528867821897,455141,22474,432667
12870,1.9425019425019425,455141,22474,432667
12871,1.9423510216766373,455141,22474,432667
12872,1.942200124300808,455141,22474,432667
12873,1.9420492503689895,455141,22474,432667
12874,1.9418983998757184,455141,22474,432667
12875,1.941747572815534,455141,22474,432667
12876,1.941596769182976,455141,22474,432667
12877,1.9414459889725868,455141,22474,432667
12878,1.9412952321789099,455141,22474,432667
12879,1.9411444987964903,455141,22474,432667
12880,1.9409937888198758,455141,22474,432667
12881,1.9408431022436146,455141,22474,432667
12882,1.9406924390622575,455141,22474,432667
12883,1.9405417992703562,455141,22474,432667
12884,1.9403911828624651,455141,22474,432667
12885,1.9402405898331394,455141,22474,432667
12886,1.9400900201769362,455141,22474,432667
12887,1.9399394738884146,455141,22474,432667
12888,1.9397889509621353,455141,22474,432667
12889,1.9396384513926603,455141,22474,432667
12890,1.939487975174554,455141,22474,432667
12891,1.9393375223023814,455141,22474,432667
12892,1.9391870927707104,455141,22474,432667
12893,1.93903668657411,455141,22474,432667
12894,1.9388863037071506,455141,22474,432667
12895,1.9387359441644048,455141,22474,432667
12896,1.9385856079404467,455141,22474,432667
12897,1.938435295029852,455141,22474,432667
12898,1.938285005427198,455141,22474,432667
12899,1.938134739127064,455141,22474,432667
12900,1.937984496124031,455141,22474,432667
12901,1.9378342764126812,455141,22474,432667
12902,1.9376840799875987,455141,22474,432667
12903,1.9375339068433697,455141,22474,432667
12904,1.9373837569745815,455141,22474,432667
12905,1.9372336303758233,455141,22474,432667
12906,1.937083527041686,455141,22474,432667
12907,1.9369334469667623,455141,22474,432667
12908,1.9367833901456462,455141,22474,432667
12909,1.9366333565729337,455141,22474,432667
12910,1.9364833462432223,455141,22474,432667
12911,1.9363333591511114,455141,22474,432667
12912,1.936183395291202,455141,22474,432667
12913,1.9360334546580964,455141,22474,432667
12914,1.9358835372463992,455141,22474,432667
12915,1.9357336430507162,455141,22474,432667
12916,1.935583772065655,455141,22474,432667
12917,1.935433924285825,455141,22474,432667
12918,1.935284099705837,455141,22474,432667
12919,1.9351342983203035,455141,22474,432667
12920,1.934984520123839,455141,22474,432667
12921,1.9348347651110596,455141,22474,432667
12922,1.9346850332765826,455141,22474,432667
12923,1.9345353246150274,455141,22474,432667
12924,1.9343856391210152,455141,22474,432667
12925,1.9342359767891684,455141,22474,432667
12926,1.934086337614111,455141,22474,432667
12927,1.9339367215904695,455141,22474,432667
12928,1.9337871287128714,455141,22474,432667
12929,1.9336375589759456,455141,22474,432667
12930,1.9334880123743232,455141,22474,432667
12931,1.933338488902637,455141,22474,432667
12932,1.9331889885555211,455141,22474,432667
12933,1.9330395113276115,455141,22474,432667
12934,1.9328900572135457,455141,22474,432667
12935,1.932740626207963,455141,22474,432667
12936,1.932591218305504,455141,22474,432667
12937,1.9324418335008116,455141,22474,432667
12938,1.93229247178853,455141,22474,432667
12939,1.9321431331633048,455141,22474,432667
12940,1.9319938176197837,455141,22474,432667
12941,1.9318445251526157,455141,22474,432667
12942,1.931695255756452,455141,22474,432667
12943,1.9315460094259445,455141,22474,432667
12944,1.931396786155748,455141,22474,432667
12945,1.9312475859405176,455141,22474,432667
12946,1.9310984087749112,455141,22474,432667
12947,1.9309492546535878,455141,22474,432667
12948,1.930800123571208,455141,22474,432667
12949,1.9306510155224341,455141,22474,432667
12950,1.9305019305019304,455141,22474,432667
12951,1.9303528685043625,455141,22474,432667
12952,1.9302038295243977,455141,22474,432667
12953,1.930054813556705,455141,22474,432667
12954,1.929905820595955,455141,22474,432667
12955,1.9297568506368197,455141,22474,432667
12956,1.9296079036739735,455141,22474,432667
12957,1.9294589797020916,455141,22474,432667
12958,1.9293100787158513,455141,22474,432667
12959,1.9291612007099312,455141,22474,432667
12960,1.9290123456790123,455141,22474,432667
12961,1.9288635136177763,455141,22474,432667
12962,1.9287147045209072,455141,22474,432667
12963,1.9285659183830903,455141,22474,432667
12964,1.9284171551990126,455141,22474,432667
12965,1.9282684149633629,455141,22474,432667
12966,1.9281196976708315,455141,22474,432667
12967,1.9279710033161102,455141,22474,432667
12968,1.9278223318938927,455141,22474,432667
12969,1.9276736833988743,455141,22474,432667
12970,1.9275250578257517,455141,22474,432667
12971,1.9273764551692236,455141,22474,432667
12972,1.9272278754239902,455141,22474,432667
12973,1.927079318584753,455141,22474,432667
12974,1.9269307846462156,455141,22474,432667
12975,1.9267822736030829,455141,22474,432667
12976,1.9266337854500617,455141,22474,432667
12977,1.9264853201818601,455141,22474,432667
12978,1.9263368777931884,455141,22474,432667
12979,1.926188458278758,455141,22474,432667
12980,1.926040061633282,455141,22474,432667
12981,1.9258916878514751,455141,22474,432667
12982,1.9257433369280543,455141,22474,432667
12983,1.925595008857737,455141,22474,432667
12984,1.9254467036352434,455141,22474,432667
12985,1.9252984212552946,455141,22474,432667
12986,1.9251501617126137,455141,22474,432667
12987,1.925001925001925,455141,22474,432667
12988,1.9248537111179551,455141,22474,432667
12989,1.9247055200554315,455141,22474,432667
12990,1.924557351809084,455141,22474,432667
12991,1.9244092063736433,455141,22474,432667
12992,1.9242610837438423,455141,22474,432667
12993,1.9241129839144155,455141,22474,432667
12994,1.9239649068800986,455141,22474,432667
12995,1.9238168526356292,455141,22474,432667
12996,1.9236688211757464,455141,22474,432667
12997,1.9235208124951912,455141,22474,432667
12998,1.923372826588706,455141,22474,432667
12999,1.9232248634510347,455141,22474,432667
13000,1.9230769230769231,455141,22474,432667
13001,1.9229290054611183,455141,22474,432667
13002,1.9227811105983694,455141,22474,432667
13003,1.9226332384834268,455141,22474,432667
13004,1.9224853891110427,455141,22474,432667
13005,1.9223375624759709,455141,22474,432667
13006,1.9221897585729664,455141,22474,432667
13007,1.9220419773967863,455141,22474,432667
13008,1.9218942189421895,455141,22474,432667
13009,1.9217464832039357,455141,22474,432667
13010,1.9215987701767872,455141,22474,432667
13011,1.921451079855507,455141,22474,432667
13012,1.9213034122348602,455141,22474,432667
13013,1.9211557673096136,455141,22474,432667
13014,1.921008145074535,455141,22474,432667
13015,1.920860545524395,455141,22474,432667
13016,1.9207129686539643,455141,22474,432667
13017,1.9205654144580164,455141,22474,432667
13018,1.9204178829313259,455141,22474,432667
13019,1.9202703740686689,454838,21855,432983
13020,1.9201228878648233,454838,21855,432983
13021,1.9199754243145688,454838,21855,432983
13022,1.9198279834126861,454838,21855,432983
13023,1.9196805651539584,454838,21855,432983
13024,1.9195331695331694,454838,21855,432983
13025,1.9193857965451055,454838,21855,432983
13026,1.919238446184554,454838,21855,432983
13027,1.9190911184463038,454838,21855,432983
13028,1.9189438133251457,454838,21855,432983
13029,1.9187965308158723,454838,21855,432983
13030,1.918649270913277,454838,21855,432983
13031,1.9185020336121557,454838,21855,432983
13032,1.9183548189073052,454838,21855,432983
13033,1.9182076267935242,454838,21855,432983
13034,1.918060457265613,454838,21855,432983
13035,1.9179133103183736,454838,21855,432983
13036,1.9177661859466093,454838,21855,432983
13037,1.9176190841451255,454838,21855,432983
13038,1.9174720049087284,454838,21855,432983
13039,1.9173249482322263,454838,21855,432983
13040,1.9171779141104295,454838,21855,432983
13041,1.917030902538149,454838,21855,432983
13042,1.9168839135101978,454838,21855,432983
13043,1.9167369470213909,454838,21855,432983
13044,1.916590003066544,454838,21855,432983
13045,1.9164430816404754,454838,21855,432983
13046,1.916296182738004,454838,21855,432983
13047,1.9161493063539512,454838,21855,432983
13048,1.9160024524831392,454838,21855,432983
13049,1.9158556211203923,454838,21855,432983
13050,1.9157088122605364,454838,21855,432983
13051,1.9155620258983985,454838,21855,432983
13052,1.9154152620288079,454838,21855,432983
13053,1.9152685206465947,454838,21855,432983
13054,1.9151218017465912,454838,21855,432983
13055,1.9149751053236308,454838,21855,432983
13056,1.914828431372549,454838,21855,432983
13057,1.9146817798881826,454838,21855,432983
13058,1.9145351508653699,454838,21855,432983
13059,1.914388544298951,454838,21855,432983
13060,1.9142419601837672,454838,21855,432983
13061,1.914095398514662,454838,21855,432983
13062,1.91394885928648,454838,21855,432983
13063,1.913802342494067,454838,21855,432983
13064,1.9136558481322719,454838,21855,432983
13065,1.9135093761959434,454838,21855,432983
13066,1.9133629266799326,454838,21855,432983
13067,1.9132164995790923,454838,21855,432983
13068,1.9130700948882766,454838,21855,432983
13069,1.9129237126023415,454838,21855,432983
13070,1.9127773527161438,454838,21855,432983
13071,1.912631015224543,454838,21855,432983
13072,1.912484700122399,454838,21855,432983
13073,1.9123384074045744,454838,21855,432983
13074,1.9121921370659325,454838,21855,432983
13075,1.9120458891013383,454838,21855,432983
13076,1.9118996635056593,454838,21855,432983
13077,1.9117534602737631,454838,21855,432983
13078,1.9116072794005199,454838,21855,432983
13079,1.9114611208808012,454838,21855,432983
13080,1.9113149847094801,454838,21855,432983
13081,1.9111688708814312,454838,21855,432983
13082,1.9110227793915304,454838,21855,432983
13083,1.9108767102346556,454838,21855,432983
13084,1.9107306634056864,454838,21855,432983
13085,1.9105846388995031,454838,21855,432983
13086,1.910438636710989,454838,21855,432983
13087,1.9102926568350271,454838,21855,432983
13088,1.9101466992665037,454838,21855,432983
13089,1.9100007640003056,454838,21855,432983
13090,1.9098548510313216,454838,21855,432983
13091,1.909708960354442,454838,21855,432983
13092,1.9095630919645585,454838,21855,432983
13093,1.9094172458565646,454838,21855,432983
13094,1.909271422025355,454838,21855,432983
13095,1.9091256204658267,454838,21855,432983
13096,1.9089798411728771,454838,21855,432983
13097,1.9088340841414064,454838,21855,432983
13098,1.9086883493663154,454838,21855,432983
13099,1.9085426368425071,454838,21855,432983
13100,1.9083969465648856,454838,21855,432983
13101,1.9082512785283565,454838,21855,432983
13102,1.9081056327278278,454838,21855,432983
13103,1.907960009158208,454838,21855,432983
13104,1.907814407814408,454838,21855,432983
13105,1.9076688286913392,454838,21855,432983
13106,1.9075232717839157,454838,21855,432983
13107,1.9073777370870528,454838,21855,432983
13108,1.9072322245956668,454838,21855,432983
13109,1.9070867343046762,454838,21855,432983
13110,1.9069412662090008,454838,21855,432983
13111,1.906795820303562,454838,21855,432983
13112,1.9066503965832824,454838,21855,432983
13113,1.906504995043087,454838,21855,432983
13114,1.9063596156779015,454838,21855,432983
13115,1.9062142584826534,454838,21855,432983
13116,1.906068923452272,454838,21855,432983
13117,1.905923610581688,454838,21855,432983
13118,1.9057783198658331,454838,21855,432983
13119,1.9056330512996418,454838,21855,432983
13120,1.9054878048780488,454838,21855,432983
13121,1.9053425805959912,454838,21855,432983
13122,1.9051973784484073,454838,21855,432983
13123,1.905052198430237,454838,21855,432983
13124,1.904907040536422,454838,21855,432983
13125,1.9047619047619047,454838,21855,432983
13126,1.9046167911016303,454838,21855,432983
13127,1.9044716995505446,454838,21855,432983
13128,1.9043266301035953,454838,21855,432983
13129,1.9041815827557316,454838,21855,432983
13130,1.904036557501904,454838,21855,432983
13131,1.903891554337065,454838,21855,432983
13132,1.903746573256168,454838,21855,432983
13133,1.903601614254169,454838,21855,432983
13134,1.903456677326024,454838,21855,432983
13135,1.903311762466692,454838,21855,432983
13136,1.9031668696711328,454838,21855,432983
13137,1.9030219989343078,454838,21855,432983
13138,1.9028771502511799,454838,21855,432983
13139,1.9027323236167135,454838,21855,432983
13140,1.9025875190258752,454838,21855,432983
13141,1.902442736473632,454838,21855,432983
13142,1.9022979759549536,454838,21855,432983
13143,1.9021532374648102,454838,21855,432983
13144,1.902008520998174,454838,21855,432983
13145,1.901863826550019,454838,21855,432983
13146,1.9017191541153202,454838,21855,432983
13147,1.9015745036890546,454838,21855,432983
13148,1.9014298752662002,454838,21855,432983
13149,1.901285268841737,454838,21855,432983
13150,1.9011406844106464,454838,21855,432983
13151,1.9009961219679112,454838,21855,432983
13152,1.9008515815085159,454806,21855,432951
13153,1.9007070630274463,454806,21855,432951
13154,1.90056256651969,454806,21855,432951
13155,1.9004180919802356,454806,21855,432951
13156,1.9002736394040742,454806,21855,432951
13157,1.9001292087861974,454806,21855,432951
13158,1.899984800121599,454806,21855,432951
13159,1.899840413405274,454806,21855,432951
13160,1.8996960486322187,454806,21855,432951
13161,1.8995517057974318,454806,21855,432951
13162,1.8994073848959125,454806,21855,432951
13163,1.899263085922662,454806,21855,432951
13164,1.8991188088726831,454807,21855,432952
13165,1.89897455374098,454807,21855,432952
13166,1.898830320522558,454807,21855,432952
13167,1.898686109212425,454807,21855,432952
13168,1.8985419198055893,454807,21855,432952
13169,1.8983977522970612,454807,21855,432952
13170,1.8982536066818527,454807,21855,432952
13171,1.898109482954977,454807,21855,432952
13172,1.8979653811114485,454807,21855,432952
13173,1.8978213011462841,454807,21855,432952
13174,1.8976772430545013,454807,21855,432952
13175,1.8975332068311195,454807,21855,432952
13176,1.8973891924711597,454807,21855,432952
13177,1.897245199969644,454807,21855,432952
13178,1.8971012293215965,454807,21855,432952
13179,1.8969572805220427,454807,21855,432952
13180,1.896813353566009,454807,21855,432952
13181,1.8966694484485245,454807,21855,432952
13182,1.8965255651646185,454807,21855,432952
13183,1.8963817037093227,454807,21855,432952
13184,1.8962378640776698,454807,21855,432952
13185,1.8960940462646947,454807,21855,432952
13186,1.895950250265433,454807,21855,432952
13187,1.8958064760749223,454807,21855,432952
13188,1.8956627236882013,454807,21855,432952
13189,1.895518993100311,454807,21855,432952
13190,1.8953752843062925,454807,21855,432952
13191,1.8952315973011902,454807,21855,432952
13192,1.8950879320800484,454807,21855,432952
13193,1.894944288637914,454807,21855,432952
13194,1.8948006669698347,454807,21855,432952
13195,1.8946570670708602,454807,21855,432952
13196,1.8945134889360413,454807,21855,432952
13197,1.8943699325604304,454807,21855,432952
13198,1.8942263979390817,454807,21855,432952
13199,1.8940828850670506,454807,21855,432952
13200,1.893939393939394,454807,21855,432952
13201,1.8937959245511704,454807,21855,432952
13202,1.8936524768974399,454807,21855,432952
13203,1.8935090509732637,454807,21855,432952
13204,1.893365646773705,454807,21855,432952
13205,1.8932222642938281,454807,21855,432952
13206,1.893078903528699,454807,21855,432952
13207,1.8929355644733854,454807,21855,432952
13208,1.8927922471229557,454807,21855,432952
13209,1.892648951472481,454807,21855,432952
13210,1.8925056775170326,454807,21855,432952
13211,1.8923624252516842,454807,21855,432952
13212,1.8922191946715108,454807,21855,432952
13213,1.8920759857715885,454807,21855,432952
13214,1.8919327985469956,454807,21855,432952
13215,1.8917896329928112,454807,21855,432952
13216,1.8916464891041163,454745,21855,432890
13217,1.891503366875993,454746,21855,432891
13218,1.8913602663035256,454746,21855,432891
13219,1.891217187381799,454746,21855,432891
13220,1.8910741301059002,454746,21855,432891
13221,1.8909310944709175,454746,21855,432891
13222,1.8907880804719408,454746,21855,432891
13223,1.890645088104061,454746,21855,432891
13224,1.8905021173623715,454746,21855,432891
13225,1.890359168241966,454746,21855,432891
13226,1.8902162407379404,454746,21855,432891
13227,1.890073334845392,454746,21855,432891
13228,1.8899304505594194,454746,21855,432891
13229,1.889787587875123,454746,21855,432891
13230,1.8896447467876039,454746,21855,432891
13231,1.8895019272919658,454746,21855,432891
13232,1.8893591293833132,454746,21855,432891
13233,1.889216353056752,454746,21855,432891
13234,1.88907359830739,454746,21855,432891
13235,1.8889308651303363,454746,21855,432891
13236,1.8887881535207012,454746,21855,432891
13237,1.8886454634735967,454746,21855,432891
13238,1.8885027949841366,454746,21855,432891
13239,1.8883601480474357,454746,21855,432891
13240,1.8882175226586102,454746,21855,432891
13241,1.8880749188127786,454746,21855,432891
13242,1.8879323365050598,454746,21855,432891
13243,1.8877897757305746,454746,21855,432891
13244,1.8876472364844459,454746,21855,432891
13245,1.8875047187617968,454746,21855,432891
13246,1.8873622225577533,454746,21855,432891
13247,1.8872197478674417,454746,21855,432891
13248,1.8870772946859904,454746,21855,432891
13249,1.886934863008529,454746,21855,432891
13250,1.8867924528301887,454746,21855,432891
13251,1.8866500641461021,454746,21855,432891
13252,1.8865076969514036,454746,21855,432891
13253,1.8863653512412284,454746,21855,432891
13254,1.8862230270107136,454746,21855,432891
13255,1.8860807242549982,454746,21855,432891
13256,1.8859384429692214,454746,21855,432891
13257,1.8857961831485253,454746,21855,432891
13258,1.8856539447880525,454746,21855,432891
13259,1.8855117278829474,454746,21855,432891
13260,1.885369532428356,454746,21855,432891
13261,1.8852273584194255,454746,21855,432891
13262,1.8850852058513046,454746,21855,432891
13263,1.8849430747191436,454746,21855,432891
13264,1.8848009650180941,454746,21855,432891
13265,1.8846588767433095,454746,21855,432891
13266,1.8845168098899443,454746,21855,432891
13267,1.8843747644531545,454746,21855,432891
13268,1.8842327404280976,454746,21855,432891
13269,1.884090737809933,454746,21855,432891
13270,1.8839487565938207,454746,21855,432891
13271,1.8838067967749228,454746,21855,432891
13272,1.8836648583484026,454746,21855,432891
13273,1.8835229413094252,454746,21855,432891
13274,1.8833810456531566,454746,21855,432891
13275,1.8832391713747645,454746,21855,432891
13276,1.8830973184694184,454746,21855,432891
13277,1.8829554869322889,454746,21855,432891
13278,1.882813676758548,454746,21855,432891
13279,1.8826718879433693,454746,21855,432891
13280,1.8825301204819278,454746,21855,432891
13281,1.8823883743693999,454746,21855,432891
13282,1.8822466496009638,454746,21855,432891
13283,1.8821049461717985,454746,21855,432891
13284,1.8819632640770851,454746,21855,432891
13285,1.881821603312006,454746,21855,432891
13286,1.8816799638717447,454746,21855,432891
13287,1.8815383457514865,454746,21855,432891
13288,1.8813967489464178,454746,21855,432891
13289,1.881255173451727,454746,21855,432891
13290,1.8811136192626035,454746,21855,432891
13291,1.8809720863742383,454746,21855,432891
13292,1.8808305747818237,454746,21855,432891
13293,1.8806890844805537,454746,21855,432891
13294,1.8805476154656235,454746,21855,432891
13295,1.8804061677322301,454746,21855,432891
13296,1.8802647412755715,454746,21855,432891
13297,1.8801233360908476,454746,21855,432891
13298,1.879981952173259,454746,21855,432891
13299,1.8798405895180088,454746,21855,432891
13300,1.8796992481203008,454746,21855,432891
13301,1.8795579279753403,454746,21855,432891
13302,1.879416629078334,454746,21855,432891
13303,1.8792753514244906,454746,21855,432891
13304,1.8791340950090198,454746,21855,432891
13305,1.8789928598271326,454746,21855,432891
13306,1.8788516458740419,454746,21855,432891
13307,1.8787104531449612,454746,21855,432891
13308,1.8785692816351067,454746,21855,432891
13309,1.8784281313396949,454746,21855,432891
13310,1.8782870022539444,454746,21855,432891
13311,1.8781458943730749,454746,21855,432891
13312,1.8780048076923077,454746,21855,432891
13313,1.8778637422068654,454746,21855,432891
13314,1.8777226979119723,454746,21855,432891
13315,1.877581674802854,454746,21855,432891
13316,1.8774406728747373,454746,21855,432891
13317,1.8772996921228504,454746,21855,432891
13318,1.8771587325424237,454746,21855,432891
13319,1.8770177941286883,454746,21855,432891
13320,1.8768768768768769,454746,21855,432891
13321,1.8767359807822235,454746,21855,432891
13322,1.876595105839964,454746,21855,432891
13323,1.8764542520453351,454746,21855,432891
13324,1.8763134193935755,454746,21855,432891
13325,1.876172607879925,454746,21855,432891
13326,1.8760318174996249,454746,21855,432891
13327,1.8758910482479179,454746,21855,432891
13328,1.875750300120048,454746,21855,432891
13329,1.8756095731112612,454746,21855,432891
13330,1.8754688672168043,454746,21855,432891
13331,1.8753281824319257,454746,21855,432891
13332,1.8751875187518752,454746,21855,432891
13333,1.8750468761719044,454746,21855,432891
13334,1.8749062546872657,454746,21855,432891
13335,1.8747656542932134,454746,21855,432891
13336,1.874625074985003,454746,21855,432891
13337,1.8744845167578916,454746,21855,432891
13338,1.8743439796071375,454746,21855,432891
13339,1.8742034635280005,454746,21855,432891
13340,1.8740629685157422,454746,21855,432891
13341,1.8739224945656248,454746,21855,432891
13342,1.8737820416729125,454746,21855,432891
13343,1.8736416098328712,454746,21855,432891
13344,1.8735011990407673,454746,21855,432891
13345,1.8733608092918697,454746,21855,432891
13346,1.8732204405814477,454746,21855,432891
13347,1.8730800929047726,454746,21855,432891
13348,1.8729397662571172,454746,21855,432891
13349,1.8727994606337552,454746,21855,432891
13350,1.8726591760299625,454746,21855,432891
13351,1.8725189124410158,454746,21855,432891
13352,1.872378669862193,454746,21855,432891
13353,1.872238448288774,454746,21855,432891
13354,1.8720982477160402,454746,21855,432891
13355,1.8719580681392738,454746,21855,432891
13356,1.8718179095537586,454746,21855,432891
13357,1.8716777719547804,454746,21855,432891
13358,1.8715376553376253,454746,21855,432891
13359,1.8713975596975823,454746,21855,432891
13360,1.8712574850299402,454746,21855,432891
13361,1.8711174313299903,454746,21855,432891
13362,1.870977398593025,454746,21855,432891
13363,1.8708373868143382,454746,21855,432891
13364,1.8706973959892248,454746,21855,432891
13365,1.8705574261129816,454746,21855,432891
13366,1.8704174771809068,454746,21855,432891
13367,1.8702775491882995,454746,21855,432891
13368,1.8701376421304607,454746,21855,432891
13369,1.8699977560026928,454746,21855,432891
13370,1.8698578908002992,454746,21855,432891
13371,1.869718046518585,454746,21855,432891
13372,1.8695782231528568,454746,21855,432891
13373,1.8694384206984223,454746,21855,432891
13374,1.8692986391505908,454746,21855,432891
13375,1.8691588785046729,454746,21855,432891
13376,1.869019138755981,454746,21855,432891
13377,1.868879419899828,454746,21855,432891
13378,1.8687397219315294,454746,21855,432891
13379,1.868600044846401,454746,21855,432891
13380,1.8684603886397608,454746,21855,432891
13381,1.8683207533069277,454746,21855,432891
13382,1.8681811388432223,454746,21855,432891
13383,1.8680415452439663,454746,21855,432891
13384,1.867901972504483,454746,21855,432891
13385,1.8677624206200971,454746,21855,432891
13386,1.8676228895861349,454746,21855,432891
13387,1.8674833793979233,454746,21855,432891
13388,1.8673438900507917,454746,21855,432891
13389,1.8672044215400703,454746,21855,432891
13390,1.8670649738610903,454746,21855,432891
13391,1.8669255470091852,454746,21855,432891
13392,1.8667861409796893,454746,21855,432891
13393,1.8666467557679385,454746,21855,432891
13394,1.8665073913692698,454746,21855,432891
13395,1.866368047779022,454746,21855,432891
13396,1.8662287249925351,454746,21855,432891
13397,1.8660894230051503,454746,21855,432891
13398,1.8659501418122109,454746,21855,432891
13399,1.8658108814090604,454746,21855,432891
13400,1.8656716417910448,454746,21855,432891
13401,1.8655324229535108,454746,21855,432891
13402,1.8653932248918073,454746,21855,432891
13403,1.8652540476012833,454746,21855,432891
13404,1.8651148910772903,454746,21855,432891
13405,1.864975755315181,454746,21855,432891
13406,1.8648366403103087,454746,21855,432891
13407,1.8646975460580293,454746,21855,432891
13408,1.8645584725536992,454746,21855,432891
13409,1.8644194197926767,454746,21855,432891
13410,1.8642803877703207,454746,21855,432891
13411,1.8641413764819923,454746,21855,432891
13412,1.864002385923054,454746,21855,432891
13413,1.863863416088869,454746,21855,432891
13414,1.8637244669748025,454746,21855,432891
13415,1.8635855385762206,454746,21855,432891
13416,1.8634466308884914,454746,21855,432891
13417,1.8633077439069836,454746,21855,432891
13418,1.863168877627068,454706,21951,432755
13419,1.8630300320441167,454706,21951,432755
13420,1.8628912071535022,454706,21951,432755
13421,1.8627524029505997,454706,21951,432755
13422,1.8626136194307852,454706,21951,432755
13423,1.862474856589436,454706,21951,432755
13424,1.8623361144219308,454706,21951,432755
13425,1.86219739292365,454706,21951,432755
13426,1.8620586920899747,454706,21951,432755
13427,1.861920011916288,454706,21951,432755
13428,1.8617813523979745,454706,21951,432755
13429,1.8616427135304192,454706,21951,432755
13430,1.8615040953090096,454706,21951,432755
13431,1.861365497729134,454706,21951,432755
13432,1.8612269207861822,454706,21951,432755
13433,1.8610883644755454,454706,21951,432755
13434,1.8609498287926158,454706,21951,432755
13435,1.8608113137327875,454706,21951,432755
13436,1.860672819291456,454706,21951,432755
13437,1.8605343454640173,454706,21951,432755
13438,1.8603958922458699,454706,21951,432755
13439,1.860257459632413,454706,21951,432755
13440,1.8601190476190477,454706,21951,432755
13441,1.8599806562011756,454706,21951,432755
13442,1.8598422853742003,454706,21951,432755
13443,1.8597039351335267,454706,21951,432755
13444,1.859565605474561,454706,21951,432755
13445,1.859427296392711,454706,21951,432755
13446,1.8592890078833855,454706,21951,432755
13447,1.8591507399419944,454706,21951,432755
13448,1.85901249256395,454706,21951,432755
13449,1.858874265744665,454706,21951,432755
13450,1.858736059479554,454706,21951,432755
13451,1.8585978737640325,454706,21951,432755
13452,1.8584597085935177,454706,21951,432755
13453,1.8583215639634283,454706,21951,432755
13454,1.8581834398691839,454706,21951,432755
13455,1.858045336306206,454706,21951,432755
13456,1.8579072532699168,454706,21951,432755
13457,1.8577691907557405,454706,21951,432755
13458,1.8576311487591024,454706,21951,432755
13459,1.8574931272754291,454706,21951,432755
13460,1.8573551263001487,454706,21951,432755
13461,1.8572171458286904,454706,21951,432755
13462,1.857079185856485,454706,21951,432755
13463,1.8569412463789645,454706,21951,432755
13464,1.8568033273915627,454706,21951,432755
13465,1.856665428889714,454706,21951,432755
13466,1.8565275508688548,454706,21951,432755
13467,1.8563896933244226,454706,21951,432755
13468,1.8562518562518562,454706,21951,432755
13469,1.8561140396465958,454706,21951,432755
13470,1.8559762435040832,454706,21951,432755
13471,1.855838467819761,454706,21951,432755
13472,1.8557007125890737,454706,21951,432755
13473,1.8555629778074667,454706,21951,432755
13474,1.8554252634703874,454706,21951,432755
13475,1.8552875695732838,454706,21951,432755
13476,1.8551498961116057,454706,21951,432755
13477,1.8550122430808043,454706,21951,432755
13478,1.8548746104763318,454706,21951,432755
13479,1.854736998293642,454706,21951,432755
13480,1.8545994065281899,454706,21951,432755
13481,1.854461835175432,454706,21951,432755
13482,1.8543242842308263,454706,21951,432755
13483,1.8541867536898315,454706,21951,432755
13484,1.8540492435479086,454706,21951,432755
13485,1.8539117538005192,454706,21951,432755
13486,1.8537742844431262,454706,21951,432755
13487,1.8536368354711945,454706,21951,432755
13488,1.8534994068801898,454706,21951,432755
13489,1.8533619986655794,454706,21951,432755
13490,1.8532246108228316,454706,21951,432755
13491,1.8530872433474168,454706,21951,432755
13492,1.8529498962348059,454706,21951,432755
13493,1.8528125694804713,454706,21951,432755
13494,1.8526752630798873,454706,21951,432755
13495,1.852537977028529,454706,21951,432755
13496,1.8524007113218732,454706,21951,432755
13497,1.8522634659553976,454706,21951,432755
13498,1.8521262409245813,454706,21951,432755
13499,1.8519890362249056,454706,21951,432755
13500,1.8518518518518519,454706,21951,432755
13501,1.8517146878009036,454706,21951,432755
13502,1.8515775440675455,454706,21951,432755
13503,1.8514404206472637,454706,21951,432755
13504,1.8513033175355451,454706,21951,432755
13505,1.8511662347278786,454706,21951,432755
13506,1.8510291722197543,454706,21951,432755
13507,1.8508921300066632,454574,21960,432614
13508,1.8507551080840983,454574,21960,432614
13509,1.8506181064475535,454574,21960,432614
13510,1.8504811250925242,454574,21960,432614
13511,1.8503441640145066,454574,21960,432614
13512,1.8502072232089994,454574,21960,432614
13513,1.8500703026715015,454574,21960,432614
13514,1.8499334023975136,454574,21960,432614
13515,1.8497965223825379,454574,21960,432614
13516,1.8496596626220776,454574,21960,432614
13517,1.8495228231116372,454574,21960,432614
13518,1.849386003846723,454574,21960,432614
13519,1.849249204822842,454574,21960,432614
13520,1.849112426035503,454574,21960,432614
13521,1.848975667480216,454574,21960,432614
13522,1.8488389291524923,454574,21960,432614
13523,1.8487022110478444,454574,21960,432614
13524,1.8485655131617864,454574,21960,432614
13525,1.8484288354898337,454574,21960,432614
13526,1.8482921780275026,454574,21960,432614
13527,1.8481555407703112,454574,21960,432614
13528,1.8480189237137787,454574,21960,432614
13529,1.847882326853426,454574,21960,432614
13530,1.8477457501847745,454574,21960,432614
13531,1.8476091937033479,454574,21960,432614
13532,1.8474726574046705,454574,21960,432614
13533,1.8473361412842682,454574,21960,432614
13534,1.847199645337668,454574,21960,432614
13535,1.847063169560399,454574,21960,432614
13536,1.8469267139479906,454574,21960,432614
13537,1.846790278495974,454574,21960,432614
13538,1.846653863199882,454574,21960,432614
13539,1.8465174680552479,454574,21960,432614
13540,1.846381093057607,454574,21960,432614
13541,1.846244738202496,454574,21960,432614
13542,1.8461084034854527,454574,21960,432614
13543,1.8459720889020157,454574,21960,432614
13544,1.845835794447726,454574,21960,432614
13545,1.8456995201181248,454574,21960,432614
13546,1.8455632659087553,454574,21960,432614
13547,1.845427031815162,454574,21960,432614
13548,1.8452908178328904,454574,21960,432614
13549,1.8451546239574876,454574,21960,432614
13550,1.845018450184502,454574,21960,432614
13551,1.8448822965094827,454574,21960,432614
13552,1.844746162927981,454574,21960,432614
13553,1.8446100494355493,454574,21960,432614
13554,1.8444739560277408,454574,21960,432614
13555,1.8443378827001107,454574,21960,432614
13556,1.8442018294482148,454574,21960,432614
13557,1.8440657962676108,454574,21960,432614
13558,1.8439297831538575,454574,21960,432614
13559,1.843793790102515,454574,21960,432614
13560,1.8436578171091444,454574,21960,432614
13561,1.843521864169309,454574,21960,432614
13562,1.8433859312785725,454574,21960,432614
13563,1.8432500184325002,454574,21960,432614
13564,1.8431141256266588,454574,21960,432614
13565,1.8429782528566163,454574,21960,432614
13566,1.842842400117942,454574,21960,432614
13567,1.8427065674062062,454574,21960,432614
13568,1.8425707547169812,454574,21960,432614
13569,1.8424349620458398,454574,21960,432614
13570,1.8422991893883567,454574,21960,432614
13571,1.8421634367401076,454574,21960,432614
13572,1.8420277040966697,454574,21960,432614
13573,1.8418919914536211,454574,21960,432614
13574,1.841756298806542,454574,21960,432614
13575,1.8416206261510129,454574,21960,432614
13576,1.8414849734826164,454574,21960,432614
13577,1.841349340796936,454574,21960,432614
13578,1.8412137280895566,454574,21960,432614
13579,1.8410781353560646,454574,21960,432614
13580,1.840942562592047,454574,21960,432614
13581,1.8408070097930933,454574,21960,432614
13582,1.8406714769547932,454574,21960,432614
13583,1.840535964072738,454574,21960,432614
13584,1.8404004711425206,454574,21960,432614
13585,1.840264998159735,454574,21960,432614
13586,1.8401295451199764,454574,21960,432614
13587,1.8399941120188414,454574,21960,432614
13588,1.839858698851928,454574,21960,432614
13589,1.8397233056148354,454574,21960,432614
13590,1.839587932303164,454574,21960,432614
13591,1.8394525789125156,454574,21960,432614
13592,1.8393172454384932,454574,21960,432614
13593,1.8391819318767013,454574,21960,432614
13594,1.8390466382227453,454574,21960,432614
13595,1.8389113644722324,454574,21960,432614
13596,1.8387761106207707,454574,21960,432614
13597,1.83864087666397,454574,21960,432614
13598,1.8385056625974407,454574,21960,432614
13599,1.8383704684167954,454574,21960,432614
13600,1.838235294117647,454574,21960,432614
13601,1.8381001396956107,454574,21960,432614
13602,1.8379650051463021,454574,21960,432614
13603,1.8378298904653385,454574,21960,432614
13604,1.8376947956483387,454574,21960,432614
13605,1.8375597206909224,454574,21960,432614
13606,1.8374246655887108,454574,21960,432614
13607,1.8372896303373263,454574,21960,432614
13608,1.8371546149323927,454574,21960,432614
13609,1.837019619369535,454574,21960,432614
13610,1.836884643644379,454574,21960,432614
13611,1.836749687752553,454574,21960,432614
13612,1.8366147516896856,454574,21960,432614
13613,1.8364798354514067,454574,21960,432614
13614,1.836344939033348,454574,21960,432614
13615,1.8362100624311422,454574,21960,432614
13616,1.836075205640423,454574,21960,432614
13617,1.835940368656826,454574,21960,432614
13618,1.8358055514759877,454574,21960,432614
13619,1.8356707540935457,454574,21960,432614
13620,1.8355359765051396,454574,21960,432614
13621,1.8354012187064093,454574,21960,432614
13622,1.8352664806929966,454574,21960,432614
13623,1.8351317624605448,454574,21960,432614
13624,1.8349970640046975,454574,21960,432614
13625,1.834862385321101,454574,21960,432614
13626,1.8347277264054014,454574,21960,432614
13627,1.8345930872532472,454574,21960,432614
13628,1.8344584678602875,454574,21960,432614
13629,1.8343238682221734,454574,21960,432614
13630,1.834189288334556,454574,21960,432614
13631,1.8340547281930892,454574,21960,432614
13632,1.8339201877934272,454574,21960,432614
13633,1.8337856671312256,454574,21960,432614
13634,1.8336511662021417,454574,21960,432614
13635,1.8335166850018336,454574,21960,432614
13636,1.8333822235259607,454574,21960,432614
13637,1.833247781770184,454574,21960,432614
13638,1.8331133597301656,454574,21960,432614
13639,1.8329789574015691,454574,21960,432614
13640,1.8328445747800586,454574,21960,432614
13641,1.8327102118613006,454574,21960,432614
13642,1.8325758686409617,454574,21960,432614
13643,1.832441545114711,454574,21960,432614
13644,1.8323072412782175,454574,21960,432614
13645,1.8321729571271528,454574,21960,432614
13646,1.832038692657189,454574,21960,432614
13647,1.8319044478639994,454574,21960,432614
13648,1.831770222743259,454574,21960,432614
13649,1.831636017290644,454574,21960,432614
13650,1.8315018315018314,454574,21960,432614
13651,1.8313676653725002,454574,21960,432614
13652,1.83123351889833,454574,21960,432614
13653,1.8310993920750018,454574,21960,432614
13654,1.8309652848981983,454574,21960,432614
13655,1.8308311973636031,454574,21960,432614
13656,1.830697129466901,454574,21960,432614
13657,1.8305630812037783,454574,21960,432614
13658,1.8304290525699225,454574,21960,432614
13659,1.8302950435610221,454574,21960,432614
13660,1.8301610541727673,454574,21960,432614
13661,1.830027084400849,454574,21960,432614
13662,1.8298931342409603,454574,21960,432614
13663,1.8297592036887946,454574,21960,432614
13664,1.829625292740047,454574,21960,432614
13665,1.8294914013904136,454574,21960,432614
13666,1.829357529635592,454574,21960,432614
13667,1.8292236774712811,454574,21960,432614
13668,1.8290898448931812,454574,21960,432614
13669,1.8289560318969933,454574,21960,432614
13670,1.8288222384784198,454574,21960,432614
13671,1.8286884646331651,454574,21960,432614
13672,1.828554710356934,454574,21960,432614
13673,1.8284209756454326,454574,21960,432614
13674,1.828287260494369,454574,21960,432614
13675,1.8281535648994516,454574,21960,432614
13676,1.8280198888563908,454574,21960,432614
13677,1.8278862323608978,454574,21960,432614
13678,1.8277525954086855,454574,21960,432614
13679,1.8276189779954675,454574,21960,432614
13680,1.827485380116959,454574,21960,432614
13681,1.8273518017688766,454574,21960,432614
13682,1.8272182429469377,454574,21960,432614
13683,1.8270847036468612,454574,21960,432614
13684,1.826951183864367,454574,21960,432614
13685,1.8268176835951773,454574,21960,432614
13686,1.8266842028350139,454574,21960,432614
13687,1.8265507415796012,454574,21960,432614
13688,1.826417299824664,454574,21960,432614
13689,1.826283877565929,454574,21960,432614
13690,1.8261504747991235,454574,21960,432614
13691,1.8260170915199767,454574,21960,432614
13692,1.8258837277242186,454574,21960,432614
13693,1.8257503834075806,454574,21960,432614
13694,1.8256170585657951,454574,21960,432614
13695,1.8254837531945967,454574,21960,432614
13696,1.8253504672897196,454574,21960,432614
13697,1.8252172008469008,454574,21960,432614
13698,1.8250839538618777,454574,21960,432614
13699,1.824950726330389,454574,21960,432614
13700,1.8248175182481752,454573,21960,432613
13701,1.8246843296109774,454573,21960,432613
13702,1.8245511604145381,454573,21960,432613
13703,1.824418010654601,454573,21960,432613
13704,1.8242848803269118,454573,21960,432613
13705,1.8241517694272162,454573,21960,432613
13706,1.8240186779512622,454573,21960,432613
13707,1.8238856058947983,454573,21960,432613
13708,1.8237525532535745,454573,21960,432613
13709,1.8236195200233423,454573,21960,432613
13710,1.8234865061998542,454573,21960,432613
13711,1.8233535117788637,454573,21960,432613
13712,1.823220536756126,454573,21960,432613
13713,1.8230875811273974,454573,21960,432613
13714,1.8229546448884353,454573,21960,432613
13715,1.822821728034998,454573,21960,432613
13716,1.8226888305628464,454573,21960,432613
13717,1.8225559524677408,454573,21960,432613
13718,1.822423093745444,454573,21960,432613
13719,1.8222902543917194,454573,21960,432613
13720,1.8221574344023324,454573,21960,432613
13721,1.8220246337730486,454573,21960,432613
13722,1.8218918524996357,454573,21960,432613
13723,1.821759090577862,454573,21960,432613
13724,1.8216263480034975,454573,21960,432613
13725,1.8214936247723132,454573,21960,432613
13726,1.8213609208800816,454573,21960,432613
13727,1.821228236322576,454573,21960,432613
13728,1.8210955710955712,454573,21960,432613
13729,1.820962925194843,454573,21960,432613
13730,1.820830298616169,454573,21960,432613
13731,1.8206976913553274,454573,21960,432613
13732,1.8205651034080979,454573,21960,432613
13733,1.8204325347702615,454573,21960,432613
13734,1.8202999854376,454573,21960,432613
13735,1.8201674554058973,454573,21960,432613
13736,1.8200349446709376,454573,21960,432613
13737,1.8199024532285069,454573,21960,432613
13738,1.8197699810743921,454573,21960,432613
13739,1.8196375282043817,454573,21960,432613
13740,1.819505094614265,454573,21960,432613
13741,1.8193726802998327,454573,21960,432613
13742,1.8192402852568768,454573,21960,432613
13743,1.8191079094811904,454573,21960,432613
13744,1.818975552968568,454573,21960,432613
13745,1.8188432157148053,454573,21960,432613
13746,1.8187108977156992,454573,21960,432613
13747,1.8185785989670473,454573,21960,432613
13748,1.8184463194646494,454573,21960,432613
13749,1.8183140592043057,454573,21960,432613
13750,1.8181818181818181,454573,21960,432613
13751,1.8180495963929897,454573,21960,432613
13752,1.8179173938336242,454573,21960,432613
13753,1.8177852104995273,454573,21960,432613
13754,1.8176530463865057,454573,21960,432613
13755,1.817520901490367,454573,21960,432613
13756,1.8173887758069207,454573,21960,432613
13757,1.8172566693319765,454573,21960,432613
13758,1.8171245820613462,454573,21960,432613
13759,1.8169925139908423,454573,21960,432613
13760,1.816860465116279,454573,21960,432613
13761,1.8167284354334714,454573,21960,432613
13762,1.8165964249382358,454573,21960,432613
13763,1.8164644336263895,454573,21960,432613
13764,1.8163324614937517,454573,21960,432613
13765,1.8162005085361423,454573,21960,432613
13766,1.8160685747493825,454573,21960,432613
13767,1.8159366601292948,454573,21960,432613
13768,1.8158047646717026,454573,21960,432613
13769,1.815672888372431,454573,21960,432613
13770,1.8155410312273057,454573,21960,432613
13771,1.8154091932321545,454573,21960,432613
13772,1.8152773743828057,454573,21960,432613
13773,1.8151455746750889,454573,21960,432613
13774,1.8150137941048352,454573,21960,432613
13775,1.8148820326678765,454573,21960,432613
13776,1.8147502903600465,454573,21960,432613
13777,1.8146185671771793,454573,21960,432613
13778,1.814486863115111,454573,21960,432613
13779,1.8143551781696785,454573,21960,432613
13780,1.8142235123367199,454573,21960,432613
13781,1.8140918656120746,454573,21960,432613
13782,1.8139602379915831,454573,21960,432613
13783,1.8138286294710875,454573,21960,432613
13784,1.8136970400464307,454573,21960,432613
13785,1.8135654697134567,454573,21960,432613
13786,1.813433918468011,454573,21960,432613
13787,1.8133023863059403,454573,21960,432613
13788,1.8131708732230924,454573,21960,432613
13789,1.8130393792153165,454573,21960,432613
13790,1.8129079042784626,454573,21960,432613
13791,1.8127764484083824,454573,21960,432613
13792,1.812645011600928,454573,21960,432613
13793,1.8125135938519539,454573,21960,432613
13794,1.8123821951573147,454573,21960,432613
13795,1.812250815512867,454573,21960,432613
13796,1.812119454914468,454573,21960,432613
13797,1.8119881133579763,454573,21960,432613
13798,1.811856790839252,454573,21960,432613
13799,1.8117254873541562,454573,21960,432613
13800,1.8115942028985508,454573,21960,432613
13801,1.8114629374682993,454573,21960,432613
13802,1.8113316910592667,454573,21960,432613
13803,1.8112004636673187,454573,21960,432613
13804,1.8110692552883223,454573,21960,432613
13805,1.8109380659181455,454573,21960,432613
13806,1.8108068955526582,454573,21960,432613
13807,1.8106757441877308,454573,21960,432613
13808,1.8105446118192352,454573,21960,432613
13809,1.8104134984430444,454573,21960,432613
13810,1.8102824040550325,454573,21960,432613
13811,1.8101513286510753,454573,21960,432613
13812,1.8100202722270489,454573,21960,432613
13813,1.8098892347788316,454573,21960,432613
13814,1.809758216302302,454573,21960,432613
13815,1.8096272167933405,454573,21960,432613
13816,1.8094962362478286,454573,21960,432613
13817,1.8093652746616486,454573,21960,432613
13818,1.8092343320306845,454573,21960,432613
13819,1.8091034083508213,454573,21960,432613
13820,1.808972503617945,454573,21960,432613
13821,1.808841617827943,454573,21960,432613
13822,1.8087107509767038,454573,21960,432613
13823,1.8085799030601173,454573,21960,432613
13824,1.8084490740740742,454573,21960,432613
13825,1.8083182640144666,454573,21960,432613
13826,1.8081874728771878,454573,21960,432613
13827,1.8080567006581327,454573,21960,432613
13828,1.8079259473531963,454573,21960,432613
13829,1.8077952129582762,454573,21960,432613
13830,1.8076644974692697,454573,21960,432613
13831,1.8075338008820765,454573,21960,432613
13832,1.8074031231925969,454573,21960,432613
13833,1.8072724643967324,454573,21960,432613
13834,1.807141824490386,454573,21960,432613
13835,1.8070112034694614,454573,21960,432613
13836,1.8068806013298642,454573,21960,432613
13837,1.8067500180675002,454573,21960,432613
13838,1.8066194536782771,454573,21960,432613
13839,1.806488908158104,454573,21960,432613
13840,1.80635838150289,454573,21960,432613
13841,1.806227873708547,454573,21960,432613
13842,1.806097384770987,454573,21960,432613
13843,1.805966914686123,454573,21960,432613
13844,1.80583646344987,454372,21414,432958
13845,1.8057060310581436,454372,21414,432958
13846,1.8055756175068611,454372,21414,432958
13847,1.8054452227919404,454372,21414,432958
13848,1.805314846909301,454372,21414,432958
13849,1.8051844898548632,454372,21414,432958
13850,1.8050541516245486,454372,21414,432958
13851,1.8049238322142807,454372,21414,432958
13852,1.8047935316199826,454372,21414,432958
13853,1.8046632498375803,454372,21414,432958
13854,1.8045329868629998,454372,21414,432958
13855,1.804402742692169,454372,21414,432958
13856,1.8042725173210161,454372,21414,432958
13857,1.8041423107454717,454372,21414,432958
13858,1.8040121229614663,454372,21414,432958
13859,1.8038819539649324,454372,21414,432958
13860,1.8037518037518037,454372,21414,432958
13861,1.8036216723180145,454372,21414,432958
13862,1.8034915596595007,454372,21414,432958
13863,1.8033614657721995,454372,21414,432958
13864,1.8032313906520485,454372,21414,432958
13865,1.8031013342949873,454372,21414,432958
13866,1.8029712966969567,454372,21414,432958
13867,1.8028412778538978,454372,21414,432958
13868,1.8027112777617538,454372,21414,432958
13869,1.8025812964164685,454372,21414,432958
13870,1.802451333813987,454372,21414,432958
13871,1.802321389950256,454372,21414,432958
13872,1.8021914648212225,454372,21414,432958
13873,1.8020615584228357,454372,21414,432958
13874,1.801931670751045,454372,21414,432958
13875,1.8018018018018018,454372,21414,432958
13876,1.801671951571058,454372,21414,432958
13877,1.8015421200547668,454372,21414,432958
13878,1.801412307248883,454372,21414,432958
13879,1.8012825131493624,454372,21414,432958
13880,1.8011527377521614,454372,21414,432958
13881,1.8010229810532383,454372,21414,432958
13882,1.800893243048552,454372,21414,432958
13883,1.8007635237340633,454372,21414,432958
13884,1.8006338231057333,454372,21414,432958
13885,1.8005041411595246,454372,21414,432958
13886,1.8003744778914015,454372,21414,432958
13887,1.8002448332973284,454372,21414,432958
13888,1.8001152073732718,454372,21414,432958
13889,1.799985600115199,454372,21414,432958
13890,1.7998560115190785,454372,21414,432958
13891,1.7997264415808798,454372,21414,432958
13892,1.7995968902965735,454372,21414,432958
13893,1.799467357662132,454372,21414,432958
13894,1.7993378436735281,454372,21414,432958
13895,1.7992083483267363,454372,21414,432958
13896,1.7990788716177317,454372,21414,432958
13897,1.7989494135424913,454372,21414,432958
13898,1.7988199740969923,454372,21414,432958
13899,1.7986905532772142,454372,21414,432958
13900,1.7985611510791366,454372,21414,432958
13901,1.7984317674987411,454372,21414,432958
13902,1.7983024025320098,454372,21414,432958
13903,1.7981730561749263,454372,21414,432958
13904,1.7980437284234752,454372,21414,432958
13905,1.7979144192736425,454372,21414,432958
13906,1.7977851287214153,454372,21414,432958
13907,1.7976558567627814,454372,21414,432958
13908,1.7975266033937303,454372,21414,432958
13909,1.7973973686102525,454371,21414,432957
13910,1.7972681524083394,454371,21414,432957
13911,1.797138954783984,454371,21414,432957
13912,1.79700977573318,454371,21414,432957
13913,1.7968806152519226,454371,21414,432957
13914,1.7967514733362082,454371,21414,432957
13915,1.7966223499820337,454371,21414,432957
13916,1.796493245185398,454371,21414,432957
13917,1.7963641589423007,454371,21414,432957
13918,1.7962350912487426,454371,21414,432957
13919,1.7961060421007256,454371,21414,432957
13920,1.7959770114942528,454371,21414,432957
13921,1.7958479994253287,454372,21414,432958
13922,1.7957190058899584,454372,21414,432958
13923,1.7955900308841486,454372,21414,432958
13924,1.795461074403907,454372,21414,432958
13925,1.7953321364452424,454372,21414,432958
13926,1.795203217004165,454372,21414,432958
13927,1.7950743160766855,454322,21414,432908
13928,1.7949454336588169,454322,21414,432908
13929,1.7948165697465719,454322,21414,432908
13930,1.7946877243359656,454322,21414,432908
13931,1.7945588974230133,454322,21414,432908
13932,1.7944300890037324,454322,21414,432908
13933,1.7943012990741405,454322,21414,432908
13934,1.794172527630257,454322,21414,432908
13935,1.794043774668102,454322,21414,432908
13936,1.793915040183697,454322,21414,432908
13937,1.7937863241730645,454322,21414,432908
13938,1.7936576266322284,454322,21414,432908
13939,1.7935289475572136,454322,21414,432908
13940,1.793400286944046,454322,21414,432908
13941,1.7932716447887527,454322,21414,432908
13942,1.793143021087362,454322,21414,432908
13943,1.7930144158359034,454322,21414,432908
13944,1.7928858290304073,454322,21414,432908
13945,1.7927572606669058,454322,21414,432908
13946,1.7926287107414312,454322,21414,432908
13947,1.792500179250018,454322,21414,432908
13948,1.7923716661887008,454322,21414,432908
13949,1.7922431715535163,454322,21414,432908
13950,1.7921146953405018,454322,21414,432908
13951,1.7919862375456956,454322,21414,432908
13952,1.7918577981651376,454322,21414,432908
13953,1.7917293771948686,454322,21414,432908
13954,1.7916009746309303,454322,21414,432908
13955,1.7914725904693658,454322,21414,432908
13956,1.7913442247062195,454322,21414,432908
13957,1.7912158773375366,454322,21414,432908
13958,1.7910875483593638,454322,21414,432908
13959,1.7909592377677483,454322,21414,432908
13960,1.7908309455587392,454322,21414,432908
13961,1.7907026717283863,454322,21414,432908
13962,1.7905744162727404,454322,21414,432908
13963,1.7904461791878536,454322,21414,432908
13964,1.7903179604697794,454322,21414,432908
13965,1.7901897601145722,454322,21414,432908
13966,1.7900615781182874,454322,21414,432908
13967,1.7899334144769814,454322,21414,432908
13968,1.7898052691867126,454322,21414,432908
13969,1.7896771422435394,454322,21414,432908
13970,1.7895490336435218,454322,21414,432908
13971,1.7894209433827213,454322,21414,432908
13972,1.7892928714572,454322,21414,432908
13973,1.7891648178630215,454322,21414,432908
13974,1.78903678259625,454322,21414,432908
13975,1.7889087656529516,454322,21414,432908
13976,1.7887807670291929,454322,21414,432908
13977,1.7886527867210418,454322,21414,432908
13978,1.788524824724567,454322,21414,432908
13979,1.7883968810358395,454322,21414,432908
13980,1.78826895565093,454322,21414,432908
13981,1.7881410485659108,454322,21414,432908
13982,1.788013159776856,454322,21414,432908
13983,1.7878852892798398,454322,21414,432908
13984,1.7877574370709381,454322,21414,432908
13985,1.7876296031462282,454322,21414,432908
13986,1.7875017875017876,454322,21414,432908
13987,1.7873739901336956,454322,21414,432908
13988,1.7872462110380325,454322,21414,432908
13989,1.78711845021088,454322,21414,432908
13990,1.7869907076483202,454322,21414,432908
13991,1.786862983346437,454322,21414,432908
13992,1.786735277301315,454322,21414,432908
13993,1.7866075895090403,454322,21414,432908
13994,1.7864799199656995,454322,21414,432908
13995,1.7863522686673812,454322,21414,432908
13996,1.7862246356101743,454322,21414,432908
13997,1.7860970207901694,454322,21414,432908
13998,1.7859694242034576,454322,21414,432908
13999,1.7858418458461318,454322,21414,432908
14000,1.7857142857142858,454322,21414,432908
14001,1.785586743804014,454322,21414,432908
14002,1.7854592201114126,454322,21414,432908
14003,1.7853317146325787,454322,21414,432908
14004,1.7852042273636104,454322,21414,432908
14005,1.7850767583006069,454322,21414,432908
14006,1.7849493074396687,454322,21414,432908
14007,1.7848218747768974,454322,21414,432908
14008,1.7846944603083952,454322,21414,432908
14009,1.7845670640302662,454322,21414,432908
14010,1.7844396859386153,454322,21414,432908
14011,1.7843123260295481,454322,21414,432908
14012,1.7841849842991722,454322,21414,432908
14013,1.7840576607435952,454322,21414,432908
14014,1.7839303553589267,454322,21414,432908
14015,1.783803068141277,454322,21414,432908
14016,1.783675799086758,454322,21414,432908
14017,1.7835485481914817,454322,21414,432908
14018,1.7834213154515624,454322,21414,432908
14019,1.7832941008631142,454322,21414,432908
14020,1.783166904422254,454322,21414,432908
14021,1.783039726125098,454322,21414,432908
14022,1.782912565967765,454322,21414,432908
14023,1.7827854239463738,454322,21414,432908
14024,1.782658300057045,454322,21414,432908
14025,1.7825311942959001,454322,21414,432908
14026,1.7824041066590617,454322,21414,432908
14027,1.7822770371426535,454322,21414,432908
14028,1.7821499857428,454322,21414,432908
14029,1.7820229524556277,454322,21414,432908
14030,1.781895937277263,454322,21414,432908
14031,1.7817689402038344,454322,21414,432908
14032,1.781641961231471,454322,21414,432908
14033,1.781515000356303,454322,21414,432908
14034,1.781388057574462,454322,21414,432908
14035,1.7812611328820804,454322,21414,432908
14036,1.781134226275292,454322,21414,432908
14037,1.7810073377502316,454322,21414,432908
14038,1.7808804673030347,454322,21414,432908
14039,1.7807536149298384,454322,21414,432908
14040,1.7806267806267806,454322,21414,432908
14041,1.7804999643900008,454322,21414,432908
14042,1.7803731662156388,454322,21414,432908
14043,1.7802463860998363,454322,21414,432908
14044,1.7801196240387354,454322,21414,432908
14045,1.7799928800284799,454322,21414,432908
14046,1.7798661540652143,454322,21414,432908
14047,1.7797394461450844,454322,21414,432908
14048,1.779612756264237,454322,21414,432908
14049,1.7794860844188198,454322,21414,432908
14050,1.7793594306049823,454322,21414,432908
14051,1.7792327948188742,454322,21414,432908
14052,1.7791061770566468,454322,21414,432908
14053,1.7789795773144523,454322,21414,432908
14054,1.7788529955884447,454322,21414,432908
14055,1.7787264318747777,454322,21414,432908
14056,1.7785998861696073,454322,21414,432908
14057,1.7784733584690902,454322,21414,432908
14058,1.7783468487693839,454322,21414,432908
14059,1.7782203570666477,454322,21414,432908
14060,1.7780938833570412,454322,21414,432908
14061,1.7779674276367257,454322,21414,432908
14062,1.7778409899018632,454322,21414,432908
14063,1.777714570148617,454322,21414,432908
14064,1.7775881683731514,454322,21414,432908
14065,1.7774617845716316,454322,21414,432908
14066,1.7773354187402246,454322,21414,432908
14067,1.7772090708750978,454322,21414,432908
14068,1.7770827409724197,454322,21414,432908
14069,1.7769564290283602,454322,21414,432908
14070,1.7768301350390903,454322,21414,432908
14071,1.7767038590007818,454322,21414,432908
14072,1.7765776009096077,454322,21414,432908
14073,1.7764513607617423,454322,21414,432908
14074,1.7763251385533607,454322,21414,432908
14075,1.7761989342806395,454322,21414,432908
14076,1.7760727479397556,454322,21414,432908
14077,1.7759465795268878,454322,21414,432908
14078,1.7758204290382156,454322,21414,432908
14079,1.7756942964699198,454322,21414,432908
14080,1.7755681818181819,454322,21414,432908
14081,1.7754420850791848,454322,21414,432908
14082,1.7753160062491122,454322,21414,432908
14083,1.7751899453241498,454322,21414,432908
14084,1.7750639023004828,454322,21414,432908
14085,1.774937877174299,454322,21414,432908
14086,1.774811869941786,454322,21414,432908
14087,1.774685880599134,454322,21414,432908
14088,1.7745599091425326,454322,21414,432908
14089,1.7744339555681738,454322,21414,432908
14090,1.7743080198722498,454322,21414,432908
14091,1.7741821020509545,454322,21414,432908
14092,1.7740562021004826,454322,21414,432908
14093,1.7739303200170298,454322,21414,432908
14094,1.773804455796793,454322,21414,432908
14095,1.7736786094359702,454322,21414,432908
14096,1.7735527809307605,454322,21414,432908
14097,1.773426970277364,454322,21414,432908
14098,1.7733011774719818,454322,21414,432908
14099,1.7731754025108164,454322,21414,432908
14100,1.7730496453900708,454322,21414,432908
14101,1.7729239061059499,454322,21414,432908
14102,1.772798184654659,454322,21414,432908
14103,1.7726724810324044,454322,21414,432908
14104,1.7725467952353942,454322,21414,432908
14105,1.772421127259837,454322,21414,432908
14106,1.7722954771019424,454322,21414,432908
14107,1.7721698447579215,454322,21414,432908
14108,1.7720442302239865,454322,21414,432908
14109,1.77191863349635,454322,21414,432908
14110,1.7717930545712262,454322,21414,432908
14111,1.7716674934448302,454322,21414,432908
14112,1.7715419501133787,454322,21414,432908
14113,1.7714164245730886,454322,21414,432908
14114,1.7712909168201785,454322,21414,432908
14115,1.7711654268508679,454322,21414,432908
14116,1.771039954661377,454322,21414,432908
14117,1.770914500247928,454322,21414,432908
14118,1.7707890636067432,454322,21414,432908
14119,1.7706636447340462,454322,21414,432908
14120,1.7705382436260624,454322,21414,432908
14121,1.770412860279017,454322,21414,432908
14122,1.7702874946891376,454322,21414,432908
14123,1.7701621468526516,454322,21414,432908
14124,1.7700368167657887,454322,21414,432908
14125,1.7699115044247788,454322,21414,432908
14126,1.769786209825853,454322,21414,432908
14127,1.769660932965244,454322,21414,432908
14128,1.7695356738391845,454322,21414,432908
14129,1.7694104324439097,454322,21414,432908
14130,1.7692852087756545,454322,21414,432908
14131,1.769160002830656,454322,21414,432908
14132,1.7690348146051513,454322,21414,432908
14133,1.7689096440953795,454322,21414,432908
14134,1.7687844912975803,454322,21414,432908
14135,1.7686593562079944,454322,21414,432908
14136,1.7685342388228635,454322,21414,432908
14137,1.7684091391384311,454322,21414,432908
14138,1.7682840571509408,454322,21414,432908
14139,1.7681589928566377,454322,21414,432908
14140,1.768033946251768,454322,21414,432908
14141,1.767908917332579,454322,21414,432908
14142,1.7677839060953189,454322,21414,432908
14143,1.767658912536237,454322,21414,432908
14144,1.7675339366515836,454322,21414,432908
14145,1.7674089784376104,454322,21414,432908
14146,1.7672840378905699,454322,21414,432908
14147,1.7671591150067152,454322,21414,432908
14148,1.7670342097823013,454322,21414,432908
14149,1.766909322213584,454322,21414,432908
14150,1.7667844522968197,454322,21414,432908
14151,1.7666596000282666,454322,21414,432908
14152,1.7665347654041832,454322,21414,432908
14153,1.7664099484208295,454322,21414,432908
14154,1.7662851490744667,454322,21414,432908
14155,1.7661603673613564,454322,21414,432908
14156,1.766035603277762,454322,21414,432908
14157,1.7659108568199477,454322,21414,432908
14158,1.7657861279841787,454322,21414,432908
14159,1.7656614167667208,454322,21414,432908
14160,1.765536723163842,454322,21414,432908
14161,1.76541204717181,454322,21414,432908
14162,1.7652873887868945,454322,21414,432908
14163,1.765162748005366,454322,21414,432908
14164,1.765038124823496,454322,21414,432908
14165,1.7649135192375573,454322,21414,432908
14166,1.7647889312438232,454322,21414,432908
14167,1.7646643608385686,454322,21414,432908
14168,1.764539808018069,454322,21414,432908
14169,1.764415272778601,454322,21414,432908
14170,1.7642907551164433,454322,21414,432908
14171,1.7641662550278738,454322,21414,432908
14172,1.764041772509173,454322,21414,432908
14173,1.7639173075566217,454322,21414,432908
14174,1.763792860166502,454322,21414,432908
14175,1.763668430335097,454322,21414,432908
14176,1.7635440180586908,454322,21414,432908
14177,1.7634196233335684,454322,21414,432908
14178,1.7632952461560163,454322,21414,432908
14179,1.7631708865223217,454322,21414,432908
14180,1.7630465444287728,454322,21414,432908
14181,1.7629222198716592,454322,21414,432908
14182,1.7627979128472713,454322,21414,432908
14183,1.7626736233519003,454322,21414,432908
14184,1.7625493513818387,454322,21414,432908
14185,1.7624250969333803,454322,21414,432908
14186,1.7623008600028196,454322,21414,432908
14187,1.7621766405864523,454322,21414,432908
14188,1.7620524386805752,454322,21414,432908
14189,1.7619282542814856,454322,21414,432908
14190,1.7618040873854828,454322,21414,432908
14191,1.7616799379888661,454322,21414,432908
14192,1.7615558060879368,454322,21414,432908
14193,1.7614316916789967,454322,21414,432908
14194,1.7613075947583485,454322,21414,432908
14195,1.7611835153222966,454322,21414,432908
14196,1.7610594533671458,454322,21414,432908
14197,1.760935408889202,454322,21414,432908
14198,1.7608113818847726,454322,21414,432908
14199,1.7606873723501655,454322,21414,432908
14200,1.7605633802816902,454322,21414,432908
14201,1.7604394056756567,454322,21414,432908
14202,1.7603154485283763,454322,21414,432908
14203,1.7601915088361613,454322,21414,432908
14204,1.7600675865953253,454322,21414,432908
14205,1.7599436818021823,454322,21414,432908
14206,1.759819794453048,454322,21414,432908
14207,1.7596959245442387,454322,21414,432908
14208,1.759572072072072,454322,21414,432908
14209,1.7594482370328666,454322,21414,432908
14210,1.7593244194229416,454322,21414,432908
14211,1.759200619238618,454322,21414,432908
14212,1.7590768364762173,454322,21414,432908
14213,1.7589530711320622,454322,21414,432908
14214,1.7588293232024765,454322,21414,432908
14215,1.7587055926837847,454322,21414,432908
14216,1.758581879572313,454322,21414,432908
14217,1.7584581838643878,454322,21414,432908
14218,1.758334505556337,454322,21414,432908
14219,1.7582108446444897,454322,21414,432908
14220,1.7580872011251758,454322,21414,432908
14221,1.7579635749947262,454322,21414,432908
14222,1.7578399662494726,454322,21414,432908
14223,1.7577163748857485,454322,21414,432908
14224,1.7575928008998876,454322,21414,432908
14225,1.757469244288225,454322,21414,432908
14226,1.7573457050470969,454322,21414,432908
14227,1.7572221831728403,454322,21414,432908
14228,1.7570986786617937,454322,21414,432908
14229,1.7569751915102958,454322,21414,432908
14230,1.7568517217146873,454322,21414,432908
14231,1.756728269271309,454322,21414,432908
14232,1.7566048341765037,454322,21414,432908
14233,1.7564814164266143,454322,21414,432908
14234,1.756358016017985,454322,21414,432908
14235,1.7562346329469618,454322,21414,432908
14236,1.7561112672098904,454322,21414,432908
14237,1.7559879188031187,454322,21414,432908
14238,1.7558645877229948,454322,21414,432908
14239,1.7557412739658684,454322,21414,432908
14240,1.7556179775280898,454322,21414,432908
14241,1.755494698406011,454322,21414,432908
14242,1.7553714365959836,454312,21630,432682
14243,1.7552481920943621,454050,21630,432420
14244,1.7551249648975007,454050,21630,432420
14245,1.755001755001755,454050,21630,432420
14246,1.7548785624034817,454050,21630,432420
14247,1.7547553870990384,454050,21630,432420
14248,1.7546322290847838,454050,21630,432420
14249,1.7545090883570778,454050,21630,432420
14250,1.7543859649122806,454050,21630,432420
14251,1.7542628587467546,454050,21630,432420
14252,1.7541397698568622,454050,21630,432420
14253,1.7540166982389673,454050,21630,432420
14254,1.7538936438894346,454050,21630,432420
14255,1.75377060680463,454050,21630,432420
14256,1.7536475869809203,454050,21630,432420
14257,1.7535245844146734,454050,21630,432420
14258,1.7534015991022585,454050,21630,432420
14259,1.7532786310400448,454050,21630,432420
14260,1.753155680224404,454050,21630,432420
14261,1.7530327466517075,454050,21630,432420
14262,1.7529098303183284,454050,21630,432420
14263,1.7527869312206408,454050,21630,432420
14264,1.7526640493550196,454050,21630,432420
14265,1.752541184717841,454050,21630,432420
14266,1.7524183373054816,454050,21630,432420
14267,1.7522955071143198,454050,21630,432420
14268,1.7521726941407345,454050,21630,432420
14269,1.752049898381106,454050,21630,432420
14270,1.751927119831815,454050,21630,432420
14271,1.751804358489244,454050,21630,432420
14272,1.7516816143497758,454050,21630,432420
14273,1.7515588874097947,454050,21630,432420
14274,1.751436177665686,454050,21630,432420
14275,1.7513134851138354,454050,21630,432420
14276,1.7511908097506304,454050,21630,432420
14277,1.751068151572459,454050,21630,432420
14278,1.7509455105757108,454050,21630,432420
14279,1.7508228867567757,454050,21630,432420
14280,1.7507002801120448,454050,21630,432420
14281,1.7505776906379105,454050,21630,432420
14282,1.750455118330766,454050,21630,432420
14283,1.7503325631870055,454050,21630,432420
14284,1.7502100252030244,454050,21630,432420
14285,1.7500875043752186,454050,21630,432420
14286,1.749965000699986,454050,21630,432420
14287,1.7498425141737244,454050,21630,432420
14288,1.7497200447928332,454050,21630,432420
14289,1.7495975925537126,454050,21630,432420
14290,1.7494751574527643,454050,21630,432420
14291,1.7493527394863901,454050,21630,432420
14292,1.7492303386509935,454050,21630,432420
14293,1.749107954942979,454050,21630,432420
14294,1.748985588358752,454050,21630,432420
14295,1.7488632388947185,454050,21630,432420
14296,1.7487409065472859,454050,21630,432420
14297,1.748618591312863,454050,21630,432420
14298,1.7484962931878585,454050,21630,432420
14299,1.748374012168683,454050,21630,432420
14300,1.7482517482517483,454050,21630,432420
14301,1.7481295014334661,454050,21630,432420
14302,1.7480072717102504,454050,21630,432420
14303,1.747885059078515,454050,21630,432420
14304,1.7477628635346756,454050,21630,432420
14305,1.7476406850751485,454050,21630,432420
14306,1.747518523696351,454050,21630,432420
14307,1.7473963793947018,454050,21630,432420
14308,1.74727425216662,454050,21630,432420
14309,1.747152142008526,454050,21630,432420
14310,1.7470300489168413,454050,21630,432420
14311,1.7469079728879882,454050,21630,432420
14312,1.74678591391839,454050,21630,432420
14313,1.7466638720044714,454050,21630,432420
14314,1.7465418471426575,454050,21630,432420
14315,1.7464198393293748,454050,21630,432420
14316,1.7462978485610505,454050,21630,432420
14317,1.7461758748341132,454050,21630,432420
14318,1.7460539181449923,454050,21630,432420
14319,1.745931978490118,454050,21630,432420
14320,1.7458100558659218,454050,21630,432420
14321,1.745688150268836,454050,21630,432420
14322,1.745566261695294,454050,21630,432420
14323,1.74544439014173,454050,21630,432420
14324,1.7453225356045796,454050,21630,432420
14325,1.7452006980802792,454050,21630,432420
14326,1.745078877565266,454050,21630,432420
14327,1.7449570740559783,454050,21630,432420
14328,1.7448352875488553,454050,21630,432420
14329,1.7447135180403377,454050,21630,432420
14330,1.7445917655268668,454050,21630,432420
14331,1.7444700300048845,454050,21630,432420
14332,1.7443483114708345,454050,21630,432420
14333,1.744226609921161,454050,21630,432420
14334,1.744104925352309,454050,21630,432420
14335,1.7439832577607255,454050,21630,432420
14336,1.7438616071428572,454050,21630,432420
14337,1.7437399734951524,454050,21630,432420
14338,1.7436183568140606,454050,21630,432420
14339,1.7434967570960318,454050,21630,432420
14340,1.7433751743375174,454050,21630,432420
14341,1.7432536085349697,454050,21630,432420
14342,1.7431320596848416,454050,21630,432420
14343,1.743010527783588,454050,21630,432420
14344,1.742889012827663,454050,21630,432420
14345,1.7427675148135238,454050,21630,432420
14346,1.7426460337376273,454050,21630,432420
14347,1.7425245695964313,454050,21630,432420
14348,1.7424031223863954,454050,21630,432420
14349,1.7422816921039794,454050,21630,432420
14350,1.7421602787456445,454050,21630,432420
14351,1.7420388823078532,454050,21630,432420
14352,1.741917502787068,454050,21630,432420
14353,1.7417961401797533,454050,21630,432420
14354,1.7416747944823743,454050,21630,432420
14355,1.7415534656913967,454050,21630,432420
14356,1.7414321538032878,454050,21630,432420
14357,1.7413108588145156,454050,21630,432420
14358,1.741189580721549,454050,21630,432420
14359,1.741068319520858,454050,21630,432420
14360,1.7409470752089136,454050,21630,432420
14361,1.7408258477821879,454050,21630,432420
14362,1.7407046372371535,454050,21630,432420
14363,1.7405834435702847,454050,21630,432420
14364,1.7404622667780563,454050,21630,432420
14365,1.7403411068569439,454050,21630,432420
14366,1.7402199638034248,454050,21630,432420
14367,1.7400988376139765,454050,21630,432420
14368,1.739977728285078,454050,21630,432420
14369,1.739856635813209,454050,21630,432420
14370,1.7397355601948503,454050,21630,432420
14371,1.7396145014264839,454050,21630,432420
14372,1.7394934595045923,454050,21630,432420
14373,1.7393724344256591,454050,21630,432420
14374,1.7392514261861696,454050,21630,432420
14375,1.7391304347826086,454050,21630,432420
14376,1.7390094602114636,454050,21630,432420
14377,1.7388885024692218,454050,21630,432420
14378,1.7387675615523717,454050,21630,432420
14379,1.7386466374574032,454050,21630,432420
14380,1.7385257301808066,454050,21630,432420
14381,1.7384048397190737,454050,21630,432420
14382,1.738283966068697,454050,21630,432420
14383,1.7381631092261698,454050,21630,432420
14384,1.7380422691879867,454050,21630,432420
14385,1.7379214459506431,454050,21630,432420
14386,1.7378006395106353,454050,21630,432420
14387,1.737679849864461,454050,21630,432420
14388,1.7375590770086182,454050,21630,432420
14389,1.7374383209396067,454050,21630,432420
14390,1.7373175816539264,454050,21630,432420
14391,1.7371968591480786,454050,21630,432420
14392,1.737076153418566,454050,21630,432420
14393,1.7369554644618912,454050,21630,432420
14394,1.7368347922745588,454050,21630,432420
14395,1.736714136853074,454050,21630,432420
14396,1.7365934981939428,454050,21630,432420
14397,1.7364728762936723,454050,21630,432420
14398,1.7363522711487707,454050,21630,432420
14399,1.736231682755747,454050,21630,432420
14400,1.7361111111111112,454050,21630,432420
14401,1.7359905562113742,454050,21630,432420
14402,1.7358700180530482,454050,21630,432420
14403,1.7357494966326459,454050,21630,432420
14404,1.7356289919466814,454050,21630,432420
14405,1.7355085039916696,454050,21630,432420
14406,1.735388032764126,454050,21630,432420
14407,1.7352675782605678,454050,21630,432420
14408,1.7351471404775125,454050,21630,432420
14409,1.735026719411479,454050,21630,432420
14410,1.7349063150589867,454050,21630,432420
14411,1.734785927416557,454050,21630,432420
14412,1.7346655564807105,454050,21630,432420
14413,1.7345452022479706,454050,21630,432420
14414,1.7344248647148606,454050,21630,432420
14415,1.734304543877905,454050,21630,432420
14416,1.7341842397336293,454050,21630,432420
14417,1.7340639522785601,454050,21630,432420
14418,1.7339436815092246,454050,21630,432420
14419,1.7338234274221513,454050,21630,432420
14420,1.7337031900138695,454050,21630,432420
14421,1.7335829692809097,454050,21630,432420
14422,1.7334627652198031,454050,21630,432420
14423,1.7333425778270817,454050,21630,432420
14424,1.733222407099279,454050,21630,432420
14425,1.733102253032929,454050,21630,432420
14426,1.7329821156245668,454050,21630,432420
14427,1.7328619948707285,454050,21630,432420
14428,1.7327418907679513,454050,21630,432420
14429,1.732621803312773,454050,21630,432420
14430,1.7325017325017324,454050,21630,432420
14431,1.73238167833137,454050,21630,432420
14432,1.732261640798226,454050,21630,432420
14433,1.7321416198988429,454050,21630,432420
14434,1.732021615629763,454050,21630,432420
14435,1.7319016279875303,454050,21630,432420
14436,1.7317816569686895,454050,21630,432420
14437,1.731661702569786,454050,21630,432420
14438,1.7315417647873668,453976,21630,432346
14439,1.7314218436179791,453976,21630,432346
14440,1.7313019390581716,453976,21630,432346
14441,1.7311820511044942,453976,21630,432346
14442,1.7310621797534969,453976,21630,432346
14443,1.7309423250017308,453976,21630,432346
14444,1.7308224868457491,453976,21630,432346
14445,1.7307026652821045,453976,21630,432346
14446,1.7305828603073514,453976,21630,432346
14447,1.7304630719180452,453976,21630,432346
14448,1.730343300110742,453976,21630,432346
14449,1.7302235448819987,453976,21630,432346
14450,1.7301038062283738,453976,21630,432346
14451,1.7299840841464258,453976,21630,432346
14452,1.7298643786327152,453976,21630,432346
14453,1.7297446896838027,453976,21630,432346
14454,1.7296250172962502,453976,21630,432346
14455,1.7295053614666205,453976,21630,432346
14456,1.7293857221914777,453976,21630,432346
14457,1.729266099467386,453976,21630,432346
14458,1.7291464932909115,453976,21630,432346
14459,1.729026903658621,453976,21630,432346
14460,1.7289073305670817,453976,21630,432346
14461,1.728787774012862,453976,21630,432346
14462,1.728668233992532,453976,21630,432346
14463,1.728548710502662,453976,21630,432346
14464,1.728429203539823,453976,21630,432346
14465,1.7283097131005876,453976,21630,432346
14466,1.7281902391815291,453976,21630,432346
14467,1.7280707817792216,453976,21630,432346
14468,1.7279513408902405,453976,21630,432346
14469,1.7278319165111617,453976,21630,432346
14470,1.7277125086385625,453976,21630,432346
14471,1.7275931172690209,453976,21630,432346
14472,1.7274737423991156,453976,21630,432346
14473,1.7273543840254266,453976,21630,432346
14474,1.727235042144535,453976,21630,432346
14475,1.7271157167530224,453976,21630,432346
14476,1.7269964078474718,453976,21630,432346
14477,1.7268771154244664,453976,21630,432346
14478,1.7267578394805911,453976,21630,432346
14479,1.7266385800124318,453976,21630,432346
14480,1.7265193370165746,453976,21630,432346
14481,1.7264001104896072,453976,21630,432346
14482,1.7262809004281177,453976,21630,432346
14483,1.7261617068286956,453976,21630,432346
14484,1.7260425296879316,453976,21630,432346
14485,1.7259233690024163,453976,21630,432346
14486,1.7258042247687422,453976,21630,432346
14487,1.7256850969835025,453976,21630,432346
14488,1.725565985643291,453976,21630,432346
14489,1.725446890744703,453976,21630,432346
14490,1.725327812284334,453909,21630,432279
14491,1.7252087502587814,453909,21630,432279
14492,1.7250897046646425,453909,21630,432279
14493,1.7249706754985166,453909,21630,432279
14494,1.724851662757003,453909,21630,432279
14495,1.7247326664367024,453909,21630,432279
14496,1.7246136865342163,453909,21630,432279
14497,1.7244947230461474,453909,21630,432279
14498,1.7243757759690992,453909,21630,432279
14499,1.7242568452996758,453909,21630,432279
14500,1.7241379310344827,453909,21630,432279
14501,1.7240190331701262,453909,21630,432279
14502,1.7239001517032133,453909,21630,432279
14503,1.7237812866303523,453909,21630,432279
14504,1.7236624379481522,453909,21630,432279
14505,1.723543605653223,453909,21630,432279
14506,1.7234247897421757,453909,21630,432279
14507,1.723305990211622,453909,21630,432279
14508,1.7231872070581749,453909,21630,432279
14509,1.723068440278448,453909,21630,432279
14510,1.7229496898690557,453909,21630,432279
14511,1.7228309558266144,453909,21630,432279
14512,1.7227122381477398,453909,21630,432279
14513,1.72259353682905,453909,21630,432279
14514,1.7224748518671626,453909,21630,432279
14515,1.722356183258698,453909,21630,432279
14516,1.7222375310002755,453909,21630,432279
14517,1.722118895088517,453909,21630,432279
14518,1.722000275520044,453909,21630,432279
14519,1.72188167229148,453909,21630,432279
14520,1.721763085399449,453909,21630,432279
14521,1.7216445148405757,453909,21630,432279
14522,1.721525960611486,453909,21630,432279
14523,1.7214074227088068,453909,21630,432279
14524,1.7212889011291654,453909,21630,432279
14525,1.721170395869191,453909,21630,432279
14526,1.7210519069255128,453909,21630,432279
14527,1.7209334342947615,453909,21630,432279
14528,1.7208149779735682,453909,21630,432279
14529,1.7206965379585657,453909,21630,432279
14530,1.7205781142463867,453909,21630,432279
14531,1.720459706833666,453909,21630,432279
14532,1.7203413157170382,453909,21630,432279
14533,1.7202229408931398,453909,21630,432279
14534,1.7201045823586074,453909,21630,432279
14535,1.7199862401100792,453909,21630,432279
14536,1.7198679141441937,453909,21630,432279
14537,1.719749604457591,453909,21630,432279
14538,1.7196313110469115,453909,21630,432279
14539,1.719513033908797,453909,21630,432279
14540,1.71939477303989,453909,21630,432279
14541,1.7192765284368339,453909,21630,432279
14542,1.719158300096273,453909,21630,432279
14543,1.7190400880148524,453909,21630,432279
14544,1.7189218921892189,453909,21630,432279
14545,1.7188037126160192,453909,21630,432279
14546,1.7186855492919015,453909,21630,432279
14547,1.718567402213515,453909,21630,432279
14548,1.718449271377509,453909,21630,432279
14549,1.7183311567805348,453909,21630,432279
14550,1.7182130584192439,453909,21630,432279
14551,1.7180949762902893,453909,21630,432279
14552,1.7179769103903244,453909,21630,432279
14553,1.7178588607160035,453910,21630,432280
14554,1.7177408272639825,453910,21630,432280
14555,1.7176228100309172,453910,21630,432280
14556,1.7175048090134653,453910,21630,432280
14557,1.7173868242082846,453910,21630,432280
14558,1.7172688556120346,453910,21630,432280
14559,1.7171509032213752,453910,21630,432280
14560,1.717032967032967,453910,21630,432280
14561,1.7169150470434722,453910,21630,432280
14562,1.7167971432495537,453910,21630,432280
14563,1.7166792556478747,453910,21630,432280
14564,1.7165613842351002,453910,21630,432280
14565,1.7164435290078957,453910,21630,432280
14566,1.7163256899629273,453910,21630,432280
14567,1.7162078670968628,453910,21630,432280
14568,1.71609006040637,453910,21630,432280
14569,1.7159722698881186,453910,21630,432280
14570,1.7158544955387782,453910,21630,432280
14571,1.7157367373550203,453910,21630,432280
14572,1.7156189953335164,453910,21630,432280
14573,1.7155012694709395,453910,21630,432280
14574,1.7153835597639633,453910,21630,432280
14575,1.7152658662092624,453910,21630,432280
14576,1.7151481888035127,453910,21630,432280
14577,1.7150305275433904,453910,21630,432280
14578,1.7149128824255728,453910,21630,432280
14579,1.7147952534467386,453910,21630,432280
14580,1.7146776406035664,453910,21630,432280
14581,1.714560043892737,453910,21630,432280
14582,1.7144424633109312,453910,21630,432280
14583,1.714324898854831,453910,21630,432280
14584,1.714207350521119,453910,21630,432280
14585,1.7140898183064792,453910,21630,432280
14586,1.7139723022075963,453910,21630,432280
14587,1.7138548022211557,453910,21630,432280
14588,1.7137373183438442,453910,21630,432280
14589,1.713619850572349,453910,21630,432280
14590,1.7135023989033584,453910,21630,432280
14591,1.7133849633335618,453910,21630,432280
14592,1.7132675438596492,453910,21630,432280
14593,1.7131501404783116,453910,21630,432280
14594,1.7130327531862408,453910,21630,432280
14595,1.7129153819801302,453910,21630,432280
14596,1.7127980268566732,453910,21630,432280
14597,1.7126806878125642,453910,21630,432280
14598,1.7125633648444993,453910,21630,432280
14599,1.7124460579491747,453910,21630,432280
14600,1.7123287671232876,453910,21630,432280
14601,1.7122114923635368,453910,21630,432280
14602,1.712094233666621,453910,21630,432280
14603,1.7119769910292406,453910,21630,432280
14604,1.7118597644480964,453910,21630,432280
14605,1.7117425539198905,453910,21630,432280
14606,1.7116253594413255,453910,21630,432280
14607,1.7115081810091053,453910,21630,432280
14608,1.7113910186199344,453910,21630,432280
14609,1.711273872270518,453910,21630,432280
14610,1.7111567419575633,453910,21630,432280
14611,1.711039627677777,453910,21630,432280
14612,1.7109225294278676,453910,21630,432280
14613,1.710805447204544,453910,21630,432280
14614,1.7106883810045161,453910,21630,432280
14615,1.7105713308244954,453910,21630,432280
14616,1.7104542966611933,453910,21630,432280
14617,1.7103372785113224,453910,21630,432280
14618,1.7102202763715966,453910,21630,432280
14619,1.7101032902387303,453910,21630,432280
14620,1.7099863201094392,453910,21630,432280
14621,1.7098693659804391,453910,21630,432280
14622,1.7097524278484475,453910,21630,432280
14623,1.7096355057101826,453910,21630,432280
14624,1.7095185995623632,453910,21630,432280
14625,1.7094017094017093,453910,21630,432280
14626,1.709284835224942,453910,21630,432280
14627,1.7091679770287824,453910,21630,432280
14628,1.7090511348099535,453910,21630,432280
14629,1.7089343085651787,453910,21630,432280
14630,1.7088174982911826,453910,21630,432280
14631,1.70870070398469,453910,21630,432280
14632,1.7085839256424276,453910,21630,432280
14633,1.7084671632611221,453910,21630,432280
14634,1.7083504168375017,453910,21630,432280
14635,1.7082336863682952,453910,21630,432280
14636,1.7081169718502323,453910,21630,432280
14637,1.7080002732800437,453910,21630,432280
14638,1.707883590654461,453910,21630,432280
14639,1.7077669239702165,453910,21630,432280
14640,1.7076502732240437,453910,21630,432280
14641,1.7075336384126767,453910,21630,432280
14642,1.7074170195328506,453910,21630,432280
14643,1.7073004165813017,453910,21630,432280
14644,1.7071838295547666,453910,21630,432280
14645,1.7070672584499829,453910,21630,432280
14646,1.7069507032636897,453910,21630,432280
14647,1.7068341639926266,453910,21630,432280
14648,1.7067176406335336,453910,21630,432280
14649,1.7066011331831525,453910,21630,432280
14650,1.7064846416382253,453910,21630,432280
14651,1.7063681659954952,453910,21630,432280
14652,1.7062517062517062,453910,21630,432280
14653,1.7061352624036032,453910,21630,432280
14654,1.7060188344479323,453910,21630,432280
14655,1.7059024223814399,453910,21630,432280
14656,1.7057860262008733,453910,21630,432280
14657,1.7056696459029814,453910,21630,432280
14658,1.7055532814845136,453910,21630,432280
14659,1.7054369329422199,453910,21630,432280
14660,1.7053206002728514,453910,21630,432280
14661,1.70520428347316,453910,21630,432280
14662,1.705087982539899,453910,21630,432280
14663,1.704971697469822,453910,21630,432280
14664,1.7048554282596835,453910,21630,432280
14665,1.7047391749062393,453910,21630,432280
14666,1.7046229374062458,453910,21630,432280
14667,1.7045067157564602,453910,21630,432280
14668,1.7043905099536405,453910,21630,432280
14669,1.7042743199945463,453910,21630,432280
14670,1.7041581458759374,453910,21630,432280
14671,1.7040419875945743,453910,21630,432280
14672,1.7039258451472192,453910,21630,432280
14673,1.7038097185306345,453910,21630,432280
14674,1.7036936077415838,453910,21630,432280
14675,1.7035775127768313,453910,21630,432280
14676,1.7034614336331426,453910,21630,432280
14677,1.7033453703072836,453910,21630,432280
14678,1.7032293227960213,453910,21630,432280
14679,1.7031132910961237,453910,21630,432280
14680,1.7029972752043596,453910,21630,432280
14681,1.7028812751174989,453910,21630,432280
14682,1.7027652908323117,453910,21630,432280
14683,1.7026493223455696,453910,21630,432280
14684,1.7025333696540452,453910,21630,432280
14685,1.7024174327545114,453910,21630,432280
14686,1.7023015116437423,453910,21630,432280
14687,1.702185606318513,453910,21630,432280
14688,1.7020697167755992,453910,21630,432280
14689,1.7019538430117775,453910,21630,432280
14690,1.7018379850238257,453910,21630,432280
14691,1.7017221428085223,453910,21630,432280
14692,1.7016063163626463,453910,21630,432280
14693,1.7014905056829783,453910,21630,432280
14694,1.701374710766299,453910,21630,432280
14695,1.701258931609391,453910,21630,432280
14696,1.7011431682090365,453910,21630,432280
14697,1.7010274205620195,453910,21630,432280
14698,1.7009116886651245,453910,21630,432280
14699,1.7007959725151371,453910,21630,432280
14700,1.7006802721088434,453910,21630,432280
14701,1.700564587443031,453910,21630,432280
14702,1.7004489185144878,453910,21630,432280
14703,1.7003332653200027,453910,21630,432280
14704,1.7002176278563657,453910,21630,432280
14705,1.7001020061203673,453910,21630,432280
14706,1.6999864001087992,453910,21630,432280
14707,1.6998708098184538,453910,21630,432280
14708,1.6997552352461245,453910,21630,432280
14709,1.6996396763886057,453910,21630,432280
14710,1.699524133242692,453910,21630,432280
14711,1.6994086058051798,453910,21630,432280
14712,1.6992930940728657,453910,21630,432280
14713,1.6991775980425474,453910,21630,432280
14714,1.6990621177110234,453910,21630,432280
14715,1.6989466530750934,453910,21630,432280
14716,1.6988312041315574,453910,21630,432280
14717,1.698715770877217,453910,21630,432280
14718,1.6986003533088734,453910,21630,432280
14719,1.6984849514233304,453910,21630,432280
14720,1.6983695652173914,453910,21630,432280
14721,1.6982541946878609,453910,21630,432280
14722,1.6981388398315447,453910,21630,432280
14723,1.6980235006452489,453910,21630,432280
14724,1.6979081771257811,453910,21630,432280
14725,1.697792869269949,453910,21630,432280
14726,1.697677577074562,453910,21630,432280
14727,1.6975623005364298,453910,21630,432280
14728,1.6974470396523629,453910,21630,432280
14729,1.697331794419173,453910,21630,432280
14730,1.6972165648336728,453910,21630,432280
14731,1.6971013508926753,453910,21630,432280
14732,1.6969861525929948,453910,21630,432280
14733,1.6968709699314464,453910,21630,432280
14734,1.696755802904846,453910,21630,432280
14735,1.69664065151001,453910,21630,432280
14736,1.6965255157437569,453910,21630,432280
14737,1.6964103956029042,453910,21630,432280
14738,1.696295291084272,453910,21630,432280
14739,1.6961802021846801,453910,21630,432280
14740,1.6960651289009498,453910,21630,432280
14741,1.695950071229903,453910,21630,432280
14742,1.6958350291683626,453910,21630,432280
14743,1.695720002713152,453910,21630,432280
14744,1.695604991861096,453910,21630,432280
14745,1.69548999660902,453910,21630,432280
14746,1.6953750169537503,453910,21630,432280
14747,1.6952600528921136,453910,21630,432280
14748,1.6951451044209385,453910,21630,432280
14749,1.6950301715370533,453910,21630,432280
14750,1.694915254237288,453910,21630,432280
14751,1.6948003525184734,453910,21630,432280
14752,1.6946854663774404,453910,21630,432280
14753,1.6945705958110215,453910,21630,432280
14754,1.6944557408160499,453910,21630,432280
14755,1.6943409013893596,453910,21630,432280
14756,1.6942260775277853,453910,21630,432280
14757,1.6941112692281628,453910,21630,432280
14758,1.693996476487329,453910,21630,432280
14759,1.6938816993021208,453910,21630,432280
14760,1.6937669376693767,453910,21630,432280
14761,1.693652191585936,453910,21630,432280
14762,1.6935374610486384,453910,21630,432280
14763,1.693422746054325,453910,21630,432280
14764,1.6933080465998374,453910,21630,432280
14765,1.6931933626820184,453910,21630,432280
14766,1.693078694297711,453910,21630,432280
14767,1.6929640414437597,453910,21630,432280
14768,1.6928494041170097,453910,21630,432280
14769,1.692734782314307,453910,21630,432280
14770,1.6926201760324984,453910,21630,432280
14771,1.6925055852684314,453910,21630,432280
14772,1.6923910100189548,453910,21630,432280
14773,1.692276450280918,453910,21630,432280
14774,1.692161906051171,453910,21630,432280
14775,1.6920473773265652,453910,21630,432280
14776,1.6919328641039524,453910,21630,432280
14777,1.6918183663801853,453910,21630,432280
14778,1.691703884152118,453910,21630,432280
14779,1.6915894174166046,453910,21630,432280
14780,1.6914749661705006,453910,21630,432280
14781,1.6913605304106623,453910,21630,432280
14782,1.6912461101339467,453910,21630,432280
14783,1.6911317053372117,453910,21630,432280
14784,1.691017316017316,453910,21630,432280
14785,1.6909029421711195,453910,21630,432280
14786,1.6907885837954821,453910,21630,432280
14787,1.690674240887266,453910,21630,432280
14788,1.6905599134433325,453910,21630,432280
14789,1.690445601460545,453910,21630,432280
14790,1.6903313049357673,453910,21630,432280
14791,1.6902170238658645,453910,21630,432280
14792,1.6901027582477015,453910,21630,432280
14793,1.6899885080781452,453910,21630,432280
14794,1.6898742733540624,453910,21630,432280
14795,1.6897600540723217,453910,21630,432280
14796,1.6896458502297917,453910,21630,432280
14797,1.6895316618233425,453910,21630,432280
14798,1.6894174888498446,453910,21630,432280
14799,1.6893033313061694,453910,21630,432280
14800,1.6891891891891893,453910,21630,432280
14801,1.6890750624957773,453910,21630,432280
14802,1.6889609512228076,453910,21630,432280
14803,1.6888468553671554,453910,21630,432280
14804,1.6887327749256957,453910,21630,432280
14805,1.6886187098953056,453910,21630,432280
14806,1.6885046602728624,453910,21630,432280
14807,1.6883906260552441,453910,21630,432280
14808,1.68827660723933,453910,21630,432280
14809,1.6881626038220001,453910,21630,432280
14810,1.688048615800135,453910,21630,432280
14811,1.6879346431706164,453910,21630,432280
14812,1.6878206859303269,453910,21630,432280
14813,1.6877067440761493,453910,21630,432280
14814,1.6875928176049684,453910,21630,432280
14815,1.6874789065136686,453910,21630,432280
14816,1.687365010799136,453910,21630,432280
14817,1.6872511304582574,453910,21630,432280
14818,1.6871372654879202,453910,21630,432280
14819,1.6870234158850126,453910,21630,432280
14820,1.6869095816464237,453910,21630,432280
14821,1.686795762769044,453910,21630,432280
14822,1.686681959249764,453910,21630,432280
14823,1.6865681710854752,453910,21630,432280
14824,1.6864543982730706,453910,21630,432280
14825,1.6863406408094435,453910,21630,432280
14826,1.686226898691488,453910,21630,432280
14827,1.686113171916099,453910,21630,432280
14828,1.6859994604801727,453910,21630,432280
14829,1.6858857643806056,453910,21630,432280
14830,1.6857720836142953,453910,21630,432280
14831,1.6856584181781404,453910,21630,432280
14832,1.6855447680690399,453910,21630,432280
14833,1.685431133283894,453910,21630,432280
14834,1.6853175138196037,453910,21630,432280
14835,1.6852039096730704,453910,21630,432280
14836,1.6850903208411971,453910,21630,432280
14837,1.684976747320887,453910,21630,432280
14838,1.6848631891090444,453910,21630,432280
14839,1.6847496462025744,453910,21630,432280
14840,1.6846361185983827,453910,21630,432280
14841,1.6845226062933765,453910,21630,432280
14842,1.684409109284463,453910,21630,432280
14843,1.6842956275685508,453910,21630,432280
14844,1.6841821611425492,453910,21630,432280
14845,1.6840687100033682,453910,21630,432280
14846,1.6839552741479187,453910,21630,432280
14847,1.6838418535731123,453910,21630,432280
14848,1.683728448275862,453910,21630,432280
14849,1.683615058253081,453910,21630,432280
14850,1.6835016835016836,453910,21630,432280
14851,1.6833883240185845,453728,21630,432098
14852,1.6832749798007003,453728,21630,432098
14853,1.6831616508449472,453728,21630,432098
14854,1.683048337148243,453728,21630,432098
14855,1.682935038707506,453728,21630,432098
14856,1.6828217555196554,453728,21630,432098
14857,1.6827084875816114,453728,21630,432098
14858,1.6825952348902948,453728,21630,432098
14859,1.6824819974426273,453728,21630,432098
14860,1.6823687752355316,453728,21630,432098
14861,1.682255568265931,453728,21630,432098
14862,1.6821423765307495,453728,21630,432098
14863,1.6820292000269124,453728,21630,432098
14864,1.6819160387513454,453728,21630,432098
14865,1.6818028927009754,453728,21630,432098
14866,1.6816897618727298,453728,21630,432098
14867,1.6815766462635366,453728,21630,432098
14868,1.6814635458703255,453728,21630,432098
14869,1.6813504606900262,453728,21630,432098
14870,1.6812373907195697,453728,21630,432098
14871,1.6811243359558874,453728,21630,432098
14872,1.6810112963959118,453728,21630,432098
14873,1.6808982720365764,453728,21630,432098
14874,1.6807852628748152,453728,21630,432098
14875,1.680672268907563,453728,21630,432098
14876,1.6805592901317559,453728,21630,432098
14877,1.6804463265443301,453728,21630,432098
14878,1.6803333781422234,453728,21630,432098
14879,1.6802204449223739,453728,21630,432098
14880,1.6801075268817205,453728,21630,432098
14881,1.6799946240172032,453728,21630,432098
14882,1.6798817363257628,453728,21630,432098
14883,1.6797688638043404,453728,21630,432098
14884,1.6796560064498791,453728,21630,432098
14885,1.6795431642593215,453728,21630,432098
14886,1.6794303372296118,453728,21630,432098
14887,1.6793175253576946,453728,21630,432098
14888,1.6792047286405158,453728,21630,432098
14889,1.6790919470750219,453728,21630,432098
14890,1.6789791806581598,453728,21630,432098
14891,1.678866429386878,453728,21630,432098
14892,1.678753693258125,453728,21630,432098
14893,1.6786409722688511,453728,21630,432098
14894,1.6785282664160064,453728,21630,432098
14895,1.6784155756965424,453728,21630,432098
14896,1.6783029001074115,453728,21630,432098
14897,1.6781902396455661,453728,21630,432098
14898,1.6780775943079609,453728,21630,432098
14899,1.6779649640915497,453728,21630,432098
14900,1.6778523489932886,453728,21630,432098
14901,1.6777397490101336,453728,21630,432098
14902,1.6776271641390417,453728,21630,432098
14903,1.6775145943769711,453728,21630,432098
14904,1.6774020397208802,453728,21630,432098
14905,1.677289500167729,453728,21630,432098
14906,1.6771769757144774,453728,21630,432098
14907,1.6770644663580867,453728,21630,432098
14908,1.6769519720955193,453728,21630,432098
14909,1.6768394929237374,453728,21630,432098
14910,1.676727028839705,453728,21630,432098
14911,1.6766145798403862,453728,21630,432098
14912,1.6765021459227467,453728,21630,432098
14913,1.6763897270837524,453728,21630,432098
14914,1.67627732332037,453728,21630,432098
14915,1.6761649346295675,453728,21630,432098
14916,1.6760525610083132,453728,21630,432098
14917,1.6759402024535766,453728,21630,432098
14918,1.6758278589623274,453728,21630,432098
14919,1.675715530531537,453728,21630,432098
14920,1.675603217158177,453728,21630,432098
14921,1.67549091883922,453728,21630,432098
14922,1.6753786355716391,453728,21630,432098
14923,1.675266367352409,453728,21630,432098
14924,1.6751541141785045,453728,21630,432098
14925,1.6750418760469012,453728,21630,432098
14926,1.6749296529545759,453728,21630,432098
14927,1.674817444898506,453728,21630,432098
14928,1.67470525187567,453728,21630,432098
14929,1.6745930738830463,453728,21630,432098
14930,1.6744809109176155,453728,21630,432098
14931,1.674368762976358,453728,21630,432098
14932,1.674256630056255,453728,21630,432098
14933,1.674144512154289,453728,21630,432098
14934,1.6740324092674435,453728,21630,432098
14935,1.6739203213927016,453728,21630,432098
14936,1.6738082485270487,453728,21630,432098
14937,1.67369619066747,453728,21630,432098
14938,1.6735841478109519,453728,21630,432098
14939,1.6734721199544815,453728,21630,432098
14940,1.6733601070950468,453728,21630,432098
14941,1.6732481092296365,453728,21630,432098
14942,1.6731361263552402,453728,21630,432098
14943,1.6730241584688483,453728,21630,432098
14944,1.672912205567452,453728,21630,432098
14945,1.672800267648043,453728,21630,432098
14946,1.6726883447076142,453728,21630,432098
14947,1.6725764367431593,453728,21630,432098
14948,1.6724645437516725,453728,21630,432098
14949,1.672352665730149,453728,21630,432098
14950,1.6722408026755853,453728,21630,432098
14951,1.6721289545849776,453728,21630,432098
14952,1.6720171214553237,453728,21630,432098
14953,1.671905303283622,453728,21630,432098
14954,1.6717935000668718,453728,21630,432098
14955,1.6716817118020728,453728,21630,432098
14956,1.6715699384862264,453728,21630,432098
14957,1.6714581801163335,453728,21630,432098
14958,1.671346436689397,453728,21630,432098
14959,1.67123470820242,453728,21630,432098
14960,1.6711229946524064,453728,21630,432098
14961,1.6710112960363612,453728,21630,432098
14962,1.67089961235129,453728,21630,432098
14963,1.670787943594199,453728,21630,432098
14964,1.6706762897620957,453728,21630,432098
14965,1.670564650851988,453728,21630,432098
14966,1.6704530268608846,453728,21630,432098
14967,1.6703414177857954,453728,21630,432098
14968,1.6702298236237307,453728,21630,432098
14969,1.6701182443717015,453728,21630,432098
14970,1.6700066800267201,453728,21630,432098
14971,1.6698951305857992,453728,21630,432098
14972,1.6697835960459524,453728,21630,432098
14973,1.6696720764041941,453728,21630,432098
14974,1.6695605716575397,453728,21630,432098
14975,1.669449081803005,453728,21630,432098
14976,1.669337606837607,453728,21630,432098
14977,1.669226146758363,453728,21630,432098
14978,1.6691147015622914,453728,21630,432098
14979,1.6690032712464116,453728,21630,432098
14980,1.6688918558077437,453728,21630,432098
14981,1.668780455243308,453728,21630,432098
14982,1.6686690695501267,453728,21630,432098
14983,1.668557698725222,453728,21630,432098
14984,1.6684463427656167,453728,21630,432098
14985,1.668335001668335,453728,21630,432098
14986,1.6682236754304016,453728,21630,432098
14987,1.6681123640488422,453728,21630,432098
14988,1.6680010675206831,453728,21630,432098
14989,1.6678897858429516,453728,21630,432098
14990,1.667778519012675,453728,21630,432098
14991,1.6676672670268828,453728,21630,432098
14992,1.667556029882604,453728,21630,432098
14993,1.6674448075768693,453728,21630,432098
14994,1.6673336001067094,453728,21630,432098
14995,1.6672224074691564,453728,21630,432098
14996,1.667111229661243,453728,21630,432098
14997,1.6670000666800027,453728,21630,432098
14998,1.6668889185224696,453728,21630,432098
14999,1.666777785185679,453728,21630,432098
15000,1.6666666666666667,453728,21630,432098
15001,1.666555562962469,453728,21630,432098
15002,1.666444474070124,453728,21630,432098
15003,1.6663333999866694,453728,21630,432098
15004,1.6662223407091443,453728,21630,432098
15005,1.6661112962345885,453728,21630,432098
15006,1.6660002665600426,453728,21630,432098
15007,1.665889251682548,453728,21630,432098
15008,1.665778251599147,453728,21630,432098
15009,1.6656672663068826,453728,21630,432098
15010,1.665556295802798,453728,21630,432098
15011,1.6654453400839384,453728,21630,432098
15012,1.6653343991473488,453728,21630,432098
15013,1.6652234729900752,453728,21630,432098
15014,1.6651125616091649,453728,21630,432098
15015,1.665001665001665,453728,21630,432098
15016,1.6648907831646245,453728,21630,432098
15017,1.6647799160950922,453728,21630,432098
15018,1.6646690637901185,453728,21630,432098
15019,1.6645582262467542,453728,21630,432098
15020,1.6644474034620507,453728,21630,432098
15021,1.6643365954330605,453728,21630,432098
15022,1.6642258021568366,453728,21630,432098
15023,1.6641150236304334,453728,21630,432098
15024,1.6640042598509053,453728,21630,432098
15025,1.663893510815308,453728,21630,432098
15026,1.6637827765206974,453728,21630,432098
15027,1.6636720569641312,453728,21630,432098
15028,1.663561352142667,453728,21630,432098
15029,1.6634506620533636,453728,21630,432098
15030,1.66333998669328,453728,21630,432098
15031,1.663229326059477,453728,21630,432098
15032,1.6631186801490154,453728,21630,432098
15033,1.663008048958957,453728,21630,432098
15034,1.6628974324863643,453728,21630,432098
15035,1.6627868307283007,453728,21630,432098
15036,1.6626762436818303,453728,21630,432098
15037,1.662565671344018,453728,21630,432098
15038,1.6624551137119299,453728,21630,432098
15039,1.6623445707826319,453728,21630,432098
15040,1.6622340425531914,453728,21630,432098
15041,1.6621235290206768,453728,21630,432098
15042,1.6620130301821567,453728,21630,432098
15043,1.6619025460347006,453728,21630,432098
15044,1.6617920765753789,453728,21630,432098
15045,1.6616816218012629,453728,21630,432098
15046,1.6615711817094245,453728,21630,432098
15047,1.6614607562969363,453728,21630,432098
15048,1.6613503455608718,453728,21630,432098
15049,1.6612399494983054,453728,21630,432098
15050,1.6611295681063123,453728,21630,432098
15051,1.661019201381968,453728,21630,432098
15052,1.6609088493223492,453728,21630,432098
15053,1.6607985119245332,453728,21630,432098
15054,1.6606881891855985,453728,21630,432098
15055,1.6605778811026237,453728,21630,432098
15056,1.6604675876726886,453728,21630,432098
15057,1.6603573088928738,453728,21630,432098
15058,1.6602470447602604,453728,21630,432098
15059,1.6601367952719304,453728,21630,432098
15060,1.6600265604249669,453728,21630,432098
15061,1.6599163402164532,453728,21630,432098
15062,1.6598061346434736,453728,21630,432098
15063,1.6596959437031136,453728,21630,432098
15064,1.6595857673924588,453728,21630,432098
15065,1.659475605708596,453728,21630,432098
15066,1.6593654586486128,453728,21630,432098
15067,1.659255326209597,453728,21630,432098
15068,1.6591452083886382,453728,21630,432098
15069,1.6590351051828256,453728,21630,432098
15070,1.6589250165892502,453723,21630,432093
15071,1.658814942605003,453723,21630,432093
15072,1.6587048832271762,453723,21630,432093
15073,1.6585948384528628,453723,21630,432093
15074,1.6584848082791561,453723,21630,432093
15075,1.658374792703151,453723,21630,432093
15076,1.6582647917219422,453723,21630,432093
15077,1.6581548053326258,453723,21630,432093
15078,1.6580448335322988,453723,21630,432093
15079,1.6579348763180581,453723,21630,432093
15080,1.6578249336870026,453723,21630,432093
15081,1.657715005636231,453723,21630,432093
15082,1.6576050921628431,453723,21630,432093
15083,1.6574951932639395,453723,21630,432093
15084,1.6573853089366215,453723,21630,432093
15085,1.6572754391779914,453723,21630,432093
15086,1.6571655839851518,453723,21630,432093
15087,1.6570557433552064,453723,21630,432093
15088,1.6569459172852599,453723,21630,432093
15089,1.656836105772417,453723,21630,432093
15090,1.656726308813784,453723,21630,432093
15091,1.6566165264064674,453723,21630,432093
15092,1.6565067585475748,453723,21630,432093
15093,1.6563970052342145,453723,21630,432093
15094,1.6562872664634953,453723,21630,432093
15095,1.6561775422325273,453723,21630,432093
15096,1.6560678325384208,453723,21630,432093
15097,1.655958137378287,453723,21630,432093
15098,1.6558484567492384,453723,21630,432093
15099,1.6557387906483874,453723,21630,432093
15100,1.6556291390728477,453723,21630,432093
15101,1.6555195020197337,453723,21630,432093
15102,1.6554098794861607,453723,21630,432093
15103,1.6553002714692444,453723,21630,432093
15104,1.6551906779661016,453723,21630,432093
15105,1.6550810989738498,453723,21630,432093
15106,1.6549715344896068,453723,21630,432093
15107,1.654861984510492,453723,21630,432093
15108,1.6547524490336245,453723,21630,432093
15109,1.6546429280561255,453723,21630,432093
15110,1.6545334215751157,453723,21630,432093
15111,1.6544239295877177,453723,21630,432093
15112,1.6543144520910535,453723,21630,432093
15113,1.654204989082247,453723,21630,432093
15114,1.6540955405584226,453723,21630,432093
15115,1.6539861065167052,453723,21630,432093
15116,1.6538766869542207,453723,21630,432093
15117,1.6537672818680955,453723,21630,432093
15118,1.6536578912554571,453723,21630,432093
15119,1.6535485151134335,453723,21630,432093
15120,1.6534391534391535,453723,21630,432093
15121,1.6533298062297468,453723,21630,432093
15122,1.6532204734823437,453723,21630,432093
15123,1.6531111551940751,453723,21630,432093
15124,1.6530018513620734,453723,21630,432093
15125,1.6528925619834711,453723,21630,432093
15126,1.6527832870554013,453723,21630,432093
15127,1.6526740265749984,453723,21630,432093
15128,1.652564780539397,453723,21630,432093
15129,1.6524555489457333,453723,21630,432093
15130,1.6523463317911433,453723,21630,432093
15131,1.6522371290727644,453723,21630,432093
15132,1.6521279407877345,453723,21630,432093
15133,1.6520187669331923,453723,21630,432093
15134,1.6519096075062774,453723,21630,432093
15135,1.6518004625041296,453723,21630,432093
15136,1.6516913319238902,453723,21630,432093
15137,1.6515822157627007,453723,21630,432093
15138,1.6514731140177037,453723,21630,432093
15139,1.6513640266860428,453723,21630,432093
15140,1.6512549537648613,453723,21630,432093
15141,1.6511458952513045,453723,21630,432093
15142,1.6510368511425175,453723,21630,432093
15143,1.6509278214356469,453723,21630,432093
15144,1.6508188061278395,453723,21630,432093
15145,1.650709805216243,453723,21630,432093
15146,1.6506008186980061,453723,21630,432093
15147,1.650491846570278,453723,21630,432093
15148,1.6503828888302086,453723,21630,432093
15149,1.6502739454749489,453723,21630,432093
15150,1.6501650165016502,453723,21630,432093
15151,1.6500561019074649,453723,21630,432093
15152,1.649947201689546,453723,21630,432093
15153,1.6498383158450471,453723,21630,432093
15154,1.6497294443711232,453723,21630,432093
15155,1.649620587264929,453723,21630,432093
15156,1.649511744523621,453723,21630,432093
15157,1.6494029161443557,453723,21630,432093
15158,1.6492941021242908,453723,21630,432093
15159,1.6491853024605845,453723,21630,432093
15160,1.6490765171503958,453723,21630,432093
15161,1.6489677461908845,453723,21630,432093
15162,1.6488589895792112,453723,21630,432093
15163,1.648750247312537,453723,21630,432093
15164,1.6486415193880242,453723,21630,432093
15165,1.6485328058028355,453723,21630,432093
15166,1.6484241065541343,453723,21630,432093
15167,1.648315421639085,453723,21630,432093
15168,1.6482067510548524,453723,21630,432093
15169,1.6480980947986024,453723,21630,432093
15170,1.6479894528675016,453723,21630,432093
15171,1.6478808252587174,453723,21630,432093
15172,1.6477722119694174,453723,21630,432093
15173,1.6476636129967706,453723,21630,432093
15174,1.6475550283379465,453723,21630,432093
15175,1.6474464579901154,453723,21630,432093
15176,1.6473379019504482,453723,21630,432093
15177,1.6472293602161165,453723,21630,432093
15178,1.647120832784293,453723,21630,432093
15179,1.647012319652151,453723,21630,432093
15180,1.6469038208168643,453723,21630,432093
15181,1.6467953362756076,453723,21630,432093
15182,1.6466868660255565,453723,21630,432093
15183,1.6465784100638872,453723,21630,432093
15184,1.6464699683877766,453723,21630,432093
15185,1.6463615409944024,453723,21630,432093
15186,1.646253127880943,453723,21630,432093
15187,1.6461447290445776,453723,21630,432093
15188,1.6460363444824861,453723,21630,432093
15189,1.6459279741918493,453723,21630,432093
15190,1.6458196181698486,453723,21630,432093
15191,1.6457112764136659,453723,21630,432093
15192,1.6456029489204844,453723,21630,432093
15193,1.6454946356874876,453723,21630,432093
15194,1.64538633671186,453723,21630,432093
15195,1.6452780519907864,453723,21630,432093
15196,1.645169781521453,453723,21630,432093
15197,1.6450615253010463,453723,21630,432093
15198,1.6449532833267535,453723,21630,432093
15199,1.6448450555957628,453723,21630,432093
15200,1.644736842105263,453723,21630,432093
15201,1.644628642852444,453723,21630,432093
15202,1.6445204578344954,453723,21630,432093
15203,1.6444122870486089,453723,21630,432093
15204,1.6443041304919759,453723,21630,432093
15205,1.644195988161789,453723,21630,432093
15206,1.6440878600552413,453723,21630,432093
15207,1.6439797461695271,453723,21630,432093
15208,1.643871646501841,453723,21630,432093
15209,1.6437635610493786,453723,21630,432093
15210,1.643655489809336,453723,21630,432093
15211,1.64354743277891,453723,21630,432093
15212,1.6434393899552984,453723,21630,432093
15213,1.6433313613356997,453723,21630,432093
15214,1.643223346917313,453723,21630,432093
15215,1.643115346697338,453723,21630,432093
15216,1.6430073606729758,453723,21630,432093
15217,1.6428993888414274,453705,21786,431919
15218,1.6427914311998948,453705,21786,431919
15219,1.6426834877455812,453705,21786,431919
15220,1.6425755584756898,453705,21786,431919
15221,1.6424676433874252,453705,21786,431919
15222,1.6423597424779923,453705,21786,431919
15223,1.642251855744597,453705,21786,431919
15224,1.6421439831844455,453705,21786,431919
15225,1.6420361247947455,453705,21786,431919
15226,1.6419282805727047,453705,21786,431919
15227,1.6418204505155316,453705,21786,431919
15228,1.641712634620436,453705,21786,431919
15229,1.641604832884628,453705,21786,431919
15230,1.6414970453053184,453705,21786,431919
15231,1.641389271879719,453705,21786,431919
15232,1.641281512605042,453705,21786,431919
15233,1.6411737674785005,453705,21786,431919
15234,1.6410660364973086,453705,21786,431919
15235,1.6409583196586808,453705,21786,431919
15236,1.640850616959832,453705,21786,431919
15237,1.6407429283979786,453705,21786,431919
15238,1.6406352539703373,453705,21786,431919
15239,1.6405275936741257,453705,21786,431919
15240,1.6404199475065617,453705,21786,431919
15241,1.6403123154648644,453705,21786,431919
15242,1.6402046975462539,453705,21786,431919
15243,1.64009709374795,453705,21786,431919
15244,1.639989504067174,453705,21786,431919
15245,1.639881928501148,453705,21786,431919
15246,1.6397743670470943,453705,21786,431919
15247,1.6396668197022366,453705,21786,431919
15248,1.6395592864637984,453705,21786,431919
15249,1.6394517673290052,453705,21786,431919
15250,1.639344262295082,453705,21786,431919
15251,1.639236771359255,453705,21786,431919
15252,1.6391292945187517,453705,21786,431919
15253,1.6390218317707992,453705,21786,431919
15254,1.6389143831126263,453705,21786,431919
15255,1.6388069485414618,453705,21786,431919
15256,1.638699528054536,453705,21786,431919
15257,1.638592121649079,453705,21786,431919
15258,1.6384847293223228,453705,21786,431919
15259,1.6383773510714987,453587,21378,432209
15260,1.6382699868938402,453587,21378,432209
15261,1.6381626367865803,453587,21378,432209
15262,1.6380553007469532,453587,21378,432209
15263,1.6379479787721942,453587,21378,432209
15264,1.6378406708595388,453587,21378,432209
15265,1.6377333770062235,453587,21378,432209
15266,1.6376260972094852,453587,21378,432209
15267,1.6375188314665619,453587,21378,432209
15268,1.6374115797746922,453587,21378,432209
15269,1.6373043421311153,453568,21378,432190
15270,1.6371971185330714,453568,21378,432190
15271,1.637089908977801,453568,21378,432190
15272,1.6369827134625459,453568,21378,432190
15273,1.6368755319845478,453568,21378,432190
15274,1.6367683645410502,453568,21378,432190
15275,1.6366612111292962,453568,21378,432190
15276,1.6365540717465306,453568,21378,432190
15277,1.636446946389998,453568,21378,432190
15278,1.6363398350569447,453568,21378,432190
15279,1.6362327377446169,453568,21378,432190
15280,1.6361256544502618,453568,21378,432190
15281,1.6360185851711275,453568,21378,432190
15282,1.6359115299044629,453568,21378,432190
15283,1.635804488647517,453568,21378,432190
15284,1.63569746139754,453568,21378,432190
15285,1.635590448151783,453568,21378,432190
15286,1.635483448907497,453568,21378,432190
15287,1.635376463661935,453568,21378,432190
15288,1.6352694924123496,453568,21378,432190
15289,1.6351625351559944,453568,21378,432190
15290,1.6350555918901242,453568,21378,432190
15291,1.634948662611994,453568,21378,432190
15292,1.6348417473188595,453568,21378,432190
15293,1.6347348460079776,453568,21378,432190
15294,1.6346279586766053,453568,21378,432190
15295,1.6345210853220007,453568,21378,432190
15296,1.6344142259414225,453568,21378,432190
15297,1.6343073805321304,453568,21378,432190
15298,1.6342005490913845,453568,21378,432190
15299,1.6340937316164454,453568,21378,432190
15300,1.6339869281045751,453568,21378,432190
15301,1.6338801385530357,453568,21378,432190
15302,1.6337733629590903,453568,21378,432190
15303,1.6336666013200025,453568,21378,432190
15304,1.6335598536330371,453568,21378,432190
15305,1.633453119895459,453568,21378,432190
15306,1.6333464001045341,453568,21378,432190
15307,1.6332396942575291,453568,21378,432190
15308,1.6331330023517114,453568,21378,432190
15309,1.633026324384349,453568,21378,432190
15310,1.6329196603527107,453568,21378,432190
15311,1.6328130102540657,453568,21378,432190
15312,1.6327063740856844,453568,21378,432190
15313,1.6325997518448376,453568,21378,432190
15314,1.6324931435287973,453568,21378,432190
15315,1.632386549134835,453568,21378,432190
15316,1.6322799686602245,453568,21378,432190
15317,1.6321734021022394,453568,21378,432190
15318,1.6320668494581538,453568,21378,432190
15319,1.6319603107252432,453568,21378,432190
15320,1.6318537859007833,453568,21378,432190
15321,1.6317472749820507,453568,21378,432190
15322,1.631640777966323,453568,21378,432190
15323,1.6315342948508778,453568,21378,432190
15324,1.631427825632994,453568,21378,432190
15325,1.6313213703099512,453568,21378,432190
15326,1.6312149288790292,453568,21378,432190
15327,1.631108501337509,453568,21378,432190
15328,1.6310020876826723,453568,21378,432190
15329,1.630895687911801,453568,21378,432190
15330,1.6307893020221786,453568,21378,432190
15331,1.6306829300110885,453568,21378,432190
15332,1.6305765718758154,453568,21378,432190
15333,1.6304702276136438,453568,21378,432190
15334,1.63036389722186,453568,21378,432190
15335,1.6302575806977502,453568,21378,432190
15336,1.630151278038602,453568,21378,432190
15337,1.630044989241703,453568,21378,432190
15338,1.6299387143043422,453568,21378,432190
15339,1.6298324532238087,453568,21378,432190
15340,1.6297262059973925,453568,21378,432190
15341,1.6296199726223846,453568,21378,432190
15342,1.6295137530960762,453568,21378,432190
15343,1.6294075474157597,453568,21378,432190
15344,1.629301355578728,453568,21378,432190
15345,1.6291951775822744,453568,21378,432190
15346,1.6290890134236935,453568,21378,432190
15347,1.6289828631002803,453568,21378,432190
15348,1.6288767266093302,453568,21378,432190
15349,1.62877060394814,453568,21378,432190
15350,1.6286644951140066,453568,21378,432190
15351,1.6285584001042277,453568,21378,432190
15352,1.6284523189161022,453568,21378,432190
15353,1.628346251546929,453568,21378,432190
15354,1.628240197994008,453568,21378,432190
15355,1.6281341582546403,453568,21378,432190
15356,1.6280281323261265,453568,21378,432190
15357,1.6279221202057694,453568,21378,432190
15358,1.627816121890871,453568,21378,432190
15359,1.6277101373787355,453568,21378,432190
15360,1.6276041666666667,453568,21378,432190
15361,1.6274982097519692,453568,21378,432190
15362,1.627392266631949,453568,21378,432190
15363,1.627286337303912,453568,21378,432190
15364,1.6271804217651653,453568,21378,432190
15365,1.6270745200130166,453568,21378,432190
15366,1.6269686320447743,453568,21378,432190
15367,1.626862757857747,453568,21378,432190
15368,1.6267568974492452,453568,21378,432190
15369,1.6266510508165788,453568,21378,432190
15370,1.6265452179570592,453568,21378,432190
15371,1.6264393988679982,453568,21378,432190
15372,1.6263335935467083,453568,21378,432190
15373,1.6262278019905028,453568,21378,432190
15374,1.6261220241966958,453568,21378,432190
15375,1.6260162601626016,453536,21230,432306
15376,1.625910509885536,453536,21230,432306
15377,1.6258047733628147,453536,21230,432306
15378,1.6256990505917543,453536,21230,432306
15379,1.6255933415696728,453536,21230,432306
15380,1.625487646293888,453536,21230,432306
15381,1.625381964761719,453536,21230,432306
15382,1.625276296970485,453536,21230,432306
15383,1.6251706429175063,453536,21230,432306
15384,1.6250650026001041,453536,21230,432306
15385,1.6249593760155996,453536,21230,432306
15386,1.6248537631613156,453536,21230,432306
15387,1.6247481640345747,453536,21230,432306
15388,1.6246425786327008,453536,21230,432306
15389,1.6245370069530183,453536,21230,432306
15390,1.6244314489928524,453536,21230,432306
15391,1.6243259047495289,453536,21230,432306
15392,1.6242203742203742,453536,21230,432306
15393,1.6241148574027156,453536,21230,432306
15394,1.6240093542938807,453536,21230,432306
15395,1.6239038648911985,453536,21230,432306
15396,1.6237983891919978,453536,21230,432306
15397,1.6236929271936091,453536,21230,432306
15398,1.6235874788933629,453536,21230,432306
15399,1.6234820442885902,453536,21230,432306
15400,1.6233766233766234,453536,21230,432306
15401,1.623271216154795,453536,21230,432306
15402,1.6231658226204388,453536,21230,432306
15403,1.6230604427708888,453536,21230,432306
15404,1.6229550766034797,453536,21230,432306
15405,1.6228497241155468,453536,21230,432306
15406,1.6227443853044268,453536,21230,432306
15407,1.6226390601674563,453536,21230,432306
15408,1.622533748701973,453536,21230,432306
15409,1.622428450905315,453536,21230,432306
15410,1.6223231667748215,453536,21230,432306
15411,1.622217896307832,453536,21230,432306
15412,1.622112639501687,453536,21230,432306
15413,1.6220073963537274,453536,21230,432306
15414,1.621902166861295,453536,21230,432306
15415,1.621796951021732,453536,21230,432306
15416,1.6216917488323819,453536,21230,432306
15417,1.6215865602905883,453536,21230,432306
15418,1.6214813853936956,453536,21230,432306
15419,1.6213762241390492,453536,21230,432306
15420,1.6212710765239948,453536,21230,432306
15421,1.621165942545879,453536,21230,432306
15422,1.621060822202049,453536,21230,432306
15423,1.6209557154898528,453536,21230,432306
15424,1.620850622406639,453536,21230,432306
15425,1.6207455429497568,453536,21230,432306
15426,1.6206404771165566,453536,21230,432306
15427,1.6205354249043884,453536,21230,432306
15428,1.620430386310604,453536,21230,432306
15429,1.6203253613325557,453536,21230,432306
15430,1.6202203499675956,453536,21230,432306
15431,1.6201153522130776,453536,21230,432306
15432,1.6200103680663556,453536,21230,432306
15433,1.6199053975247846,453536,21230,432306
15434,1.6198004405857198,453536,21230,432306
15435,1.6196954972465176,453536,21230,432306
15436,1.6195905675045348,453536,21230,432306
15437,1.619485651357129,453536,21230,432306
15438,1.6193807488016583,453536,21230,432306
15439,1.6192758598354815,453536,21230,432306
15440,1.6191709844559585,453536,21230,432306
15441,1.6190661226604495,453536,21230,432306
15442,1.6189612744463153,453536,21230,432306
15443,1.6188564398109175,453536,21230,432306
15444,1.6187516187516187,453536,21230,432306
15445,1.618646811265782,453536,21230,432306
15446,1.6185420173507705,453536,21230,432306
15447,1.618437237003949,453536,21230,432306
15448,1.6183324702226825,453536,21230,432306
15449,1.6182277170043369,453536,21230,432306
15450,1.6181229773462784,453536,21230,432306
15451,1.618018251245874,453536,21230,432306
15452,1.617913538700492,453536,21230,432306
15453,1.6178088397075001,453536,21230,432306
15454,1.617704154264268,453536,21230,432306
15455,1.6175994823681656,453536,21230,432306
15456,1.6174948240165632,453536,21230,432306
15457,1.617390179206832,453536,21230,432306
15458,1.6172855479363437,453536,21230,432306
15459,1.6171809302024711,453536,21230,432306
15460,1.6170763260025873,453536,21230,432306
15461,1.6169717353340665,453536,21230,432306
15462,1.6168671581942828,453536,21230,432306
15463,1.616762594580612,453536,21230,432306
15464,1.6166580444904295,453536,21230,432306
15465,1.6165535079211122,453536,21230,432306
15466,1.6164489848700374,453536,21230,432306
15467,1.6163444753345833,453536,21230,432306
15468,1.6162399793121283,453536,21230,432306
15469,1.6161354968000516,453536,21230,432306
15470,1.6160310277957337,453536,21230,432306
15471,1.6159265722965548,453536,21230,432306
15472,1.6158221302998965,453536,21230,432306
15473,1.615717701803141,453536,21230,432306
15474,1.6156132868036708,453536,21230,432306
15475,1.615508885298869,453536,21230,432306
15476,1.6154044972861203,453536,21230,432306
15477,1.6153001227628094,453536,21230,432306
15478,1.6151957617263213,453532,21198,432334
15479,1.6150914141740422,453532,21198,432334
15480,1.6149870801033592,453532,21198,432334
15481,1.6148827595116595,453532,21198,432334
15482,1.6147784523963313,453532,21198,432334
15483,1.6146741587547633,453532,21198,432334
15484,1.6145698785843452,453532,21198,432334
15485,1.614465611882467,453532,21198,432334
15486,1.6143613586465195,453532,21198,432334
15487,1.6142571188738943,453532,21198,432334
15488,1.6141528925619835,453532,21198,432334
15489,1.61404867970818,453532,21198,432334
15490,1.6139444803098772,453532,21198,432334
15491,1.6138402943644696,453532,21198,432334
15492,1.613736121869352,453532,21198,432334
15493,1.6136319628219196,453532,21198,432334
15494,1.6135278172195688,453532,21198,432334
15495,1.6134236850596966,453532,21198,432334
15496,1.6133195663397006,453532,21198,432334
15497,1.6132154610569787,453532,21198,432334
15498,1.6131113692089303,453532,21198,432334
15499,1.6130072907929545,453532,21198,432334
15500,1.6129032258064515,453532,21198,432334
15501,1.6127991742468228,453532,21198,432334
15502,1.6126951361114694,453532,21198,432334
15503,1.612591111397794,453532,21198,432334
15504,1.612487100103199,453532,21198,432334
15505,1.6123831022250887,453532,21198,432334
15506,1.6122791177608669,453532,21198,432334
15507,1.6121751467079384,453532,21198,432334
15508,1.612071189063709,453532,21198,432334
15509,1.611967244825585,453532,21198,432334
15510,1.6118633139909735,453532,21198,432334
15511,1.6117593965572818,453532,21198,432334
15512,1.6116554925219184,453532,21198,432334
15513,1.6115516018822922,453532,21198,432334
15514,1.6114477246358128,453532,21198,432334
15515,1.6113438607798904,453532,21198,432334
15516,1.611240010311936,453532,21198,432334
15517,1.6111361732293614,453532,21198,432334
15518,1.6110323495295786,453532,21198,432334
15519,1.6109285392100006,453532,21198,432334
15520,1.6108247422680413,453532,21198,432334
15521,1.6107209587011146,453532,21198,432334
15522,1.6106171885066358,453532,21198,432334
15523,1.6105134316820202,453532,21198,432334
15524,1.6104096882246843,453532,21198,432334
15525,1.6103059581320451,453532,21198,432334
15526,1.61020224140152,453532,21198,432334
15527,1.6100985380305275,453151,21198,431953
15528,1.6099948480164863,453151,21198,431953
15529,1.6098911713568163,453151,21198,431953
15530,1.6097875080489374,453151,21198,431953
15531,1.609683858090271,453151,21198,431953
15532,1.6095802214782384,453151,21198,431953
15533,1.6094765982102621,453059,21099,431960
15534,1.6093729882837646,453059,21099,431960
15535,1.60926939169617,453059,21099,431960
15536,1.609165808444902,453059,21099,431960
15537,1.6090622385273863,453059,21099,431960
15538,1.6089586819410477,453059,21099,431960
15539,1.608855138683313,453059,21099,431960
15540,1.6087516087516087,453059,21099,431960
15541,1.6086480921433628,453059,21099,431960
15542,1.608544588856003,453059,21099,431960
15543,1.6084410988869589,453059,21099,431960
15544,1.6083376222336594,453059,21099,431960
15545,1.608234158893535,453059,21099,431960
15546,1.6081307088640164,453059,21099,431960
15547,1.6080272721425355,453059,21099,431960
15548,1.6079238487265244,453059,21099,431960
15549,1.6078204386134156,453059,21099,431960
15550,1.607717041800643,453059,21099,431960
15551,1.6076136582856408,453059,21099,431960
15552,1.6075102880658436,453059,21099,431960
15553,1.6074069311386872,453059,21099,431960
15554,1.6073035875016073,453059,21099,431960
15555,1.6072002571520412,453059,21099,431960
15556,1.607096940087426,453059,21099,431960
15557,1.6069936363052002,453059,21099,431960
15558,1.6068903458028023,453059,21099,431960
15559,1.6067870685776722,453059,21099,431960
15560,1.6066838046272494,453059,21099,431960
15561,1.606580553948975,453059,21099,431960
15562,1.6064773165402904,453059,21099,431960
15563,1.6063740923986378,453059,21099,431960
15564,1.6062708815214597,453059,21099,431960
15565,1.6061676839061998,453059,21099,431960
15566,1.606064499550302,453059,21099,431960
15567,1.6059613284512109,452795,21036,431759
15568,1.6058581706063721,452795,21036,431759
15569,1.6057550260132314,452795,21036,431759
15570,1.6056518946692357,452795,21036,431759
15571,1.6055487765718321,452795,21036,431759
15572,1.605445671718469,452795,21036,431759
15573,1.6053425801065948,452795,21036,431759
15574,1.6052395017336587,452795,21036,431759
15575,1.6051364365971108,452795,21036,431759
15576,1.6050333846944016,452795,21036,431759
15577,1.6049303460229827,452795,21036,431759
15578,1.6048273205803056,452795,21036,431759
15579,1.6047243083638232,452795,21036,431759
15580,1.6046213093709885,452795,21036,431759
15581,1.6045183235992555,452795,21036,431759
15582,1.6044153510460788,452795,21036,431759
15583,1.6043123917089135,452795,21036,431759
15584,1.6042094455852156,452795,21036,431759
15585,1.6041065126724414,452795,21036,431759
15586,1.6040035929680483,452795,21036,431759
15587,1.6039006864694938,452795,21036,431759
15588,1.6037977931742367,452795,21036,431759
15589,1.6036949130797358,452795,21036,431759
15590,1.603592046183451,452795,21036,431759
15591,1.6034891924828427,452795,21036,431759
15592,1.603386351975372,452795,21036,431759
15593,1.6032835246585007,452795,21036,431759
15594,1.603180710529691,452795,21036,431759
15595,1.6030779095864058,452795,21036,431759
15596,1.6029751218261092,452795,21036,431759
15597,1.6028723472462654,452795,21036,431759
15598,1.602769585844339,452795,21036,431759
15599,1.602666837617796,452795,21036,431759
15600,1.6025641025641026,452795,21036,431759
15601,1.6024613806807255,452795,21036,431759
15602,1.6023586719651326,452795,21036,431759
15603,1.6022559764147921,452795,21036,431759
15604,1.6021532940271725,452795,21036,431759
15605,1.6020506247997437,452795,21036,431759
15606,1.6019479687299756,452795,21036,431759
15607,1.6018453258153393,452795,21036,431759
15608,1.601742696053306,452739,21036,431703
15609,1.601640079441348,452739,21036,431703
15610,1.6015374759769379,452739,21036,431703
15611,1.601434885657549,452739,21036,431703
15612,1.6013323084806559,452739,21036,431703
15613,1.601229744443733,452739,21036,431703
15614,1.6011271935442553,452739,21036,431703
15615,1.601024655779699,452739,21036,431703
15616,1.600922131147541,452739,21036,431703
15617,1.6008196196452584,452739,21036,431703
15618,1.600717121270329,452739,21036,431703
15619,1.6006146360202318,452739,21036,431703
15620,1.6005121638924455,452739,21036,431703
15621,1.6004097048844503,452739,21036,431703
15622,1.6003072589937268,452739,21036,431703
15623,1.600204826217756,452739,21036,431703
15624,1.6001024065540195,452739,21036,431703
15625,1.6,452739,21036,431703
15626,1.5998976065531807,452739,21036,431703
15627,1.599795226211045,452739,21036,431703
15628,1.5996928589710775,452739,21036,431703
15629,1.5995905048307633,452739,21036,431703
15630,1.599488163787588,452739,21036,431703
15631,1.5993858358390378,452739,21036,431703
15632,1.5992835209825997,452739,21036,431703
15633,1.5991812192157615,452739,21036,431703
15634,1.5990789305360114,452739,21036,431703
15635,1.598976654940838,452739,21036,431703
15636,1.5988743924277309,452739,21036,431703
15637,1.5987721429941806,452739,21036,431703
15638,1.5986699066376775,452739,21036,431703
15639,1.5985676833557132,452739,21036,431703
15640,1.5984654731457801,452739,21036,431703
15641,1.5983632760053705,452739,21036,431703
15642,1.598261091931978,452739,21036,431703
15643,1.5981589209230966,452739,21036,431703
15644,1.598056762976221,452739,21036,431703
15645,1.5979546180888462,452739,21036,431703
15646,1.5978524862584687,452739,21036,431703
15647,1.5977503674825846,452739,21036,431703
15648,1.5976482617586911,452739,21036,431703
15649,1.5975461690842865,452739,21036,431703
15650,1.597444089456869,452739,21036,431703
15651,1.5973420228739377,452739,21036,431703
15652,1.5972399693329926,452739,21036,431703
15653,1.597137928831534,452739,21036,431703
15654,1.5970359013670627,452739,21036,431703
15655,1.5969338869370808,452739,21036,431703
15656,1.5968318855390904,452739,21036,431703
15657,1.5967298971705945,452739,21036,431703
15658,1.5966279218290969,452739,21036,431703
15659,1.5965259595121017,452739,21036,431703
15660,1.5964240102171137,452739,21036,431703
15661,1.5963220739416384,452739,21036,431703
15662,1.5962201506831821,452739,21036,431703
15663,1.5961182404392518,452739,21036,431703
15664,1.5960163432073544,452739,21036,431703
15665,1.5959144589849985,452739,21036,431703
15666,1.5958125877696923,452739,21036,431703
15667,1.5957107295589457,452739,21036,431703
15668,1.595608884350268,452739,21036,431703
15669,1.5955070521411705,452739,21036,431703
15670,1.595405232929164,452739,21036,431703
15671,1.5953034267117605,452739,21036,431703
15672,1.5952016334864727,452739,21036,431703
15673,1.5950998532508136,452739,21036,431703
15674,1.5949980860022968,452739,21036,431703
15675,1.594896331738437,452739,21036,431703
15676,1.594794590456749,452739,21036,431703
15677,1.594692862154749,452739,21036,431703
15678,1.5945911468299527,452739,21036,431703
15679,1.5944894444798776,452739,21036,431703
15680,1.594387755102041,452739,21036,431703
15681,1.5942860786939608,452739,21036,431703
15682,1.5941844152531566,452739,21036,431703
15683,1.5940827647771472,452739,21036,431703
15684,1.5939811272634532,452739,21036,431703
15685,1.593879502709595,452739,21036,431703
15686,1.5937778911130944,452739,21036,431703
15687,1.5936762924714731,452739,21036,431703
15688,1.5935747067822539,452739,21036,431703
15689,1.59347313404296,452739,21036,431703
15690,1.5933715742511154,452739,21036,431703
15691,1.5932700274042444,452739,21036,431703
15692,1.5931684934998724,452739,21036,431703
15693,1.5930669725355253,452739,21036,431703
15694,1.5929654645087294,452739,21036,431703
15695,1.5928639694170117,452739,21036,431703
15696,1.5927624872579,452739,21036,431703
15697,1.5926610180289227,452739,21036,431703
15698,1.5925595617276087,452739,21036,431703
15699,1.5924581183514874,452739,21036,431703
15700,1.5923566878980893,452739,21036,431703
15701,1.5922552703649449,452739,21036,431703
15702,1.592153865749586,452739,21036,431703
15703,1.5920524740495448,452739,21036,431703
15704,1.5919510952623535,452739,21036,431703
15705,1.591849729385546,452739,21036,431703
15706,1.591748376416656,452739,21036,431703
15707,1.5916470363532182,452739,21036,431703
15708,1.591545709192768,452739,21036,431703
15709,1.591444394932841,452739,21036,431703
15710,1.5913430935709738,452739,21036,431703
15711,1.5912418051047037,452739,21036,431703
15712,1.5911405295315681,452739,21036,431703
15713,1.5910392668491058,452739,21036,431703
15714,1.5909380170548555,452739,21036,431703
15715,1.590836780146357,452739,21036,431703
15716,1.5907355561211505,452739,21036,431703
15717,1.5906343449767768,452739,21036,431703
15718,1.5905331467107775,452739,21036,431703
15719,1.5904319613206948,452739,21036,431703
15720,1.5903307888040712,452739,21036,431703
15721,1.5902296291584506,452739,21036,431703
15722,1.5901284823813764,452739,21036,431703
15723,1.5900273484703937,452739,21036,431703
15724,1.5899262274230477,452739,21036,431703
15725,1.589825119236884,452739,21036,431703
15726,1.5897240239094492,452739,21036,431703
15727,1.5896229414382907,452739,21036,431703
15728,1.5895218718209563,452739,21036,431703
15729,1.589420815054994,452739,21036,431703
15730,1.589319771137953,452739,21036,431703
15731,1.589218740067383,452739,21036,431703
15732,1.5891177218408339,452739,21036,431703
15733,1.589016716455857,452739,21036,431703
15734,1.5889157239100038,452739,21036,431703
15735,1.5888147442008262,452739,21036,431703
15736,1.588713777325877,452739,21036,431703
15737,1.5886128232827095,452739,21036,431703
15738,1.588511882068878,452739,21036,431703
15739,1.5884109536819366,452739,21036,431703
15740,1.5883100381194408,452739,21036,431703
15741,1.5882091353789467,452739,21036,431703
15742,1.5881082454580104,452739,21036,431703
15743,1.588007368354189,452739,21036,431703
15744,1.5879065040650406,452739,21036,431703
15745,1.5878056525881232,452739,21036,431703
15746,1.5877048139209957,452739,21036,431703
15747,1.587603988061218,452739,21036,431703
15748,1.58750317500635,452739,21036,431703
15749,1.5874023747539527,452739,21036,431703
15750,1.5873015873015872,452739,21036,431703
15751,1.587200812646816,452739,21036,431703
15752,1.5871000507872017,452739,21036,431703
15753,1.5869993017203072,452739,21036,431703
15754,1.586898565443697,452739,21036,431703
15755,1.586797841954935,452739,21036,431703
15756,1.5866971312515867,452739,21036,431703
15757,1.586596433331218,452739,21036,431703
15758,1.5864957481913948,452739,21036,431703
15759,1.5863950758296845,452739,21036,431703
15760,1.5862944162436547,452739,21036,431703
15761,1.5861937694308736,452739,21036,431703
15762,1.58609313538891,452739,21036,431703
15763,1.5859925141153335,452739,21036,431703
15764,1.5858919056077139,452739,21036,431703
15765,1.585791309863622,452739,21036,431703
15766,1.5856907268806293,452739,21036,431703
15767,1.5855901566563075,452739,21036,431703
15768,1.5854895991882294,452739,21036,431703
15769,1.585389054473968,452739,21036,431703
15770,1.585288522511097,452739,21036,431703
15771,1.585188003297191,452739,21036,431703
15772,1.585087496829825,452739,21036,431703
15773,1.5849870031065745,452739,21036,431703
15774,1.584886522125016,452739,21036,431703
15775,1.5847860538827259,452739,21036,431703
15776,1.5846855983772818,452739,21036,431703
15777,1.5845851556062622,452739,21036,431703
15778,1.5844847255672456,452739,21036,431703
15779,1.584384308257811,452739,21036,431703
15780,1.5842839036755387,452739,21036,431703
15781,1.584183511818009,452739,21036,431703
15782,1.584083132682803,452739,21036,431703
15783,1.583982766267503,452739,21036,431703
15784,1.5838824125696909,452739,21036,431703
15785,1.5837820715869497,452739,21036,431703
15786,1.583681743316863,452739,21036,431703
15787,1.5835814277570153,452739,21036,431703
15788,1.5834811249049912,452739,21036,431703
15789,1.583380834758376,452739,21036,431703
15790,1.5832805573147561,452739,21036,431703
15791,1.583180292571718,452739,21036,431703
15792,1.583080040526849,452739,21036,431703
15793,1.582979801177737,452739,21036,431703
15794,1.5828795745219704,452739,21036,431703
15795,1.5827793605571383,452739,21036,431703
15796,1.5826791592808307,452739,21036,431703
15797,1.5825789706906375,452739,21036,431703
15798,1.5824787947841499,452739,21036,431703
15799,1.5823786315589594,452739,21036,431703
15800,1.5822784810126582,452739,21036,431703
15801,1.5821783431428391,452739,21036,431703
15802,1.5820782179470954,452739,21036,431703
15803,1.5819781054230209,452739,21036,431703
15804,1.5818780055682107,452739,21036,431703
15805,1.5817779183802594,452739,21036,431703
15806,1.5816778438567634,452739,21036,431703
15807,1.5815777819953185,452739,21036,431703
15808,1.5814777327935223,452739,21036,431703
15809,1.581377696248972,452739,21036,431703
15810,1.5812776723592663,452739,21036,431703
15811,1.5811776611220036,452739,21036,431703
15812,1.5810776625347838,452739,21036,431703
15813,1.5809776765952064,452739,21036,431703
15814,1.5808777033008727,452739,21036,431703
15815,1.5807777426493834,452739,21036,431703
15816,1.580677794638341,452739,21036,431703
15817,1.5805778592653474,452739,21036,431703
15818,1.5804779365280062,452739,21036,431703
15819,1.5803780264239207,452739,21036,431703
15820,1.5802781289506953,452739,21036,431703
15821,1.580178244105935,452739,21036,431703
15822,1.5800783718872455,452739,21036,431703
15823,1.5799785122922327,452739,21036,431703
15824,1.5798786653185035,452739,21036,431703
15825,1.5797788309636651,452739,21036,431703
15826,1.5796790092253254,452739,21036,431703
15827,1.579579200101093,452739,21036,431703
15828,1.5794794035885773,452739,21036,431703
15829,1.5793796196853875,452739,21036,431703
15830,1.5792798483891346,452739,21036,431703
15831,1.579180089697429,452739,21036,431703
15832,1.5790803436078829,452739,21036,431703
15833,1.5789806101181076,452739,21036,431703
15834,1.578880889225717,452739,21036,431703
15835,1.5787811809283234,452739,21036,431703
15836,1.5786814852235413,452739,21036,431703
15837,1.5785818021089852,452739,21036,431703
15838,1.5784821315822706,452739,21036,431703
15839,1.5783824736410126,452739,21036,431703
15840,1.5782828282828283,452739,21036,431703
15841,1.5781831955053343,452739,21036,431703
15842,1.5780835753061482,452739,21036,431703
15843,1.5779839676828884,452739,21036,431703
15844,1.5778843726331735,452739,21036,431703
15845,1.577784790154623,452739,21036,431703
15846,1.5776852202448568,452739,21036,431703
15847,1.5775856629014955,452739,21036,431703
15848,1.5774861181221604,452739,21036,431703
15849,1.5773865859044736,452739,21036,431703
15850,1.5772870662460567,452739,21036,431703
15851,1.5771875591445335,452739,21036,431703
15852,1.5770880645975272,452739,21036,431703
15853,1.576988582602662,452739,21036,431703
15854,1.5768891131575629,452739,21036,431703
15855,1.576789656259855,452739,21036,431703
15856,1.5766902119071644,452739,21036,431703
15857,1.576590780097118,452739,21036,431703
15858,1.5764913608273428,452739,21036,431703
15859,1.5763919540954663,452739,21036,431703
15860,1.5762925598991173,452739,21036,431703
15861,1.5761931782359246,452739,21036,431703
15862,1.576093809103518,452739,21036,431703
15863,1.5759944524995273,452739,21036,431703
15864,1.5758951084215835,452739,21036,431703
15865,1.575795776867318,452739,21036,431703
15866,1.5756964578343629,452739,21036,431703
15867,1.5755971513203504,452739,21036,431703
15868,1.5754978573229141,452739,21036,431703
15869,1.5753985758396873,452739,21036,431703
15870,1.575299306868305,452739,21036,431703
15871,1.5752000504064017,452739,21036,431703
15872,1.575100806451613,452739,21036,431703
15873,1.575001575001575,452739,21036,431703
15874,1.5749023560539246,452739,21036,431703
15875,1.5748031496062993,452739,21036,431703
15876,1.5747039556563367,452739,21036,431703
15877,1.5746047742016753,452739,21036,431703
15878,1.5745056052399546,452739,21036,431703
15879,1.574406448768814,452739,21036,431703
15880,1.5743073047858942,452739,21036,431703
15881,1.5742081732888358,452739,21036,431703
15882,1.5741090542752803,452739,21036,431703
15883,1.5740099477428697,452739,21036,431703
15884,1.573910853689247,452739,21036,431703
15885,1.5738117721120555,452739,21036,431703
15886,1.5737127030089386,452739,21036,431703
15887,1.5736136463775414,452739,21036,431703
15888,1.5735146022155087,452739,21036,431703
15889,1.573415570520486,452739,21036,431703
15890,1.5733165512901195,452739,21036,431703
15891,1.5732175445220564,452739,21036,431703
15892,1.5731185502139442,452739,21036,431703
15893,1.5730195683634305,452739,21036,431703
15894,1.572920598968164,452739,21036,431703
15895,1.5728216420257943,452739,21036,431703
15896,1.5727226975339708,452739,21036,431703
15897,1.572623765490344,452739,21036,431703
15898,1.5725248458925651,452739,21036,431703
15899,1.5724259387382855,452739,21036,431703
15900,1.5723270440251573,452739,21036,431703
15901,1.5722281617508334,452739,21036,431703
15902,1.572129291912967,452739,21036,431703
15903,1.5720304345092122,452739,21036,431703
15904,1.5719315895372235,452739,21036,431703
15905,1.5718327569946557,452739,21036,431703
15906,1.5717339368791652,452739,21036,431703
15907,1.5716351291884076,452739,21036,431703
15908,1.5715363339200403,452739,21036,431703
15909,1.5714375510717205,452739,21036,431703
15910,1.5713387806411063,452739,21036,431703
15911,1.5712400226258563,452739,21036,431703
15912,1.57114127702363,452739,21036,431703
15913,1.571042543832087,452739,21036,431703
15914,1.5709438230488877,452739,21036,431703
15915,1.5708451146716933,452739,21036,431703
15916,1.5707464186981654,452739,21036,431703
15917,1.570647735125966,452739,21036,431703
15918,1.570549063952758,452739,21036,431703
15919,1.5704504051762045,452739,21036,431703
15920,1.57035175879397,452739,21036,431703
15921,1.5702531248037184,452739,21036,431703
15922,1.5701545032031152,452739,21036,431703
15923,1.5700558939898261,452739,21036,431703
15924,1.5699572971615172,452739,21036,431703
15925,1.5698587127158556,452739,21036,431703
15926,1.5697601406505086,452739,21036,431703
15927,1.5696615809631445,452739,21036,431703
15928,1.5695630336514315,452739,21036,431703
15929,1.569464498713039,452739,21036,431703
15930,1.569365976145637,452739,21036,431703
15931,1.569267465946896,452739,21036,431703
15932,1.5691689681144865,452739,21036,431703
15933,1.5690704826460804,452739,21036,431703
15934,1.5689720095393498,452739,21036,431703
15935,1.5688735487919674,452739,21036,431703
15936,1.5687751004016064,452739,21036,431703
15937,1.5686766643659409,452739,21036,431703
15938,1.5685782406826452,452739,21036,431703
15939,1.5684798293493947,452739,21036,431703
15940,1.5683814303638646,452739,21036,431703
15941,1.5682830437237312,452739,21036,431703
15942,1.5681846694266717,452739,21036,431703
15943,1.5680863074703633,452739,21036,431703
15944,1.5679879578524838,452739,21036,431703
15945,1.5678896205707118,452739,21036,431703
15946,1.5677912956227267,452739,21036,431703
15947,1.567692983006208,452739,21036,431703
15948,1.5675946827188363,452739,21036,431703
15949,1.567496394758292,452739,21036,431703
15950,1.567398119122257,452739,21036,431703
15951,1.5672998558084132,452739,21036,431703
15952,1.5672016048144433,452739,21036,431703
15953,1.5671033661380305,452739,21036,431703
15954,1.5670051397768585,452739,21036,431703
15955,1.5669069257286117,452739,21036,431703
15956,1.5668087239909751,452739,21036,431703
15957,1.5667105345616343,452739,21036,431703
15958,1.5666123574382755,452739,21036,431703
15959,1.566514192618585,452739,21036,431703
15960,1.5664160401002507,452739,21036,431703
15961,1.56631789988096,452739,21036,431703
15962,1.5662197719584012,452739,21036,431703
15963,1.5661216563302638,452739,21036,431703
15964,1.566023552994237,452739,21036,431703
15965,1.5659254619480112,452739,21036,431703
15966,1.5658273831892773,452739,21036,431703
15967,1.5657293167157262,452739,21036,431703
15968,1.5656312625250501,452739,21036,431703
15969,1.5655332206149415,452739,21036,431703
15970,1.5654351909830932,452739,21036,431703
15971,1.5653371736271993,452739,21036,431703
15972,1.5652391685449536,452739,21036,431703
15973,1.5651411757340512,452739,21036,431703
15974,1.5650431951921873,452739,21036,431703
15975,1.5649452269170578,452739,21036,431703
15976,1.5648472709063594,452739,21036,431703
15977,1.5647493271577892,452739,21036,431703
15978,1.5646513956690449,452739,21036,431703
15979,1.5645534764378246,452739,21036,431703
15980,1.5644555694618272,452739,21036,431703
15981,1.5643576747387522,452739,21036,431703
15982,1.5642597922662995,452707,21121,431586
15983,1.5641619220421699,452707,21121,431586
15984,1.5640640640640642,452707,21121,431586
15985,1.563966218329684,452707,21121,431586
15986,1.563868384836732,452707,21121,431586
15987,1.563770563582911,452707,21121,431586
15988,1.5636727545659244,452707,21121,431586
15989,1.563574957783476,452707,21121,431586
15990,1.5634771732332708,452707,21121,431586
15991,1.5633794009130135,452707,21121,431586
15992,1.5632816408204102,452707,21121,431586
15993,1.563183892953167,452707,21121,431586
15994,1.563086157308991,452707,21121,431586
15995,1.5629884338855893,452707,21121,431586
15996,1.56289072268067,452707,21121,431586
15997,1.5627930236919423,452707,21121,431586
15998,1.5626953369171146,452707,21121,431586
15999,1.562597662353897,452707,21121,431586
16000,1.5625,452707,21121,431586
16001,1.562402349853134,452707,21121,431586
16002,1.5623047119110112,452707,21121,431586
16003,1.5622070861713429,452707,21121,431586
16004,1.562109472631842,452707,21121,431586
16005,1.5620118712902218,452707,21121,431586
16006,1.561914282144196,452707,21121,431586
16007,1.5618167051914786,452707,21121,431586
16008,1.5617191404297852,452707,21121,431586
16009,1.5616215878568305,452707,21121,431586
16010,1.5615240474703311,452707,21121,431586
16011,1.5614265192680032,452707,21121,431586
16012,1.5613290032475644,452707,21121,431586
16013,1.561231499406732,452707,21121,431586
16014,1.5611340077432247,452707,21121,431586
16015,1.5610365282547611,452707,21121,431586
16016,1.560939060939061,452707,21121,431586
16017,1.5608416057938441,452707,21121,431586
16018,1.560744162816831,452707,21121,431586
16019,1.560646732005743,452707,21121,431586
16020,1.5605493133583022,452707,21121,431586
16021,1.5604519068722302,452707,21121,431586
16022,1.5603545125452503,452707,21121,431586
16023,1.5602571303750858,452707,21121,431586
16024,1.5601597603594608,452707,21121,431586
16025,1.5600624024960998,452707,21121,431586
16026,1.5599650567827281,452707,21121,431586
16027,1.5598677232170712,452707,21121,431586
16028,1.5597704017968554,452707,21121,431586
16029,1.559673092519808,452707,21121,431586
16030,1.5595757953836555,452707,21121,431586
16031,1.5594785103861268,452707,21121,431586
16032,1.55938123752495,452707,21121,431586
16033,1.5592839767978544,452707,21121,431586
16034,1.5591867282025695,452707,21121,431586
16035,1.5590894917368257,452707,21121,431586
16036,1.5589922673983536,452707,21121,431586
16037,1.558895055184885,452707,21121,431586
16038,1.5587978550941515,452707,21121,431586
16039,1.5587006671238854,452707,21121,431586
16040,1.5586034912718205,452707,21121,431586
16041,1.5585063275356899,452707,21121,431586
16042,1.5584091759132277,452707,21121,431586
16043,1.5583120364021692,452707,21121,431586
16044,1.5582149090002493,452707,21121,431586
16045,1.5581177937052042,452707,21121,431586
16046,1.55802069051477,452707,21121,431586
16047,1.557923599426684,452707,21121,431586
16048,1.5578265204386839,452707,21121,431586
16049,1.5577294535485078,452707,21121,431586
16050,1.557632398753894,452707,21121,431586
16051,1.5575353560525824,452707,21121,431586
16052,1.5574383254423125,452707,21121,431586
16053,1.5573413069208248,452707,21121,431586
16054,1.5572443004858603,452707,21121,431586
16055,1.5571473061351604,452707,21121,431586
16056,1.5570503238664675,452707,21121,431586
16057,1.5569533536775237,452674,21049,431625
16058,1.556856395566073,452674,21049,431625
16059,1.5567594495298587,452674,21049,431625
16060,1.5566625155666252,452674,21049,431625
16061,1.5565655936741174,452674,21049,431625
16062,1.556468683850081,452674,21049,431625
16063,1.5563717860922617,452674,21049,431625
16064,1.5562749003984064,452674,21049,431625
16065,1.5561780267662622,452674,21049,431625
16066,1.5560811651935764,452674,21049,431625
16067,1.555984315678098,452606,21175,431431
16068,1.5558874782175753,452606,21175,431431
16069,1.5557906528097578,452606,21175,431431
16070,1.5556938394523958,452606,21175,431431
16071,1.5555970381432394,452606,21175,431431
16072,1.5555002488800398,452606,21175,431431
16073,1.5554034716605487,452606,21175,431431
16074,1.5553067064825183,452606,21175,431431
16075,1.5552099533437014,452606,21175,431431
16076,1.5551132122418512,452606,21175,431431
16077,1.5550164831747217,452606,21175,431431
16078,1.554919766140067,452606,21175,431431
16079,1.5548230611356428,452606,21175,431431
16080,1.554726368159204,452606,21175,431431
16081,1.554629687208507,452606,21175,431431
16082,1.5545330182813082,452606,21175,431431
16083,1.5544363613753653,452606,21175,431431
16084,1.5543397164884356,452606,21175,431431
16085,1.554243083618278,452606,21175,431431
16086,1.5541464627626507,452606,21175,431431
16087,1.5540498539193137,452606,21175,431431
16088,1.5539532570860268,452606,21175,431431
16089,1.5538566722605507,452606,21175,431431
16090,1.5537600994406464,452606,21175,431431
16091,1.5536635386240756,452606,21175,431431
16092,1.5535669898086006,452606,21175,431431
16093,1.553470452991984,452606,21175,431431
16094,1.5533739281719896,452606,21175,431431
16095,1.5532774153463809,452606,21175,431431
16096,1.5531809145129225,452606,21175,431431
16097,1.5530844256693794,452606,21175,431431
16098,1.5529879488135172,452606,21175,431431
16099,1.552891483943102,452606,21175,431431
16100,1.5527950310559007,452606,21175,431431
16101,1.5526985901496801,452606,21175,431431
16102,1.5526021612222085,452606,21175,431431
16103,1.5525057442712538,452606,21175,431431
16104,1.5524093392945852,452606,21175,431431
16105,1.552312946289972,452606,21175,431431
16106,1.5522165652551845,452606,21175,431431
16107,1.552120196187993,452606,21175,431431
16108,1.5520238390861683,452606,21175,431431
16109,1.5519274939474828,452606,21175,431431
16110,1.5518311607697082,452606,21175,431431
16111,1.5517348395506176,452606,21175,431431
16112,1.551638530287984,452606,21175,431431
16113,1.5515422329795816,452606,21175,431431
16114,1.5514459476231848,452606,21175,431431
16115,1.5513496742165684,452606,21175,431431
16116,1.5512534127575082,452606,21175,431431
16117,1.55115716324378,452606,21175,431431
16118,1.5510609256731605,452606,21175,431431
16119,1.550964700043427,452606,21175,431431
16120,1.5508684863523574,452606,21175,431431
16121,1.5507722845977296,452606,21175,431431
16122,1.5506760947773228,452606,21175,431431
16123,1.5505799168889165,452606,21175,431431
16124,1.5504837509302902,452606,21175,431431
16125,1.550387596899225,452606,21175,431431
16126,1.5502914547935012,452606,21175,431431
16127,1.550195324610901,452606,21175,431431
16128,1.5500992063492063,452606,21175,431431
16129,1.5500031000062,452606,21175,431431
16130,1.5499070055796653,452606,21175,431431
16131,1.5498109230673858,452606,21175,431431
16132,1.549714852467146,452606,21175,431431
16133,1.549618793776731,452606,21175,431431
16134,1.549522746993926,452606,21175,431431
16135,1.5494267121165168,452606,21175,431431
16136,1.5493306891422904,452606,21175,431431
16137,1.5492346780690338,452606,21175,431431
16138,1.5491386788945347,452606,21175,431431
16139,1.549042691616581,452606,21175,431431
16140,1.5489467162329615,452606,21175,431431
16141,1.5488507527414659,452606,21175,431431
16142,1.5487548011398835,452606,21175,431431
16143,1.548658861426005,452606,21175,431431
16144,1.5485629335976214,452606,21175,431431
16145,1.548467017652524,452606,21175,431431
16146,1.548371113588505,452606,21175,431431
16147,1.5482752214033566,452606,21175,431431
16148,1.5481793410948725,452540,21175,431365
16149,1.548083472660846,452540,21175,431365
16150,1.5479876160990713,452540,21175,431365
16151,1.5478917714073432,452540,21175,431365
16152,1.5477959385834572,452540,21175,431365
16153,1.547700117625209,452540,21175,431365
16154,1.547604308530395,452540,21175,431365
16155,1.547508511296812,452540,21175,431365
16156,1.547412725922258,452540,21175,431365
16157,1.5473169524045305,452540,21175,431365
16158,1.5472211907414284,452540,21175,431365
16159,1.5471254409307507,452540,21175,431365
16160,1.547029702970297,452540,21175,431365
16161,1.5469339768578676,452540,21175,431365
16162,1.5468382625912636,452540,21175,431365
16163,1.5467425601682856,452540,21175,431365
16164,1.546646869586736,452540,21175,431365
16165,1.546551190844417,452540,21175,431365
16166,1.5464555239391315,452540,21175,431365
16167,1.546359868868683,452540,21175,431365
16168,1.5462642256308758,452540,21175,431365
16169,1.5461685942235142,452540,21175,431365
16170,1.5460729746444033,452540,21175,431365
16171,1.5459773668913488,452540,21175,431365
16172,1.5458817709621568,452540,21175,431365
16173,1.5457861868546343,452540,21175,431365
16174,1.5456906145665883,452540,21175,431365
16175,1.545595054095827,452540,21175,431365
16176,1.5454995054401583,452540,21175,431365
16177,1.5454039685973913,452540,21175,431365
16178,1.5453084435653357,452540,21175,431365
16179,1.5452129303418012,452540,21175,431365
16180,1.5451174289245984,452540,21175,431365
16181,1.5450219393115383,452540,21175,431365
16182,1.5449264615004326,452540,21175,431365
16183,1.5448309954890935,452540,21175,431365
16184,1.5447355412753336,452540,21175,431365
16185,1.5446400988569664,452540,21175,431365
16186,1.5445446682318054,452540,21175,431365
16187,1.5444492493976647,452540,21175,431365
16188,1.5443538423523597,452540,21175,431365
16189,1.5442584470937055,452540,21175,431365
16190,1.5441630636195183,452540,21175,431365
16191,1.5440676919276142,452540,21175,431365
16192,1.5439723320158103,452540,21175,431365
16193,1.5438769838819242,452540,21175,431365
16194,1.5437816475237742,452540,21175,431365
16195,1.5436863229391788,452540,21175,431365
16196,1.5435910101259571,452540,21175,431365
16197,1.5434957090819288,452540,21175,431365
16198,1.5434004198049143,452540,21175,431365
16199,1.5433051422927342,452540,21175,431365
16200,1.5432098765432098,452540,21175,431365
16201,1.5431146225541634,452540,21175,431365
16202,1.543019380323417,452540,21175,431365
16203,1.5429241498487933,452447,21287,431160
16204,1.5428289311281165,452447,21287,431160
16205,1.54273372415921,452447,21287,431160
16206,1.5426385289398987,452447,21287,431160
16207,1.5425433454680078,452447,21287,431160
16208,1.5424481737413622,452447,21287,431160
16209,1.542353013757789,452447,21287,431160
16210,1.5422578655151142,452447,21287,431160
16211,1.5421627290111652,452447,21287,431160
16212,1.54206760424377,452447,21287,431160
16213,1.5419724912107569,452447,21287,431160
16214,1.5418773899099543,452447,21287,431160
16215,1.5417823003391922,452447,21287,431160
16216,1.5416872224962999,452447,21287,431160
16217,1.5415921563791084,452447,21287,431160
16218,1.5414971019854482,452447,21287,431160
16219,1.5414020593131512,452447,21287,431160
16220,1.5413070283600494,452447,21287,431160
16221,1.5412120091239752,452447,21287,431160
16222,1.5411170016027618,452447,21287,431160
16223,1.5410220057942428,452447,21287,431160
16224,1.5409270216962525,452447,21287,431160
16225,1.5408320493066257,452447,21287,431160
16226,1.5407370886231972,452447,21287,431160
16227,1.5406421396438035,452448,21287,431161
16228,1.5405472023662805,452448,21287,431161
16229,1.5404522767884652,452448,21287,431161
16230,1.5403573629081948,452448,21287,431161
16231,1.5402624607233073,452448,21287,431161
16232,1.5401675702316413,452448,21287,431161
16233,1.5400726914310356,452448,21287,431161
16234,1.5399778243193298,452448,21287,431161
16235,1.539882968894364,452448,21287,431161
16236,1.539788125153979,452448,21287,431161
16237,1.5396932930960152,452448,21287,431161
16238,1.539598472718315,452448,21287,431161
16239,1.5395036640187203,452448,21287,431161
16240,1.5394088669950738,452448,21287,431161
16241,1.5393140816452189,452448,21287,431161
16242,1.5392193079669991,452448,21287,431161
16243,1.539124545958259,452448,21287,431161
16244,1.539029795616843,452448,21287,431161
16245,1.538935056940597,452448,21287,431161
16246,1.5388403299273667,452448,21287,431161
16247,1.5387456145749985,452448,21287,431161
16248,1.5386509108813393,452448,21287,431161
16249,1.5385562188442365,452448,21287,431161
16250,1.5384615384615385,452448,21287,431161
16251,1.5383668697310935,452448,21287,431161
16252,1.5382722126507506,452448,21287,431161
16253,1.5381775672183597,452448,21287,431161
16254,1.5380829334317707,452448,21287,431161
16255,1.5379883112888342,452448,21287,431161
16256,1.5378937007874016,452448,21287,431161
16257,1.5377991019253245,452448,21287,431161
16258,1.537704514700455,452448,21287,431161
16259,1.5376099391106464,452448,21287,431161
16260,1.5375153751537516,452448,21287,431161
16261,1.5374208228276243,452448,21287,431161
16262,1.5373262821301192,452448,21287,431161
16263,1.537231753059091,452448,21287,431161
16264,1.5371372356123956,452448,21287,431161
16265,1.5370427297878881,452448,21287,431161
16266,1.5369482355834256,452448,21287,431161
16267,1.5368537529968649,452448,21287,431161
16268,1.5367592820260634,452448,21287,431161
16269,1.5366648226688795,452448,21287,431161
16270,1.5365703749231714,452448,21287,431161
16271,1.5364759387867986,452448,21287,431161
16272,1.5363815142576205,452448,21287,431161
16273,1.536287101333497,452448,21287,431161
16274,1.5361927000122895,452448,21287,431161
16275,1.5360983102918586,452448,21287,431161
16276,1.5360039321700663,452448,21287,431161
16277,1.5359095656447748,452448,21287,431161
16278,1.535815210713847,452448,21287,431161
16279,1.535720867375146,452448,21287,431161
16280,1.5356265356265357,452448,21287,431161
16281,1.5355322154658804,452448,21287,431161
16282,1.5354379068910453,452448,21287,431161
16283,1.5353436098998956,452448,21287,431161
16284,1.5352493244902972,452448,21287,431161
16285,1.5351550506601166,452448,21287,431161
16286,1.535060788407221,452448,21287,431161
16287,1.5349665377294774,452448,21287,431161
16288,1.5348722986247545,452448,21287,431161
16289,1.5347780710909202,452448,21287,431161
16290,1.5346838551258442,452448,21287,431161
16291,1.5345896507273955,452448,21287,431161
16292,1.5344954578934447,452448,21287,431161
16293,1.5344012766218622,452448,21287,431161
16294,1.5343071069105192,452448,21287,431161
16295,1.5342129487572875,452448,21287,431161
16296,1.5341188021600394,452448,21287,431161
16297,1.5340246671166473,452448,21287,431161
16298,1.5339305436249846,452448,21287,431161
16299,1.5338364316829254,452448,21287,431161
16300,1.5337423312883436,452448,21287,431161
16301,1.5336482424391142,452448,21287,431161
16302,1.5335541651331126,452448,21287,431161
16303,1.5334600993682144,452448,21287,431161
16304,1.5333660451422964,452448,21287,431161
16305,1.5332720024532351,452448,21287,431161
16306,1.5331779712989084,452448,21287,431161
16307,1.533083951677194,452448,21287,431161
16308,1.5329899435859702,452448,21287,431161
16309,1.532895947023116,452448,21287,431161
16310,1.5328019619865114,452448,21287,431161
16311,1.532707988474036,452448,21287,431161
16312,1.5326140264835704,452448,21287,431161
16313,1.5325200760129958,452448,21287,431161
16314,1.5324261370601937,452448,21287,431161
16315,1.5323322096230463,452448,21287,431161
16316,1.532238293699436,452448,21287,431161
16317,1.5321443892872464,452448,21287,431161
16318,1.5320504963843609,452448,21287,431161
16319,1.5319566149886634,452448,21287,431161
16320,1.5318627450980393,452448,21287,431161
16321,1.5317688867103731,452448,21287,431161
16322,1.531675039823551,452448,21287,431161
16323,1.531581204435459,452448,21287,431161
16324,1.5314873805439844,452448,21287,431161
16325,1.5313935681470139,452448,21287,431161
16326,1.5312997672424353,452448,21287,431161
16327,1.5312059778281375,452448,21287,431161
16328,1.5311121999020088,452448,21287,431161
16329,1.5310184334619388,452448,21287,431161
16330,1.5309246785058175,452448,21287,431161
16331,1.5308309350315352,452448,21287,431161
16332,1.5307372030369826,452448,21287,431161
16333,1.5306434825200514,452448,21287,431161
16334,1.5305497734786335,452448,21287,431161
16335,1.5304560759106214,452448,21287,431161
16336,1.530362389813908,452448,21287,431161
16337,1.5302687151863867,452448,21287,431161
16338,1.5301750520259518,452448,21287,431161
16339,1.5300814003304977,452448,21287,431161
16340,1.5299877600979193,452448,21287,431161
16341,1.5298941313261123,452448,21287,431161
16342,1.5298005140129727,452448,21287,431161
16343,1.5297069081563972,452448,21287,431161
16344,1.5296133137542829,452448,21287,431161
16345,1.5295197308045274,452448,21287,431161
16346,1.5294261593050287,452448,21287,431161
16347,1.5293325992536857,452448,21287,431161
16348,1.5292390506483973,452448,21287,431161
16349,1.5291455134870635,452448,21287,431161
16350,1.529051987767584,452448,21287,431161
16351,1.52895847348786,452448,21287,431161
16352,1.5288649706457926,452448,21287,431161
16353,1.5287714792392832,452448,21287,431161
16354,1.5286779992662345,452448,21287,431161
16355,1.5285845307245491,452448,21287,431161
16356,1.5284910736121302,452448,21287,431161
16357,1.5283976279268814,452448,21287,431161
16358,1.5283041936667074,452434,21287,431147
16359,1.5282107708295127,452434,21287,431147
16360,1.528117359413203,452434,21287,431147
16361,1.5280239594156837,452434,21287,431147
16362,1.5279305708348612,452434,21287,431147
16363,1.5278371936686426,452434,21287,431147
16364,1.5277438279149351,452434,21287,431147
16365,1.5276504735716467,452434,21287,431147
16366,1.5275571306366857,452434,21287,431147
16367,1.5274637991079612,452434,21287,431147
16368,1.5273704789833822,452434,21287,431147
16369,1.527277170260859,452434,21287,431147
16370,1.5271838729383018,452434,21287,431147
16371,1.5270905870136215,452434,21287,431147
16372,1.52699731248473,452434,21287,431147
16373,1.526904049349539,452434,21287,431147
16374,1.5268107976059606,452434,21287,431147
16375,1.5267175572519085,452434,21287,431147
16376,1.5266243282852956,452434,21287,431147
16377,1.5265311107040362,452434,21287,431147
16378,1.5264379045060448,452434,21287,431147
16379,1.5263447096892362,452434,21287,431147
16380,1.5262515262515262,452434,21287,431147
16381,1.5261583541908308,452434,21287,431147
16382,1.5260651935050666,452434,21287,431147
16383,1.5259720441921505,452434,21287,431147
16384,1.52587890625,452434,21287,431147
16385,1.5257857796765335,452434,21287,431147
16386,1.5256926644696693,452434,21287,431147
16387,1.5255995606273265,452434,21287,431147
16388,1.5255064681474249,452434,21287,431147
16389,1.5254133870278845,452434,21287,431147
16390,1.525320317266626,452434,21287,431147
16391,1.5252272588615703,452434,21287,431147
16392,1.5251342118106392,452434,21287,431147
16393,1.525041176111755,452434,21287,431147
16394,1.52494815176284,452434,21287,431147
16395,1.5248551387618177,452434,21287,431147
16396,1.5247621371066113,452434,21287,431147
16397,1.5246691467951454,452434,21287,431147
16398,1.5245761678253447,452434,21287,431147
16399,1.5244832001951338,452434,21287,431147
16400,1.524390243902439,452434,21287,431147
16401,1.5242972989451862,452434,21287,431147
16402,1.5242043653213022,452434,21287,431147
16403,1.5241114430287142,452434,21287,431147
16404,1.5240185320653499,452434,21287,431147
16405,1.5239256324291375,452434,21287,431147
16406,1.5238327441180055,452434,21287,431147
16407,1.5237398671298836,452434,21287,431147
16408,1.523647001462701,452434,21287,431147
16409,1.5235541471143885,452434,21287,431147
16410,1.5234613040828764,452434,21287,431147
16411,1.5233684723660958,452434,21287,431147
16412,1.523275651961979,452434,21287,431147
16413,1.523182842868458,452434,21287,431147
16414,1.5230900450834652,452434,21287,431147
16415,1.5229972586049345,452434,21287,431147
16416,1.5229044834307992,452434,21287,431147
16417,1.5228117195589936,452434,21287,431147
16418,1.5227189669874528,452434,21287,431147
16419,1.5226262257141117,452434,21287,431147
16420,1.522533495736906,452434,21287,431147
16421,1.5224407770537727,452434,21287,431147
16422,1.5223480696626477,452434,21287,431147
16423,1.5222553735614686,452434,21287,431147
16424,1.5221626887481734,452434,21287,431147
16425,1.5220700152207,452434,21287,431147
16426,1.5219773529769878,452434,21287,431147
16427,1.5218847020149753,452434,21287,431147
16428,1.521792062332603,452434,21287,431147
16429,1.5216994339278105,452434,21287,431147
16430,1.5216068167985393,452434,21287,431147
16431,1.5215142109427302,452434,21287,431147
16432,1.5214216163583252,452434,21287,431147
16433,1.5213290330432665,452434,21287,431147
16434,1.5212364609954971,452434,21287,431147
16435,1.52114390021296,452434,21287,431147
16436,1.5210513506935994,452434,21287,431147
16437,1.5209588124353592,452434,21287,431147
16438,1.5208662854361845,452434,21287,431147
16439,1.5207737696940202,452434,21287,431147
16440,1.5206812652068127,452434,21287,431147
16441,1.5205887719725077,452434,21287,431147
16442,1.5204962899890524,452434,21287,431147
16443,1.520403819254394,452434,21287,431147
16444,1.5203113597664801,452434,21287,431147
16445,1.5202189115232594,452434,21287,431147
16446,1.5201264745226803,452434,21287,431147
16447,1.5200340487626922,452434,21287,431147
16448,1.519941634241245,452434,21287,431147
16449,1.5198492309562892,452434,21287,431147
16450,1.5197568389057752,452434,21287,431147
16451,1.5196644580876542,452434,21287,431147
16452,1.5195720884998785,452434,21287,431147
16453,1.5194797301404,452434,21287,431147
16454,1.5193873830071716,452434,21287,431147
16455,1.5192950470981466,452434,21287,431147
16456,1.5192027224112785,452434,21287,431147
16457,1.519110408944522,452434,21287,431147
16458,1.5190181066958317,452434,21287,431147
16459,1.518925815663163,452434,21287,431147
16460,1.5188335358444713,452434,21287,431147
16461,1.5187412672377134,452434,21287,431147
16462,1.5186490098408456,452434,21287,431147
16463,1.5185567636518253,452434,21287,431147
16464,1.5184645286686103,452434,21287,431147
16465,1.5183723048891589,452434,21287,431147
16466,1.5182800923114297,452434,21287,431147
16467,1.518187890933382,452434,21287,431147
16468,1.5180957007529754,452434,21287,431147
16469,1.5180035217681704,452434,21287,431147
16470,1.5179113539769278,452434,21287,431147
16471,1.5178191973772084,452434,21287,431147
16472,1.5177270519669743,452434,21287,431147
16473,1.5176349177441875,452434,21287,431147
16474,1.5175427947068107,452434,21287,431147
16475,1.5174506828528074,452434,21287,431147
16476,1.5173585821801407,452434,21287,431147
16477,1.5172664926867756,452434,21287,431147
16478,1.517174414370676,452434,21287,431147
16479,1.5170823472298076,452434,21287,431147
16480,1.516990291262136,452434,21287,431147
16481,1.516898246465627,452434,21287,431147
16482,1.5168062128382478,452434,21287,431147
16483,1.516714190377965,452434,21287,431147
16484,1.516622179082747,452434,21287,431147
16485,1.5165301789505612,452434,21287,431147
16486,1.5164381899793764,452434,21287,431147
16487,1.516346212167162,452434,21287,431147
16488,1.5162542455118875,452434,21287,431147
16489,1.5161622900115228,452434,21287,431147
16490,1.5160703456640388,452434,21287,431147
16491,1.5159784124674065,452434,21287,431147
16492,1.5158864904195974,452434,21287,431147
16493,1.5157945795185837,452434,21287,431147
16494,1.5157026797623379,452434,21287,431147
16495,1.515610791148833,452434,21287,431147
16496,1.5155189136760427,452434,21287,431147
16497,1.515427047341941,452434,21287,431147
16498,1.5153351921445024,452434,21287,431147
16499,1.515243348081702,452434,21287,431147
16500,1.5151515151515151,452434,21287,431147
16501,1.515059693351918,452434,21287,431147
16502,1.5149678826808872,452434,21287,431147
16503,1.5148760831363994,452434,21287,431147
16504,1.5147842947164323,452434,21287,431147
16505,1.514692517418964,452434,21287,431147
16506,1.5146007512419726,452434,21287,431147
16507,1.5145089961834373,452434,21287,431147
16508,1.5144172522413375,452434,21287,431147
16509,1.5143255194136531,452434,21287,431147
16510,1.5142337976983646,452434,21287,431147
16511,1.5141420870934528,452434,21287,431147
16512,1.5140503875968991,452434,21287,431147
16513,1.5139586992066856,452434,21287,431147
16514,1.5138670219207946,452434,21287,431147
16515,1.5137753557372087,452434,21287,431147
16516,1.5136837006539114,452434,21287,431147
16517,1.5135920566688865,452434,21287,431147
16518,1.5135004237801186,452434,21287,431147
16519,1.5134088019855922,452434,21287,431147
16520,1.513317191283293,452434,21287,431147
16521,1.5132255916712063,452434,21287,431147
16522,1.5131340031473188,452434,21287,431147
16523,1.513042425709617,452434,21287,431147
16524,1.512950859356088,452434,21287,431147
16525,1.51285930408472,452434,21287,431147
16526,1.5127677598935012,452434,21287,431147
16527,1.51267622678042,452434,21287,431147
16528,1.5125847047434657,452434,21287,431147
16529,1.512493193780628,452434,21287,431147
16530,1.5124016938898972,452434,21287,431147
16531,1.5123102050692638,452434,21287,431147
16532,1.5122187273167191,452434,21287,431147
16533,1.5121272606302547,452434,21287,431147
16534,1.5120358050078626,452434,21287,431147
16535,1.5119443604475356,452434,21287,431147
16536,1.5118529269472665,452434,21287,431147
16537,1.5117615045050492,452434,21287,431147
16538,1.5116700931188778,452434,21287,431147
16539,1.5115786927867465,452434,21287,431147
16540,1.5114873035066505,452434,21287,431147
16541,1.5113959252765854,452434,21287,431147
16542,1.5113045580945472,452434,21287,431147
16543,1.5112132019585323,452434,21287,431147
16544,1.5111218568665377,452434,21287,431147
16545,1.5110305228165608,452434,21287,431147
16546,1.5109391998065997,452434,21287,431147
16547,1.5108478878346527,452434,21287,431147
16548,1.510756586898719,452434,21287,431147
16549,1.5106652969967973,452434,21287,431147
16550,1.5105740181268883,452434,21287,431147
16551,1.5104827502869917,452434,21287,431147
16552,1.5103914934751088,452434,21287,431147
16553,1.5103002476892406,452434,21287,431147
16554,1.510209012927389,452434,21287,431147
16555,1.5101177891875566,452434,21287,431147
16556,1.5100265764677459,452434,21287,431147
16557,1.50993537476596,452434,21287,431147
16558,1.5098441840802028,452434,21287,431147
16559,1.5097530044084788,452434,21287,431147
16560,1.5096618357487923,452434,21287,431147
16561,1.5095706780991487,452434,21287,431147
16562,1.5094795314575535,452434,21287,431147
16563,1.509388395822013,452434,21287,431147
16564,1.5092972711905337,452434,21287,431147
16565,1.5092061575611229,452434,21287,431147
16566,1.509115054931788,452434,21287,431147
16567,1.5090239633005371,452434,21287,431147
16568,1.508932882665379,452434,21287,431147
16569,1.5088418130243226,452434,21287,431147
16570,1.508750754375377,452434,21287,431147
16571,1.508659706716553,452434,21287,431147
16572,1.5085686700458605,452434,21287,431147
16573,1.5084776443613106,452434,21287,431147
16574,1.5083866296609147,452434,21287,431147
16575,1.5082956259426847,452434,21287,431147
16576,1.5082046332046333,452434,21287,431147
16577,1.5081136514447728,452434,21287,431147
16578,1.5080226806611172,452434,21287,431147
16579,1.5079317208516798,452434,21287,431147
16580,1.5078407720144753,452434,21287,431147
16581,1.5077498341475182,452434,21287,431147
16582,1.507658907248824,452434,21287,431147
16583,1.5075679913164084,452434,21287,431147
16584,1.5074770863482876,452434,21287,431147
16585,1.507386192342478,452434,21287,431147
16586,1.5072953092969974,452434,21287,431147
16587,1.5072044372098632,452434,21287,431147
16588,1.5071135760790932,452434,21287,431147
16589,1.5070227259027067,452434,21287,431147
16590,1.506931886678722,452434,21287,431147
16591,1.5068410584051595,452434,21287,431147
16592,1.5067502410800386,452434,21287,431147
16593,1.5066594347013802,452434,21287,431147
16594,1.506568639267205,452434,21287,431147
16595,1.5064778547755349,452434,21287,431147
16596,1.5063870812243914,452434,21287,431147
16597,1.5062963186117972,452434,21287,431147
16598,1.5062055669357755,452434,21287,431147
16599,1.506114826194349,452434,21287,431147
16600,1.5060240963855422,452434,21287,431147
16601,1.505933377507379,452434,21287,431147
16602,1.5058426695578846,452434,21287,431147
16603,1.505751972535084,452434,21287,431147
16604,1.5056612864370031,452434,21287,431147
16605,1.5055706112616682,452434,21287,431147
16606,1.5054799470071059,452434,21287,431147
16607,1.5053892936713433,452434,21287,431147
16608,1.5052986512524085,452434,21287,431147
16609,1.5052080197483293,452434,21287,431147
16610,1.5051173991571343,452434,21287,431147
16611,1.5050267894768528,452434,21287,431147
16612,1.504936190705514,452434,21287,431147
16613,1.5048456028411485,452434,21287,431147
16614,1.5047550258817863,452434,21287,431147
16615,1.5046644598254588,452434,21287,431147
16616,1.5045739046701974,452434,21287,431147
16617,1.5044833604140337,452434,21287,431147
16618,1.5043928270550007,452434,21287,431147
16619,1.5043023045911306,452434,21287,431147
16620,1.5042117930204573,452434,21287,431147
16621,1.5041212923410143,452434,21287,431147
16622,1.5040308025508362,452434,21287,431147
16623,1.5039403236479576,452434,21287,431147
16624,1.5038498556304138,452434,21287,431147
16625,1.5037593984962405,452434,21287,431147
16626,1.503668952243474,452434,21287,431147
16627,1.503578516870151,452434,21287,431147
16628,1.5034880923743084,452434,21287,431147
16629,1.503397678753984,452434,21287,431147
16630,1.503307276007216,452434,21287,431147
16631,1.5032168841320426,452434,21287,431147
16632,1.503126503126503,452434,21287,431147
16633,1.503036132988637,452434,21287,431147
16634,1.5029457737164844,452434,21287,431147
16635,1.5028554253080855,452434,21287,431147
16636,1.502765087761481,452434,21287,431147
16637,1.502674761074713,452434,21287,431147
16638,1.5025844452458228,452434,21287,431147
16639,1.5024941402728529,452434,21287,431147
16640,1.5024038461538463,452434,21287,431147
16641,1.5023135628868458,452434,21287,431147
16642,1.5022232904698956,452434,21287,431147
16643,1.5021330289010395,452434,21287,431147
16644,1.5020427781783225,452434,21287,431147
16645,1.5019525382997898,452434,21287,431147
16646,1.5018623092634866,452434,21287,431147
16647,1.5017720910674597,452434,21287,431147
16648,1.501681883709755,452434,21287,431147
16649,1.5015916871884196,452434,21287,431147
16650,1.5015015015015014,452434,21287,431147
16651,1.5014113266470481,452434,21287,431147
16652,1.5013211626231084,452434,21287,431147
16653,1.5012310094277308,452434,21287,431147
16654,1.5011408670589648,452434,21287,431147
16655,1.5010507355148603,452434,21287,431147
16656,1.5009606147934678,452434,21287,431147
16657,1.500870504892838,452434,21287,431147
16658,1.5007804058110217,452434,21287,431147
16659,1.5006903175460713,452434,21287,431147
16660,1.5006002400960383,452434,21287,431147
16661,1.500510173458976,452434,21287,431147
16662,1.5004201176329373,452434,21287,431147
16663,1.5003300726159756,452434,21287,431147
16664,1.500240038406145,452434,21287,431147
16665,1.5001500150015001,452434,21287,431147
16666,1.500060002400096,452434,21287,431147
16667,1.499970000599988,452434,21287,431147
16668,1.499880009599232,452434,21287,431147
16669,1.4997900293958846,452434,21287,431147
16670,1.4997000599880024,452434,21287,431147
16671,1.499610101373643,452434,21287,431147
16672,1.4995201535508638,452434,21287,431147
16673,1.4994302165177233,452434,21287,431147
16674,1.49934029027228,452434,21287,431147
16675,1.4992503748125936,452434,21287,431147
16676,1.4991604701367234,452434,21287,431147
16677,1.4990705762427294,452434,21287,431147
16678,1.4989806931286724,452434,21287,431147
16679,1.4988908207926135,452434,21287,431147
16680,1.498800959232614,452434,21287,431147
16681,1.4987111084467357,452434,21287,431147
16682,1.4986212684330416,452434,21287,431147
16683,1.4985314391895943,452434,21287,431147
16684,1.4984416207144569,452434,21287,431147
16685,1.4983518130056936,452434,21287,431147
16686,1.4982620160613689,452434,21287,431147
16687,1.498172229879547,452434,21287,431147
16688,1.4980824544582934,452434,21287,431147
16689,1.497992689795674,452434,21287,431147
16690,1.4979029358897544,452434,21287,431147
16691,1.4978131927386016,452434,21287,431147
16692,1.4977234603402827,452434,21287,431147
16693,1.4976337386928653,452434,21287,431147
16694,1.4975440277944172,452434,21287,431147
16695,1.4974543276430068,452434,21287,431147
16696,1.4973646382367034,452434,21287,431147
16697,1.4972749595735761,452434,21287,431147
16698,1.4971852916516948,452434,21287,431147
16699,1.49709563446913,452434,21287,431147
16700,1.4970059880239521,452434,21287,431147
16701,1.4969163523142326,452434,21287,431147
16702,1.4968267273380433,452434,21287,431147
16703,1.4967371130934564,452434,21287,431147
16704,1.496647509578544,452434,21287,431147
16705,1.4965579167913798,452434,21287,431147
16706,1.4964683347300372,452434,21287,431147
16707,1.49637876339259,452434,21287,431147
16708,1.4962892027771129,452434,21287,431147
16709,1.4961996528816806,452434,21287,431147
16710,1.4961101137043686,452434,21287,431147
16711,1.4960205852432529,452434,21287,431147
16712,1.4959310674964097,452434,21287,431147
16713,1.495841560461916,452434,21287,431147
16714,1.4957520641378486,452434,21287,431147
16715,1.4956625785222855,452434,21287,431147
16716,1.4955731036133046,452434,21287,431147
16717,1.4954836394089848,452434,21287,431147
16718,1.4953941859074051,452434,21287,431147
16719,1.495304743106645,452434,21287,431147
16720,1.4952153110047848,452434,21287,431147
16721,1.4951258895999042,452434,21287,431147
16722,1.495036478890085,452434,21287,431147
16723,1.4949470788734078,452434,21287,431147
16724,1.494857689547955,452434,21287,431147
16725,1.4947683109118086,452434,21287,431147
16726,1.4946789429630516,452434,21287,431147
16727,1.4945895856997669,452434,21287,431147
16728,1.4945002391200382,452434,21287,431147
16729,1.49441090322195,452434,21287,431147
16730,1.4943215780035863,452434,21287,431147
16731,1.4942322634630327,452434,21287,431147
16732,1.4941429595983744,452434,21287,431147
16733,1.4940536664076973,452434,21287,431147
16734,1.4939643838890881,452434,21287,431147
16735,1.4938751120406335,452434,21287,431147
16736,1.4937858508604207,452434,21287,431147
16737,1.4936966003465375,452434,21287,431147
16738,1.4936073604970725,452434,21287,431147
16739,1.493518131310114,452434,21287,431147
16740,1.4934289127837514,452434,21287,431147
16741,1.4933397049160744,452434,21287,431147
16742,1.4932505077051725,452434,21287,431147
16743,1.493161321149137,452434,21287,431147
16744,1.4930721452460582,452434,21287,431147
16745,1.492982979994028,452434,21287,431147
16746,1.4928938253911381,452434,21287,431147
16747,1.492804681435481,452434,21287,431147
16748,1.4927155481251493,452434,21287,431147
16749,1.4926264254582362,452434,21287,431147
16750,1.492537313432836,452434,21287,431147
16751,1.492448212047042,452434,21287,431147
16752,1.4923591212989493,452434,21287,431147
16753,1.4922700411866532,452434,21287,431147
16754,1.4921809717082488,452434,21287,431147
16755,1.4920919128618322,452434,21287,431147
16756,1.4920028646455001,452434,21287,431147
16757,1.491913827057349,452434,21287,431147
16758,1.4918248000954768,452434,21287,431147
16759,1.4917357837579808,452434,21287,431147
16760,1.4916467780429594,452434,21287,431147
16761,1.4915577829485114,452434,21287,431147
16762,1.491468798472736,452434,21287,431147
16763,1.4913798246137326,452434,21287,431147
16764,1.4912908613696014,452434,21287,431147
16765,1.4912019087384432,452434,21287,431147
16766,1.4911129667183587,452434,21287,431147
16767,1.491024035307449,452434,21287,431147
16768,1.4909351145038168,452434,21287,431147
16769,1.490846204305564,452434,21287,431147
16770,1.4907573047107932,452434,21287,431147
16771,1.4906684157176078,452434,21287,431147
16772,1.4905795373241115,452434,21287,431147
16773,1.4904906695284088,452434,21287,431147
16774,1.4904018123286038,452434,21287,431147
16775,1.4903129657228018,452434,21287,431147
16776,1.4902241297091083,452434,21287,431147
16777,1.4901353042856291,452434,21287,431147
16778,1.4900464894504708,452434,21287,431147
16779,1.4899576852017402,452434,21287,431147
16780,1.4898688915375446,452434,21287,431147
16781,1.4897801084559918,452434,21287,431147
16782,1.48969133595519,452434,21287,431147
16783,1.489602574033248,452434,21287,431147
16784,1.4895138226882745,452434,21287,431147
16785,1.4894250819183794,452434,21287,431147
16786,1.489336351721673,452434,21287,431147
16787,1.4892476320962649,452434,21287,431147
16788,1.4891589230402669,452434,21287,431147
16789,1.48907022455179,452434,21287,431147
16790,1.4889815366289458,452434,21287,431147
16791,1.488892859269847,452434,21287,431147
16792,1.488804192472606,452434,21287,431147
16793,1.4887155362353361,452434,21287,431147
16794,1.488626890556151,452434,21287,431147
16795,1.4885382554331645,452434,21287,431147
16796,1.4884496308644914,452434,21287,431147
16797,1.4883610168482466,452434,21287,431147
16798,1.4882724133825456,452434,21287,431147
16799,1.4881838204655038,452434,21287,431147
16800,1.4880952380952381,452434,21287,431147
16801,1.488006666269865,452434,21287,431147
16802,1.4879181049875014,452434,21287,431147
16803,1.4878295542462656,452434,21287,431147
16804,1.4877410140442753,452434,21287,431147
16805,1.4876524843796488,452434,21287,431147
16806,1.4875639652505057,452434,21287,431147
16807,1.4874754566549653,452434,21287,431147
16808,1.487386958591147,452434,21287,431147
16809,1.4872984710571717,452434,21287,431147
16810,1.48720999405116,452434,21287,431147
16811,1.487121527571233,452434,21287,431147
16812,1.4870330716155127,452434,21287,431147
16813,1.486944626182121,452434,21287,431147
16814,1.4868561912691804,452434,21287,431147
16815,1.486767766874814,452434,21287,431147
16816,1.4866793529971456,452434,21287,431147
16817,1.4865909496342986,452434,21287,431147
16818,1.4865025567843977,452434,21287,431147
16819,1.4864141744455674,452434,21287,431147
16820,1.4863258026159334,452434,21287,431147
16821,1.486237441293621,452434,21287,431147
16822,1.4861490904767567,452434,21287,431147
16823,1.4860607501634666,452434,21287,431147
16824,1.4859724203518783,452434,21287,431147
16825,1.485884101040119,452434,21287,431147
16826,1.4857957922263165,452434,21287,431147
16827,1.4857074939085992,452434,21287,431147
16828,1.4856192060850963,452434,21287,431147
16829,1.4855309287539367,452434,21287,431147
16830,1.4854426619132501,452434,21287,431147
16831,1.485354405561167,452434,21287,431147
16832,1.4852661596958174,452384,21287,431097
16833,1.485177924315333,452384,21287,431097
16834,1.4850896994178449,452384,21287,431097
16835,1.485001485001485,452384,21287,431097
16836,1.484913281064386,452384,21287,431097
16837,1.4848250876046802,452384,21287,431097
16838,1.4847369046205012,452384,21287,431097
16839,1.4846487321099828,452384,21287,431097
16840,1.484560570071259,452384,21287,431097
16841,1.4844724185024643,452384,21287,431097
16842,1.4843842774017337,452384,21287,431097
16843,1.484296146767203,452384,21287,431097
16844,1.484208026597008,452384,21287,431097
16845,1.4841199168892847,452384,21287,431097
16846,1.4840318176421703,452384,21287,431097
16847,1.4839437288538018,452384,21287,431097
16848,1.4838556505223173,452384,21287,431097
16849,1.4837675826458543,452384,21287,431097
16850,1.4836795252225519,452384,21287,431097
16851,1.4835914782505488,452384,21287,431097
16852,1.4835034417279849,452384,21287,431097
16853,1.4834154156529995,452384,21287,431097
16854,1.4833274000237333,452384,21287,431097
16855,1.483239394838327,452384,21287,431097
16856,1.4831514000949217,452384,21287,431097
16857,1.4830634157916593,452384,21287,431097
16858,1.4829754419266816,452384,21287,431097
16859,1.4828874784981316,452384,21287,431097
16860,1.482799525504152,452384,21287,431097
16861,1.4827115829428859,452384,21287,431097
16862,1.4826236508124777,452384,21287,431097
16863,1.4825357291110717,452384,21287,431097
16864,1.4824478178368121,452384,21287,431097
16865,1.4823599169878448,452384,21287,431097
16866,1.4822720265623148,452384,21287,431097
16867,1.4821841465583685,452384,21287,431097
16868,1.4820962769741521,452384,21287,431097
16869,1.4820084178078132,452384,21287,431097
16870,1.4819205690574986,452384,21287,431097
16871,1.4818327307213561,452384,21287,431097
16872,1.4817449027975345,452384,21287,431097
16873,1.4816570852841817,452384,21287,431097
16874,1.4815692781794476,452384,21287,431097
16875,1.4814814814814814,452384,21287,431097
16876,1.4813936951884332,452384,21287,431097
16877,1.4813059192984535,452384,21287,431097
16878,1.4812181538096931,452384,21287,431097
16879,1.4811303987203033,452384,21287,431097
16880,1.481042654028436,452384,21287,431097
16881,1.4809549197322434,452384,21287,431097
16882,1.480867195829878,452384,21287,431097
16883,1.480779482319493,452384,21287,431097
16884,1.4806917791992418,452384,21287,431097
16885,1.4806040864672787,452384,21287,431097
16886,1.4805164041217578,452384,21287,431097
16887,1.4804287321608338,452384,21287,431097
16888,1.4803410705826623,452384,21287,431097
16889,1.4802534193853987,452384,21287,431097
16890,1.4801657785671996,452384,21287,431097
16891,1.480078148126221,452384,21287,431097
16892,1.4799905280606205,452384,21287,431097
16893,1.479902918368555,452384,21287,431097
16894,1.4798153190481829,452388,20900,431488
16895,1.4797277300976621,452388,20900,431488
16896,1.4796401515151516,452388,20900,431488
16897,1.4795525832988103,452388,20900,431488
16898,1.4794650254467985,452388,20900,431488
16899,1.4793774779572755,452388,20900,431488
16900,1.4792899408284024,452388,20900,431488
16901,1.4792024140583397,452388,20900,431488
16902,1.479114897645249,452388,20900,431488
16903,1.4790273915872922,452388,20900,431488
16904,1.4789398958826314,452388,20900,431488
16905,1.4788524105294292,452388,20900,431488
16906,1.4787649355258488,452388,20900,431488
16907,1.4786774708700539,452388,20900,431488
16908,1.4785900165602082,452388,20900,431488
16909,1.4785025725944763,452388,20900,431488
16910,1.4784151389710232,452388,20900,431488
16911,1.4783277156880137,452388,20900,431488
16912,1.478240302743614,452388,20900,431488
16913,1.47815290013599,452388,20900,431488
16914,1.4780655078633085,452388,20900,431488
16915,1.4779781259237363,452388,20900,431488
16916,1.477890754315441,452388,20900,431488
16917,1.4778033930365904,452388,20900,431488
16918,1.4777160420853528,452388,20900,431488
16919,1.4776287014598972,452388,20900,431488
16920,1.4775413711583925,452388,20900,431488
16921,1.4774540511790084,452388,20900,431488
16922,1.477366741519915,452388,20900,431488
16923,1.4772794421792825,452388,20900,431488
16924,1.4771921531552825,452388,20900,431488
16925,1.4771048744460857,452388,20900,431488
16926,1.477017606049864,452388,20900,431488
16927,1.47693034796479,452388,20900,431488
16928,1.4768431001890359,452388,20900,431488
16929,1.476755862720775,452388,20900,431488
16930,1.4766686355581808,452388,20900,431488
16931,1.476581418699427,452388,20900,431488
16932,1.4764942121426885,452388,20900,431488
16933,1.4764070158861395,452388,20900,431488
16934,1.4763198299279556,452388,20900,431488
16935,1.4762326542663124,452388,20900,431488
16936,1.476145488899386,452388,20900,431488
16937,1.4760583338253528,452388,20900,431488
16938,1.4759711890423899,452388,20900,431488
16939,1.4758840545486747,452388,20900,431488
16940,1.4757969303423848,452388,20900,431488
16941,1.4757098164216989,452388,20900,431488
16942,1.4756227127847952,452388,20900,431488
16943,1.475535619429853,452388,20900,431488
16944,1.475448536355052,452388,20900,431488
16945,1.475361463558572,452388,20900,431488
16946,1.4752744010385932,452388,20900,431488
16947,1.4751873487932967,452388,20900,431488
16948,1.475100306820864,452388,20900,431488
16949,1.475013275119476,452388,20900,431488
16950,1.4749262536873156,452388,20900,431488
16951,1.474839242522565,452388,20900,431488
16952,1.4747522416234073,452388,20900,431488
16953,1.4746652509880258,452388,20900,431488
16954,1.4745782706146042,452388,20900,431488
16955,1.4744913005013272,452388,20900,431488
16956,1.474404340646379,452388,20900,431488
16957,1.4743173910479448,452388,20900,431488
16958,1.4742304517042104,452388,20900,431488
16959,1.4741435226133617,452388,20900,431488
16960,1.474056603773585,452388,20900,431488
16961,1.473969695183067,452388,20900,431488
16962,1.4738827968399952,452388,20900,431488
16963,1.4737959087425574,452388,20900,431488
16964,1.4737090308889413,452388,20900,431488
16965,1.4736221632773356,452388,20900,431488
16966,1.4735353059059295,452388,20900,431488
16967,1.4734484587729122,452388,20900,431488
16968,1.4733616218764733,452388,20900,431488
16969,1.4732747952148035,452388,20900,431488
16970,1.473187978786093,452388,20900,431488
16971,1.4731011725885335,452388,20900,431488
16972,1.4730143766203159,452388,20900,431488
16973,1.4729275908796324,452388,20900,431488
16974,1.4728408153646755,452388,20900,431488
16975,1.4727540500736378,452388,20900,431488
16976,1.4726672950047126,452388,20900,431488
16977,1.4725805501560936,452388,20900,431488
16978,1.4724938155259748,452388,20900,431488
16979,1.4724070911125509,452388,20900,431488
16980,1.4723203769140165,452388,20900,431488
16981,1.4722336729285672,452388,20900,431488
16982,1.4721469791543988,452388,20900,431488
16983,1.4720602955897073,452388,20900,431488
16984,1.4719736222326896,452388,20900,431488
16985,1.4718869590815424,452388,20900,431488
16986,1.4718003061344638,452388,20900,431488
16987,1.4717136633896508,452388,20900,431488
16988,1.4716270308453026,452388,20900,431488
16989,1.4715404084996173,452388,20900,431488
16990,1.4714537963507945,452388,20900,431488
16991,1.4713671943970337,452388,20900,431488
16992,1.4712806026365348,452388,20900,431488
16993,1.4711940210674983,452388,20900,431488
16994,1.4711074496881251,452388,20900,431488
16995,1.4710208884966167,452388,20900,431488
16996,1.4709343374911743,452388,20900,431488
16997,1.4708477966700007,452388,20900,431488
16998,1.4707612660312979,452388,20900,431488
16999,1.470674745573269,452388,20900,431488
17000,1.4705882352941178,452388,20900,431488
17001,1.4705017351920475,452388,20900,431488
17002,1.470415245265263,452388,20900,431488
17003,1.4703287655119686,452388,20900,431488
17004,1.4702422959303694,452388,20900,431488
17005,1.4701558365186709,452388,20900,431488
17006,1.4700693872750794,452388,20900,431488
17007,1.4699829481978008,452388,20900,431488
17008,1.4698965192850424,452388,20900,431488
17009,1.4698101005350108,452388,20900,431488
17010,1.4697236919459142,452388,20900,431488
17011,1.4696372935159603,452388,20900,431488
17012,1.4695509052433575,452388,20900,431488
17013,1.4694645271263151,452388,20900,431488
17014,1.4693781591630422,452388,20900,431488
17015,1.4692918013517484,452388,20900,431488
17016,1.469205453690644,452388,20900,431488
17017,1.4691191161779398,452388,20900,431488
17018,1.4690327888118462,452388,20900,431488
17019,1.4689464715905753,452388,20900,431488
17020,1.4688601645123385,452388,20900,431488
17021,1.4687738675753481,452388,20900,431488
17022,1.468687580777817,452388,20900,431488
17023,1.468601304117958,452388,20900,431488
17024,1.468515037593985,452388,20900,431488
17025,1.4684287812041117,452388,20900,431488
17026,1.4683425349465524,452388,20900,431488
17027,1.468256298819522,452388,20900,431488
17028,1.4681700728212357,452388,20900,431488
17029,1.468083856949909,452388,20900,431488
17030,1.467997651203758,452388,20900,431488
17031,1.4679114555809993,452388,20900,431488
17032,1.4678252700798498,452388,20900,431488
17033,1.4677390946985265,452388,20900,431488
17034,1.4676529294352472,452388,20900,431488
17035,1.4675667742882301,452388,20900,431488
17036,1.467480629255694,452388,20900,431488
17037,1.4673944943358572,452388,20900,431488
17038,1.4673083695269398,452388,20900,431488
17039,1.4672222548271612,452388,20900,431488
17040,1.4671361502347418,452388,20900,431488
17041,1.467050055747902,452388,20900,431488
17042,1.4669639713648632,452388,20900,431488
17043,1.4668778970838467,452388,20900,431488
17044,1.4667918329030745,452388,20900,431488
17045,1.4667057788207685,452388,20900,431488
17046,1.466619734835152,452388,20900,431488
17047,1.4665337009444477,452388,20900,431488
17048,1.4664476771468793,452388,20900,431488
17049,1.466361663440671,452388,20900,431488
17050,1.466275659824047,452388,20900,431488
17051,1.4661896662952318,452388,20900,431488
17052,1.4661036828524514,452388,20900,431488
17053,1.4660177094939306,452388,20900,431488
17054,1.465931746217896,452388,20900,431488
17055,1.4658457930225741,452388,20900,431488
17056,1.4657598499061915,452388,20900,431488
17057,1.4656739168669755,452388,20900,431488
17058,1.465587993903154,452388,20900,431488
17059,1.465502081012955,452388,20900,431488
17060,1.4654161781946073,452388,20900,431488
17061,1.4653302854463397,452388,20900,431488
17062,1.4652444027663813,452388,20900,431488
17063,1.4651585301529626,452388,20900,431488
17064,1.465072667604313,452388,20900,431488
17065,1.464986815118664,452388,20900,431488
17066,1.464900972694246,452388,20900,431488
17067,1.4648151403292904,452388,20900,431488
17068,1.4647293180220295,452388,20900,431488
17069,1.4646435057706955,452388,20900,431488
17070,1.4645577035735209,452388,20900,431488
17071,1.4644719114287388,452388,20900,431488
17072,1.464386129334583,452388,20900,431488
17073,1.4643003572892872,452388,20900,431488
17074,1.4642145952910859,452388,20900,431488
17075,1.4641288433382138,452388,20900,431488
17076,1.4640431014289061,452388,20900,431488
17077,1.4639573695613983,452388,20900,431488
17078,1.4638716477339266,452388,20900,431488
17079,1.4637859359447274,452388,20900,431488
17080,1.4637002341920375,452388,20900,431488
17081,1.463614542474094,452388,20900,431488
17082,1.4635288607891348,452388,20900,431488
17083,1.4634431891353978,452388,20900,431488
17084,1.4633575275111215,452388,20900,431488
17085,1.4632718759145449,452388,20900,431488
17086,1.4631862343439073,452388,20900,431488
17087,1.4631006027974482,452388,20900,431488
17088,1.4630149812734083,452388,20900,431488
17089,1.4629293697700274,452388,20900,431488
17090,1.462843768285547,452388,20900,431488
17091,1.4627581768182085,452388,20900,431488
17092,1.4626725953662532,452388,20900,431488
17093,1.4625870239279237,452388,20900,431488
17094,1.4625014625014625,452388,20900,431488
17095,1.4624159110851127,452388,20900,431488
17096,1.4623303696771175,452388,20900,431488
17097,1.462244838275721,452388,20900,431488
17098,1.4621593168791671,452388,20900,431488
17099,1.462073805485701,452388,20900,431488
17100,1.4619883040935673,452388,20900,431488
17101,1.4619028127010116,452388,20900,431488
17102,1.4618173313062799,452388,20900,431488
17103,1.4617318599076186,452388,20900,431488
17104,1.4616463985032742,452388,20900,431488
17105,1.4615609470914936,452388,20900,431488
17106,1.4614755056705249,452388,20900,431488
17107,1.4613900742386157,452388,20900,431488
17108,1.4613046527940146,452388,20900,431488
17109,1.4612192413349698,452388,20900,431488
17110,1.461133839859731,452388,20900,431488
17111,1.4610484483665478,452388,20900,431488
17112,1.46096306685367,452388,20900,431488
17113,1.4608776953193479,452388,20900,431488
17114,1.4607923337618325,452388,20900,431488
17115,1.4607069821793748,452388,20900,431488
17116,1.4606216405702266,452388,20900,431488
17117,1.46053630893264,452388,20900,431488
17118,1.4604509872648674,452388,20900,431488
17119,1.4603656755651615,452388,20900,431488
17120,1.4602803738317758,452388,20900,431488
17121,1.4601950820629637,452388,20900,431488
17122,1.4601098002569792,452388,20900,431488
17123,1.4600245284120774,452388,20900,431488
17124,1.4599392665265125,452388,20900,431488
17125,1.4598540145985401,452388,20900,431488
17126,1.459768772626416,452388,20900,431488
17127,1.4596835406083961,452388,20900,431488
17128,1.459598318542737,452388,20900,431488
17129,1.4595131064276958,452388,20900,431488
17130,1.4594279042615295,452388,20900,431488
17131,1.459342712042496,452388,20900,431488
17132,1.4592575297688537,452388,20900,431488
17133,1.4591723574388606,452388,20900,431488
17134,1.4590871950507762,452388,20900,431488
17135,1.4590020426028596,452388,20900,431488
17136,1.4589169000933706,452388,20900,431488
17137,1.4588317675205695,452388,20900,431488
17138,1.4587466448827167,452388,20900,431488
17139,1.4586615321780734,452388,20900,431488
17140,1.4585764294049008,452388,20900,431488
17141,1.458491336561461,452388,20900,431488
17142,1.4584062536460156,452388,20900,431488
17143,1.458321180656828,452388,20900,431488
17144,1.4582361175921605,452388,20900,431488
17145,1.458151064450277,452388,20900,431488
17146,1.4580660212294412,452388,20900,431488
17147,1.4579809879279175,452388,20900,431488
17148,1.4578959645439702,452388,20900,431488
17149,1.4578109510758646,452388,20900,431488
17150,1.4577259475218658,452388,20900,431488
17151,1.4576409538802402,452388,20900,431488
17152,1.4575559701492538,452388,20900,431488
17153,1.457470996327173,452388,20900,431488
17154,1.4573860324122654,452388,20900,431488
17155,1.457301078402798,452388,20900,431488
17156,1.457216134297039,452388,20900,431488
17157,1.4571312000932564,452388,20900,431488
17158,1.4570462757897191,452388,20900,431488
17159,1.4569613613846961,452362,21380,430982
17160,1.456876456876457,452362,21380,430982
17161,1.4567915622632714,452362,21380,430982
17162,1.4567066775434099,452362,21380,430982
17163,1.456621802715143,452362,21380,430982
17164,1.456536937776742,452362,21380,430982
17165,1.4564520827264782,452362,21380,430982
17166,1.4563672375626238,452362,21380,430982
17167,1.4562824022834508,452362,21380,430982
17168,1.4561975768872322,452362,21380,430982
17169,1.4561127613722407,452362,21380,430982
17170,1.4560279557367501,452362,21380,430982
17171,1.4559431599790345,452362,21380,430982
17172,1.4558583740973678,452362,21380,430982
17173,1.455773598090025,452362,21380,430982
17174,1.4556888319552812,452362,21380,430982
17175,1.455604075691412,452362,21380,430982
17176,1.455519329296693,452362,21380,430982
17177,1.455434592769401,452362,21380,430982
17178,1.4553498661078124,452362,21380,430982
17179,1.4552651493102042,452362,21380,430982
17180,1.4551804423748544,452362,21380,430982
17181,1.4550957453000408,452362,21380,430982
17182,1.4550110580840414,452362,21380,430982
17183,1.4549263807251354,452362,21380,430982
17184,1.4548417132216014,452362,21380,430982
17185,1.4547570555717195,452362,21380,430982
17186,1.4546724077737694,452362,21380,430982
17187,1.4545877698260312,452362,21380,430982
17188,1.4545031417267862,452362,21380,430982
17189,1.454418523474315,452362,21380,430982
17190,1.4543339150668995,452362,21380,430982
17191,1.4542493165028212,452362,21380,430982
17192,1.4541647277803629,452362,21380,430982
17193,1.4540801488978072,452362,21380,430982
17194,1.4539955798534372,452362,21380,430982
17195,1.4539110206455366,452362,21380,430982
17196,1.453826471272389,452362,21380,430982
17197,1.4537419317322788,452362,21380,430982
17198,1.4536574020234911,452362,21380,430982
17199,1.4535728821443108,452362,21380,430982
17200,1.4534883720930232,452362,21380,430982
17201,1.4534038718679148,452362,21380,430982
17202,1.4533193814672714,452362,21380,430982
17203,1.4532349008893797,452362,21380,430982
17204,1.4531504301325273,452362,21380,430982
17205,1.4530659691950014,452362,21380,430982
17206,1.45298151807509,452362,21380,430982
17207,1.4528970767710816,452362,21380,430982
17208,1.4528126452812646,452362,21380,430982
17209,1.4527282236039283,452362,21380,430982
17210,1.452643811737362,452362,21380,430982
17211,1.452559409679856,452362,21380,430982
17212,1.4524750174297003,452362,21380,430982
17213,1.4523906349851856,452362,21380,430982
17214,1.4523062623446032,452362,21380,430982
17215,1.4522218995062446,452362,21380,430982
17216,1.4521375464684014,452362,21380,430982
17217,1.4520532032293663,452362,21380,430982
17218,1.4519688697874318,452362,21380,430982
17219,1.451884546140891,452362,21380,430982
17220,1.4518002322880372,452362,21380,430982
17221,1.4517159282271646,452362,21380,430982
17222,1.4516316339565671,452362,21380,430982
17223,1.45154734947454,452362,21380,430982
17224,1.4514630747793775,452362,21380,430982
17225,1.4513788098693758,452362,21380,430982
17226,1.4512945547428306,452362,21380,430982
17227,1.451210309398038,452362,21380,430982
17228,1.4511260738332947,452362,21380,430982
17229,1.4510418480468976,452362,21380,430982
17230,1.4509576320371445,452362,21380,430982
17231,1.450873425802333,452362,21380,430982
17232,1.4507892293407614,452362,21380,430982
17233,1.4507050426507282,452362,21380,430982
17234,1.4506208657305326,452362,21380,430982
17235,1.450536698578474,452362,21380,430982
17236,1.4504525411928522,452362,21380,430982
17237,1.4503683935719673,452362,21380,430982
17238,1.45028425571412,452362,21380,430982
17239,1.4502001276176113,452362,21380,430982
17240,1.4501160092807424,452362,21380,430982
17241,1.4500319007018154,452362,21380,430982
17242,1.4499478018791323,452362,21380,430982
17243,1.4498637128109957,452362,21380,430982
17244,1.4497796334957087,452362,21380,430982
17245,1.4496955639315743,452362,21380,430982
17246,1.4496115041168967,452362,21380,430982
17247,1.4495274540499796,452362,21380,430982
17248,1.449443413729128,452362,21380,430982
17249,1.4493593831526466,452362,21380,430982
17250,1.4492753623188406,452362,21380,430982
17251,1.449191351226016,452362,21380,430982
17252,1.4491073498724785,452362,21380,430982
17253,1.449023358256535,452362,21380,430982
17254,1.4489393763764924,452362,21380,430982
17255,1.4488554042306578,452362,21380,430982
17256,1.448771441817339,452362,21380,430982
17257,1.4486874891348438,452362,21380,430982
17258,1.448603546181481,452362,21380,430982
17259,1.4485196129555593,452362,21380,430982
17260,1.4484356894553883,452362,21380,430982
17261,1.448351775679277,452362,21380,430982
17262,1.448267871625536,452362,21380,430982
17263,1.4481839772924752,452362,21380,430982
17264,1.448100092678406,452362,21380,430982
17265,1.4480162177816391,452362,21380,430982
17266,1.4479323526004866,452362,21380,430982
17267,1.44784849713326,452362,21380,430982
17268,1.447764651378272,452362,21380,430982
17269,1.4476808153338352,452362,21380,430982
17270,1.447596988998263,452362,21380,430982
17271,1.4475131723698687,452362,21380,430982
17272,1.447429365446966,452362,21380,430982
17273,1.4473455682278702,452362,21380,430982
17274,1.447261780710895,452362,21380,430982
17275,1.447178002894356,452362,21380,430982
17276,1.4470942347765687,452362,21380,430982
17277,1.447010476355849,452362,21380,430982
17278,1.4469267276305129,452362,21380,430982
17279,1.4468429885988772,452362,21380,430982
17280,1.4467592592592593,452362,21380,430982
17281,1.4466755396099762,452362,21380,430982
17282,1.446591829649346,452362,21380,430982
17283,1.4465081293756872,452362,21380,430982
17284,1.4464244387873177,452362,21380,430982
17285,1.4463407578825571,452362,21380,430982
17286,1.4462570866597246,452362,21380,430982
17287,1.44617342511714,452362,21380,430982
17288,1.4460897732531235,452362,21380,430982
17289,1.4460061310659957,452362,21380,430982
17290,1.4459224985540775,452362,21380,430982
17291,1.4458388757156901,452362,21380,430982
17292,1.4457552625491557,452362,21380,430982
17293,1.4456716590527958,452362,21380,430982
17294,1.4455880652249335,452362,21380,430982
17295,1.4455044810638913,452362,21380,430982
17296,1.4454209065679926,452362,21380,430982
17297,1.445337341735561,452362,21380,430982
17298,1.4452537865649209,452362,21380,430982
17299,1.4451702410543963,452362,21380,430982
17300,1.4450867052023122,452362,21380,430982
17301,1.4450031790069937,452362,21380,430982
17302,1.4449196624667668,452362,21380,430982
17303,1.4448361555799571,452362,21380,430982
17304,1.4447526583448913,452362,21380,430982
17305,1.444669170759896,452362,21380,430982
17306,1.4445856928232983,452362,21380,430982
17307,1.4445022245334258,452362,21380,430982
17308,1.4444187658886065,452362,21380,430982
17309,1.4443353168871684,452362,21380,430982
17310,1.4442518775274409,452362,21380,430982
17311,1.4441684478077523,452362,21380,430982
17312,1.4440850277264325,452362,21380,430982
17313,1.4440016172818113,452362,21380,430982
17314,1.443918216472219,452362,21380,430982
17315,1.443834825295986,452362,21380,430982
17316,1.4437514437514438,452362,21380,430982
17317,1.4436680718369233,452362,21380,430982
17318,1.4435847095507564,452362,21380,430982
17319,1.4435013568912756,452362,21380,430982
17320,1.443418013856813,452362,21380,430982
17321,1.4433346804457017,452362,21380,430982
17322,1.4432513566562752,452362,21380,430982
17323,1.4431680424868671,452362,21380,430982
17324,1.4430847379358116,452362,21380,430982
17325,1.443001443001443,452362,21380,430982
17326,1.4429181576820962,452362,21380,430982
17327,1.4428348819761068,452362,21380,430982
17328,1.44275161588181,452362,21380,430982
17329,1.4426683593975418,452362,21380,430982
17330,1.4425851125216387,452362,21380,430982
17331,1.442501875252438,452362,21380,430982
17332,1.442418647588276,452362,21380,430982
17333,1.4423354295274908,452362,21380,430982
17334,1.4422522210684205,452362,21380,430982
17335,1.442169022209403,452362,21380,430982
17336,1.4420858329487771,452362,21380,430982
17337,1.442002653284882,452362,21380,430982
17338,1.4419194832160571,452362,21380,430982
17339,1.4418363227406426,452362,21380,430982
17340,1.441753171856978,452362,21380,430982
17341,1.4416700305634047,452362,21380,430982
17342,1.4415868988582632,452362,21380,430982
17343,1.441503776739895,452362,21380,430982
17344,1.441420664206642,452362,21380,430982
17345,1.4413375612568464,452362,21380,430982
17346,1.4412544678888504,452362,21380,430982
17347,1.4411713841009972,452362,21380,430982
17348,1.44108830989163,452362,21380,430982
17349,1.4410052452590927,452362,21380,430982
17350,1.440922190201729,452362,21380,430982
17351,1.4408391447178837,452362,21380,430982
17352,1.4407561088059013,452362,21380,430982
17353,1.4406730824641272,452362,21380,430982
17354,1.440590065690907,452362,21380,430982
17355,1.4405070584845865,452362,21380,430982
17356,1.4404240608435124,452362,21380,430982
17357,1.440341072766031,452362,21380,430982
17358,1.4402580942504897,452362,21380,430982
17359,1.440175125295236,452362,21380,430982
17360,1.4400921658986174,452362,21380,430982
17361,1.4400092160589828,452362,21380,430982
17362,1.4399262757746802,452362,21380,430982
17363,1.4398433450440593,452362,21380,430982
17364,1.4397604238654689,452362,21380,430982
17365,1.439677512237259,452362,21380,430982
17366,1.4395946101577797,452362,21380,430982
17367,1.4395117176253815,452362,21380,430982
17368,1.4394288346384154,452362,21380,430982
17369,1.4393459611952328,452362,21380,430982
17370,1.4392630972941853,452362,21380,430982
17371,1.439180242933625,452362,21380,430982
17372,1.4390973981119042,452362,21380,430982
17373,1.4390145628273758,452362,21380,430982
17374,1.438931737078393,452362,21380,430982
17375,1.4388489208633093,452362,21380,430982
17376,1.4387661141804788,452362,21380,430982
17377,1.4386833170282558,452362,21380,430982
17378,1.4386005294049948,452362,21380,430982
17379,1.4385177513090512,452362,21380,430982
17380,1.4384349827387801,452362,21380,430982
17381,1.438352223692538,452362,21380,430982
17382,1.4382694741686803,452362,21380,430982
17383,1.438186734165564,452362,21380,430982
17384,1.4381040036815462,452362,21380,430982
17385,1.438021282714984,452362,21380,430982
17386,1.4379385712642356,452362,21380,430982
17387,1.4378558693276586,452362,21380,430982
17388,1.4377731769036117,452362,21380,430982
17389,1.4376904939904538,452362,21380,430982
17390,1.437607820586544,452362,21380,430982
17391,1.437525156690242,452362,21380,430982
17392,1.437442502299908,452362,21380,430982
17393,1.4373598574139022,452362,21380,430982
17394,1.4372772220305852,452362,21380,430982
17395,1.4371945961483186,452362,21380,430982
17396,1.4371119797654632,452362,21380,430982
17397,1.4370293728803816,452362,21380,430982
17398,1.4369467754914358,452362,21380,430982
17399,1.4368641875969883,452362,21380,430982
17400,1.4367816091954022,452362,21380,430982
17401,1.436699040285041,452362,21380,430982
17402,1.4366164808642685,452362,21380,430982
17403,1.4365339309314487,452362,21380,430982
17404,1.436451390484946,452362,21380,430982
17405,1.4363688595231254,452362,21380,430982
17406,1.4362863380443525,452362,21380,430982
17407,1.4362038260469925,452362,21380,430982
17408,1.4361213235294117,452362,21380,430982
17409,1.4360388304899765,452362,21380,430982
17410,1.4359563469270533,452362,21380,430982
17411,1.43587387283901,452362,21380,430982
17412,1.4357914082242131,452362,21380,430982
17413,1.4357089530810314,452362,21380,430982
17414,1.4356265074078327,452362,21380,430982
17415,1.4355440712029859,452362,21380,430982
17416,1.4354616444648598,452362,21380,430982
17417,1.435379227191824,452362,21380,430982
17418,1.4352968193822482,452362,21380,430982
17419,1.4352144210345026,452362,21380,430982
17420,1.4351320321469576,452362,21380,430982
17421,1.4350496527179841,452362,21380,430982
17422,1.4349672827459534,452362,21380,430982
17423,1.4348849222292372,452362,21380,430982
17424,1.4348025711662076,452362,21380,430982
17425,1.4347202295552368,452362,21380,430982
17426,1.4346378973946976,452362,21380,430982
17427,1.4345555746829632,452362,21380,430982
17428,1.4344732614184073,452362,21380,430982
17429,1.4343909575994034,452362,21380,430982
17430,1.4343086632243258,452362,21380,430982
17431,1.4342263782915496,452362,21380,430982
17432,1.4341441027994493,452362,21380,430982
17433,1.4340618367464004,452362,21380,430982
17434,1.4339795801307789,452362,21380,430982
17435,1.4338973329509608,452362,21380,430982
17436,1.4338150952053224,452362,21380,430982
17437,1.4337328668922407,452362,21380,430982
17438,1.433650648010093,452362,21380,430982
17439,1.4335684385572567,452362,21380,430982
17440,1.43348623853211,452362,21380,430982
17441,1.4334040479330314,452362,21380,430982
17442,1.4333218667583993,452362,21380,430982
17443,1.4332396950065929,452362,21380,430982
17444,1.4331575326759918,452362,21380,430982
17445,1.4330753797649756,452362,21380,430982
17446,1.4329932362719249,452362,21380,430982
17447,1.4329111021952199,452362,21380,430982
17448,1.4328289775332417,452362,21380,430982
17449,1.4327468622843715,452362,21380,430982
17450,1.4326647564469914,452362,21380,430982
17451,1.432582660019483,452362,21380,430982
17452,1.4325005730002291,452362,21380,430982
17453,1.4324184953876125,452362,21380,430982
17454,1.432336427180016,452362,21380,430982
17455,1.4322543683758235,452362,21380,430982
17456,1.4321723189734188,452362,21380,430982
17457,1.4320902789711862,452362,21380,430982
17458,1.4320082483675105,452362,21380,430982
17459,1.4319262271607767,452362,21380,430982
17460,1.43184421534937,452362,21380,430982
17461,1.4317622129316763,452362,21380,430982
17462,1.4316802199060819,452362,21380,430982
17463,1.431598236270973,452362,21380,430982
17464,1.4315162620247366,452362,21380,430982
17465,1.43143429716576,452362,21380,430982
17466,1.431352341692431,452362,21380,430982
17467,1.4312703956031374,452362,21380,430982
17468,1.4311884588962676,452362,21380,430982
17469,1.43110653157021,452362,21380,430982
17470,1.4310246136233544,452362,21380,430982
17471,1.4309427050540897,452362,21380,430982
17472,1.4308608058608059,452362,21380,430982
17473,1.4307789160418931,452362,21380,430982
17474,1.4306970355957422,452362,21380,430982
17475,1.4306151645207439,452362,21380,430982
17476,1.4305333028152896,452362,21380,430982
17477,1.4304514504777708,452362,21380,430982
17478,1.4303696075065797,452362,21380,430982
17479,1.4302877739001087,452362,21380,430982
17480,1.4302059496567505,452362,21380,430982
17481,1.4301241347748985,452362,21380,430982
17482,1.4300423292529458,452362,21380,430982
17483,1.4299605330892868,452362,21380,430982
17484,1.4298787462823153,452362,21380,430982
17485,1.4297969688304262,452362,21380,430982
17486,1.4297152007320142,452362,21380,430982
17487,1.4296334419854748,452362,21380,430982
17488,1.429551692589204,452362,21380,430982
17489,1.4294699525415975,452362,21380,430982
17490,1.429388221841052,452362,21380,430982
17491,1.4293065004859642,452362,21380,430982
17492,1.4292247884747313,452362,21380,430982
17493,1.4291430858057508,452362,21380,430982
17494,1.429061392477421,452362,21380,430982
17495,1.4289797084881395,452362,21380,430982
17496,1.4288980338363055,452362,21380,430982
17497,1.4288163685203177,452362,21380,430982
17498,1.4287347125385759,452362,21380,430982
17499,1.4286530658894794,452362,21380,430982
17500,1.4285714285714286,452362,21380,430982
17501,1.428489800582824,452362,21380,430982
17502,1.428408181922066,452362,21380,430982
17503,1.4283265725875565,452362,21380,430982
17504,1.4282449725776964,452362,21380,430982
17505,1.4281633818908883,452362,21380,430982
17506,1.428081800525534,452362,21380,430982
17507,1.4280002284800366,452362,21380,430982
17508,1.4279186657527987,452362,21380,430982
17509,1.427837112342224,452362,21380,430982
17510,1.4277555682467162,452362,21380,430982
17511,1.4276740334646794,452362,21380,430982
17512,1.427592507994518,452362,21380,430982
17513,1.4275109918346371,452362,21380,430982
17514,1.427429484983442,452362,21380,430982
17515,1.4273479874393378,452362,21380,430982
17516,1.4272664992007307,452362,21380,430982
17517,1.4271850202660272,452362,21380,430982
17518,1.427103550633634,452362,21380,430982
17519,1.427022090301958,452362,21380,430982
17520,1.4269406392694064,452362,21380,430982
17521,1.4268591975343874,452362,21380,430982
17522,1.4267777650953088,452362,21380,430982
17523,1.4266963419505791,452362,21380,430982
17524,1.4266149280986076,452362,21380,430982
17525,1.4265335235378032,452362,21380,430982
17526,1.4264521282665754,452362,21380,430982
17527,1.4263707422833343,452362,21380,430982
17528,1.42628936558649,452362,21380,430982
17529,1.4262079981744538,452362,21380,430982
17530,1.426126640045636,452362,21380,430982
17531,1.4260452911984485,452362,21380,430982
17532,1.4259639516313027,452362,21380,430982
17533,1.425882621342611,452362,21380,430982
17534,1.425801300330786,452362,21380,430982
17535,1.42571998859424,452362,21380,430982
17536,1.4256386861313868,452362,21380,430982
17537,1.4255573929406398,452362,21380,430982
17538,1.4254761090204129,452362,21380,430982
17539,1.4253948343691203,452362,21380,430982
17540,1.4253135689851768,452362,21380,430982
17541,1.4252323128669973,452362,21380,430982
17542,1.4251510660129973,452362,21380,430982
17543,1.4250698284215926,452362,21380,430982
17544,1.4249886000911993,452362,21380,430982
17545,1.4249073810202337,452362,21380,430982
17546,1.4248261712071126,452362,21380,430982
17547,1.4247449706502535,452362,21380,430982
17548,1.4246637793480739,452362,21380,430982
17549,1.4245825972989914,452362,21380,430982
17550,1.4245014245014245,452362,21380,430982
17551,1.4244202609537917,452362,21380,430982
17552,1.4243391066545124,452362,21380,430982
17553,1.4242579616020055,452362,21380,430982
17554,1.4241768257946907,452362,21380,430982
17555,1.4240956992309883,452362,21380,430982
17556,1.4240145819093188,452362,21380,430982
17557,1.4239334738281026,452362,21380,430982
17558,1.4238523749857614,452362,21380,430982
17559,1.4237712853807165,452362,21380,430982
17560,1.4236902050113895,452362,21380,430982
17561,1.423609133876203,452362,21380,430982
17562,1.4235280719735792,452362,21380,430982
17563,1.4234470193019415,452362,21380,430982
17564,1.423365975859713,452362,21380,430982
17565,1.4232849416453175,452362,21380,430982
17566,1.4232039166571786,452362,21380,430982
17567,1.4231229008937212,452362,21380,430982
17568,1.4230418943533698,452362,21380,430982
17569,1.4229608970345495,452362,21380,430982
17570,1.4228799089356858,452362,21380,430982
17571,1.4227989300552046,452362,21380,430982
17572,1.422717960391532,452362,21380,430982
17573,1.4226369999430946,452362,21380,430982
17574,1.422556048708319,452362,21380,430982
17575,1.422475106685633,452362,21380,430982
17576,1.4223941738734638,452362,21380,430982
17577,1.4223132502702396,452362,21380,430982
17578,1.4222323358743885,452362,21380,430982
17579,1.4221514306843392,452362,21380,430982
17580,1.422070534698521,452362,21380,430982
17581,1.421989647915363,452362,21380,430982
17582,1.4219087703332953,452362,21380,430982
17583,1.4218279019507478,452362,21380,430982
17584,1.421747042766151,452362,21380,430982
17585,1.4216661927779357,452362,21380,430982
17586,1.4215853519845332,452362,21380,430982
17587,1.4215045203843748,452362,21380,430982
17588,1.4214236979758927,452362,21380,430982
17589,1.421342884757519,452362,21380,430982
17590,1.4212620807276861,452362,21380,430982
17591,1.4211812858848274,452362,21380,430982
17592,1.421100500227376,452362,21380,430982
17593,1.4210197237537656,452362,21380,430982
17594,1.4209389564624304,452362,21380,430982
17595,1.4208581983518045,452362,21380,430982
17596,1.4207774494203227,452362,21380,430982
17597,1.4206967096664205,452362,21380,430982
17598,1.4206159790885329,452362,21380,430982
17599,1.4205352576850958,452362,21380,430982
17600,1.4204545454545454,452362,21380,430982
17601,1.4203738423953185,452362,21380,430982
17602,1.4202931485058516,452362,21380,430982
17603,1.420212463784582,452362,21380,430982
17604,1.4201317882299478,452362,21380,430982
17605,1.4200511218403862,452362,21380,430982
17606,1.419970464614336,452362,21380,430982
17607,1.4198898165502356,452362,21380,430982
17608,1.4198091776465243,452362,21380,430982
17609,1.4197285479016413,452362,21380,430982
17610,1.4196479273140261,452362,21380,430982
17611,1.4195673158821192,452362,21380,430982
17612,1.4194867136043607,452362,21380,430982
17613,1.4194061204791915,452362,21380,430982
17614,1.4193255365050528,452362,21380,430982
17615,1.419244961680386,452362,21380,430982
17616,1.419164396003633,452362,21380,430982
17617,1.4190838394732361,452362,21380,430982
17618,1.4190032920876376,452362,21380,430982
17619,1.4189227538452807,452362,21380,430982
17620,1.4188422247446084,452362,21380,430982
17621,1.4187617047840644,452362,21380,430982
17622,1.418681193962093,452362,21380,430982
17623,1.418600692277138,452362,21380,430982
17624,1.4185201997276442,452362,21380,430982
17625,1.4184397163120568,452362,21380,430982
17626,1.4183592420288211,452362,21380,430982
17627,1.418278776876383,452362,21380,430982
17628,1.418198320853188,452362,21380,430982
17629,1.4181178739576834,452362,21380,430982
17630,1.4180374361883155,452362,21380,430982
17631,1.4179570075435313,452362,21380,430982
17632,1.4178765880217785,452362,21380,430982
17633,1.4177961776215051,452362,21380,430982
17634,1.4177157763411592,452362,21380,430982
17635,1.417635384179189,452362,21380,430982
17636,1.417555001134044,452362,21380,430982
17637,1.417474627204173,452362,21380,430982
17638,1.4173942623880258,452362,21380,430982
17639,1.4173139066840523,452362,21380,430982
17640,1.417233560090703,452362,21380,430982
17641,1.4171532226064283,452362,21380,430982
17642,1.417072894229679,452362,21380,430982
17643,1.4169925749589072,452362,21380,430982
17644,1.416912264792564,452362,21380,430982
17645,1.4168319637291018,452362,21380,430982
17646,1.4167516717669726,452362,21380,430982
17647,1.4166713889046296,452362,21380,430982
17648,1.416591115140526,452362,21380,430982
17649,1.4165108504731145,452362,21380,430982
17650,1.4164305949008498,452362,21380,430982
17651,1.4163503484221858,452362,21380,430982
17652,1.4162701110355767,452362,21380,430982
17653,1.4161898827394777,452362,21380,430982
17654,1.416109663532344,452362,21380,430982
17655,1.416029453412631,452362,21380,430982
17656,1.4159492523787947,452362,21380,430982
17657,1.4158690604292914,452362,21380,430982
17658,1.4157888775625778,452362,21380,430982
17659,1.4157087037771108,452362,21380,430982
17660,1.4156285390713477,452362,21380,430982
17661,1.4155483834437461,452362,21380,430982
17662,1.415468236892764,452362,21380,430982
17663,1.4153880994168602,452362,21380,430982
17664,1.4153079710144927,452362,21380,430982
17665,1.4152278516841212,452362,21380,430982
17666,1.4151477414242046,452362,21380,430982
17667,1.4150676402332032,452362,21380,430982
17668,1.4149875481095766,452362,21380,430982
17669,1.4149074650517857,452362,21380,430982
17670,1.414827391058291,452362,21380,430982
17671,1.4147473261275536,452362,21380,430982
17672,1.4146672702580354,452362,21380,430982
17673,1.4145872234481978,452362,21380,430982
17674,1.4145071856965032,452362,21380,430982
17675,1.4144271570014144,452362,21380,430982
17676,1.414347137361394,452362,21380,430982
17677,1.4142671267749052,452362,21380,430982
17678,1.414187125240412,452362,21380,430982
17679,1.4141071327563777,452362,21380,430982
17680,1.414027149321267,452362,21380,430982
17681,1.4139471749335444,452362,21380,430982
17682,1.4138672095916751,452362,21380,430982
17683,1.4137872532941242,452362,21380,430982
17684,1.4137073060393577,452362,21380,430982
17685,1.413627367825841,452362,21380,430982
17686,1.4135474386520412,452362,21380,430982
17687,1.4134675185164245,452362,21380,430982
17688,1.413387607417458,452362,21380,430982
17689,1.4133077053536096,452362,21380,430982
17690,1.4132278123233466,452362,21380,430982
17691,1.4131479283251371,452362,21380,430982
17692,1.4130680533574498,452362,21380,430982
17693,1.412988187418753,452362,21380,430982
17694,1.4129083305075167,452362,21380,430982
17695,1.4128284826222097,452362,21380,430982
17696,1.412748643761302,452362,21380,430982
17697,1.412668813923264,452362,21380,430982
17698,1.4125889931065656,452362,21380,430982
17699,1.4125091813096786,452362,21380,430982
17700,1.4124293785310735,452362,21380,430982
17701,1.412349584769222,452362,21380,430982
17702,1.4122698000225964,452362,21380,430982
17703,1.4121900242896683,452362,21380,430982
17704,1.412110257568911,452362,21380,430982
17705,1.412030499858797,452362,21380,430982
17706,1.4119507511577996,452362,21380,430982
17707,1.4118710114643926,452362,21380,430982
17708,1.4117912807770499,452362,21380,430982
17709,1.411711559094246,452362,21380,430982
17710,1.411631846414455,452362,21380,430982
17711,1.4115521427361526,452362,21380,430982
17712,1.411472448057814,452362,21380,430982
17713,1.4113927623779146,452362,21380,430982
17714,1.4113130856949305,452362,21380,430982
17715,1.4112334180073385,452362,21380,430982
17716,1.4111537593136148,452362,21380,430982
17717,1.4110741096122368,452362,21380,430982
17718,1.410994468901682,452362,21380,430982
17719,1.4109148371804279,452362,21380,430982
17720,1.4108352144469527,452362,21380,430982
17721,1.4107556006997348,452362,21380,430982
17722,1.4106759959372532,452362,21380,430982
17723,1.4105964001579867,452362,21380,430982
17724,1.4105168133604153,452362,21380,430982
17725,1.4104372355430184,452362,21380,430982
17726,1.4103576667042763,452362,21380,430982
17727,1.4102781068426693,452362,21380,430982
17728,1.4101985559566788,452362,21380,430982
17729,1.4101190140447855,452362,21380,430982
17730,1.410039481105471,452362,21380,430982
17731,1.4099599571372172,452362,21380,430982
17732,1.4098804421385067,452362,21380,430982
17733,1.4098009361078216,452362,21380,430982
17734,1.409721439043645,452362,21380,430982
17735,1.4096419509444602,452362,21380,430982
17736,1.4095624718087505,452362,21380,430982
17737,1.4094830016350002,452362,21380,430982
17738,1.4094035404216936,452362,21380,430982
17739,1.409324088167315,452362,21380,430982
17740,1.4092446448703495,452362,21380,430982
17741,1.4091652105292825,452362,21380,430982
17742,1.4090857851425995,452362,21380,430982
17743,1.4090063687087866,452362,21380,430982
17744,1.40892696122633,452362,21380,430982
17745,1.4088475626937165,452362,21380,430982
17746,1.408768173109433,452362,21380,430982
17747,1.408688792471967,452362,21380,430982
17748,1.408609420779806,452362,21380,430982
17749,1.4085300580314384,452362,21380,430982
17750,1.408450704225352,452362,21380,430982
17751,1.408371359360036,452362,21380,430982
17752,1.4082920234339793,452362,21380,430982
17753,1.4082126964456712,452362,21380,430982
17754,1.4081333783936014,452362,21380,430982
17755,1.4080540692762602,452362,21380,430982
17756,1.4079747690921378,452362,21380,430982
17757,1.4078954778397252,452362,21380,430982
17758,1.4078161955175132,452362,21380,430982
17759,1.4077369221239935,452362,21380,430982
17760,1.4076576576576576,452362,21380,430982
17761,1.407578402116998,452362,21380,430982
17762,1.4074991555005067,452362,21380,430982
17763,1.4074199178066769,452362,21380,430982
17764,1.4073406890340014,452362,21380,430982
17765,1.4072614691809737,452362,21380,430982
17766,1.407182258246088,452362,21380,430982
17767,1.4071030562278382,452362,21380,430982
17768,1.4070238631247185,452362,21380,430982
17769,1.4069446789352242,452362,21380,430982
17770,1.4068655036578503,452362,21380,430982
17771,1.4067863372910923,452362,21380,430982
17772,1.4067071798334458,452362,21380,430982
17773,1.4066280312834074,452362,21380,430982
17774,1.4065488916394735,452362,21380,430982
17775,1.4064697609001406,452362,21380,430982
17776,1.4063906390639065,452362,21380,430982
17777,1.4063115261292682,452362,21380,430982
17778,1.4062324220947238,452362,21380,430982
17779,1.4061533269587716,452362,21380,430982
17780,1.40607424071991,452362,21380,430982
17781,1.4059951633766379,452362,21380,430982
17782,1.4059160949274547,452362,21380,430982
17783,1.4058370353708598,452362,21380,430982
17784,1.4057579847053532,452362,21380,430982
17785,1.405678942929435,452362,21380,430982
17786,1.4055999100416057,452362,21380,430982
17787,1.4055208860403665,452362,21380,430982
17788,1.4054418709242187,452362,21380,430982
17789,1.4053628646916634,452362,21380,430982
17790,1.405283867341203,452362,21380,430982
17791,1.4052048788713394,452362,21380,430982
17792,1.4051258992805755,452362,21380,430982
17793,1.405046928567414,452362,21380,430982
17794,1.4049679667303585,452362,21380,430982
17795,1.4048890137679124,452362,21380,430982
17796,1.4048100696785795,452362,21380,430982
17797,1.4047311344608642,452362,21380,430982
17798,1.404652208113271,452362,21380,430982
17799,1.4045732906343054,452362,21380,430982
17800,1.404494382022472,452362,21380,430982
17801,1.4044154822762767,452362,21380,430982
17802,1.4043365913942254,452362,21380,430982
17803,1.4042577093748245,452362,21380,430982
17804,1.4041788362165806,452362,21380,430982
17805,1.4040999719180005,452362,21380,430982
17806,1.4040211164775918,452362,21380,430982
17807,1.403942269893862,452362,21380,430982
17808,1.403863432165319,452362,21380,430982
17809,1.403784603290471,452362,21380,430982
17810,1.403705783267827,452362,21380,430982
17811,1.4036269720958958,452362,21380,430982
17812,1.4035481697731866,452362,21380,430982
17813,1.4034693762982091,452362,21380,430982
17814,1.4033905916694736,452362,21380,430982
17815,1.4033118158854898,452362,21380,430982
17816,1.4032330489447689,452362,21380,430982
17817,1.4031542908458214,452362,21380,430982
17818,1.403075541587159,452362,21380,430982
17819,1.4029968011672933,452362,21380,430982
17820,1.4029180695847363,452362,21380,430982
17821,1.402839346838,452362,21380,430982
17822,1.4027606329255975,452362,21380,430982
17823,1.4026819278460416,452362,21380,430982
17824,1.4026032315978456,452362,21380,430982
17825,1.402524544179523,452362,21380,430982
17826,1.4024458655895882,452362,21380,430982
17827,1.4023671958265553,452362,21380,430982
17828,1.4022885348889387,452362,21380,430982
17829,1.4022098827752538,452362,21380,430982
17830,1.4021312394840157,452362,21380,430982
17831,1.40205260501374,452362,21380,430982
17832,1.401973979362943,452362,21380,430982
17833,1.4018953625301407,452362,21380,430982
17834,1.40181675451385,452362,21380,430982
17835,1.4017381553125876,452362,21380,430982
17836,1.401659564924871,452362,21380,430982
17837,1.4015809833492179,452362,21380,430982
17838,1.4015024105841463,452362,21380,430982
17839,1.4014238466281743,452362,21380,430982
17840,1.4013452914798206,452362,21380,430982
17841,1.4012667451376044,452362,21380,430982
17842,1.4011882076000448,452362,21380,430982
17843,1.4011096788656616,452362,21380,430982
17844,1.4010311589329747,452362,21380,430982
17845,1.4009526478005043,452362,21380,430982
17846,1.4008741454667712,452362,21380,430982
17847,1.4007956519302964,452362,21380,430982
17848,1.400717167189601,452362,21380,430982
17849,1.400638691243207,452362,21380,430982
17850,1.4005602240896358,452362,21380,430982
17851,1.4004817657274102,452362,21380,430982
17852,1.4004033161550526,452362,21380,430982
17853,1.4003248753710862,452362,21380,430982
17854,1.4002464433740338,452362,21380,430982
17855,1.4001680201624196,452362,21380,430982
17856,1.400089605734767,452362,21380,430982
17857,1.4000112000896008,452362,21380,430982
17858,1.3999328032254452,452362,21380,430982
17859,1.3998544151408254,452362,21380,430982
17860,1.3997760358342666,452362,21380,430982
17861,1.3996976653042943,452362,21380,430982
17862,1.3996193035494346,452362,21380,430982
17863,1.3995409505682137,452362,21380,430982
17864,1.399462606359158,452362,21380,430982
17865,1.3993842709207949,452362,21380,430982
17866,1.3993059442516511,452362,21380,430982
17867,1.3992276263502545,452362,21380,430982
17868,1.3991493172151332,452362,21380,430982
17869,1.399071016844815,452362,21380,430982
17870,1.3989927252378287,452362,21380,430982
17871,1.3989144423927034,452362,21380,430982
17872,1.3988361683079678,452362,21380,430982
17873,1.3987579029821517,452362,21380,430982
17874,1.3986796464137854,452362,21380,430982
17875,1.3986013986013985,452362,21380,430982
17876,1.3985231595435221,452362,21380,430982
17877,1.3984449292386867,452362,21380,430982
17878,1.3983667076854234,452362,21380,430982
17879,1.398288494882264,452362,21380,430982
17880,1.3982102908277405,452362,21380,430982
17881,1.3981320955203849,452362,21380,430982
17882,1.3980539089587294,452362,21380,430982
17883,1.3979757311413075,452362,21380,430982
17884,1.3978975620666518,452362,21380,430982
17885,1.397819401733296,452362,21380,430982
17886,1.3977412501397741,452362,21380,430982
17887,1.3976631072846202,452362,21380,430982
17888,1.3975849731663685,452362,21380,430982
17889,1.3975068477835542,452362,21380,430982
17890,1.3974287311347122,452362,21380,430982
17891,1.3973506232183779,452362,21380,430982
17892,1.3972725240330874,452362,21380,430982
17893,1.3971944335773767,452362,21380,430982
17894,1.397116351849782,452362,21380,430982
17895,1.3970382788488405,452362,21380,430982
17896,1.396960214573089,452362,21380,430982
17897,1.396882159021065,452362,21380,430982
17898,1.3968041121913064,452362,21380,430982
17899,1.396726074082351,452362,21380,430982
17900,1.3966480446927374,452362,21380,430982
17901,1.3965700240210044,452362,21380,430982
17902,1.396492012065691,452362,21380,430982
17903,1.3964140088253365,452362,21380,430982
17904,1.3963360142984809,452362,21380,430982
17905,1.3962580284836639,452362,21380,430982
17906,1.3961800513794258,452362,21380,430982
17907,1.3961020829843078,452362,21380,430982
17908,1.3960241232968507,452362,21380,430982
17909,1.3959461723155955,452362,21380,430982
17910,1.3958682300390843,452362,21380,430982
17911,1.395790296465859,452362,21380,430982
17912,1.3957123715944617,452362,21380,430982
17913,1.3956344554234354,452362,21380,430982
17914,1.395556547951323,452362,21380,430982
17915,1.3954786491766675,452362,21380,430982
17916,1.3954007590980129,452362,21380,430982
17917,1.395322877713903,452362,21380,430982
17918,1.395245005022882,452362,21380,430982
17919,1.3951671410234947,452362,21380,430982
17920,1.3950892857142858,452362,21380,430982
17921,1.3950114390938007,452362,21380,430982
17922,1.3949336011605848,452362,21380,430982
17923,1.3948557719131842,452362,21380,430982
17924,1.394777951350145,452362,21380,430982
17925,1.394700139470014,452362,21380,430982
17926,1.3946223362713377,452362,21380,430982
17927,1.3945445417526636,452362,21380,430982
17928,1.394466755912539,452362,21380,430982
17929,1.394388978749512,452362,21380,430982
17930,1.3943112102621305,452362,21380,430982
17931,1.394233450448943,452362,21380,430982
17932,1.3941556993084987,452362,21380,430982
17933,1.3940779568393464,452362,21380,430982
17934,1.3940002230400357,452362,21380,430982
17935,1.3939224979091163,452362,21380,430982
17936,1.3938447814451382,452362,21380,430982
17937,1.393767073646652,452362,21380,430982
17938,1.3936893745122088,452362,21380,430982
17939,1.393611684040359,452362,21380,430982
17940,1.3935340022296545,452362,21380,430982
17941,1.3934563290786466,452362,21380,430982
17942,1.3933786645858879,452362,21380,430982
17943,1.3933010087499302,452362,21380,430982
17944,1.3932233615693268,452362,21380,430982
17945,1.3931457230426303,452362,21380,430982
17946,1.393068093168394,452362,21380,430982
17947,1.392990471945172,452362,21380,430982
17948,1.3929128593715177,452362,21380,430982
17949,1.3928352554459857,452362,21380,430982
17950,1.392757660167131,452362,21380,430982
17951,1.3926800735335079,452362,21380,430982
17952,1.392602495543672,452362,21380,430982
17953,1.392524926196179,452362,21380,430982
17954,1.3924473654895846,452362,21380,430982
17955,1.392369813422445,452362,21380,430982
17956,1.392292269993317,452362,21380,430982
17957,1.3922147352007574,452362,21380,430982
17958,1.3921372090433233,452362,21380,430982
17959,1.3920596915195724,452362,21380,430982
17960,1.3919821826280623,452362,21380,430982
17961,1.3919046823673515,452362,21380,430982
17962,1.3918271907359983,452362,21380,430982
17963,1.3917497077325613,452362,21380,430982
17964,1.3916722333556002,452362,21380,430982
17965,1.3915947676036737,452362,21380,430982
17966,1.3915173104753422,452362,21380,430982
17967,1.3914398619691657,452362,21380,430982
17968,1.3913624220837044,452362,21380,430982
17969,1.391284990817519,452362,21380,430982
17970,1.391207568169171,452362,21380,430982
17971,1.3911301541372212,452362,21380,430982
17972,1.3910527487202315,452362,21380,430982
17973,1.390975351916764,452362,21380,430982
17974,1.390897963725381,452362,21380,430982
17975,1.3908205841446453,452362,21380,430982
17976,1.3907432131731197,452362,21380,430982
17977,1.3906658508093674,452362,21380,430982
17978,1.3905884970519524,452362,21380,430982
17979,1.3905111518994382,452362,21380,430982
17980,1.3904338153503892,452362,21380,430982
17981,1.3903564874033703,452362,21380,430982
17982,1.3902791680569457,452362,21380,430982
17983,1.3902018573096813,452362,21380,430982
17984,1.3901245551601424,452362,21380,430982
17985,1.3900472616068946,452362,21380,430982
17986,1.3899699766485043,452362,21380,430982
17987,1.3898927002835382,452362,21380,430982
17988,1.3898154325105625,452362,21380,430982
17989,1.389738173328145,452362,21380,430982
17990,1.3896609227348526,452362,21380,430982
17991,1.3895836807292534,452362,21380,430982
17992,1.3895064473099155,452362,21380,430982
17993,1.389429222475407,452362,21380,430982
17994,1.389352006224297,452362,21380,430982
17995,1.3892747985551541,452362,21380,430982
17996,1.3891975994665482,452362,21380,430982
17997,1.3891204089570484,452362,21380,430982
17998,1.389043227025225,452362,21380,430982
17999,1.3889660536696482,452362,21380,430982
18000,1.3888888888888888,452362,21380,430982
18001,1.3888117326815177,452362,21380,430982
18002,1.388734585046106,452362,21380,430982
18003,1.3886574459812253,452362,21380,430982
18004,1.3885803154854477,452362,21380,430982
18005,1.388503193557345,452362,21380,430982
18006,1.3884260801954904,452362,21380,430982
18007,1.3883489753984561,452362,21380,430982
18008,1.3882718791648156,452362,21380,430982
18009,1.3881947914931423,452362,21380,430982
18010,1.38811771238201,452362,21380,430982
18011,1.3880406418299929,452362,21380,430982
18012,1.387963579835665,452362,21380,430982
18013,1.3878865263976017,452362,21380,430982
18014,1.3878094815143778,452362,21380,430982
18015,1.3877324451845685,452362,21380,430982
18016,1.3876554174067495,452362,21380,430982
18017,1.3875783981794971,452362,21380,430982
18018,1.3875013875013875,452362,21380,430982
18019,1.3874243853709973,452362,21380,430982
18020,1.3873473917869035,452362,21380,430982
18021,1.3872704067476833,452362,21380,430982
18022,1.3871934302519142,452362,21380,430982
18023,1.3871164622981746,452362,21380,430982
18024,1.3870395028850422,452362,21380,430982
18025,1.3869625520110958,452362,21380,430982
18026,1.386885609674914,452362,21380,430982
18027,1.3868086758750762,452362,21380,430982
18028,1.386731750610162,452362,21380,430982
18029,1.386654833878751,452362,21380,430982
18030,1.3865779256794233,452362,21380,430982
18031,1.3865010260107593,452362,21380,430982
18032,1.3864241348713398,452362,21380,430982
18033,1.386347252259746,452362,21380,430982
18034,1.3862703781745591,452362,21380,430982
18035,1.386193512614361,452362,21380,430982
18036,1.3861166555777333,452362,21380,430982
18037,1.386039807063259,452362,21380,430982
18038,1.38596296706952,452362,21380,430982
18039,1.3858861355950995,452362,21380,430982
18040,1.3858093126385809,452362,21380,430982
18041,1.3857324981985477,452362,21380,430982
18042,1.3856556922735839,452362,21380,430982
18043,1.3855788948622734,452362,21380,430982
18044,1.3855021059632011,452362,21380,430982
18045,1.3854253255749516,452362,21380,430982
18046,1.3853485536961099,452362,21380,430982
18047,1.3852717903252618,452362,21380,430982
18048,1.385195035460993,452362,21380,430982
18049,1.3851182891018894,452362,21380,430982
18050,1.3850415512465375,452362,21380,430982
18051,1.384964821893524,452362,21380,430982
18052,1.3848881010414358,452362,21380,430982
18053,1.3848113886888607,452362,21380,430982
18054,1.3847346848343858,452362,21380,430982
18055,1.3846579894765993,452362,21380,430982
18056,1.3845813026140894,452362,21380,430982
18057,1.384504624245445,452362,21380,430982
18058,1.3844279543692546,452362,21380,430982
18059,1.3843512929841078,452362,21380,430982
18060,1.3842746400885935,452362,21380,430982
18061,1.3841979956813022,452362,21380,430982
18062,1.3841213597608237,452362,21380,430982
18063,1.3840447323257488,452362,21380,430982
18064,1.3839681133746677,452362,21380,430982
18065,1.3838915029061722,452362,21380,430982
18066,1.3838149009188532,452362,21380,430982
18067,1.3837383074113023,452362,21380,430982
18068,1.383661722382112,452362,21380,430982
18069,1.3835851458298745,452362,21380,430982
18070,1.3835085777531821,452362,21380,430982
18071,1.383432018150628,452362,21380,430982
18072,1.3833554670208057,452362,21380,430982
18073,1.3832789243623085,452362,21380,430982
18074,1.3832023901737303,452362,21380,430982
18075,1.3831258644536653,452362,21380,430982
18076,1.3830493472007082,452362,21380,430982
18077,1.3829728384134536,452362,21380,430982
18078,1.3828963380904968,452362,21380,430982
18079,1.382819846230433,452362,21380,430982
18080,1.3827433628318584,452362,21380,430982
18081,1.3826668878933688,452362,21380,430982
18082,1.3825904214135605,452362,21380,430982
18083,1.3825139633910302,452362,21380,430982
18084,1.3824375138243752,452362,21380,430982
18085,1.3823610727121924,452362,21380,430982
18086,1.3822846400530797,452362,21380,430982
18087,1.382208215845635,452362,21380,430982
18088,1.3821318000884564,452362,21380,430982
18089,1.3820553927801427,452362,21380,430982
18090,1.3819789939192924,452362,21380,430982
18091,1.381902603504505,452362,21380,430982
18092,1.3818262215343797,452362,21380,430982
18093,1.3817498480075168,452362,21380,430982
18094,1.3816734829225157,452362,21380,430982
18095,1.3815971262779774,452362,21380,430982
18096,1.3815207780725023,452362,21380,430982
18097,1.3814444383046913,452362,21380,430982
18098,1.3813681069731463,452362,21380,430982
18099,1.3812917840764682,452362,21380,430982
18100,1.3812154696132597,452362,21380,430982
18101,1.3811391635821226,452362,21380,430982
18102,1.3810628659816595,452362,21380,430982
18103,1.3809865768104734,452362,21380,430982
18104,1.3809102960671675,452362,21380,430982
18105,1.3808340237503451,452362,21380,430982
18106,1.3807577598586105,452362,21380,430982
18107,1.3806815043905671,452362,21380,430982
18108,1.38060525734482,452362,21380,430982
18109,1.3805290187199735,452362,21380,430982
18110,1.3804527885146327,452362,21380,430982
18111,1.3803765667274033,452362,21380,430982
18112,1.3803003533568905,452362,21380,430982
18113,1.3802241484017004,452362,21380,430982
18114,1.3801479518604394,452362,21380,430982
18115,1.3800717637317141,452362,21380,430982
18116,1.3799955840141311,452362,21380,430982
18117,1.379919412706298,452362,21380,430982
18118,1.379843249806822,452362,21380,430982
18119,1.3797670953143109,452362,21380,430982
18120,1.379690949227373,452362,21380,430982
18121,1.3796148115446167,452362,21380,430982
18122,1.3795386822646507,452362,21380,430982
18123,1.379462561386084,452362,21380,430982
18124,1.379386448907526,452362,21380,430982
18125,1.3793103448275863,452362,21380,430982
18126,1.3792342491448748,452362,21380,430982
18127,1.3791581618580018,452362,21380,430982
18128,1.379082082965578,452362,21380,430982
18129,1.3790060124662145,452362,21380,430982
18130,1.3789299503585217,452362,21380,430982
18131,1.378853896641112,452362,21380,430982
18132,1.3787778513125966,452362,21380,430982
18133,1.3787018143715877,452362,21380,430982
18134,1.378625785816698,452362,21380,430982
18135,1.3785497656465397,452362,21380,430982
18136,1.3784737538597265,452362,21380,430982
18137,1.3783977504548712,452362,21380,430982
18138,1.3783217554305878,452362,21380,430982
18139,1.3782457687854899,452362,21380,430982
18140,1.3781697905181918,452362,21380,430982
18141,1.3780938206273083,452362,21380,430982
18142,1.378017859111454,452362,21380,430982
18143,1.3779419059692444,452362,21380,430982
18144,1.3778659611992945,452362,21380,430982
18145,1.3777900248002204,452362,21380,430982
18146,1.377714096770638,452362,21380,430982
18147,1.3776381771091641,452362,21380,430982
18148,1.3775622658144149,452362,21380,430982
18149,1.3774863628850074,452362,21380,430982
18150,1.3774104683195592,452362,21380,430982
18151,1.3773345821166878,452362,21380,430982
18152,1.377258704275011,452362,21380,430982
18153,1.3771828347931472,452362,21380,430982
18154,1.3771069736697146,452362,21380,430982
18155,1.3770311209033324,452362,21380,430982
18156,1.3769552764926196,452362,21380,430982
18157,1.3768794404361955,452362,21380,430982
18158,1.3768036127326797,452362,21380,430982
18159,1.3767277933806927,452362,21380,430982
18160,1.3766519823788546,452362,21380,430982
18161,1.376576179725786,452362,21380,430982
18162,1.3765003854201079,452362,21380,430982
18163,1.3764245994604416,452362,21380,430982
18164,1.3763488218454085,452362,21380,430982
18165,1.3762730525736306,452362,21380,430982
18166,1.37619729164373,452362,21380,430982
18167,1.3761215390543293,452362,21380,430982
18168,1.376045794804051,452362,21380,430982
18169,1.3759700588915185,452362,21380,430982
18170,1.3758943313153549,452362,21380,430982
18171,1.3758186120741842,452362,21380,430982
18172,1.37574290116663,452362,21380,430982
18173,1.3756671985913167,452362,21380,430982
18174,1.3755915043468692,452362,21380,430982
18175,1.375515818431912,452362,21380,430982
18176,1.3754401408450705,452362,21380,430982
18177,1.37536447158497,452362,21380,430982
18178,1.3752888106502366,452362,21380,430982
18179,1.3752131580394962,452362,21380,430982
18180,1.375137513751375,452362,21380,430982
18181,1.3750618777845003,452362,21380,430982
18182,1.3749862501374985,452362,21380,430982
18183,1.3749106308089973,452362,21380,430982
18184,1.3748350197976242,452362,21380,430982
18185,1.3747594171020072,452362,21380,430982
18186,1.3746838227207743,452362,21380,430982
18187,1.374608236652554,452362,21380,430982
18188,1.3745326588959754,452362,21380,430982
18189,1.3744570894496675,452362,21380,430982
18190,1.3743815283122596,452362,21380,430982
18191,1.3743059754823814,452362,21380,430982
18192,1.374230430958663,452362,21380,430982
18193,1.374154894739735,452362,21380,430982
18194,1.3740793668242277,452362,21380,430982
18195,1.3740038472107723,452362,21380,430982
18196,1.3739283358979995,452362,21380,430982
18197,1.3738528328845414,452362,21380,430982
18198,1.3737773381690295,452362,21380,430982
18199,1.373701851750096,452362,21380,430982
18200,1.3736263736263736,452362,21380,430982
18201,1.3735509037964948,452362,21380,430982
18202,1.3734754422590925,452362,21380,430982
18203,1.3733999890128001,452362,21380,430982
18204,1.3733245440562514,452362,21380,430982
18205,1.3732491073880801,452362,21380,430982
18206,1.3731736790069209,452362,21380,430982
18207,1.3730982589114078,452362,21380,430982
18208,1.3730228471001757,452362,21380,430982
18209,1.37294744357186,452362,21380,430982
18210,1.372872048325096,452362,21380,430982
18211,1.3727966613585196,452362,21380,430982
18212,1.3727212826707664,452362,21380,430982
18213,1.3726459122604733,452362,21380,430982
18214,1.3725705501262766,452362,21380,430982
18215,1.372495196266813,452362,21380,430982
18216,1.3724198506807201,452362,21380,430982
18217,1.3723445133666357,452362,21380,430982
18218,1.3722691843231969,452362,21380,430982
18219,1.3721938635490423,452362,21380,430982
18220,1.37211855104281,452362,21380,430982
18221,1.3720432468031392,452362,21380,430982
18222,1.3719679508286686,452362,21380,430982
18223,1.3718926631180377,452362,21380,430982
18224,1.371817383669886,452362,21380,430982
18225,1.3717421124828533,452362,21380,430982
18226,1.37166684955558,452362,21380,430982
18227,1.3715915948867066,452362,21380,430982
18228,1.3715163484748738,452362,21380,430982
18229,1.371441110318723,452362,21380,430982
18230,1.3713658804168953,452362,21380,430982
18231,1.3712906587680325,452362,21380,430982
18232,1.3712154453707766,452362,21380,430982
18233,1.37114024022377,452362,21380,430982
18234,1.3710650433256553,452362,21380,430982
18235,1.3709898546750754,452362,21380,430982
18236,1.3709146742706735,452362,21380,430982
18237,1.3708395021110928,452362,21380,430982
18238,1.3707643381949774,452362,21380,430982
18239,1.3706891825209715,452362,21380,430982
18240,1.3706140350877194,452362,21380,430982
18241,1.3705388958938656,452362,21380,430982
18242,1.370463764938055,452362,21380,430982
18243,1.3703886422189333,452362,21380,430982
18244,1.3703135277351457,452362,21380,430982
18245,1.3702384214853385,452362,21380,430982
18246,1.3701633234681574,452362,21380,430982
18247,1.370088233682249,452362,21380,430982
18248,1.3700131521262604,452362,21380,430982
18249,1.3699380787988382,452362,21380,430982
18250,1.36986301369863,452362,21380,430982
18251,1.3697879568242837,452362,21380,430982
18252,1.3697129081744466,452362,21380,430982
18253,1.3696378677477674,452362,21380,430982
18254,1.3695628355428948,452362,21380,430982
18255,1.3694878115584772,452362,21380,430982
18256,1.3694127957931639,452362,21380,430982
18257,1.3693377882456044,452362,21380,430982
18258,1.3692627889144484,452362,21380,430982
18259,1.369187797798346,452362,21380,430982
18260,1.3691128148959475,452362,21380,430982
18261,1.3690378402059034,452362,21380,430982
18262,1.3689628737268644,452362,21380,430982
18263,1.3688879154574825,452362,21380,430982
18264,1.3688129653964083,452362,21380,430982
18265,1.368738023542294,452362,21380,430982
18266,1.3686630898937917,452362,21380,430982
18267,1.368588164449554,452362,21380,430982
18268,1.368513247208233,452362,21380,430982
18269,1.3684383381684821,452362,21380,430982
18270,1.3683634373289546,452362,21380,430982
18271,1.368288544688304,452362,21380,430982
18272,1.368213660245184,452362,21380,430982
18273,1.3681387839982488,452362,21380,430982
18274,1.368063915946153,452362,21380,430982
18275,1.3679890560875514,452362,21380,430982
18276,1.3679142044210988,452362,21380,430982
18277,1.3678393609454507,452362,21380,430982
18278,1.3677645256592625,452362,21380,430982
18279,1.3676896985611904,452362,21380,430982
18280,1.3676148796498906,452362,21380,430982
18281,1.3675400689240196,452362,21380,430982
18282,1.367465266382234,452362,21380,430982
18283,1.3673904720231909,452362,21380,430982
18284,1.367315685845548,452362,21380,430982
18285,1.3672409078479628,452362,21380,430982
18286,1.3671661380290934,452362,21380,430982
18287,1.3670913763875978,452362,21380,430982
18288,1.3670166229221348,452362,21380,430982
18289,1.366941877631363,452362,21380,430982
18290,1.366867140513942,452362,21380,430982
18291,1.366792411568531,452362,21380,430982
18292,1.3667176907937897,452362,21380,430982
18293,1.366642978188378,452362,21380,430982
18294,1.3665682737509566,452362,21380,430982
18295,1.3664935774801859,452362,21380,430982
18296,1.3664188893747267,452362,21380,430982
18297,1.3663442094332405,452362,21380,430982
18298,1.3662695376543885,452362,21380,430982
18299,1.3661948740368326,452362,21380,430982
18300,1.366120218579235,452362,21380,430982
18301,1.366045571280258,452362,21380,430982
18302,1.365970932138564,452362,21380,430982
18303,1.3658963011528165,452362,21380,430982
18304,1.3658216783216783,452362,21380,430982
18305,1.3657470636438132,452362,21380,430982
18306,1.3656724571178849,452362,21380,430982
18307,1.3655978587425575,452362,21380,430982
18308,1.3655232685164955,452362,21380,430982
18309,1.3654486864383637,452362,21380,430982
18310,1.3653741125068268,452362,21380,430982
18311,1.3652995467205504,452362,21380,430982
18312,1.3652249890782,452362,21380,430982
18313,1.3651504395784415,452362,21380,430982
18314,1.3650758982199411,452362,21380,430982
18315,1.365001365001365,452362,21380,430982
18316,1.3649268399213803,452362,21380,430982
18317,1.3648523229786538,452362,21380,430982
18318,1.3647778141718527,452362,21380,430982
18319,1.3647033134996451,452362,21380,430982
18320,1.3646288209606987,452362,21380,430982
18321,1.3645543365536816,452362,21380,430982
18322,1.3644798602772623,452362,21380,430982
18323,1.3644053921301098,452362,21380,430982
18324,1.3643309321108927,452362,21380,430982
18325,1.364256480218281,452362,21380,430982
18326,1.364182036450944,452362,21380,430982
18327,1.3641076008075517,452362,21380,430982
18328,1.3640331732867743,452362,21380,430982
18329,1.3639587538872824,452362,21380,430982
18330,1.363884342607747,452362,21380,430982
18331,1.3638099394468386,452362,21380,430982
18332,1.3637355444032293,452362,21380,430982
18333,1.3636611574755904,452362,21380,430982
18334,1.3635867786625941,452362,21380,430982
18335,1.3635124079629124,452362,21380,430982
18336,1.3634380453752182,452362,21380,430982
18337,1.363363690898184,452362,21380,430982
18338,1.3632893445304832,452362,21380,430982
18339,1.363215006270789,452362,21380,430982
18340,1.3631406761177753,452362,21380,430982
18341,1.3630663540701162,452362,21380,430982
18342,1.3629920401264857,452362,21380,430982
18343,1.3629177342855585,452362,21380,430982
18344,1.3628434365460096,452362,21380,430982
18345,1.362769146906514,452362,21380,430982
18346,1.3626948653657474,452362,21380,430982
18347,1.362620591922385,452362,21380,430982
18348,1.3625463265751037,452362,21380,430982
18349,1.362472069322579,452362,21380,430982
18350,1.3623978201634876,452362,21380,430982
18351,1.362323579096507,452362,21380,430982
18352,1.3622493461203138,452362,21380,430982
18353,1.3621751212335858,452362,21380,430982
18354,1.3621009044350005,452362,21380,430982
18355,1.362026695723236,452362,21380,430982
18356,1.361952495096971,452362,21380,430982
18357,1.3618783025548837,452362,21380,430982
18358,1.361804118095653,452362,21380,430982
18359,1.3617299417179585,452362,21380,430982
18360,1.3616557734204793,452362,21380,430982
18361,1.3615816132018954,452362,21380,430982
18362,1.3615074610608866,452362,21380,430982
18363,1.3614333169961335,452362,21380,430982
18364,1.3613591810063168,452362,21380,430982
18365,1.361285053090117,452362,21380,430982
18366,1.361210933246216,452362,21380,430982
18367,1.3611368214732944,452362,21380,430982
18368,1.3610627177700347,452362,21380,430982
18369,1.3609886221351188,452362,21380,430982
18370,1.360914534567229,452362,21380,430982
18371,1.3608404550650481,452362,21380,430982
18372,1.3607663836272588,452362,21380,430982
18373,1.3606923202525445,452362,21380,430982
18374,1.3606182649395886,452362,21380,430982
18375,1.3605442176870748,452362,21380,430982
18376,1.3604701784936875,452362,21380,430982
18377,1.3603961473581108,452362,21380,430982
18378,1.3603221242790293,452362,21380,430982
18379,1.3602481092551282,452362,21380,430982
18380,1.3601741022850924,452362,21380,430982
18381,1.360100103367608,452362,21380,430982
18382,1.36002611250136,452362,21380,430982
18383,1.359952129685035,452362,21380,430982
18384,1.3598781549173193,452362,21380,430982
18385,1.3598041881968996,452362,21380,430982
18386,1.3597302295224627,452362,21380,430982
18387,1.359656278892696,452362,21380,430982
18388,1.3595823363062867,452362,21380,430982
18389,1.3595084017619228,452362,21380,430982
18390,1.3594344752582925,452362,21380,430982
18391,1.359360556794084,452362,21380,430982
18392,1.359286646367986,452362,21380,430982
18393,1.3592127439786876,452362,21380,430982
18394,1.3591388496248777,452297,21380,430917
18395,1.359064963305246,452297,21380,430917
18396,1.3589910850184823,452297,21380,430917
18397,1.3589172147632766,452297,21380,430917
18398,1.3588433525383194,452297,21380,430917
18399,1.3587694983423013,452297,21380,430917
18400,1.358695652173913,452297,21380,430917
18401,1.358621814031846,452297,21380,430917
18402,1.3585479839147918,452297,21380,430917
18403,1.3584741618214422,452297,21380,430917
18404,1.3584003477504891,452297,21380,430917
18405,1.3583265417006247,452297,21380,430917
18406,1.3582527436705423,452297,21380,430917
18407,1.3581789536589342,452297,21380,430917
18408,1.3581051716644936,452297,21380,430917
18409,1.3580313976859144,452297,21380,430917
18410,1.3579576317218902,452297,21380,430917
18411,1.3578838737711152,452297,21380,430917
18412,1.3578101238322833,452297,21380,430917
18413,1.3577363819040895,452297,21380,430917
18414,1.3576626479852287,452297,21380,430917
18415,1.357588922074396,452297,21380,430917
18416,1.3575152041702867,452297,21380,430917
18417,1.3574414942715969,452297,21380,430917
18418,1.3573677923770224,452297,21380,430917
18419,1.3572940984852597,452297,21380,430917
18420,1.3572204125950054,452297,21380,430917
18421,1.3571467347049564,452297,21380,430917
18422,1.3570730648138096,452297,21380,430917
18423,1.3569994029202628,452297,21380,430917
18424,1.3569257490230135,452297,21380,430917
18425,1.3568521031207599,452297,21380,430917
18426,1.3567784652122001,452297,21380,430917
18427,1.356704835296033,452297,21380,430917
18428,1.3566312133709573,452297,21380,430917
18429,1.356557599435672,452297,21380,430917
18430,1.3564839934888768,452297,21380,430917
18431,1.3564103955292712,452297,21380,430917
18432,1.3563368055555556,452297,21380,430917
18433,1.3562632235664298,452297,21380,430917
18434,1.3561896495605945,452297,21380,430917
18435,1.3561160835367507,452297,21380,430917
18436,1.3560425254935995,452297,21380,430917
18437,1.355968975429842,452297,21380,430917
18438,1.3558954333441804,452297,21380,430917
18439,1.3558218992353164,452297,21380,430917
18440,1.3557483731019522,452297,21380,430917
18441,1.3556748549427906,452297,21380,430917
18442,1.355601344756534,452297,21380,430917
18443,1.3555278425418857,452297,21380,430917
18444,1.3554543482975494,452297,21380,430917
18445,1.3553808620222283,452297,21380,430917
18446,1.3553073837146266,452297,21380,430917
18447,1.3552339133734483,452297,21380,430917
18448,1.355160450997398,452297,21380,430917
18449,1.3550869965851808,452297,21380,430917
18450,1.3550135501355014,452297,21380,430917
18451,1.3549401116470652,452297,21380,430917
18452,1.3548666811185779,452297,21380,430917
18453,1.3547932585487454,452297,21380,430917
18454,1.354719843936274,452297,21380,430917
18455,1.3546464372798699,452184,21380,430804
18456,1.3545730385782402,452184,21380,430804
18457,1.3544996478300915,452184,21380,430804
18458,1.3544262650341314,452184,21380,430804
18459,1.3543528901890676,452184,21380,430804
18460,1.3542795232936078,452184,21380,430804
18461,1.35420616434646,452184,21380,430804
18462,1.354132813346333,452184,21380,430804
18463,1.3540594702919353,452184,21380,430804
18464,1.3539861351819757,452184,21380,430804
18465,1.353912808015164,452184,21380,430804
18466,1.353839488790209,452184,21380,430804
18467,1.3537661775058212,452184,21380,430804
18468,1.3536928741607104,452184,21380,430804
18469,1.3536195787535872,452184,21380,430804
18470,1.353546291283162,452184,21380,430804
18471,1.3534730117481457,452184,21380,430804
18472,1.35339974014725,452184,21380,430804
18473,1.353326476479186,452184,21380,430804
18474,1.3532532207426653,452184,21380,430804
18475,1.3531799729364005,452184,21380,430804
18476,1.3531067330591038,452184,21380,430804
18477,1.3530335011094874,452184,21380,430804
18478,1.3529602770862648,452184,21380,430804
18479,1.3528870609881487,452184,21380,430804
18480,1.352813852813853,452184,21380,430804
18481,1.3527406525620909,452184,21380,430804
18482,1.3526674602315767,452184,21380,430804
18483,1.3525942758210248,452122,21380,430742
18484,1.3525210993291494,452122,21380,430742
18485,1.352447930754666,452122,21380,430742
18486,1.3523747700962891,452122,21380,430742
18487,1.3523016173527345,452122,21380,430742
18488,1.3522284725227174,452122,21380,430742
18489,1.3521553356049543,452122,21380,430742
18490,1.3520822065981613,452122,21380,430742
18491,1.3520090855010545,452122,21380,430742
18492,1.3519359723123512,452122,21380,430742
18493,1.3518628670307684,452122,21380,430742
18494,1.3517897696550232,452122,21380,430742
18495,1.3517166801838334,452122,21380,430742
18496,1.351643598615917,452122,21380,430742
18497,1.3515705249499919,452122,21380,430742
18498,1.3514974591847768,452122,21380,430742
18499,1.3514244013189902,452122,21380,430742
18500,1.3513513513513513,452122,21380,430742
18501,1.3512783092805793,452122,21380,430742
18502,1.351205275105394,452122,21380,430742
18503,1.351132248824515,452122,21380,430742
18504,1.3510592304366624,452122,21380,430742
18505,1.3509862199405567,452122,21380,430742
18506,1.3509132173349183,452122,21380,430742
18507,1.3508402226184686,452122,21380,430742
18508,1.3507672357899287,452122,21380,430742
18509,1.3506942568480198,452122,21380,430742
18510,1.3506212857914641,452122,21380,430742
18511,1.3505483226189834,452122,21380,430742
18512,1.3504753673293,452122,21380,430742
18513,1.3504024199211364,452122,21380,430742
18514,1.350329480393216,452122,21380,430742
18515,1.3502565487442615,452122,21380,430742
18516,1.3501836249729964,452122,21380,430742
18517,1.3501107090781443,452122,21380,430742
18518,1.3500378010584297,452122,21380,430742
18519,1.3499649009125763,452122,21380,430742
18520,1.349892008639309,452122,21380,430742
18521,1.3498191242373523,452122,21380,430742
18522,1.3497462477054314,452122,21380,430742
18523,1.3496733790422717,452122,21380,430742
18524,1.349600518246599,452122,21380,430742
18525,1.349527665317139,452122,21380,430742
18526,1.349454820252618,452122,21380,430742
18527,1.3493819830517624,452122,21380,430742
18528,1.3493091537132988,452122,21380,430742
18529,1.3492363322359544,451985,21380,430605
18530,1.3491635186184565,451985,21380,430605
18531,1.3490907128595326,451985,21380,430605
18532,1.3490179149579107,451985,21380,430605
18533,1.3489451249123185,451985,21380,430605
18534,1.3488723427214848,451985,21380,430605
18535,1.348799568384138,451985,21380,430605
18536,1.3487268018990073,451985,21380,430605
18537,1.3486540432648217,451985,21380,430605
18538,1.3485812924803107,451985,21380,430605
18539,1.3485085495442042,451985,21380,430605
18540,1.348435814455232,451985,21380,430605
18541,1.3483630872121244,451985,21380,430605
18542,1.3482903678136124,451985,21380,430605
18543,1.3482176562584263,451985,21380,430605
18544,1.3481449525452978,451985,21380,430605
18545,1.3480722566729577,451985,21380,430605
18546,1.347999568640138,451985,21380,430605
18547,1.3479268884455706,451985,21380,430605
18548,1.3478542160879878,451985,21380,430605
18549,1.3477815515661222,451985,21380,430605
18550,1.3477088948787062,451985,21380,430605
18551,1.347636246024473,451985,21380,430605
18552,1.347563605002156,451985,21380,430605
18553,1.3474909718104888,451985,21380,430605
18554,1.3474183464482052,451985,21380,430605
18555,1.3473457289140394,451985,21380,430605
18556,1.3472731192067255,451985,21380,430605
18557,1.3472005173249986,451985,21380,430605
18558,1.3471279232675935,451985,21380,430605
18559,1.3470553370332454,451985,21380,430605
18560,1.3469827586206897,451985,21380,430605
18561,1.3469101880286622,451985,21380,430605
18562,1.3468376252558991,451985,21380,430605
18563,1.3467650703011367,451985,21380,430605
18564,1.3466925231631115,451985,21380,430605
18565,1.3466199838405601,451985,21380,430605
18566,1.3465474523322203,451985,21380,430605
18567,1.3464749286368287,451985,21380,430605
18568,1.3464024127531236,451985,21380,430605
18569,1.3463299046798427,451985,21380,430605
18570,1.3462574044157243,451985,21380,430605
18571,1.3461849119595068,451985,21380,430605
18572,1.346112427309929,451985,21380,430605
18573,1.3460399504657299,451985,21380,430605
18574,1.3459674814256488,451985,21380,430605
18575,1.3458950201884252,451985,21380,430605
18576,1.3458225667527992,451985,21380,430605
18577,1.345750121117511,451985,21380,430605
18578,1.3456776832813004,451985,21380,430605
18579,1.3456052532429086,451985,21380,430605
18580,1.3455328310010763,451985,21380,430605
18581,1.345460416554545,451985,21380,430605
18582,1.3453880099020556,451985,21380,430605
18583,1.3453156110423505,451985,21380,430605
18584,1.3452432199741713,451985,21380,430605
18585,1.3451708366962605,451985,21380,430605
18586,1.3450984612073604,451985,21380,430605
18587,1.345026093506214,451985,21380,430605
18588,1.3449537335915644,451985,21380,430605
18589,1.344881381462155,451985,21380,430605
18590,1.3448090371167294,451985,21380,430605
18591,1.3447367005540316,451985,21380,430605
18592,1.3446643717728055,451829,21380,430449
18593,1.3445920507717959,451829,21380,430449
18594,1.3445197375497473,451829,21380,430449
18595,1.3444474321054047,451829,21380,430449
18596,1.3443751344375134,451829,21380,430449
18597,1.344302844544819,451829,21380,430449
18598,1.3442305624260673,451829,21380,430449
18599,1.3441582880800043,451829,21380,430449
18600,1.3440860215053763,451829,21380,430449
18601,1.34401376270093,451829,21380,430449
18602,1.3439415116654123,451829,21380,430449
18603,1.3438692683975704,451829,21380,430449
18604,1.3437970328961513,451829,21380,430449
18605,1.3437248051599033,451829,21380,430449
18606,1.3436525851875738,451829,21380,430449
18607,1.3435803729779114,451829,21380,430449
18608,1.3435081685296646,451829,21380,430449
18609,1.343435971841582,451829,21380,430449
18610,1.3433637829124128,451829,21380,430449
18611,1.343291601740906,451829,21380,430449
18612,1.3432194283258112,451829,21380,430449
18613,1.3431472626658787,451829,21380,430449
18614,1.3430751047598581,451829,21380,430449
18615,1.3430029546065,451829,21380,430449
18616,1.3429308122045551,451829,21380,430449
18617,1.3428586775527744,451829,21380,430449
18618,1.3427865506499086,451789,21220,430569
18619,1.3427144314947097,451789,21220,430569
18620,1.3426423200859292,451789,21220,430569
18621,1.342570216422319,451789,21220,430569
18622,1.3424981205026314,451789,21220,430569
18623,1.342426032325619,451789,21220,430569
18624,1.3423539518900343,451789,21220,430569
18625,1.342281879194631,451789,21220,430569
18626,1.3422098142381618,451789,21220,430569
18627,1.3421377570193804,451789,21220,430569
18628,1.342065707537041,451789,21220,430569
18629,1.3419936657898974,451789,21220,430569
18630,1.3419216317767042,451789,21220,430569
18631,1.341849605496216,451789,21220,430569
18632,1.3417775869471877,451789,21220,430569
18633,1.3417055761283745,451789,21220,430569
18634,1.3416335730385318,451789,21220,430569
18635,1.3415615776764154,451789,21220,430569
18636,1.3414895900407813,451789,21220,430569
18637,1.3414176101303859,451789,21220,430569
18638,1.3413456379439854,451789,21220,430569
18639,1.341273673480337,451789,21220,430569
18640,1.3412017167381973,451789,21220,430569
18641,1.3411297677163243,451789,21220,430569
18642,1.341057826413475,451789,21220,430569
18643,1.3409858928284075,451789,21220,430569
18644,1.3409139669598797,451789,21220,430569
18645,1.3408420488066506,451789,21220,430569
18646,1.3407701383674784,451789,21220,430569
18647,1.340698235641122,451789,21220,430569
18648,1.3406263406263406,451789,21220,430569
18649,1.340554453321894,451789,21220,430569
18650,1.3404825737265416,451789,21220,430569
18651,1.3404107018390434,451789,21220,430569
18652,1.34033883765816,451789,21220,430569
18653,1.3402669811826515,451789,21220,430569
18654,1.340195132411279,451789,21220,430569
18655,1.3401232913428036,451789,21220,430569
18656,1.3400514579759863,451789,21220,430569
18657,1.339979632309589,451789,21220,430569
18658,1.3399078143423733,451789,21220,430569
18659,1.3398360040731014,451789,21220,430569
18660,1.339764201500536,451789,21220,430569
18661,1.3396924066234392,451789,21220,430569
18662,1.3396206194405744,451789,21220,430569
18663,1.3395488399507045,451789,21220,430569
18664,1.3394770681525932,451789,21220,430569
18665,1.339405304045004,451789,21220,430569
18666,1.339333547626701,451789,21220,430569
18667,1.3392617988964484,451789,21220,430569
18668,1.3391900578530105,451789,21220,430569
18669,1.3391183244951523,451789,21220,430569
18670,1.339046598821639,451789,21220,430569
18671,1.3389748808312356,451789,21220,430569
18672,1.338903170522708,451789,21220,430569
18673,1.3388314678948214,451789,21220,430569
18674,1.3387597729463425,451789,21220,430569
18675,1.3386880856760375,451789,21220,430569
18676,1.3386164060826728,451789,21220,430569
18677,1.3385447341650158,451789,21220,430569
18678,1.3384730699218332,451789,21220,430569
18679,1.3384014133518924,451789,21220,430569
18680,1.3383297644539613,451789,21220,430569
18681,1.338258123226808,451789,21220,430569
18682,1.3381864896692004,451789,21220,430569
18683,1.338114863779907,451789,21220,430569
18684,1.3380432455576965,451789,21220,430569
18685,1.337971635001338,451789,21220,430569
18686,1.3379000321096008,451789,21220,430569
18687,1.3378284368812543,451789,21220,430569
18688,1.3377568493150684,451789,21220,430569
18689,1.3376852694098134,451789,21220,430569
18690,1.337613697164259,451789,21220,430569
18691,1.3375421325771761,451789,21220,430569
18692,1.3374705756473357,451789,21220,430569
18693,1.3373990263735087,451789,21220,430569
18694,1.3373274847544667,451789,21220,430569
18695,1.337255950788981,451789,21220,430569
18696,1.3371844244758238,451789,21220,430569
18697,1.337112905813767,451789,21220,430569
18698,1.3370413948015831,451789,21220,430569
18699,1.3369698914380448,451789,21220,430569
18700,1.3368983957219251,451789,21220,430569
18701,1.3368269076519972,451789,21220,430569
18702,1.3367554272270346,451789,21220,430569
18703,1.336683954445811,451789,21220,430569
18704,1.3366124893071,451789,21220,430569
18705,1.3365410318096766,451789,21220,430569
18706,1.3364695819523147,451789,21220,430569
18707,1.3363981397337894,451789,21220,430569
18708,1.3363267051528758,451789,21220,430569
18709,1.336255278208349,451789,21220,430569
18710,1.3361838588989845,451789,21220,430569
18711,1.3361124472235584,451789,21220,430569
18712,1.3360410431808465,451789,21220,430569
18713,1.3359696467696254,451789,21220,430569
18714,1.3358982579886716,451789,21220,430569
18715,1.335826876836762,451789,21220,430569
18716,1.3357555033126736,451789,21220,430569
18717,1.335684137415184,451789,21220,430569
18718,1.3356127791430707,451789,21220,430569
18719,1.335541428495112,451789,21220,430569
18720,1.3354700854700854,451789,21220,430569
18721,1.33539875006677,451789,21220,430569
18722,1.335327422283944,451789,21220,430569
18723,1.3352561021203866,451789,21220,430569
18724,1.3351847895748772,451789,21220,430569
18725,1.335113484646195,451789,21220,430569
18726,1.3350421873331197,451789,21220,430569
18727,1.3349708976344317,451789,21220,430569
18728,1.3348996155489108,451789,21220,430569
18729,1.3348283410753377,451789,21220,430569
18730,1.3347570742124932,451789,21220,430569
18731,1.3346858149591587,451789,21220,430569
18732,1.3346145633141149,451789,21220,430569
18733,1.3345433192761438,451789,21220,430569
18734,1.3344720828440269,451789,21220,430569
18735,1.3344008540165466,451789,21220,430569
18736,1.334329632792485,451789,21220,430569
18737,1.334258419170625,451789,21220,430569
18738,1.3341872131497492,451789,21220,430569
18739,1.3341160147286408,451789,21220,430569
18740,1.3340448239060831,451789,21220,430569
18741,1.3339736406808602,451789,21220,430569
18742,1.3339024650517555,451789,21220,430569
18743,1.3338312970175532,451789,21220,430569
18744,1.333760136577038,451789,21220,430569
18745,1.3336889837289945,451789,21220,430569
18746,1.3336178384722075,451789,21220,430569
18747,1.3335467008054622,451789,21220,430569
18748,1.3334755707275443,451789,21220,430569
18749,1.3334044482372394,451789,21220,430569
18750,1.3333333333333333,451789,21220,430569
18751,1.3332622260146125,451789,21220,430569
18752,1.3331911262798635,451789,21220,430569
18753,1.3331200341278728,451789,21220,430569
18754,1.3330489495574278,451789,21220,430569
18755,1.3329778725673154,451789,21220,430569
18756,1.3329068031563234,451789,21220,430569
18757,1.3328357413232392,451789,21220,430569
18758,1.3327646870668515,451789,21220,430569
18759,1.3326936403859482,451789,21220,430569
18760,1.3326226012793176,451789,21220,430569
18761,1.332551569745749,451789,21220,430569
18762,1.3324805457840316,451789,21220,430569
18763,1.3324095293929543,451789,21220,430569
18764,1.3323385205713068,451789,21220,430569
18765,1.332267519317879,451789,21220,430569
18766,1.3321965256314612,451789,21220,430569
18767,1.3321255395108436,451789,21220,430569
18768,1.3320545609548167,451789,21220,430569
18769,1.3319835899621717,451789,21220,430569
18770,1.3319126265316996,451789,21220,430569
18771,1.3318416706621916,451789,21220,430569
18772,1.3317707223524398,451789,21220,430569
18773,1.331699781601236,451789,21220,430569
18774,1.331628848407372,451789,21220,430569
18775,1.3315579227696406,451789,21220,430569
18776,1.3314870046868343,451789,21220,430569
18777,1.3314160941577462,451789,21220,430569
18778,1.3313451911811696,451789,21220,430569
18779,1.3312742957558976,451789,21220,430569
18780,1.3312034078807242,451789,21220,430569
18781,1.3311325275544432,451789,21220,430569
18782,1.3310616547758491,451789,21220,430569
18783,1.3309907895437363,451789,21220,430569
18784,1.3309199318568994,451789,21220,430569
18785,1.3308490817141336,451789,21220,430569
18786,1.330778239114234,451789,21220,430569
18787,1.330707404055996,451789,21220,430569
18788,1.330636576538216,451789,21220,430569
18789,1.3305657565596891,451789,21220,430569
18790,1.3304949441192124,451789,21220,430569
18791,1.330424139215582,451789,21220,430569
18792,1.3303533418475948,451789,21220,430569
18793,1.3302825520140478,451789,21220,430569
18794,1.3302117697137383,451789,21220,430569
18795,1.3301409949454641,451789,21220,430569
18796,1.330070227708023,451789,21220,430569
18797,1.3299994680002127,451789,21220,430569
18798,1.329928715820832,451789,21220,430569
18799,1.329857971168679,451789,21220,430569
18800,1.3297872340425532,451789,21220,430569
18801,1.329716504441253,451789,21220,430569
18802,1.3296457823635783,451789,21220,430569
18803,1.3295750678083285,451789,21220,430569
18804,1.3295043607743033,451789,21220,430569
18805,1.329433661260303,451789,21220,430569
18806,1.329362969265128,451789,21220,430569
18807,1.329292284787579,451789,21220,430569
18808,1.329221607826457,451789,21220,430569
18809,1.3291509383805624,451789,21220,430569
18810,1.3290802764486975,451789,21220,430569
18811,1.3290096220296634,451789,21220,430569
18812,1.3289389751222624,451789,21220,430569
18813,1.3288683357252964,451789,21220,430569
18814,1.3287977038375678,451789,21220,430569
18815,1.3287270794578794,451789,21220,430569
18816,1.3286564625850341,451789,21220,430569
18817,1.328585853217835,451789,21220,430569
18818,1.3285152513550855,451789,21220,430569
18819,1.3284446569955897,451789,21220,430569
18820,1.328374070138151,451789,21220,430569
18821,1.3283034907815738,451789,21220,430569
18822,1.3282329189246627,451789,21220,430569
18823,1.3281623545662222,451789,21220,430569
18824,1.3280917977050575,451789,21220,430569
18825,1.3280212483399734,451789,21220,430569
18826,1.3279507064697758,451789,21220,430569
18827,1.3278801720932703,451789,21220,430569
18828,1.3278096452092627,451651,21625,430026
18829,1.3277391258165596,451651,21625,430026
18830,1.327668613913967,451651,21625,430026
18831,1.327598109500292,451651,21625,430026
18832,1.3275276125743416,451651,21625,430026
18833,1.3274571231349228,451651,21625,430026
18834,1.3273866411808433,451651,21625,430026
18835,1.3273161667109106,451525,21321,430204
18836,1.3272456997239328,451525,21321,430204
18837,1.3271752402187185,451525,21321,430204
18838,1.3271047881940758,451525,21321,430204
18839,1.3270343436488137,451525,21321,430204
18840,1.326963906581741,451525,21321,430204
18841,1.3268934769916672,451525,21321,430204
18842,1.3268230548774016,451525,21321,430204
18843,1.326752640237754,451525,21321,430204
18844,1.3266822330715347,451525,21321,430204
18845,1.3266118333775536,451525,21321,430204
18846,1.3265414411546217,451525,21321,430204
18847,1.3264710564015494,451525,21321,430204
18848,1.3264006791171477,451525,21321,430204
18849,1.326330309300228,451525,21321,430204
18850,1.3262599469496021,451525,21321,430204
18851,1.3261895920640814,451525,21321,430204
18852,1.3261192446424783,451525,21321,430204
18853,1.3260489046836048,451525,21321,430204
18854,1.3259785721862736,451525,21321,430204
18855,1.3259082471492973,451525,21321,430204
18856,1.3258379295714893,451525,21321,430204
18857,1.3257676194516625,451525,21321,430204
18858,1.3256973167886308,451525,21321,430204
18859,1.3256270215812078,451525,21321,430204
18860,1.325556733828208,451525,21321,430204
18861,1.325486453528445,451525,21321,430204
18862,1.3254161806807339,451525,21321,430204
18863,1.3253459152838891,451525,21321,430204
18864,1.3252756573367261,451525,21321,430204
18865,1.3252054068380599,451525,21321,430204
18866,1.3251351637867061,451525,21321,430204
18867,1.3250649281814808,451525,21321,430204
18868,1.3249947000212,451525,21321,430204
18869,1.3249244793046797,451525,21321,430204
18870,1.3248542660307365,451525,21321,430204
18871,1.3247840601981877,451525,21321,430204
18872,1.32471386180585,451525,21321,430204
18873,1.3246436708525406,451525,21321,430204
18874,1.3245734873370774,451525,21321,430204
18875,1.3245033112582782,451525,21321,430204
18876,1.3244331426149607,451525,21321,430204
18877,1.3243629814059437,451525,21321,430204
18878,1.3242928276300456,451525,21321,430204
18879,1.3242226812860851,451525,21321,430204
18880,1.3241525423728813,451525,21321,430204
18881,1.3240824108892537,451525,21321,430204
18882,1.3240122868340218,451525,21321,430204
18883,1.3239421702060055,451525,21321,430204
18884,1.3238720610040247,451525,21321,430204
18885,1.3238019592268997,451525,21321,430204
18886,1.3237318648734513,451525,21321,430204
18887,1.3236617779425002,451525,21321,430204
18888,1.3235916984328675,451525,21321,430204
18889,1.3235216263433744,451525,21321,430204
18890,1.3234515616728428,451525,21321,430204
18891,1.3233815044200943,451525,21321,430204
18892,1.3233114545839508,451525,21321,430204
18893,1.323241412163235,451525,21321,430204
18894,1.3231713771567692,451525,21321,430204
18895,1.3231013495633765,451525,21321,430204
18896,1.3230313293818798,451525,21321,430204
18897,1.3229613166111023,451525,21321,430204
18898,1.3228913112498677,451525,21321,430204
18899,1.322821313297,451525,21321,430204
18900,1.3227513227513228,451525,21321,430204
18901,1.3226813396116608,451525,21321,430204
18902,1.3226113638768384,451525,21321,430204
18903,1.3225413955456806,451525,21321,430204
18904,1.3224714346170123,451525,21321,430204
18905,1.3224014810896587,451525,21321,430204
18906,1.3223315349624458,451525,21321,430204
18907,1.322261596234199,451525,21321,430204
18908,1.3221916649037444,451525,21321,430204
18909,1.3221217409699084,451525,21321,430204
18910,1.3220518244315178,451525,21321,430204
18911,1.3219819152873988,451525,21321,430204
18912,1.321912013536379,451525,21321,430204
18913,1.3218421191772856,451525,21321,430204
18914,1.3217722322089458,451525,21321,430204
18915,1.3217023526301876,451525,21321,430204
18916,1.3216324804398394,451525,21321,430204
18917,1.3215626156367288,451525,21321,430204
18918,1.321492758219685,451525,21321,430204
18919,1.3214229081875364,451525,21321,430204
18920,1.3213530655391121,451525,21321,430204
18921,1.3212832302732413,451525,21321,430204
18922,1.3212134023887538,451525,21321,430204
18923,1.3211435818844792,451525,21321,430204
18924,1.3210737687592475,451525,21321,430204
18925,1.321003963011889,451525,21321,430204
18926,1.3209341646412343,451525,21321,430204
18927,1.320864373646114,451525,21321,430204
18928,1.3207945900253593,451525,21321,430204
18929,1.3207248137778012,451525,21321,430204
18930,1.3206550449022716,451525,21321,430204
18931,1.3205852833976017,451525,21321,430204
18932,1.320515529262624,451525,21321,430204
18933,1.3204457824961706,451525,21321,430204
18934,1.3203760430970741,451525,21321,430204
18935,1.3203063110641668,451525,21321,430204
18936,1.3202365863962822,451525,21321,430204
18937,1.3201668690922532,451525,21321,430204
18938,1.3200971591509134,451525,21321,430204
18939,1.3200274565710968,451525,21321,430204
18940,1.3199577613516367,451525,21321,430204
18941,1.3198880734913678,451525,21321,430204
18942,1.3198183929891247,451525,21321,430204
18943,1.3197487198437416,451525,21321,430204
18944,1.319679054054054,451525,21321,430204
18945,1.3196093956188968,451525,21321,430204
18946,1.3195397445371055,451525,21321,430204
18947,1.3194701008075158,451525,21321,430204
18948,1.3194004644289634,451525,21321,430204
18949,1.319330835400285,451525,21321,430204
18950,1.3192612137203166,451525,21321,430204
18951,1.319191599387895,451525,21321,430204
18952,1.3191219924018573,451525,21321,430204
18953,1.3190523927610405,451525,21321,430204
18954,1.3189828004642818,451525,21321,430204
18955,1.3189132155104195,451525,21321,430204
18956,1.3188436378982908,451525,21321,430204
18957,1.318774067626734,451525,21321,430204
18958,1.318704504694588,451525,21321,430204
18959,1.318634949100691,451525,21321,430204
18960,1.3185654008438819,451525,21321,430204
18961,1.318495859923,451525,21321,430204
18962,1.3184263263368843,451525,21321,430204
18963,1.3183568000843748,451525,21321,430204
18964,1.3182872811643114,451525,21321,430204
18965,1.318217769575534,451525,21321,430204
18966,1.3181482653168828,451525,21321,430204
18967,1.3180787683871988,451525,21321,430204
18968,1.3180092787853226,451525,21321,430204
18969,1.3179397965100954,451525,21321,430204
18970,1.3178703215603584,451525,21321,430204
18971,1.3178008539349533,451525,21321,430204
18972,1.317731393632722,451525,21321,430204
18973,1.3176619406525063,451525,21321,430204
18974,1.3175924949931486,451525,21321,430204
18975,1.3175230566534915,451525,21321,430204
18976,1.3174536256323777,451525,21321,430204
18977,1.3173842019286506,451525,21321,430204
18978,1.3173147855411529,451525,21321,430204
18979,1.3172453764687286,451525,21321,430204
18980,1.3171759747102212,451525,21321,430204
18981,1.317106580264475,451525,21321,430204
18982,1.317037193130334,451525,21321,430204
18983,1.3169678133066427,451525,21321,430204
18984,1.3168984407922462,451525,21321,430204
18985,1.3168290755859888,451525,21321,430204
18986,1.3167597176867165,451525,21321,430204
18987,1.3166903670932744,451525,21321,430204
18988,1.3166210238045082,451525,21321,430204
18989,1.3165516878192638,451525,21321,430204
18990,1.3164823591363877,451525,21321,430204
18991,1.3164130377547258,451525,21321,430204
18992,1.3163437236731255,451525,21321,430204
18993,1.3162744168904332,451525,21321,430204
18994,1.3162051174054965,451525,21321,430204
18995,1.3161358252171624,451525,21321,430204
18996,1.3160665403242788,451525,21321,430204
18997,1.3159972627256935,451525,21321,430204
18998,1.3159279924202547,451525,21321,430204
18999,1.315858729406811,451525,21321,430204
19000,1.3157894736842106,451525,21321,430204
19001,1.3157202252513025,451525,21321,430204
19002,1.3156509841069361,451525,21321,430204
19003,1.3155817502499605,451525,21321,430204
19004,1.3155125236792253,451525,21321,430204
19005,1.3154433043935807,451525,21321,430204
19006,1.3153740923918762,451525,21321,430204
19007,1.3153048876729625,451525,21321,430204
19008,1.3152356902356903,451525,21321,430204
19009,1.31516650007891,451525,21321,430204
19010,1.3150973172014728,451525,21321,430204
19011,1.3150281416022302,451525,21321,430204
19012,1.3149589732800337,451525,21321,430204
19013,1.314889812233735,451525,21321,430204
19014,1.3148206584621858,451525,21321,430204
19015,1.3147515119642388,451525,21321,430204
19016,1.3146823727387462,451525,21321,430204
19017,1.3146132407845612,451525,21321,430204
19018,1.3145441161005362,451525,21321,430204
19019,1.314474998685525,451525,21321,430204
19020,1.3144058885383807,451525,21321,430204
19021,1.314336785657957,451525,21321,430204
19022,1.314267690043108,451525,21321,430204
19023,1.3141986016926879,451525,21321,430204
19024,1.314129520605551,451525,21321,430204
19025,1.314060446780552,451525,21321,430204
19026,1.3139913802165457,451525,21321,430204
19027,1.3139223209123876,451525,21321,430204
19028,1.3138532688669329,451525,21321,430204
19029,1.3137842240790372,451525,21321,430204
19030,1.3137151865475565,451525,21321,430204
19031,1.3136461562713468,451525,21321,430204
19032,1.3135771332492645,451525,21321,430204
19033,1.313508117480166,451525,21321,430204
19034,1.3134391089629085,451525,21321,430204
19035,1.3133701076963489,451525,21321,430204
19036,1.3133011136793444,451525,21321,430204
19037,1.3132321269107528,451525,21321,430204
19038,1.3131631473894316,451525,21321,430204
19039,1.313094175114239,451525,21321,430204
19040,1.3130252100840336,451525,21321,430204
19041,1.3129562522976734,451525,21321,430204
19042,1.3128873017540175,451525,21321,430204
19043,1.3128183584519246,451525,21321,430204
19044,1.312749422390254,451525,21321,430204
19045,1.3126804935678655,451525,21321,430204
19046,1.3126115719836187,451525,21321,430204
19047,1.3125426576363732,451525,21321,430204
19048,1.3124737505249895,451525,21321,430204
19049,1.312404850648328,451525,21321,430204
19050,1.3123359580052494,451525,21321,430204
19051,1.3122670725946144,451525,21321,430204
19052,1.3121981944152845,451525,21321,430204
19053,1.3121293234661209,451525,21321,430204
19054,1.312060459745985,451525,21321,430204
19055,1.311991603253739,451525,21321,430204
19056,1.3119227539882452,451525,21321,430204
19057,1.3118539119483654,451525,21321,430204
19058,1.3117850771329624,451525,21321,430204
19059,1.3117162495408994,451525,21321,430204
19060,1.3116474291710387,451525,21321,430204
19061,1.3115786160222445,451525,21321,430204
19062,1.3115098100933795,451525,21321,430204
19063,1.311441011383308,451525,21321,430204
19064,1.311372219890894,451525,21321,430204
19065,1.3113034356150013,451525,21321,430204
19066,1.311234658554495,451525,21321,430204
19067,1.3111658887082394,451525,21321,430204
19068,1.3110971260750997,451525,21321,430204
19069,1.311028370653941,451525,21321,430204
19070,1.3109596224436288,451525,21321,430204
19071,1.3108908814430287,451525,21321,430204
19072,1.3108221476510067,451525,21321,430204
19073,1.310753421066429,451525,21321,430204
19074,1.310684701688162,451525,21321,430204
19075,1.3106159895150722,451525,21321,430204
19076,1.3105472845460264,451525,21321,430204
19077,1.310478586779892,451525,21321,430204
19078,1.3104098962155362,451525,21321,430204
19079,1.3103412128518266,451525,21321,430204
19080,1.310272536687631,451525,21321,430204
19081,1.3102038677218175,451525,21321,430204
19082,1.3101352059532543,451525,21321,430204
19083,1.31006655138081,451525,21321,430204
19084,1.3099979040033536,451525,21321,430204
19085,1.3099292638197537,451525,21321,430204
19086,1.3098606308288798,451525,21321,430204
19087,1.3097920050296012,451525,21321,430204
19088,1.309723386420788,451525,21321,430204
19089,1.3096547750013097,451525,21321,430204
19090,1.3095861707700367,451525,21321,430204
19091,1.3095175737258393,451525,21321,430204
19092,1.3094489838675885,451525,21321,430204
19093,1.309380401194155,451525,21321,430204
19094,1.3093118257044098,451525,21321,430204
19095,1.3092432573972244,451525,21321,430204
19096,1.3091746962714705,451525,21321,430204
19097,1.3091061423260197,451525,21321,430204
19098,1.3090375955597444,451525,21321,430204
19099,1.3089690559715168,451525,21321,430204
19100,1.3089005235602094,451525,21321,430204
19101,1.308831998324695,451525,21321,430204
19102,1.3087634802638468,451525,21321,430204
19103,1.3086949693765377,451525,21321,430204
19104,1.3086264656616415,451525,21321,430204
19105,1.308557969118032,451525,21321,430204
19106,1.308489479744583,451525,21321,430204
19107,1.3084209975401686,451525,21321,430204
19108,1.3083525225036634,451525,21321,430204
19109,1.308284054633942,451525,21321,430204
19110,1.3082155939298796,451525,21321,430204
19111,1.308147140390351,451525,21321,430204
19112,1.308078694014232,451525,21321,430204
19113,1.3080102548003976,451525,21321,430204
19114,1.3079418227477242,451525,21321,430204
19115,1.3078733978550876,451525,21321,430204
19116,1.3078049801213643,451525,21321,430204
19117,1.3077365695454308,451525,21321,430204
19118,1.3076681661261638,451525,21321,430204
19119,1.3075997698624404,451525,21321,430204
19120,1.3075313807531381,451525,21321,430204
19121,1.307462998797134,451525,21321,430204
19122,1.307394623993306,451525,21321,430204
19123,1.3073262563405323,451525,21321,430204
19124,1.3072578958376908,451525,21321,430204
19125,1.3071895424836601,451525,21321,430204
19126,1.3071211962773188,451525,21321,430204
19127,1.307052857217546,451525,21321,430204
19128,1.3069845253032204,451525,21321,430204
19129,1.3069162005332218,451525,21321,430204
19130,1.3068478829064296,451525,21321,430204
19131,1.306779572421724,451525,21321,430204
19132,1.3067112690779845,451525,21321,430204
19133,1.3066429728740918,451525,21321,430204
19134,1.3065746838089265,451525,21321,430204
19135,1.3065064018813692,451525,21321,430204
19136,1.306438127090301,451525,21321,430204
19137,1.3063698594346032,451525,21321,430204
19138,1.306301598913157,451525,21321,430204
19139,1.3062333455248445,451525,21321,430204
19140,1.3061650992685476,451525,21321,430204
19141,1.3060968601431482,451525,21321,430204
19142,1.306028628147529,451525,21321,430204
19143,1.3059604032805725,451525,21321,430204
19144,1.3058921855411618,451525,21321,430204
19145,1.3058239749281797,451525,21321,430204
19146,1.3057557714405097,451525,21321,430204
19147,1.3056875750770356,451525,21321,430204
19148,1.305619385836641,451525,21321,430204
19149,1.3055512037182098,451525,21321,430204
19150,1.3054830287206267,451525,21321,430204
19151,1.3054148608427758,451525,21321,430204
19152,1.3053467000835421,451525,21321,430204
19153,1.3052785464418106,451525,21321,430204
19154,1.3052103999164666,451525,21321,430204
19155,1.3051422605063951,451525,21321,430204
19156,1.3050741282104823,451525,21321,430204
19157,1.3050060030276138,451525,21321,430204
19158,1.304937884956676,451525,21321,430204
19159,1.3048697739965551,451525,21321,430204
19160,1.3048016701461378,451525,21321,430204
19161,1.3047335734043108,451525,21321,430204
19162,1.3046654837699614,451525,21321,430204
19163,1.3045974012419768,451525,21321,430204
19164,1.3045293258192445,451525,21321,430204
19165,1.3044612575006522,451525,21321,430204
19166,1.304393196285088,451525,21321,430204
19167,1.3043251421714406,451525,21321,430204
19168,1.3042570951585977,451525,21321,430204
19169,1.3041890552454485,451525,21321,430204
19170,1.3041210224308817,451525,21321,430204
19171,1.3040529967137864,451525,21321,430204
19172,1.3039849780930524,451525,21321,430204
19173,1.303916966567569,451525,21321,430204
19174,1.3038489621362261,451525,21321,430204
19175,1.303780964797914,451525,21321,430204
19176,1.3037129745515228,451525,21321,430204
19177,1.3036449913959431,451525,21321,430204
19178,1.3035770153300656,451525,21321,430204
19179,1.3035090463527816,451525,21321,430204
19180,1.3034410844629822,451525,21321,430204
19181,1.303373129659559,451525,21321,430204
19182,1.3033051819414034,451525,21321,430204
19183,1.3032372413074076,451525,21321,430204
19184,1.3031693077564637,451525,21321,430204
19185,1.3031013812874641,451525,21321,430204
19186,1.3030334618993016,451525,21321,430204
19187,1.3029655495908687,451525,21321,430204
19188,1.302897644361059,451525,21321,430204
19189,1.3028297462087655,451525,21321,430204
19190,1.3027618551328817,451525,21321,430204
19191,1.3026939711323016,451525,21321,430204
19192,1.3026260942059191,451525,21321,430204
19193,1.3025582243526286,451525,21321,430204
19194,1.3024903615713244,451525,21321,430204
19195,1.3024225058609014,451525,21321,430204
19196,1.3023546572202542,451525,21321,430204
19197,1.3022868156482783,451525,21321,430204
19198,1.3022189811438691,451525,21321,430204
19199,1.3021511537059223,451525,21321,430204
19200,1.3020833333333333,451525,21321,430204
19201,1.3020155200249988,451525,21321,430204
19202,1.3019477137798146,451525,21321,430204
19203,1.3018799145966775,451525,21321,430204
19204,1.3018121224744845,451525,21321,430204
19205,1.3017443374121322,451525,21321,430204
19206,1.3016765594085182,451525,21321,430204
19207,1.3016087884625398,451525,21321,430204
19208,1.3015410245730945,451525,21321,430204
19209,1.3014732677390806,451525,21321,430204
19210,1.3014055179593962,451525,21321,430204
19211,1.3013377752329394,451525,21321,430204
19212,1.3012700395586092,451525,21321,430204
19213,1.3012023109353041,451525,21321,430204
19214,1.3011345893619235,451525,21321,430204
19215,1.3010668748373666,451525,21321,430204
19216,1.3009991673605328,451525,21321,430204
19217,1.300931466930322,451525,21321,430204
19218,1.3008637735456343,451525,21321,430204
19219,1.3007960872053697,451525,21321,430204
19220,1.3007284079084287,451525,21321,430204
19221,1.300660735653712,451525,21321,430204
19222,1.3005930704401207,451525,21321,430204
19223,1.3005254122665557,451525,21321,430204
19224,1.3004577611319184,451525,21321,430204
19225,1.3003901170351104,451525,21321,430204
19226,1.300322479975034,451525,21321,430204
19227,1.3002548499505904,451525,21321,430204
19228,1.3001872269606822,451525,21321,430204
19229,1.3001196110042124,451525,21321,430204
19230,1.3000520020800832,451525,21321,430204
19231,1.2999844001871979,451525,21321,430204
19232,1.2999168053244592,451525,21321,430204
19233,1.299849217490771,451525,21321,430204
19234,1.299781636685037,451525,21321,430204
19235,1.2997140629061605,451525,21321,430204
19236,1.2996464961530463,451525,21321,430204
19237,1.2995789364245984,451525,21321,430204
19238,1.2995113837197214,451525,21321,430204
19239,1.29944383803732,451525,21321,430204
19240,1.2993762993762994,451525,21321,430204
19241,1.2993087677355646,451525,21321,430204
19242,1.2992412431140214,451525,21321,430204
19243,1.2991737255105753,451525,21321,430204
19244,1.2991062149241321,451525,21321,430204
19245,1.2990387113535984,451525,21321,430204
19246,1.29897121479788,451525,21321,430204
19247,1.298903725255884,451525,21321,430204
19248,1.298836242726517,451525,21321,430204
19249,1.298768767208686,451525,21321,430204
19250,1.2987012987012987,451525,21321,430204
19251,1.2986338372032622,451525,21321,430204
19252,1.2985663827134843,451525,21321,430204
19253,1.2984989352308731,451525,21321,430204
19254,1.2984314947543367,451525,21321,430204
19255,1.2983640612827836,451525,21321,430204
19256,1.2982966348151226,451525,21321,430204
19257,1.2982292153502621,451525,21321,430204
19258,1.2981618028871118,451525,21321,430204
19259,1.2980943974245807,451525,21321,430204
19260,1.2980269989615785,451525,21321,430204
19261,1.2979596074970148,451525,21321,430204
19262,1.2978922230297996,451525,21321,430204
19263,1.2978248455588435,451525,21321,430204
19264,1.2977574750830565,451525,21321,430204
19265,1.2976901116013495,451525,21321,430204
19266,1.2976227551126336,451525,21321,430204
19267,1.2975554056158198,451525,21321,430204
19268,1.2974880631098193,451525,21321,430204
19269,1.297420727593544,451525,21321,430204
19270,1.2973533990659056,451525,21321,430204
19271,1.297286077525816,451525,21321,430204
19272,1.2972187629721876,451525,21321,430204
19273,1.297151455403933,451525,21321,430204
19274,1.2970841548199648,451525,21321,430204
19275,1.297016861219196,451525,21321,430204
19276,1.2969495746005395,451525,21321,430204
19277,1.296882294962909,451525,21321,430204
19278,1.2968150223052184,451525,21321,430204
19279,1.296747756626381,451525,21321,430204
19280,1.2966804979253113,451525,21321,430204
19281,1.2966132462009232,451525,21321,430204
19282,1.2965460014521315,451525,21321,430204
19283,1.296478763677851,451525,21321,430204
19284,1.2964115328769965,451525,21321,430204
19285,1.2963443090484832,451525,21321,430204
19286,1.2962770921912268,451525,21321,430204
19287,1.2962098823041426,451525,21321,430204
19288,1.2961426793861468,451525,21321,430204
19289,1.2960754834361554,451525,21321,430204
19290,1.2960082944530844,451525,21321,430204
19291,1.2959411124358509,451525,21321,430204
19292,1.2958739373833714,451525,21321,430204
19293,1.2958067692945627,451525,21321,430204
19294,1.2957396081683425,451525,21321,430204
19295,1.295672454003628,451525,21321,430204
19296,1.2956053067993367,451525,21321,430204
19297,1.2955381665543866,451525,21321,430204
19298,1.2954710332676962,451525,21321,430204
19299,1.2954039069381833,451525,21321,430204
19300,1.2953367875647668,451525,21321,430204
19301,1.2952696751463655,451525,21321,430204
19302,1.2952025696818983,451525,21321,430204
19303,1.2951354711702845,451525,21321,430204
19304,1.2950683796104434,451525,21321,430204
19305,1.295001295001295,451525,21321,430204
19306,1.294934217341759,451525,21321,430204
19307,1.2948671466307557,451525,21321,430204
19308,1.2948000828672053,451525,21321,430204
19309,1.2947330260500285,451525,21321,430204
19310,1.294665976178146,451525,21321,430204
19311,1.294598933250479,451525,21321,430204
19312,1.2945318972659485,451525,21321,430204
19313,1.2944648682234765,451525,21321,430204
19314,1.294397846121984,451525,21321,430204
19315,1.2943308309603936,451525,21321,430204
19316,1.2942638227376269,451525,21321,430204
19317,1.2941968214526065,451525,21321,430204
19318,1.2941298271042552,451525,21321,430204
19319,1.2940628396914955,451525,21321,430204
19320,1.2939958592132506,451525,21321,430204
19321,1.2939288856684437,451525,21321,430204
19322,1.2938619190559983,451525,21321,430204
19323,1.2937949593748383,451525,21321,430204
19324,1.2937280066238874,451525,21321,430204
19325,1.2936610608020698,451525,21321,430204
19326,1.29359412190831,451525,21321,430204
19327,1.2935271899415326,451525,21321,430204
19328,1.2934602649006623,451525,21321,430204
19329,1.2933933467846241,451525,21321,430204
19330,1.2933264355923435,451525,21321,430204
19331,1.293259531322746,451525,21321,430204
19332,1.2931926339747568,451525,21321,430204
19333,1.2931257435473025,451525,21321,430204
19334,1.293058860039309,451525,21321,430204
19335,1.2929919834497026,451525,21321,430204
19336,1.29292511377741,451525,21321,430204
19337,1.292858251021358,451525,21321,430204
19338,1.2927913951804737,451525,21321,430204
19339,1.2927245462536843,451525,21321,430204
19340,1.2926577042399172,451525,21321,430204
19341,1.2925908691381005,451525,21321,430204
19342,1.2925240409471617,451525,21321,430204
19343,1.2924572196660291,451525,21321,430204
19344,1.292390405293631,451525,21321,430204
19345,1.2923235978288963,451525,21321,430204
19346,1.2922567972707537,451525,21321,430204
19347,1.292190003618132,451525,21321,430204
19348,1.2921232168699608,451525,21321,430204
19349,1.2920564370251693,451525,21321,430204
19350,1.2919896640826873,451525,21321,430204
19351,1.2919228980414448,451525,21321,430204
19352,1.291856138900372,451525,21321,430204
19353,1.2917893866583992,451525,21321,430204
19354,1.291722641314457,451525,21321,430204
19355,1.2916559028674761,451525,21321,430204
19356,1.2915891713163876,451525,21321,430204
19357,1.291522446660123,451525,21321,430204
19358,1.2914557288976134,451525,21321,430204
19359,1.2913890180277907,451525,21321,430204
19360,1.2913223140495869,451525,21321,430204
19361,1.2912556169619338,451525,21321,430204
19362,1.2911889267637642,451525,21321,430204
19363,1.2911222434540102,451525,21321,430204
19364,1.291055567031605,451525,21321,430204
19365,1.2909888974954815,451525,21321,430204
19366,1.290922234844573,451525,21321,430204
19367,1.2908555790778127,451525,21321,430204
19368,1.2907889301941347,451312,21321,429991
19369,1.2907222881924725,451312,21321,429991
19370,1.2906556530717606,451312,21321,429991
19371,1.2905890248309329,451312,21321,429991
19372,1.2905224034689242,451312,21321,429991
19373,1.2904557889846693,451312,21321,429991
19374,1.2903891813771033,451312,21321,429991
19375,1.2903225806451613,451312,21321,429991
19376,1.2902559867877788,451312,21321,429991
19377,1.2901893998038911,451312,21321,429991
19378,1.2901228196924348,451312,21321,429991
19379,1.2900562464523453,451312,21321,429991
19380,1.2899896800825594,451312,21321,429991
19381,1.2899231205820134,451312,21321,429991
19382,1.289856567949644,451312,21321,429991
19383,1.2897900221843883,451312,21321,429991
19384,1.2897234832851836,451312,21321,429991
19385,1.2896569512509672,451312,21321,429991
19386,1.2895904260806768,451312,21321,429991
19387,1.28952390777325,451312,21321,429991
19388,1.2894573963276252,451312,21321,429991
19389,1.2893908917427408,451312,21321,429991
19390,1.2893243940175347,451312,21321,429991
19391,1.2892579031509463,451312,21321,429991
19392,1.2891914191419143,451312,21321,429991
19393,1.2891249419893775,451312,21321,429991
19394,1.289058471692276,451312,21321,429991
19395,1.288992008249549,451312,21321,429991
19396,1.2889255516601361,451312,21321,429991
19397,1.2888591019229778,451312,21321,429991
19398,1.2887926590370142,451312,21321,429991
19399,1.2887262230011856,451312,21321,429991
19400,1.288659793814433,451312,21321,429991
19401,1.2885933714756972,451312,21321,429991
19402,1.2885269559839192,451312,21321,429991
19403,1.2884605473380406,451312,21321,429991
19404,1.2883941455370027,451312,21321,429991
19405,1.2883277505797475,451312,21321,429991
19406,1.288261362465217,451312,21321,429991
19407,1.2881949811923532,451312,21321,429991
19408,1.288128606760099,451312,21321,429991
19409,1.2880622391673966,451312,21321,429991
19410,1.287995878413189,451312,21321,429991
19411,1.2879295244964195,451312,21321,429991
19412,1.2878631774160314,451312,21321,429991
19413,1.2877968371709678,451312,21321,429991
19414,1.2877305037601732,451312,21321,429991
19415,1.2876641771825907,451312,21321,429991
19416,1.2875978574371651,451312,21321,429991
19417,1.2875315445228408,451312,21321,429991
19418,1.287465238438562,451312,21321,429991
19419,1.287398939183274,451312,21321,429991
19420,1.2873326467559216,451312,21321,429991
19421,1.2872663611554502,451312,21321,429991
19422,1.2872000823808052,451312,21321,429991
19423,1.2871338104309324,451312,21321,429991
19424,1.2870675453047775,451312,21321,429991
19425,1.287001287001287,451312,21321,429991
19426,1.286935035519407,451312,21321,429991
19427,1.286868790858084,451312,21321,429991
19428,1.2868025530162652,451312,21321,429991
19429,1.2867363219928971,451312,21321,429991
19430,1.2866700977869274,451312,21321,429991
19431,1.2866038803973032,451312,21321,429991
19432,1.2865376698229725,451312,21321,429991
19433,1.2864714660628827,451312,21321,429991
19434,1.2864052691159824,451312,21321,429991
19435,1.2863390789812195,451312,21321,429991
19436,1.2862728956575427,451312,21321,429991
19437,1.2862067191439008,451312,21321,429991
19438,1.2861405494392428,451312,21321,429991
19439,1.2860743865425177,451312,21321,429991
19440,1.286008230452675,451271,21273,429998
19441,1.2859420811686642,451271,21273,429998
19442,1.2858759386894352,451271,21273,429998
19443,1.2858098030139382,451165,20829,430336
19444,1.2857436741411232,451165,20829,430336
19445,1.2856775520699408,451165,20829,430336
19446,1.2856114367993419,451165,20829,430336
19447,1.285545328328277,451165,20829,430336
19448,1.2854792266556971,451165,20829,430336
19449,1.2854131317805542,451165,20829,430336
19450,1.2853470437017995,451165,20829,430336
19451,1.2852809624183847,451165,20829,430336
19452,1.2852148879292618,451165,20829,430336
19453,1.285148820233383,451165,20829,430336
19454,1.2850827593297007,451165,20829,430336
19455,1.285016705217168,451165,20829,430336
19456,1.284950657894737,451165,20829,430336
19457,1.284884617361361,451165,20829,430336
19458,1.2848185836159933,451165,20829,430336
19459,1.2847525566575877,451165,20829,430336
19460,1.2846865364850977,451165,20829,430336
19461,1.284620523097477,451165,20829,430336
19462,1.28455451649368,451165,20829,430336
19463,1.284488516672661,451165,20829,430336
19464,1.2844225236333744,451165,20829,430336
19465,1.2843565373747752,451165,20829,430336
19466,1.2842905578958184,451165,20829,430336
19467,1.284224585195459,451165,20829,430336
19468,1.2841586192726526,451165,20829,430336
19469,1.2840926601263547,451165,20829,430336
19470,1.2840267077555214,451165,20829,430336
19471,1.2839607621591085,451165,20829,430336
19472,1.2838948233360723,451165,20829,430336
19473,1.2838288912853695,451165,20829,430336
19474,1.2837629660059566,451165,20829,430336
19475,1.2836970474967908,451165,20829,430336
19476,1.2836311357568289,451165,20829,430336
19477,1.2835652307850285,451165,20829,430336
19478,1.283499332580347,451165,20829,430336
19479,1.2834334411417423,451165,20829,430336
19480,1.2833675564681726,451165,20829,430336
19481,1.2833016785585956,451165,20829,430336
19482,1.28323580741197,451165,20829,430336
19483,1.2831699430272545,451165,20829,430336
19484,1.283104085403408,451165,20829,430336
19485,1.2830382345393894,451165,20829,430336
19486,1.282972390434158,451165,20829,430336
19487,1.2829065530866732,451165,20829,430336
19488,1.2828407224958949,451165,20829,430336
19489,1.282774898660783,451165,20829,430336
19490,1.2827090815802975,451165,20829,430336
19491,1.282643271253399,451165,20829,430336
19492,1.2825774676790478,451165,20829,430336
19493,1.2825116708562048,451165,20829,430336
19494,1.2824458807838308,451165,20829,430336
19495,1.2823800974608874,451165,20829,430336
19496,1.2823143208863357,451165,20829,430336
19497,1.2822485510591373,451165,20829,430336
19498,1.2821827879782541,451165,20829,430336
19499,1.2821170316426482,451165,20829,430336
19500,1.2820512820512822,451165,20829,430336
19501,1.2819855392031179,451165,20829,430336
19502,1.2819198030971182,451165,20829,430336
19503,1.2818540737322464,451165,20829,430336
19504,1.281788351107465,451165,20829,430336
19505,1.2817226352217381,451165,20829,430336
19506,1.2816569260740285,451165,20829,430336
19507,1.2815912236633002,451165,20829,430336
19508,1.2815255279885176,451165,20829,430336
19509,1.2814598390486442,451165,20829,430336
19510,1.2813941568426448,451165,20829,430336
19511,1.2813284813694839,451165,20829,430336
19512,1.2812628126281262,451165,20829,430336
19513,1.281197150617537,451165,20829,430336
19514,1.2811314953366812,451165,20829,430336
19515,1.2810658467845246,451165,20829,430336
19516,1.2810002049600329,451165,20829,430336
19517,1.2809345698621715,451165,20829,430336
19518,1.2808689414899068,451165,20829,430336
19519,1.280803319842205,451165,20829,430336
19520,1.2807377049180328,451165,20829,430336
19521,1.2806720967163567,451165,20829,430336
19522,1.2806064952361438,451165,20829,430336
19523,1.2805409004763613,451165,20829,430336
19524,1.2804753124359762,451165,20829,430336
19525,1.2804097311139564,451165,20829,430336
19526,1.2803441565092697,451165,20829,430336
19527,1.2802785886208838,451165,20829,430336
19528,1.2802130274477672,451165,20829,430336
19529,1.2801474729888884,451165,20829,430336
19530,1.2800819252432156,451165,20829,430336
19531,1.2800163842097179,451165,20829,430336
19532,1.2799508498873644,451165,20829,430336
19533,1.279885322275124,451165,20829,430336
19534,1.2798198013719668,451165,20829,430336
19535,1.2797542871768621,451165,20829,430336
19536,1.2796887796887797,451165,20829,430336
19537,1.27962327890669,451165,20829,430336
19538,1.279557784829563,451165,20829,430336
19539,1.2794922974563694,451165,20829,430336
19540,1.2794268167860798,451165,20829,430336
19541,1.2793613428176653,451165,20829,430336
19542,1.2792958755500972,451165,20829,430336
19543,1.2792304149823466,451165,20829,430336
19544,1.2791649611133853,451165,20829,430336
19545,1.2790995139421848,451165,20829,430336
19546,1.2790340734677172,451165,20829,430336
19547,1.2789686396889548,451165,20829,430336
19548,1.27890321260487,451165,20829,430336
19549,1.2788377922144356,451165,20829,430336
19550,1.278772378516624,451165,20829,430336
19551,1.2787069715104087,451165,20829,430336
19552,1.2786415711947627,451165,20829,430336
19553,1.2785761775686595,451165,20829,430336
19554,1.2785107906310729,451165,20829,430336
19555,1.2784454103809768,451165,20829,430336
19556,1.278380036817345,451165,20829,430336
19557,1.2783146699391523,451165,20829,430336
19558,1.2782493097453727,451165,20829,430336
19559,1.2781839562349813,451165,20829,430336
19560,1.278118609406953,451165,20829,430336
19561,1.2780532692602629,451165,20829,430336
19562,1.2779879357938861,451165,20829,430336
19563,1.2779226090067985,451165,20829,430336
19564,1.2778572888979758,451165,20829,430336
19565,1.277791975466394,451165,20829,430336
19566,1.2777266687110294,451165,20829,430336
19567,1.277661368630858,451165,20829,430336
19568,1.277596075224857,451165,20829,430336
19569,1.2775307884920026,451165,20829,430336
19570,1.2774655084312723,451165,20829,430336
19571,1.2774002350416434,451165,20829,430336
19572,1.2773349683220927,451165,20829,430336
19573,1.2772697082715987,451165,20829,430336
19574,1.2772044548891386,451165,20829,430336
19575,1.277139208173691,451165,20829,430336
19576,1.2770739681242338,451165,20829,430336
19577,1.2770087347397456,451165,20829,430336
19578,1.2769435080192053,451165,20829,430336
19579,1.2768782879615914,451165,20829,430336
19580,1.2768130745658837,451165,20829,430336
19581,1.2767478678310606,451165,20829,430336
19582,1.2766826677561025,451165,20829,430336
19583,1.2766174743399887,451165,20829,430336
19584,1.2765522875816993,451165,20829,430336
19585,1.2764871074802144,451165,20829,430336
19586,1.2764219340345144,451165,20829,430336
19587,1.2763567672435798,451165,20829,430336
19588,1.2762916071063917,451165,20829,430336
19589,1.2762264536219308,451165,20829,430336
19590,1.2761613067891782,451165,20829,430336
19591,1.2760961666071156,451165,20829,430336
19592,1.2760310330747244,451165,20829,430336
19593,1.2759659061909865,451165,20829,430336
19594,1.275900785954884,451165,20829,430336
19595,1.2758356723653994,451165,20829,430336
19596,1.2757705654215146,451165,20829,430336
19597,1.2757054651222126,451165,20829,430336
19598,1.2756403714664761,451165,20829,430336
19599,1.2755752844532884,451165,20829,430336
19600,1.2755102040816326,451165,20829,430336
19601,1.2754451303504923,451165,20829,430336
19602,1.2753800632588512,451165,20829,430336
19603,1.275315002805693,451165,20829,430336
19604,1.275249948990002,451165,20829,430336
19605,1.2751849018107626,451165,20829,430336
19606,1.2751198612669592,451165,20829,430336
19607,1.2750548273575764,451165,20829,430336
19608,1.2749898000815993,451165,20829,430336
19609,1.2749247794380132,451165,20829,430336
19610,1.2748597654258031,451161,20832,430329
19611,1.274794758043955,451161,20832,430329
19612,1.2747297572914542,451161,20832,430329
19613,1.274664763167287,451161,20832,430329
19614,1.2745997756704395,451161,20832,430329
19615,1.274534794799898,451161,20832,430329
19616,1.2744698205546492,451161,20832,430329
19617,1.27440485293368,451161,20832,430329
19618,1.2743398919359772,451161,20832,430329
19619,1.274274937560528,451161,20832,430329
19620,1.2742099898063202,451161,20832,430329
19621,1.274145048672341,451161,20832,430329
19622,1.2740801141575782,451161,20832,430329
19623,1.2740151862610203,451161,20832,430329
19624,1.2739502649816552,451161,20832,430329
19625,1.2738853503184713,451161,20832,430329
19626,1.2738204422704575,451161,20832,430329
19627,1.2737555408366026,451161,20832,430329
19628,1.2736906460158957,451161,20832,430329
19629,1.2736257578073258,451161,20832,430329
19630,1.273560876209883,451161,20832,430329
19631,1.2734960012225562,451161,20832,430329
19632,1.2734311328443357,451161,20832,430329
19633,1.2733662710742117,451161,20832,430329
19634,1.2733014159111744,451161,20832,430329
19635,1.2732365673542143,451161,20832,430329
19636,1.2731717254023223,451161,20832,430329
19637,1.273106890054489,451161,20832,430329
19638,1.2730420613097058,451161,20832,430329
19639,1.2729772391669636,451161,20832,430329
19640,1.2729124236252545,451161,20832,430329
19641,1.27284761468357,451161,20832,430329
19642,1.2727828123409022,451161,20832,430329
19643,1.2727180165962428,451161,20832,430329
19644,1.272653227448585,451161,20832,430329
19645,1.2725884448969202,451161,20832,430329
19646,1.2725236689402424,451161,20832,430329
19647,1.2724588995775437,451161,20832,430329
19648,1.2723941368078175,451161,20832,430329
19649,1.2723293806300575,451161,20832,430329
19650,1.272264631043257,451161,20832,430329
19651,1.2721998880464098,451161,20832,430329
19652,1.27213515163851,451161,20832,430329
19653,1.272070421818552,451161,20832,430329
19654,1.2720056985855297,451161,20832,430329
19655,1.271940981938438,451161,20832,430329
19656,1.271876271876272,451161,20832,430329
19657,1.2718115683980262,451161,20832,430329
19658,1.271746871502696,451161,20832,430329
19659,1.2716821811892771,451161,20832,430329
19660,1.2716174974567651,451161,20832,430329
19661,1.2715528203041555,451161,20832,430329
19662,1.2714881497304444,451161,20832,430329
19663,1.2714234857346285,451161,20832,430329
19664,1.2713588283157038,451161,20832,430329
19665,1.2712941774726672,451161,20832,430329
19666,1.2712295332045154,451161,20832,430329
19667,1.2711648955102457,451161,20832,430329
19668,1.271100264388855,451161,20832,430329
19669,1.2710356398393412,451161,20832,430329
19670,1.2709710218607015,451161,20832,430329
19671,1.2709064104519343,451161,20832,430329
19672,1.2708418056120374,451161,20832,430329
19673,1.2707772073400092,451161,20832,430329
19674,1.270712615634848,451161,20832,430329
19675,1.2706480304955527,451161,20832,430329
19676,1.270583451921122,451161,20832,430329
19677,1.2705188799105556,451161,20832,430329
19678,1.270454314462852,451161,20832,430329
19679,1.270389755577011,451161,20832,430329
19680,1.2703252032520325,451161,20832,430329
19681,1.2702606574869164,451161,20832,430329
19682,1.2701961182806625,451161,20832,430329
19683,1.2701315856322715,451161,20832,430329
19684,1.2700670595407437,451161,20832,430329
19685,1.27000254000508,451161,20832,430329
19686,1.2699380270242813,451161,20832,430329
19687,1.2698735205973486,451161,20832,430329
19688,1.2698090207232833,451161,20832,430329
19689,1.269744527401087,451161,20832,430329
19690,1.2696800406297613,451161,20832,430329
19691,1.2696155604083084,451161,20832,430329
19692,1.2695510867357302,451161,20832,430329
19693,1.2694866196110293,451069,20832,430237
19694,1.269422159033208,451069,20832,430237
19695,1.2693577050012694,451069,20832,430237
19696,1.2692932575142162,451069,20832,430237
19697,1.2692288165710515,451069,20832,430237
19698,1.2691643821707788,451069,20832,430237
19699,1.2690999543124017,451069,20832,430237
19700,1.2690355329949239,451069,20832,430237
19701,1.2689711182173493,451069,20832,430237
19702,1.2689067099786824,451069,20832,430237
19703,1.2688423082779272,451069,20832,430237
19704,1.2687779131140886,451069,20832,430237
19705,1.268713524486171,451069,20832,430237
19706,1.2686491423931798,451069,20832,430237
19707,1.26858476683412,451069,20832,430237
19708,1.2685203978079969,451069,20832,430237
19709,1.2684560353138161,451069,20832,430237
19710,1.2683916793505834,451069,20832,430237
19711,1.268327329917305,451069,20832,430237
19712,1.2682629870129871,451069,20832,430237
19713,1.2681986506366356,451069,20832,430237
19714,1.2681343207872577,451069,20832,430237
19715,1.26806999746386,451069,20832,430237
19716,1.2680056806654494,451069,20832,430237
19717,1.2679413703910332,451069,20832,430237
19718,1.2678770666396186,451069,20832,430237
19719,1.2678127694102135,451069,20832,430237
19720,1.2677484787018256,451069,20832,430237
19721,1.2676841945134627,451069,20832,430237
19722,1.2676199168441336,451069,20832,430237
19723,1.2675556456928458,451069,20832,430237
19724,1.2674913810586088,451069,20832,430237
19725,1.267427122940431,451069,20832,430237
19726,1.2673628713373213,451069,20832,430237
19727,1.267298626248289,451069,20832,430237
19728,1.267234387672344,451069,20832,430237
19729,1.267170155608495,451069,20832,430237
19730,1.2671059300557526,451069,20832,430237
19731,1.2670417110131265,451069,20832,430237
19732,1.266977498479627,451069,20832,430237
19733,1.2669132924542645,451069,20832,430237
19734,1.2668490929360494,451069,20832,430237
19735,1.266784899923993,451069,20832,430237
19736,1.266720713417106,451069,20832,430237
19737,1.2666565334143993,451069,20832,430237
19738,1.266592359914885,451069,20832,430237
19739,1.2665281929175742,451069,20832,430237
19740,1.2664640324214793,451069,20832,430237
19741,1.2663998784256116,451069,20832,430237
19742,1.266335730928984,451069,20832,430237
19743,1.2662715899306083,451069,20832,430237
19744,1.2662074554294975,451069,20832,430237
19745,1.2661433274246645,451069,20832,430237
19746,1.266079205915122,451069,20832,430237
19747,1.2660150908998835,451069,20832,430237
19748,1.2659509823779622,451069,20832,430237
19749,1.265886880348372,451069,20832,430237
19750,1.2658227848101267,451069,20832,430237
19751,1.26575869576224,451069,20832,430237
19752,1.2656946132037261,451069,20832,430237
19753,1.2656305371335999,451069,20832,430237
19754,1.2655664675508758,451069,20832,430237
19755,1.2655024044545684,451069,20832,430237
19756,1.265438347843693,451069,20832,430237
19757,1.2653742977172648,451069,20832,430237
19758,1.265310254074299,451069,20832,430237
19759,1.2652462169138115,451069,20832,430237
19760,1.2651821862348178,451069,20832,430237
19761,1.265118162036334,451069,20832,430237
19762,1.2650541443173768,451069,20832,430237
19763,1.264990133076962,451069,20832,430237
19764,1.2649261283141064,451069,20832,430237
19765,1.2648621300278269,451069,20832,430237
19766,1.2647981382171405,451069,20832,430237
19767,1.2647341528810645,451069,20832,430237
19768,1.264670174018616,451069,20832,430237
19769,1.2646062016288129,451069,20832,430237
19770,1.2645422357106728,451069,20832,430237
19771,1.2644782762632139,451069,20832,430237
19772,1.2644143232854541,451069,20832,430237
19773,1.2643503767764124,451069,20832,430237
19774,1.2642864367351068,451069,20832,430237
19775,1.2642225031605563,451069,20832,430237
19776,1.26415857605178,451069,20832,430237
19777,1.264094655407797,451069,20832,430237
19778,1.2640307412276266,451069,20832,430237
19779,1.2639668335102887,451069,20832,430237
19780,1.2639029322548028,451069,20832,430237
19781,1.263839037460189,451069,20832,430237
19782,1.2637751491254676,451069,20832,430237
19783,1.2637112672496589,451069,20832,430237
19784,1.2636473918317832,451069,20832,430237
19785,1.2635835228708618,451069,20832,430237
19786,1.2635196603659153,451069,20832,430237
19787,1.263455804315965,451069,20832,430237
19788,1.2633919547200323,451069,20832,430237
19789,1.2633281115771389,451069,20832,430237
19790,1.263264274886306,451069,20832,430237
19791,1.2632004446465566,451069,20832,430237
19792,1.263136620856912,451069,20832,430237
19793,1.2630728035163947,451069,20832,430237
19794,1.2630089926240275,451069,20832,430237
19795,1.262945188178833,451069,20832,430237
19796,1.2628813901798344,451069,20832,430237
19797,1.2628175986260544,451069,20832,430237
19798,1.2627538135165168,451069,20832,430237
19799,1.262690034850245,451069,20832,430237
19800,1.2626262626262625,451069,20832,430237
19801,1.2625624968435938,451069,20832,430237
19802,1.2624987375012624,451069,20832,430237
19803,1.2624349845982932,451069,20832,430237
19804,1.2623712381337104,451069,20832,430237
19805,1.2623074981065388,451069,20832,430237
19806,1.2622437645158033,451069,20832,430237
19807,1.2621800373605292,451069,20832,430237
19808,1.2621163166397416,451069,20832,430237
19809,1.262052602352466,451069,20832,430237
19810,1.2619888944977284,451069,20832,430237
19811,1.2619251930745545,451069,20832,430237
19812,1.2618614980819705,451069,20832,430237
19813,1.2617978095190028,451069,20832,430237
19814,1.2617341273846776,451069,20832,430237
19815,1.2616704516780217,451069,20832,430237
19816,1.2616067823980621,451069,20832,430237
19817,1.261543119543826,451069,20832,430237
19818,1.2614794631143404,451069,20832,430237
19819,1.261415813108633,451069,20832,430237
19820,1.2613521695257315,451069,20832,430237
19821,1.2612885323646637,451069,20832,430237
19822,1.2612249016244577,451069,20832,430237
19823,1.2611612773041416,451069,20832,430237
19824,1.261097659402744,451069,20832,430237
19825,1.2610340479192939,451069,20832,430237
19826,1.2609704428528195,451069,20832,430237
19827,1.2609068442023503,451069,20832,430237
19828,1.2608432519669155,451069,20832,430237
19829,1.2607796661455444,451036,20960,430076
19830,1.2607160867372669,451036,20960,430076
19831,1.2606525137411124,451036,20960,430076
19832,1.2605889471561114,451036,20960,430076
19833,1.2605253869812938,451036,20960,430076
19834,1.2604618332156903,451036,20960,430076
19835,1.2603982858583311,451036,20960,430076
19836,1.2603347449082476,451036,20960,430076
19837,1.2602712103644704,451036,20960,430076
19838,1.2602076822260309,451036,20960,430076
19839,1.2601441604919603,451036,20960,430076
19840,1.2600806451612903,451036,20960,430076
19841,1.2600171362330528,451036,20960,430076
19842,1.2599536337062796,451036,20960,430076
19843,1.2598901375800031,451036,20960,430076
19844,1.2598266478532554,451036,20960,430076
19845,1.2597631645250693,451036,20960,430076
19846,1.2596996875944775,451036,20960,430076
19847,1.2596362170605129,451036,20960,430076
19848,1.2595727529222087,451036,20960,430076
19849,1.2595092951785984,451036,20960,430076
19850,1.2594458438287153,451036,20960,430076
19851,1.2593823988715933,451036,20960,430076
19852,1.2593189603062664,451036,20960,430076
19853,1.2592555281317686,451036,20960,430076
19854,1.259192102347134,451036,20960,430076
19855,1.2591286829513977,451036,20960,430076
19856,1.2590652699435938,451036,20960,430076
19857,1.2590018633227578,451036,20960,430076
19858,1.2589384630879243,451036,20960,430076
19859,1.2588750692381288,451036,20960,430076
19860,1.2588116817724069,451036,20960,430076
19861,1.2587483006897942,451036,20960,430076
19862,1.2586849259893262,451036,20960,430076
19863,1.2586215576700397,451036,20960,430076
19864,1.2585581957309706,451036,20960,430076
19865,1.2584948401711553,451036,20960,430076
19866,1.2584314909896306,451036,20960,430076
19867,1.2583681481854332,451036,20960,430076
19868,1.2583048117576001,451036,20960,430076
19869,1.2582414817051688,451036,20960,430076
19870,1.2581781580271767,451036,20960,430076
19871,1.2581148407226612,451036,20960,430076
19872,1.2580515297906603,451036,20960,430076
19873,1.257988225230212,451036,20960,430076
19874,1.2579249270403543,451036,20960,430076
19875,1.2578616352201257,451036,20960,430076
19876,1.2577983497685652,451036,20960,430076
19877,1.257735070684711,451036,20960,430076
19878,1.2576717979676024,451036,20960,430076
19879,1.2576085316162784,451036,20960,430076
19880,1.2575452716297786,451036,20960,430076
19881,1.2574820180071424,451036,20960,430076
19882,1.2574187707474098,451036,20960,430076
19883,1.2573555298496202,451036,20960,430076
19884,1.2572922953128143,451036,20960,430076
19885,1.2572290671360322,451036,20960,430076
19886,1.2571658453183143,451036,20960,430076
19887,1.2571026298587016,451036,20960,430076
19888,1.257039420756235,451036,20960,430076
19889,1.2569762180099553,451036,20960,430076
19890,1.256913021618904,451036,20960,430076
19891,1.2568498315821226,450962,20960,430002
19892,1.2567866478986527,450962,20960,430002
19893,1.2567234705675363,450962,20960,430002
19894,1.2566602995878153,450962,20960,430002
19895,1.2565971349585323,450962,20960,430002
19896,1.2565339766787293,450962,20960,430002
19897,1.2564708247474494,450962,20960,430002
19898,1.256407679163735,450962,20960,430002
19899,1.2563445399266295,450962,20960,430002
19900,1.256281407035176,450962,20960,430002
19901,1.2562182804884177,450962,20960,430002
19902,1.2561551602853984,450962,20960,430002
19903,1.2560920464251621,450962,20960,430002
19904,1.2560289389067525,450962,20960,430002
19905,1.2559658377292138,450962,20960,430002
19906,1.2559027428915905,450962,20960,430002
19907,1.255839654392927,450962,20960,430002
19908,1.2557765722322685,450962,20960,430002
19909,1.2557134964086594,450962,20960,430002
19910,1.2556504269211453,450962,20960,430002
19911,1.2555873637687711,450962,20960,430002
19912,1.2555243069505826,450962,20960,430002
19913,1.2554612564656256,450962,20960,430002
19914,1.2553982123129457,450962,20960,430002
19915,1.2553351744915893,450962,20960,430002
19916,1.2552721430006026,450962,20960,430002
19917,1.2552091178390319,450962,20960,430002
19918,1.2551460990059242,450962,20960,430002
19919,1.2550830865003264,450962,20960,430002
19920,1.2550200803212852,450962,20960,430002
19921,1.254957080467848,450962,20960,430002
19922,1.2548940869390623,450962,20960,430002
19923,1.2548310997339758,450962,20960,430002
19924,1.2547681188516362,450962,20960,430002
19925,1.2547051442910917,450962,20960,430002
19926,1.2546421760513902,450962,20960,430002
19927,1.2545792141315804,450962,20960,430002
19928,1.2545162585307106,450962,20960,430002
19929,1.2544533092478298,450962,20960,430002
19930,1.2543903662819869,450962,20960,430002
19931,1.254327429632231,450962,20960,430002
19932,1.254264499297612,450962,20960,430002
19933,1.2542015752771785,450962,20960,430002
19934,1.2541386575699809,450962,20960,430002
19935,1.254075746175069,450962,20960,430002
19936,1.2540128410914928,450962,20960,430002
19937,1.2539499423183027,450962,20960,430002
19938,1.2538870498545491,450962,20960,430002
19939,1.2538241636992828,450962,20960,430002
19940,1.2537612838515546,450962,20960,430002
19941,1.2536984103104156,450962,20960,430002
19942,1.2536355430749173,450962,20960,430002
19943,1.2535726821441107,450962,20960,430002
19944,1.2535098275170478,450962,20960,430002
19945,1.2534469791927803,450962,20960,430002
19946,1.25338413717036,450962,20960,430002
19947,1.2533213014488394,450962,20960,430002
19948,1.2532584720272708,450962,20960,430002
19949,1.253195648904707,450962,20960,430002
19950,1.2531328320802004,450962,20960,430002
19951,1.2530700215528043,450962,20960,430002
19952,1.2530072173215718,450962,20960,430002
19953,1.2529444193855561,450962,20960,430002
19954,1.2528816277438108,450962,20960,430002
19955,1.2528188423953897,450962,20960,430002
19956,1.2527560633393466,450962,20960,430002
19957,1.2526932905747357,450962,20960,430002
19958,1.2526305241006113,450962,20960,430002
19959,1.2525677639160278,450962,20960,430002
19960,1.25250501002004,450962,20960,430002
19961,1.2524422624117029,450962,20960,430002
19962,1.2523795210900712,450962,20960,430002
19963,1.2523167860542002,450962,20960,430002
19964,1.2522540573031458,450962,20960,430002
19965,1.252191334835963,450962,20960,430002
19966,1.252128618651708,450962,20960,430002
19967,1.2520659087494366,450962,20960,430002
19968,1.252003205128205,450962,20960,430002
19969,1.25194050778707,450962,20960,430002
19970,1.2518778167250877,450962,20960,430002
19971,1.2518151319413149,450962,20960,430002
19972,1.2517524534348088,450962,20960,430002
19973,1.2516897812046262,450962,20960,430002
19974,1.2516271152498248,450962,20960,430002
19975,1.2515644555694618,450962,20960,430002
19976,1.2515018021625952,450962,20960,430002
19977,1.2514391550282826,450962,20960,430002
19978,1.2513765141655822,450962,20960,430002
19979,1.2513138795735523,450962,20960,430002
19980,1.2512512512512513,450962,20960,430002
19981,1.2511886291977379,450962,20960,430002
19982,1.251126013412071,450962,20960,430002
19983,1.2510634038933093,450962,20960,430002
19984,1.2510008006405124,450962,20960,430002
19985,1.2509382036527394,450962,20960,430002
19986,1.2508756129290504,450962,20960,430002
19987,1.2508130284685046,450962,20960,430002
19988,1.250750450270162,450962,20960,430002
19989,1.2506878783330833,450962,20960,430002
19990,1.2506253126563283,450962,20960,430002
19991,1.2505627532389576,450962,20960,430002
19992,1.250500200080032,450962,20960,430002
19993,1.2504376531786126,450962,20960,430002
19994,1.25037511253376,450962,20960,430002
19995,1.2503125781445361,450962,20960,430002
19996,1.250250050010002,450962,20960,430002
19997,1.2501875281292194,450962,20960,430002
19998,1.2501250125012502,450962,20960,430002
19999,1.2500625031251562,450962,20960,430002
20000,1.25,450962,20960,430002
20001,1.2499375031248439,450962,20960,430002
20002,1.24987501249875,450962,20960,430002
20003,1.249812528120782,450962,20960,430002
20004,1.249750049990002,450962,20960,430002
20005,1.2496875781054737,450962,20960,430002
20006,1.24962511246626,450962,20960,430002
20007,1.249562653071425,450962,20960,430002
20008,1.249500199920032,450962,20960,430002
20009,1.249437753011145,450962,20960,430002
20010,1.249375312343828,450962,20960,430002
20011,1.2493128779171456,450962,20960,430002
20012,1.249250449730162,450962,20960,430002
20013,1.2491880277819418,450962,20960,430002
20014,1.24912561207155,450962,20960,430002
20015,1.2490632025980515,450962,20960,430002
20016,1.2490007993605117,450962,20960,430002
20017,1.2489384023579957,450962,20960,430002
20018,1.2488760115895694,450962,20960,430002
20019,1.2488136270542984,450962,20960,430002
20020,1.2487512487512487,450962,20960,430002
20021,1.2486888766794866,450962,20960,430002
20022,1.248626510838078,450962,20960,430002
20023,1.24856415122609,450962,20960,430002
20024,1.248501797842589,450962,20960,430002
20025,1.2484394506866416,450962,20960,430002
20026,1.2483771097573155,450962,20960,430002
20027,1.2483147750536776,450962,20960,430002
20028,1.2482524465747953,450962,20960,430002
20029,1.2481901243197364,450962,20960,430002
20030,1.2481278082875686,450962,20960,430002
20031,1.24806549847736,450962,20960,430002
20032,1.248003194888179,450962,20960,430002
20033,1.2479408975190935,450962,20960,430002
20034,1.2478786063691725,450962,20960,430002
20035,1.2478163214374844,450962,20960,430002
20036,1.2477540427230984,450962,20960,430002
20037,1.2476917702250836,450962,20960,430002
20038,1.2476295039425092,450962,20960,430002
20039,1.2475672438744447,450962,20960,430002
20040,1.2475049900199602,450962,20960,430002
20041,1.247442742378125,450962,20960,430002
20042,1.2473805009480092,450962,20960,430002
20043,1.2473182657286834,450962,20960,430002
20044,1.2472560367192178,450962,20960,430002
20045,1.247193813918683,450962,20960,430002
20046,1.2471315973261499,450962,20960,430002
20047,1.2470693869406895,450962,20960,430002
20048,1.2470071827613727,450962,20960,430002
20049,1.2469449847872711,450962,20960,430002
20050,1.2468827930174564,450962,20960,430002
20051,1.246820607451,450962,20960,430002
20052,1.246758428086974,450962,20960,430002
20053,1.2466962549244502,450962,20960,430002
20054,1.2466340879625013,450962,20960,430002
20055,1.2465719272001994,450962,20960,430002
20056,1.2465097726366174,450962,20960,430002
20057,1.2464476242708282,450962,20960,430002
20058,1.2463854821019045,450962,20960,430002
20059,1.2463233461289196,450962,20960,430002
20060,1.2462612163509472,450962,20960,430002
20061,1.2461990927670605,450962,20960,430002
20062,1.2461369753763334,450962,20960,430002
20063,1.2460748641778399,450962,20960,430002
20064,1.246012759170654,450962,20960,430002
20065,1.24595066035385,450962,20960,430002
20066,1.2458885677265026,450962,20960,430002
20067,1.2458264812876862,450962,20960,430002
20068,1.245764401036476,450962,20960,430002
20069,1.2457023269719467,450962,20960,430002
20070,1.2456402590931739,450962,20960,430002
20071,1.2455781973992328,450962,20960,430002
20072,1.245516141889199,450962,20960,430002
20073,1.2454540925621482,450962,20960,430002
20074,1.2453920494171564,450962,20960,430002
20075,1.2453300124533002,450962,20960,430002
20076,1.2452679816696552,450962,20960,430002
20077,1.2452059570652987,450962,20960,430002
20078,1.2451439386393066,450962,20960,430002
20079,1.2450819263907564,450962,20960,430002
20080,1.245019920318725,450962,20960,430002
20081,1.2449579204222898,450962,20960,430002
20082,1.2448959267005277,450962,20960,430002
20083,1.244833939152517,450962,20960,430002
20084,1.2447719577773353,450962,20960,430002
20085,1.2447099825740602,450962,20960,430002
20086,1.2446480135417703,450962,20960,430002
20087,1.244586050679544,450962,20960,430002
20088,1.2445240939864595,450962,20960,430002
20089,1.244462143461596,450962,20960,430002
20090,1.2444001991040319,450962,20960,430002
20091,1.2443382609128466,450962,20960,430002
20092,1.2442763288871193,450962,20960,430002
20093,1.2442144030259294,450962,20960,430002
20094,1.2441524833283568,450962,20960,430002
20095,1.244090569793481,450962,20960,430002
20096,1.2440286624203822,450962,20960,430002
20097,1.2439667612081404,450962,20960,430002
20098,1.2439048661558365,450962,20960,430002
20099,1.2438429772625503,450962,20960,430002
20100,1.243781094527363,450962,20960,430002
20101,1.2437192179493557,450962,20960,430002
20102,1.2436573475276091,450962,20960,430002
20103,1.2435954832612048,450962,20960,430002
20104,1.243533625149224,450962,20960,430002
20105,1.2434717731907485,450962,20960,430002
20106,1.2434099273848602,450962,20960,430002
20107,1.243348087730641,450962,20960,430002
20108,1.2432862542271732,450962,20960,430002
20109,1.2432244268735393,450962,20960,430002
20110,1.2431626056688214,450962,20960,430002
20111,1.2431007906121028,450962,20960,430002
20112,1.2430389817024663,450962,20960,430002
20113,1.2429771789389947,450962,20960,430002
20114,1.2429153823207717,450962,20960,430002
20115,1.2428535918468804,450962,20960,430002
20116,1.2427918075164048,450962,20960,430002
20117,1.2427300293284287,450962,20960,430002
20118,1.242668257282036,450962,20960,430002
20119,1.2426064913763109,450962,20960,430002
20120,1.242544731610338,450962,20960,430002
20121,1.2424829779832016,450962,20960,430002
20122,1.2424212304939868,450962,20960,430002
20123,1.242359489141778,450962,20960,430002
20124,1.242297753925661,450962,20960,430002
20125,1.2422360248447204,450962,20960,430002
20126,1.2421743018980422,450962,20960,430002
20127,1.2421125850847121,450962,20960,430002
20128,1.2420508744038157,450962,20960,430002
20129,1.241989169854439,450962,20960,430002
20130,1.241927471435668,450962,20960,430002
20131,1.24186577914659,450962,20960,430002
20132,1.2418040929862906,450962,20960,430002
20133,1.2417424129538568,450962,20960,430002
20134,1.241680739048376,450962,20960,430002
20135,1.2416190712689348,450962,20960,430002
20136,1.2415574096146207,450962,20960,430002
20137,1.241495754084521,450962,20960,430002
20138,1.2414341046777237,450885,20960,429925
20139,1.2413724613933164,450885,20960,429925
20140,1.2413108242303872,450885,20960,429925
20141,1.2412491931880245,450885,20960,429925
20142,1.2411875682653162,450885,20960,429925
20143,1.2411259494613514,450885,20960,429925
20144,1.2410643367752183,450885,20960,429925
20145,1.2410027302060065,450885,20960,429925
20146,1.2409411297528046,450885,20960,429925
20147,1.240879535414702,450885,20960,429925
20148,1.240817947190788,450885,20960,429925
20149,1.240756365080153,450885,20960,429925
20150,1.2406947890818858,450885,20960,429925
20151,1.240633219195077,450885,20960,429925
20152,1.240571655418817,450885,20960,429925
20153,1.2405100977521957,450885,20960,429925
20154,1.2404485461943038,450885,20960,429925
20155,1.2403870007442321,450885,20960,429925
20156,1.2403254614010717,450885,20960,429925
20157,1.2402639281639132,450885,20960,429925
20158,1.2402024010318484,450885,20960,429925
20159,1.2401408800039684,450885,20960,429925
20160,1.2400793650793651,450885,20960,429925
20161,1.24001785625713,450885,20960,429925
20162,1.2399563535363556,450885,20960,429925
20163,1.2398948569161334,450885,20960,429925
20164,1.2398333663955565,450885,20960,429925
20165,1.239771881973717,450885,20960,429925
20166,1.2397104036497075,450885,20960,429925
20167,1.2396489314226211,450885,20960,429925
20168,1.239587465291551,450885,20960,429925
20169,1.2395260052555903,450885,20960,429925
20170,1.2394645513138325,450885,20960,429925
20171,1.239403103465371,450885,20960,429925
20172,1.2393416617093,450885,20960,429925
20173,1.2392802260447133,450885,20960,429925
20174,1.2392187964707049,450885,20960,429925
20175,1.2391573729863692,450885,20960,429925
20176,1.239095955590801,450885,20960,429925
20177,1.2390345442830946,450885,20960,429925
20178,1.238973139062345,450885,20960,429925
20179,1.2389117399276475,450885,20960,429925
20180,1.2388503468780971,450885,20960,429925
20181,1.2387889599127893,450885,20960,429925
20182,1.2387275790308196,450885,20960,429925
20183,1.2386662042312837,450885,20960,429925
20184,1.238604835513278,450885,20960,429925
20185,1.238543472875898,450885,20960,429925
20186,1.2384821163182405,450885,20960,429925
20187,1.2384207658394015,450885,20960,429925
20188,1.2383594214384783,450885,20960,429925
20189,1.2382980831145673,450885,20960,429925
20190,1.2382367508667658,450885,20960,429925
20191,1.2381754246941707,450885,20960,429925
20192,1.2381141045958794,450885,20960,429925
20193,1.23805279057099,450885,20960,429925
20194,1.2379914826185996,450885,20960,429925
20195,1.2379301807378065,450885,20960,429925
20196,1.2378688849277084,450885,20960,429925
20197,1.2378075951874041,450885,20960,429925
20198,1.2377463115159917,450885,20960,429925
20199,1.23768503391257,450885,20960,429925
20200,1.2376237623762376,450885,20960,429925
20201,1.2375624969060937,450885,20960,429925
20202,1.2375012375012375,450885,20960,429925
20203,1.2374399841607682,450885,20960,429925
20204,1.2373787368837854,450885,20960,429925
20205,1.2373174956693889,450885,20960,429925
20206,1.2372562605166781,450885,20960,429925
20207,1.2371950314247537,450885,20960,429925
20208,1.2371338083927157,450885,20960,429925
20209,1.2370725914196645,450885,20960,429925
20210,1.2370113805047007,450885,20960,429925
20211,1.236950175646925,450885,20960,429925
20212,1.2368889768454383,450885,20960,429925
20213,1.236827784099342,450885,20960,429925
20214,1.2367665974077373,450885,20960,429925
20215,1.2367054167697253,450885,20960,429925
20216,1.2366442421844084,450885,20960,429925
20217,1.2365830736508878,450885,20960,429925
20218,1.236521911168266,450885,20960,429925
20219,1.2364607547356448,450885,20960,429925
20220,1.2363996043521266,450885,20960,429925
20221,1.2363384600168141,450885,20960,429925
20222,1.23627732172881,450885,20960,429925
20223,1.2362161894872175,450885,20960,429925
20224,1.2361550632911393,450885,20960,429925
20225,1.2360939431396787,450885,20960,429925
20226,1.2360328290319391,450885,20960,429925
20227,1.2359717209670242,450885,20960,429925
20228,1.2359106189440379,450885,20960,429925
20229,1.235849522962084,450885,20960,429925
20230,1.2357884330202669,450885,20960,429925
20231,1.2357273491176908,450885,20960,429925
20232,1.2356662712534598,450885,20960,429925
20233,1.2356051994266792,450885,20960,429925
20234,1.2355441336364534,450885,20960,429925
20235,1.2354830738818878,450885,20960,429925
20236,1.2354220201620874,450885,20960,429925
20237,1.2353609724761576,450885,20960,429925
20238,1.2352999308232038,450885,20960,429925
20239,1.235238895202332,450885,20960,429925
20240,1.2351778656126482,450885,20960,429925
20241,1.2351168420532583,450885,20960,429925
20242,1.2350558245232683,450885,20960,429925
20243,1.2349948130217854,450885,20960,429925
20244,1.2349338075479155,450885,20960,429925
20245,1.2348728081007656,450885,20960,429925
20246,1.234811814679443,450885,20960,429925
20247,1.2347508272830543,450885,20960,429925
20248,1.2346898459107072,450885,20960,429925
20249,1.2346288705615092,450885,20960,429925
20250,1.2345679012345678,450885,20960,429925
20251,1.2345069379289912,450885,20960,429925
20252,1.234445980643887,450885,20960,429925
20253,1.2343850293783638,450885,20960,429925
20254,1.2343240841315295,450885,20960,429925
20255,1.2342631449024932,450885,20960,429925
20256,1.2342022116903633,450885,20960,429925
20257,1.234141284494249,450885,20960,429925
20258,1.2340803633132589,450885,20960,429925
20259,1.2340194481465028,450885,20960,429925
20260,1.2339585389930898,450885,20960,429925
20261,1.2338976358521296,450885,20960,429925
20262,1.2338367387227323,450885,20960,429925
20263,1.2337758476040073,450885,20960,429925
20264,1.2337149624950652,450885,20960,429925
20265,1.233654083395016,450885,20960,429925
20266,1.2335932103029705,450885,20960,429925
20267,1.2335323432180392,450885,20960,429925
20268,1.2334714821393329,450885,20960,429925
20269,1.2334106270659628,450885,20960,429925
20270,1.23334977799704,450885,20960,429925
20271,1.2332889349316758,450885,20960,429925
20272,1.2332280978689818,450885,20960,429925
20273,1.2331672668080698,450885,20960,429925
20274,1.2331064417480517,450885,20960,429925
20275,1.2330456226880395,450885,20960,429925
20276,1.2329848096271454,450885,20960,429925
20277,1.2329240025644819,450885,20960,429925
20278,1.2328632014991616,450885,20960,429925
20279,1.2328024064302974,450885,20960,429925
20280,1.232741617357002,450885,20960,429925
20281,1.2326808342783886,450885,20960,429925
20282,1.2326200571935706,450885,20960,429925
20283,1.2325592861016614,450885,20960,429925
20284,1.2324985210017747,450885,20960,429925
20285,1.2324377618930245,450885,20960,429925
20286,1.2323770087745243,450885,20960,429925
20287,1.2323162616453887,450885,20960,429925
20288,1.2322555205047319,450885,20960,429925
20289,1.2321947853516684,450885,20960,429925
20290,1.232134056185313,450885,20960,429925
20291,1.2320733330047804,450885,20960,429925
20292,1.232012615809186,450885,20960,429925
20293,1.2319519045976446,450885,20960,429925
20294,1.2318911993692716,450459,20360,430099
20295,1.231830500123183,450459,20360,430099
20296,1.2317698068584944,450459,20360,430099
20297,1.2317091195743213,450459,20360,430099
20298,1.2316484382697803,450459,20360,430099
20299,1.2315877629439873,450459,20360,430099
20300,1.2315270935960592,450459,20360,430099
20301,1.2314664302251122,450459,20360,430099
20302,1.231405772830263,450459,20360,430099
20303,1.231345121410629,450459,20360,430099
20304,1.231284475965327,450459,20360,430099
20305,1.2312238364934744,450459,20360,430099
20306,1.2311632029941888,450459,20360,430099
20307,1.2311025754665879,450459,20360,430099
20308,1.2310419539097892,450459,20360,430099
20309,1.2309813383229111,450459,20360,430099
20310,1.2309207287050714,450459,20360,430099
20311,1.2308601250553888,450459,20360,430099
20312,1.2307995273729815,450459,20360,430099
20313,1.2307389356569685,450459,20360,430099
20314,1.2306783499064684,450459,20360,430099
20315,1.2306177701206005,450459,20360,430099
20316,1.230557196298484,450459,20360,430099
20317,1.230496628439238,450459,20360,430099
20318,1.2304360665419825,450459,20360,430099
20319,1.230375510605837,450459,20360,430099
20320,1.2303149606299213,450459,20360,430099
20321,1.2302544166133556,450389,20360,430029
20322,1.2301938785552604,450389,20360,430029
20323,1.2301333464547557,450389,20360,430029
20324,1.2300728203109623,450389,20360,430029
20325,1.2300123001230012,450389,20360,430029
20326,1.229951785889993,450389,20360,430029
20327,1.229891277611059,450389,20360,430029
20328,1.2298307752853208,450389,20360,430029
20329,1.2297702789118992,450389,20360,430029
20330,1.2297097884899164,450389,20360,430029
20331,1.229649304018494,450389,20360,430029
20332,1.229588825496754,450389,20360,430029
20333,1.2295283529238183,450389,20360,430029
20334,1.2294678862988098,450389,20360,430029
20335,1.2294074256208507,450389,20360,430029
20336,1.2293469708890636,450389,20360,430029
20337,1.2292865221025717,450389,20360,430029
20338,1.2292260792604977,450389,20360,430029
20339,1.2291656423619648,450389,20360,430029
20340,1.2291052114060963,450389,20360,430029
20341,1.2290447863920162,450389,20360,430029
20342,1.2289843673188476,450389,20360,430029
20343,1.228923954185715,450389,20360,430029
20344,1.228863546991742,450389,20360,430029
20345,1.228803145736053,450389,20360,430029
20346,1.2287427504177726,450389,20360,430029
20347,1.228682361036025,450389,20360,430029
20348,1.2286219775899352,450389,20360,430029
20349,1.228561600078628,450389,20360,430029
20350,1.2285012285012284,450389,20360,430029
20351,1.2284408628568622,450389,20360,430029
20352,1.2283805031446542,450389,20360,430029
20353,1.2283201493637301,450389,20360,430029
20354,1.228259801513216,450389,20360,430029
20355,1.2281994595922379,450389,20360,430029
20356,1.2281391235999215,450389,20360,430029
20357,1.2280787935353932,450389,20360,430029
20358,1.2280184693977798,450389,20360,430029
20359,1.2279581511862077,450389,20360,430029
20360,1.2278978388998036,450389,20360,430029
20361,1.2278375325376947,450389,20360,430029
20362,1.227777232099008,450389,20360,430029
20363,1.227716937582871,450389,20360,430029
20364,1.2276566489884109,450389,20360,430029
20365,1.2275963663147558,450389,20360,430029
20366,1.227536089561033,450389,20360,430029
20367,1.227475818726371,450389,20360,430029
20368,1.2274155538098979,450389,20360,430029
20369,1.2273552948107418,450389,20360,430029
20370,1.2272950417280315,450389,20360,430029
20371,1.2272347945608955,450389,20360,430029
20372,1.2271745533084626,450389,20360,430029
20373,1.227114317969862,450389,20360,430029
20374,1.227054088544223,450389,20360,430029
20375,1.2269938650306749,450389,20360,430029
20376,1.226933647428347,450389,20360,430029
20377,1.2268734357363695,450389,20360,430029
20378,1.2268132299538719,450389,20360,430029
20379,1.2267530300799843,450389,20360,430029
20380,1.2266928361138372,450389,20360,430029
20381,1.2266326480545606,450389,20360,430029
20382,1.2265724659012855,450389,20360,430029
20383,1.2265122896531424,450389,20360,430029
20384,1.2264521193092621,450389,20360,430029
20385,1.226391954868776,450389,20360,430029
20386,1.2263317963308153,450389,20360,430029
20387,1.2262716436945111,450389,20360,430029
20388,1.2262114969589955,450389,20360,430029
20389,1.2261513561233999,450389,20360,430029
20390,1.2260912211868562,450389,20360,430029
20391,1.226031092148497,450389,20360,430029
20392,1.2259709690074538,450389,20360,430029
20393,1.2259108517628599,450389,20360,430029
20394,1.2258507404138472,450389,20360,430029
20395,1.2257906349595489,450389,20360,430029
20396,1.225730535399098,450389,20360,430029
20397,1.225670441731627,450389,20360,430029
20398,1.2256103539562702,450389,20360,430029
20399,1.2255502720721605,450389,20360,430029
20400,1.2254901960784315,450389,20360,430029
20401,1.2254301259742169,450389,20360,430029
20402,1.2253700617586512,450389,20360,430029
20403,1.225310003430868,450389,20360,430029
20404,1.225249950990002,450389,20360,430029
20405,1.2251899044351875,450389,20360,430029
20406,1.2251298637655592,450389,20360,430029
20407,1.225069828980252,450389,20360,430029
20408,1.2250098000784007,450389,20360,430029
20409,1.2249497770591407,450389,20360,430029
20410,1.224889759921607,450389,20360,430029
20411,1.2248297486649355,450389,20360,430029
20412,1.2247697432882618,450389,20360,430029
20413,1.2247097437907215,450389,20360,430029
20414,1.224649750171451,450389,20360,430029
20415,1.224589762429586,450389,20360,430029
20416,1.2245297805642634,450389,20360,430029
20417,1.2244698045746192,450389,20360,430029
20418,1.2244098344597905,450389,20360,430029
20419,1.2243498702189137,450389,20360,430029
20420,1.2242899118511263,450389,20360,430029
20421,1.2242299593555654,450389,20360,430029
20422,1.2241700127313682,450389,20360,430029
20423,1.2241100719776723,450389,20360,430029
20424,1.2240501370936154,450389,20360,430029
20425,1.2239902080783354,450389,20360,430029
20426,1.2239302849309703,450389,20360,430029
20427,1.2238703676506584,450389,20360,430029
20428,1.2238104562365382,450389,20360,430029
20429,1.2237505506877477,450389,20360,430029
20430,1.2236906510034264,450389,20360,430029
20431,1.2236307571827125,450389,20360,430029
20432,1.2235708692247456,450389,20360,430029
20433,1.2235109871286645,450389,20360,430029
20434,1.2234511108936086,450389,20360,430029
20435,1.223391240518718,450389,20360,430029
20436,1.2233313760031317,450389,20360,430029
20437,1.22327151734599,450389,20360,430029
20438,1.223211664546433,450389,20360,430029
20439,1.223151817603601,450389,20360,430029
20440,1.2230919765166341,450389,20360,430029
20441,1.223032141284673,450389,20360,430029
20442,1.2229723119068585,450389,20360,430029
20443,1.2229124883823315,450389,20360,430029
20444,1.2228526707102327,450389,20360,430029
20445,1.2227928588897041,450389,20360,430029
20446,1.2227330529198865,450389,20360,430029
20447,1.2226732527999218,450389,20360,430029
20448,1.2226134585289514,450389,20360,430029
20449,1.2225536701061177,450389,20360,430029
20450,1.2224938875305624,450389,20360,430029
20451,1.2224341108014278,450389,20360,430029
20452,1.2223743399178564,450389,20360,430029
20453,1.2223145748789908,450389,20360,430029
20454,1.2222548156839739,450389,20360,430029
20455,1.2221950623319482,450389,20360,430029
20456,1.222135314822057,450389,20360,430029
20457,1.2220755731534438,450389,20360,430029
20458,1.2220158373252517,450389,20360,430029
20459,1.2219561073366245,450389,20360,430029
20460,1.2218963831867058,450389,20360,430029
20461,1.2218366648746395,450389,20360,430029
20462,1.2217769523995698,450389,20360,430029
20463,1.2217172457606411,450389,20360,430029
20464,1.2216575449569977,450389,20360,430029
20465,1.221597849987784,450389,20360,430029
20466,1.221538160852145,450389,20360,430029
20467,1.2214784775492256,450389,20360,430029
20468,1.2214188000781707,450389,20360,430029
20469,1.221359128438126,450389,20360,430029
20470,1.2212994626282365,450389,20360,430029
20471,1.2212398026476479,450389,20360,430029
20472,1.221180148495506,450389,20360,430029
20473,1.2211205001709569,450389,20360,430029
20474,1.2210608576731465,450389,20360,430029
20475,1.221001221001221,450389,20360,430029
20476,1.220941590154327,450389,20360,430029
20477,1.2208819651316112,450389,20360,430029
20478,1.22082234593222,450389,20360,430029
20479,1.2207627325553005,450389,20360,430029
20480,1.220703125,450389,20360,430029
20481,1.2206435232654655,450389,20360,430029
20482,1.2205839273508445,450389,20360,430029
20483,1.220524337255285,450389,20360,430029
20484,1.220464752977934,450389,20360,430029
20485,1.22040517451794,450389,20360,430029
20486,1.2203456018744507,450389,20360,430029
20487,1.220286035046615,450389,20360,430029
20488,1.2202264740335806,450389,20360,430029
20489,1.2201669188344966,450389,20360,430029
20490,1.2201073694485114,450389,20360,430029
20491,1.2200478258747742,450389,20360,430029
20492,1.2199882881124342,450389,20360,430029
20493,1.2199287561606402,450389,20360,430029
20494,1.219869230018542,450389,20360,430029
20495,1.2198097096852891,450389,20360,430029
20496,1.2197501951600311,450389,20360,430029
20497,1.2196906864419184,450389,20360,430029
20498,1.2196311835301006,450389,20360,430029
20499,1.219571686423728,450389,20360,430029
20500,1.2195121951219512,450389,20360,430029
20501,1.2194527096239207,450389,20360,430029
20502,1.2193932299287875,450389,20360,430029
20503,1.219333756035702,450389,20360,430029
20504,1.2192742879438159,450389,20360,430029
20505,1.21921482565228,450389,20360,430029
20506,1.2191553691602457,450389,20360,430029
20507,1.219095918466865,450389,20360,430029
20508,1.2190364735712893,450389,20360,430029
20509,1.2189770344726705,450389,20360,430029
20510,1.2189176011701608,450389,20360,430029
20511,1.2188581736629125,450389,20360,430029
20512,1.218798751950078,450389,20360,430029
20513,1.2187393360308096,450389,20360,430029
20514,1.2186799259042604,450389,20360,430029
20515,1.2186205215695833,450389,20360,430029
20516,1.218561123025931,450389,20360,430029
20517,1.218501730272457,450389,20360,430029
20518,1.2184423433083147,450389,20360,430029
20519,1.2183829621326576,450389,20360,430029
20520,1.2183235867446394,450389,20360,430029
20521,1.2182642171434142,450389,20360,430029
20522,1.2182048533281356,450389,20360,430029
20523,1.2181454952979585,450389,20360,430029
20524,1.2180861430520367,450389,20360,430029
20525,1.218026796589525,450389,20360,430029
20526,1.2179674559095781,450389,20360,430029
20527,1.217908121011351,450389,20360,430029
20528,1.2178487918939984,450389,20360,430029
20529,1.217789468556676,450389,20360,430029
20530,1.2177301509985388,450389,20360,430029
20531,1.2176708392187423,450389,20360,430029
20532,1.2176115332164426,450389,20360,430029
20533,1.2175522329907953,450389,20360,430029
20534,1.2174929385409565,450389,20360,430029
20535,1.2174336498660823,450389,20360,430029
20536,1.2173743669653292,450389,20360,430029
20537,1.2173150898378535,450389,20360,430029
20538,1.2172558184828124,450389,20360,430029
20539,1.2171965528993622,450389,20360,430029
20540,1.2171372930866602,450389,20360,430029
20541,1.2170780390438636,450389,20360,430029
20542,1.2170187907701295,450389,20360,430029
20543,1.2169595482646156,450389,20360,430029
20544,1.2169003115264798,450389,20360,430029
20545,1.2168410805548795,450389,20360,430029
20546,1.216781855348973,450389,20360,430029
20547,1.2167226359079184,450389,20360,430029
20548,1.216663422230874,450389,20360,430029
20549,1.2166042143169984,450389,20360,430029
20550,1.2165450121654502,450389,20360,430029
20551,1.2164858157753882,450389,20360,430029
20552,1.2164266251459712,450389,20360,430029
20553,1.2163674402763587,450389,20360,430029
20554,1.21630826116571,450389,20360,430029
20555,1.2162490878131842,450389,20360,430029
20556,1.2161899202179411,450389,20360,430029
20557,1.216130758379141,450389,20360,430029
20558,1.2160716022959432,450389,20360,430029
20559,1.2160124519675082,450389,20360,430029
20560,1.215953307392996,450331,20450,429881
20561,1.2158941685715676,450331,20450,429881
20562,1.215835035502383,450331,20450,429881
20563,1.2157759081846033,450331,20450,429881
20564,1.2157167866173897,450331,20450,429881
20565,1.2156576707999027,450331,20450,429881
20566,1.215598560731304,450331,20450,429881
20567,1.2155394564107551,450331,20450,429881
20568,1.2154803578374174,450331,20450,429881
20569,1.2154212650104526,450331,20450,429881
20570,1.215362177929023,450331,20450,429881
20571,1.2153030965922902,450331,20450,429881
20572,1.2152440209994166,450331,20450,429881
20573,1.215184951149565,450331,20450,429881
20574,1.2151258870418975,450331,20450,429881
20575,1.2150668286755772,450331,20450,429881
20576,1.2150077760497666,450331,20450,429881
20577,1.2149487291636294,450331,20450,429881
20578,1.214889688016328,450331,20450,429881
20579,1.2148306526070265,450331,20450,429881
20580,1.2147716229348882,450331,20450,429881
20581,1.2147125989990768,450331,20450,429881
20582,1.2146535807987562,450331,20450,429881
20583,1.2145945683330903,450331,20450,429881
20584,1.2145355616012437,450331,20450,429881
20585,1.2144765606023804,450331,20450,429881
20586,1.214417565335665,450331,20450,429881
20587,1.2143585758002624,450331,20450,429881
20588,1.214299591995337,450331,20450,429881
20589,1.2142406139200543,450331,20450,429881
20590,1.2141816415735793,450331,20450,429881
20591,1.2141226749550775,450331,20450,429881
20592,1.214063714063714,450331,20450,429881
20593,1.214004758898655,450331,20450,429881
20594,1.2139458094590658,450331,20450,429881
20595,1.2138868657441126,450331,20450,429881
20596,1.2138279277529618,450331,20450,429881
20597,1.2137689954847792,450331,20450,429881
20598,1.213710068938732,450331,20450,429881
20599,1.2136511481139862,450331,20450,429881
20600,1.2135922330097086,450331,20450,429881
20601,1.2135333236250667,450331,20450,429881
20602,1.2134744199592273,450331,20450,429881
20603,1.2134155220113576,450331,20450,429881
20604,1.213356629780625,450331,20450,429881
20605,1.2132977432661975,450331,20450,429881
20606,1.2132388624672426,450331,20450,429881
20607,1.213179987382928,450331,20450,429881
20608,1.2131211180124224,450331,20450,429881
20609,1.2130622543548935,450331,20450,429881
20610,1.21300339640951,450331,20450,429881
20611,1.2129445441754403,450331,20450,429881
20612,1.2128856976518534,450331,20450,429881
20613,1.212826856837918,450331,20450,429881
20614,1.212768021732803,450331,20450,429881
20615,1.2127091923356779,450331,20450,429881
20616,1.212650368645712,450331,20450,429881
20617,1.212591550662075,450331,20450,429881
20618,1.2125327383839364,450331,20450,429881
20619,1.212473931810466,450331,20450,429881
20620,1.2124151309408342,450331,20450,429881
20621,1.2123563357742106,450331,20450,429881
20622,1.2122975463097663,450331,20450,429881
20623,1.2122387625466713,450331,20450,429881
20624,1.2121799844840961,450331,20450,429881
20625,1.2121212121212122,450331,20450,429881
20626,1.21206244545719,450331,20450,429881
20627,1.2120036844912008,450331,20450,429881
20628,1.211944929222416,450331,20450,429881
20629,1.2118861796500073,450331,20450,429881
20630,1.211827435773146,450331,20450,429881
20631,1.2117686975910038,450331,20450,429881
20632,1.211709965102753,450331,20450,429881
20633,1.2116512383075655,450331,20450,429881
20634,1.2115925172046138,450331,20450,429881
20635,1.2115338017930701,450331,20450,429881
20636,1.211475092072107,450331,20450,429881
20637,1.2114163880408975,450331,20450,429881
20638,1.2113576896986142,450331,20450,429881
20639,1.2112989970444303,450331,20450,429881
20640,1.2112403100775193,450331,20450,429881
20641,1.2111816287970545,450331,20450,429881
20642,1.2111229532022092,450331,20450,429881
20643,1.2110642832921572,450331,20450,429881
20644,1.2110056190660725,450331,20450,429881
20645,1.2109469605231291,450331,20450,429881
20646,1.2108883076625012,450331,20450,429881
20647,1.2108296604833633,450331,20450,429881
20648,1.2107710189848895,450331,20450,429881
20649,1.210712383166255,450331,20450,429881
20650,1.2106537530266344,450331,20450,429881
20651,1.2105951285652026,450331,20450,429881
20652,1.210536509781135,450331,20450,429881
20653,1.2104778966736067,450331,20450,429881
20654,1.2104192892417933,450331,20450,429881
20655,1.2103606874848705,450331,20450,429881
20656,1.210302091402014,450331,20450,429881
20657,1.2102435009923997,450331,20450,429881
20658,1.2101849162552039,450331,20450,429881
20659,1.2101263371896025,450331,20450,429881
20660,1.2100677637947725,450331,20450,429881
20661,1.2100091960698902,450331,20450,429881
20662,1.2099506340141322,450331,20450,429881
20663,1.2098920776266757,450331,20450,429881
20664,1.2098335269066975,450331,20450,429881
20665,1.2097749818533752,450331,20450,429881
20666,1.209716442465886,450331,20450,429881
20667,1.2096579087434074,450331,20450,429881
20668,1.209599380685117,450331,20450,429881
20669,1.209540858290193,450331,20450,429881
20670,1.2094823415578133,450331,20450,429881
20671,1.2094238304871558,450331,20450,429881
20672,1.2093653250773995,450331,20450,429881
20673,1.2093068253277222,450331,20450,429881
20674,1.2092483312373028,450331,20450,429881
20675,1.2091898428053205,450331,20450,429881
20676,1.2091313600309537,450331,20450,429881
20677,1.209072882913382,450331,20450,429881
20678,1.2090144114517845,450331,20450,429881
20679,1.2089559456453407,450331,20450,429881
20680,1.2088974854932302,450331,20450,429881
20681,1.2088390309946329,450331,20450,429881
20682,1.2087805821487283,450331,20450,429881
20683,1.2087221389546972,450331,20450,429881
20684,1.2086637014117192,450331,20450,429881
20685,1.208605269518975,450331,20450,429881
20686,1.2085468432756454,450331,20450,429881
20687,1.2084884226809107,450331,20450,429881
20688,1.208430007733952,450331,20450,429881
20689,1.2083715984339505,450331,20450,429881
20690,1.208313194780087,450331,20450,429881
20691,1.2082547967715431,450331,20450,429881
20692,1.2081964044075004,450331,20450,429881
20693,1.2081380176871406,450331,20450,429881
20694,1.2080796366096453,450331,20450,429881
20695,1.2080212611741967,450331,20450,429881
20696,1.2079628913799767,450331,20450,429881
20697,1.2079045272261681,450331,20450,429881
20698,1.2078461687119528,450331,20450,429881
20699,1.2077878158365138,450331,20450,429881
20700,1.2077294685990339,450331,20450,429881
20701,1.2076711269986957,450331,20450,429881
20702,1.2076127910346826,450331,20450,429881
20703,1.207554460706178,450331,20450,429881
20704,1.2074961360123648,450331,20450,429881
20705,1.207437816952427,450331,20450,429881
20706,1.2073795035255481,450331,20450,429881
20707,1.2073211957309122,450331,20450,429881
20708,1.2072628935677032,450331,20450,429881
20709,1.2072045970351055,450331,20450,429881
20710,1.2071463061323033,450331,20450,429881
20711,1.207088020858481,450331,20450,429881
20712,1.2070297412128235,450331,20450,429881
20713,1.2069714671945155,450331,20450,429881
20714,1.2069131988027422,450331,20450,429881
20715,1.2068549360366885,450331,20450,429881
20716,1.2067966788955398,450331,20450,429881
20717,1.2067384273784814,450331,20450,429881
20718,1.2066801814846992,450331,20450,429881
20719,1.206621941213379,450331,20450,429881
20720,1.2065637065637065,450331,20450,429881
20721,1.206505477534868,450331,20450,429881
20722,1.2064472541260496,450331,20450,429881
20723,1.2063890363364378,450331,20450,429881
20724,1.206330824165219,450331,20450,429881
20725,1.2062726176115801,450331,20450,429881
20726,1.2062144166747082,450331,20450,429881
20727,1.2061562213537897,450331,20450,429881
20728,1.2060980316480123,450331,20450,429881
20729,1.2060398475565632,450331,20450,429881
20730,1.20598166907863,450331,20450,429881
20731,1.2059234962134002,450331,20450,429881
20732,1.2058653289600618,450331,20450,429881
20733,1.2058071673178026,450331,20450,429881
20734,1.2057490112858107,450331,20450,429881
20735,1.2056908608632746,450331,20450,429881
20736,1.2056327160493827,450331,20450,429881
20737,1.2055745768433235,450331,20450,429881
20738,1.2055164432442858,450331,20450,429881
20739,1.2054583152514586,450331,20450,429881
20740,1.2054001928640308,450331,20450,429881
20741,1.205342076081192,450331,20450,429881
20742,1.205283964902131,450331,20450,429881
20743,1.2052258593260377,450331,20450,429881
20744,1.2051677593521017,450331,20450,429881
20745,1.2051096649795132,450331,20450,429881
20746,1.2050515762074616,450331,20450,429881
20747,1.2049934930351376,450331,20450,429881
20748,1.2049354154617313,450331,20450,429881
20749,1.204877343486433,450331,20450,429881
20750,1.2048192771084338,450331,20450,429881
20751,1.204761216326924,450331,20450,429881
20752,1.2047031611410948,450331,20450,429881
20753,1.2046451115501373,450331,20450,429881
20754,1.2045870675532429,450331,20450,429881
20755,1.2045290291496025,450331,20450,429881
20756,1.2044709963384082,450331,20450,429881
20757,1.2044129691188514,450331,20450,429881
20758,1.2043549474901243,450331,20450,429881
20759,1.2042969314514187,450331,20450,429881
20760,1.2042389210019269,450331,20450,429881
20761,1.204180916140841,450331,20450,429881
20762,1.2041229168673537,450331,20450,429881
20763,1.204064923180658,450331,20450,429881
20764,1.204006935079946,450331,20450,429881
20765,1.2039489525644114,450331,20450,429881
20766,1.2038909756332468,450331,20450,429881
20767,1.2038330042856455,450331,20450,429881
20768,1.2037750385208013,450331,20450,429881
20769,1.2037170783379074,450331,20450,429881
20770,1.203659123736158,450331,20450,429881
20771,1.2036011747147466,450331,20450,429881
20772,1.2035432312728673,450331,20450,429881
20773,1.2034852934097144,450331,20450,429881
20774,1.2034273611244826,450331,20450,429881
20775,1.203369434416366,450331,20450,429881
20776,1.203311513284559,450331,20450,429881
20777,1.2032535977282572,450331,20450,429881
20778,1.2031956877466552,450331,20450,429881
20779,1.203137783338948,450331,20450,429881
20780,1.2030798845043311,450331,20450,429881
20781,1.203021991242,450331,20450,429881
20782,1.20296410355115,450331,20450,429881
20783,1.2029062214309771,450331,20450,429881
20784,1.2028483448806775,450331,20450,429881
20785,1.2027904738994468,450331,20450,429881
20786,1.2027326084864813,450331,20450,429881
20787,1.2026747486409775,450331,20450,429881
20788,1.202616894362132,450331,20450,429881
20789,1.2025590456491413,450331,20450,429881
20790,1.2025012025012025,450331,20450,429881
20791,1.2024433649175124,450331,20450,429881
20792,1.2023855328972681,450331,20450,429881
20793,1.2023277064396671,450331,20450,429881
20794,1.202269885543907,450331,20450,429881
20795,1.202212070209185,450331,20450,429881
20796,1.202154260434699,450331,20450,429881
20797,1.202096456219647,450331,20450,429881
20798,1.2020386575632271,450331,20450,429881
20799,1.2019808644646377,450331,20450,429881
20800,1.2019230769230769,450331,20450,429881
20801,1.2018652949377433,450331,20450,429881
20802,1.2018075185078358,450331,20450,429881
20803,1.201749747632553,450331,20450,429881
20804,1.201691982311094,450331,20450,429881
20805,1.201634222542658,450331,20450,429881
20806,1.2015764683264443,450331,20450,429881
20807,1.2015187196616524,450331,20450,429881
20808,1.2014609765474817,450331,20450,429881
20809,1.2014032389831324,450331,20450,429881
20810,1.2013455069678038,450331,20450,429881
20811,1.2012877805006967,450331,20450,429881
20812,1.201230059581011,450331,20450,429881
20813,1.201172344207947,450331,20450,429881
20814,1.2011146343807053,450331,20450,429881
20815,1.2010569300984866,450331,20450,429881
20816,1.200999231360492,450331,20450,429881
20817,1.200941538165922,450331,20450,429881
20818,1.2008838505139783,450331,20450,429881
20819,1.200826168403862,450331,20450,429881
20820,1.2007684918347743,450331,20450,429881
20821,1.2007108208059172,450331,20450,429881
20822,1.200653155316492,450331,20450,429881
20823,1.2005954953657014,450331,20450,429881
20824,1.2005378409527467,450331,20450,429881
20825,1.2004801920768307,450331,20450,429881
20826,1.2004225487371554,450331,20450,429881
20827,1.2003649109329235,450331,20450,429881
20828,1.2003072786633378,450331,20450,429881
20829,1.200249651927601,450331,20450,429881
20830,1.200192030724916,450331,20450,429881
20831,1.2001344150544861,450331,20450,429881
20832,1.2000768049155146,450331,20450,429881
20833,1.200019200307205,450331,20450,429881
20834,1.1999616012287606,450331,20450,429881
20835,1.1999040076793857,450331,20450,429881
20836,1.1998464196582836,450331,20450,429881
20837,1.199788837164659,450331,20450,429881
20838,1.1997312601977157,450331,20450,429881
20839,1.1996736887566581,450331,20450,429881
20840,1.199616122840691,450331,20450,429881
20841,1.1995585624490188,450331,20450,429881
20842,1.1995010075808463,450331,20450,429881
20843,1.1994434582353788,450331,20450,429881
20844,1.199385914411821,450331,20450,429881
20845,1.1993283761093787,450331,20450,429881
20846,1.199270843327257,450331,20450,429881
20847,1.1992133160646616,450331,20450,429881
20848,1.1991557943207982,450331,20450,429881
20849,1.1990982780948727,450331,20450,429881
20850,1.1990407673860912,450331,20450,429881
20851,1.1989832621936598,450331,20450,429881
20852,1.198925762516785,450331,20450,429881
20853,1.1988682683546732,450331,20450,429881
20854,1.198810779706531,450331,20450,429881
20855,1.1987532965715655,450331,20450,429881
20856,1.1986958189489836,450331,20450,429881
20857,1.198638346837992,450331,20450,429881
20858,1.1985808802377984,450331,20450,429881
20859,1.1985234191476102,450331,20450,429881
20860,1.1984659635666348,450331,20450,429881
20861,1.1984085134940798,450331,20450,429881
20862,1.1983510689291534,450331,20450,429881
20863,1.1982936298710636,450331,20450,429881
20864,1.1982361963190185,450331,20450,429881
20865,1.1981787682722262,450331,20450,429881
20866,1.1981213457298956,450331,20450,429881
20867,1.198063928691235,450331,20450,429881
20868,1.1980065171554533,450331,20450,429881
20869,1.1979491111217595,450331,20450,429881
20870,1.1978917105893627,450331,20450,429881
20871,1.197834315557472,450331,20450,429881
20872,1.197776926025297,450331,20450,429881
20873,1.1977195419920472,450331,20450,429881
20874,1.197662163456932,450331,20450,429881
20875,1.1976047904191616,450331,20450,429881
20876,1.197547422877946,450331,20450,429881
20877,1.197490060832495,450331,20450,429881
20878,1.1974327042820194,450331,20450,429881
20879,1.1973753532257292,450331,20450,429881
20880,1.1973180076628354,450331,20450,429881
20881,1.1972606675925483,450331,20450,429881
20882,1.1972033330140792,450331,20450,429881
20883,1.1971460039266388,450331,20450,429881
20884,1.1970886803294387,450331,20450,429881
20885,1.1970313622216902,450331,20450,429881
20886,1.1969740496026047,450331,20450,429881
20887,1.1969167424713938,450331,20450,429881
20888,1.1968594408272692,450331,20450,429881
20889,1.1968021446694432,450331,20450,429881
20890,1.1967448539971277,450331,20450,429881
20891,1.1966875688095353,450331,20450,429881
20892,1.1966302891058778,450331,20450,429881
20893,1.1965730148853684,450331,20450,429881
20894,1.1965157461472193,450331,20450,429881
20895,1.1964584828906437,450331,20450,429881
20896,1.1964012251148546,450331,20450,429881
20897,1.196343972819065,450331,20450,429881
20898,1.1962867260024883,450331,20450,429881
20899,1.196229484664338,450331,20450,429881
20900,1.1961722488038278,450331,20450,429881
20901,1.1961150184201712,450331,20450,429881
20902,1.1960577935125825,450331,20450,429881
20903,1.1960005740802755,450331,20450,429881
20904,1.1959433601224645,450331,20450,429881
20905,1.195886151638364,450331,20450,429881
20906,1.1958289486271885,450331,20450,429881
20907,1.1957717510881523,450331,20450,429881
20908,1.1957145590204705,450331,20450,429881
20909,1.1956573724233583,450331,20450,429881
20910,1.1956001912960306,450331,20450,429881
20911,1.1955430156377027,450331,20450,429881
20912,1.1954858454475898,450331,20450,429881
20913,1.195428680724908,450331,20450,429881
20914,1.1953715214688725,450331,20450,429881
20915,1.1953143676786995,450331,20450,429881
20916,1.1952572193536048,450331,20450,429881
20917,1.1952000764928048,450331,20450,429881
20918,1.1951429390955157,450331,20450,429881
20919,1.1950858071609542,450331,20450,429881
20920,1.1950286806883366,450331,20450,429881
20921,1.1949715596768797,450331,20450,429881
20922,1.1949144441258006,450331,20450,429881
20923,1.1948573340343163,450331,20450,429881
20924,1.194800229401644,450331,20450,429881
20925,1.1947431302270013,450331,20450,429881
20926,1.1946860365096053,450331,20450,429881
20927,1.194628948248674,450331,20450,429881
20928,1.194571865443425,450331,20450,429881
20929,1.1945147880930767,450331,20450,429881
20930,1.1944577161968466,450331,20450,429881
20931,1.1944006497539534,450331,20450,429881
20932,1.1943435887636156,450331,20450,429881
20933,1.1942865332250514,450331,20450,429881
20934,1.1942294831374798,450331,20450,429881
20935,1.1941724385001193,450331,20450,429881
20936,1.1941153993121896,450331,20450,429881
20937,1.1940583655729091,450331,20450,429881
20938,1.1940013372814977,450331,20450,429881
20939,1.1939443144371746,450331,20450,429881
20940,1.1938872970391594,450331,20450,429881
20941,1.193830285086672,450331,20450,429881
20942,1.1937732785789323,450331,20450,429881
20943,1.1937162775151602,450331,20450,429881
20944,1.193659281894576,450331,20450,429881
20945,1.1936022917164002,450331,20450,429881
20946,1.193545306979853,450331,20450,429881
20947,1.1934883276841552,450331,20450,429881
20948,1.1934313538285277,450331,20450,429881
20949,1.1933743854121914,450331,20450,429881
20950,1.1933174224343674,450331,20450,429881
20951,1.193260464894277,450331,20450,429881
20952,1.1932035127911416,450331,20450,429881
20953,1.1931465661241827,450331,20450,429881
20954,1.193089624892622,450331,20450,429881
20955,1.1930326890956813,450331,20450,429881
20956,1.1929757587325827,450331,20450,429881
20957,1.192918833802548,450331,20450,429881
20958,1.1928619143048,450331,20450,429881
20959,1.192805000238561,450331,20450,429881
20960,1.1927480916030535,450331,20450,429881
20961,1.1926911883975002,450331,20450,429881
20962,1.192634290621124,450331,20450,429881
20963,1.192577398273148,450331,20450,429881
20964,1.1925205113527952,450331,20450,429881
20965,1.1924636298592892,450331,20450,429881
20966,1.1924067537918535,450331,20450,429881
20967,1.1923498831497115,450331,20450,429881
20968,1.192293017932087,450331,20450,429881
20969,1.192236158138204,450331,20450,429881
20970,1.1921793037672865,450331,20450,429881
20971,1.192122454818559,450331,20450,429881
20972,1.1920656112912456,450331,20450,429881
20973,1.1920087731845705,450331,20450,429881
20974,1.1919519404977592,450331,20450,429881
20975,1.1918951132300357,450331,20450,429881
20976,1.1918382913806256,450331,20450,429881
20977,1.1917814749487534,450331,20450,429881
20978,1.1917246639336447,450331,20450,429881
20979,1.191667858334525,450331,20450,429881
20980,1.1916110581506196,450331,20450,429881
20981,1.1915542633811544,450331,20450,429881
20982,1.191497474025355,450331,20450,429881
20983,1.1914406900824477,450331,20450,429881
20984,1.1913839115516585,450331,20450,429881
20985,1.1913271384322135,450331,20450,429881
20986,1.1912703707233394,450331,20450,429881
20987,1.1912136084242626,450331,20450,429881
20988,1.19115685153421,450331,20450,429881
20989,1.1911001000524084,450331,20450,429881
20990,1.1910433539780847,450331,20450,429881
20991,1.1909866133104663,450331,20450,429881
20992,1.1909298780487805,450331,20450,429881
20993,1.1908731481922545,450331,20450,429881
20994,1.1908164237401162,450331,20450,429881
20995,1.1907597046915932,450331,20450,429881
20996,1.1907029910459135,450331,20450,429881
20997,1.190646282802305,450331,20450,429881
20998,1.1905895799599961,450331,20450,429881
20999,1.190532882518215,450331,20450,429881
21000,1.1904761904761905,450331,20450,429881
21001,1.1904195038331509,450331,20450,429881
21002,1.190362822588325,450331,20450,429881
21003,1.1903061467409417,450331,20450,429881
21004,1.1902494762902305,450331,20450,429881
21005,1.19019281123542,450331,20450,429881
21006,1.1901361515757403,450331,20450,429881
21007,1.1900794973104203,450331,20450,429881
21008,1.19002284843869,450331,20450,429881
21009,1.1899662049597792,450331,20450,429881
21010,1.1899095668729176,450331,20450,429881
21011,1.1898529341773356,450331,20450,429881
21012,1.1897963068722635,450331,20450,429881
21013,1.1897396849569315,450331,20450,429881
21014,1.1896830684305701,450331,20450,429881
21015,1.1896264572924102,450331,20450,429881
21016,1.1895698515416826,450331,20450,429881
21017,1.189513251177618,450331,20450,429881
21018,1.1894566561994482,450331,20450,429881
21019,1.1894000666064037,450331,20450,429881
21020,1.1893434823977165,450331,20450,429881
21021,1.189286903572618,450331,20450,429881
21022,1.1892303301303397,450331,20450,429881
21023,1.1891737620701137,450331,20450,429881
21024,1.189117199391172,450331,20450,429881
21025,1.1890606420927468,450331,20450,429881
21026,1.1890040901740702,450331,20450,429881
21027,1.1889475436343748,450331,20450,429881
21028,1.1888910024728934,450331,20450,429881
21029,1.1888344666888582,450331,20450,429881
21030,1.1887779362815025,450331,20450,429881
21031,1.1887214112500595,450331,20450,429881
21032,1.1886648915937619,450331,20450,429881
21033,1.1886083773118432,450331,20450,429881
21034,1.1885518684035372,450331,20450,429881
21035,1.188495364868077,450331,20450,429881
21036,1.1884388667046968,450331,20450,429881
21037,1.18838237391263,450331,20450,429881
21038,1.1883258864911113,450331,20450,429881
21039,1.1882694044393745,450331,20450,429881
21040,1.188212927756654,450331,20450,429881
21041,1.1881564564421843,450331,20450,429881
21042,1.1880999904952,450331,20450,429881
21043,1.1880435299149361,450331,20450,429881
21044,1.1879870747006274,450331,20450,429881
21045,1.1879306248515087,450331,20450,429881
21046,1.1878741803668156,450331,20450,429881
21047,1.1878177412457833,450331,20450,429881
21048,1.1877613074876472,450331,20450,429881
21049,1.1877048790916434,450331,20450,429881
21050,1.187648456057007,450331,20450,429881
21051,1.1875920383829748,450331,20450,429881
21052,1.1875356260687822,450331,20450,429881
21053,1.1874792191136656,450331,20450,429881
21054,1.1874228175168613,450331,20450,429881
21055,1.1873664212776063,450331,20450,429881
21056,1.1873100303951367,450331,20450,429881
21057,1.1872536448686897,450331,20450,429881
21058,1.1871972646975022,450331,20450,429881
21059,1.1871408898808111,450331,20450,429881
21060,1.1870845204178537,450331,20450,429881
21061,1.1870281563078677,450331,20450,429881
21062,1.1869717975500902,450331,20450,429881
21063,1.1869154441437593,450331,20450,429881
21064,1.1868590960881125,450331,20450,429881
21065,1.186802753382388,450331,20450,429881
21066,1.1867464160258236,450331,20450,429881
21067,1.186690084017658,450331,20450,429881
21068,1.1866337573571293,450331,20450,429881
21069,1.1865774360434762,450331,20450,429881
21070,1.1865211200759374,450331,20450,429881
21071,1.1864648094537515,450331,20450,429881
21072,1.1864085041761578,450331,20450,429881
21073,1.1863522042423955,450331,20450,429881
21074,1.1862959096517036,450331,20450,429881
21075,1.1862396204033214,450331,20450,429881
21076,1.1861833364964889,450331,20450,429881
21077,1.1861270579304455,450331,20450,429881
21078,1.1860707847044312,450331,20450,429881
21079,1.1860145168176859,450331,20450,429881
21080,1.1859582542694498,450331,20450,429881
21081,1.185901997058963,450331,20450,429881
21082,1.1858457451854663,450331,20450,429881
21083,1.1857894986482,450331,20450,429881
21084,1.1857332574464048,450331,20450,429881
21085,1.1856770215793218,450331,20450,429881
21086,1.1856207910461918,450331,20450,429881
21087,1.185564565846256,450331,20450,429881
21088,1.1855083459787557,450331,20450,429881
21089,1.1854521314429323,450331,20450,429881
21090,1.1853959222380275,450331,20450,429881
21091,1.185339718363283,450331,20450,429881
21092,1.1852835198179406,450331,20450,429881
21093,1.185227326601242,450331,20450,429881
21094,1.1851711387124302,450331,20450,429881
21095,1.1851149561507466,450331,20450,429881
21096,1.185058778915434,450331,20450,429881
21097,1.1850026070057353,450331,20450,429881
21098,1.184946440420893,450331,20450,429881
21099,1.1848902791601497,450331,20450,429881
21100,1.1848341232227488,450331,20450,429881
21101,1.1847779726079333,450331,20450,429881
21102,1.1847218273149465,450331,20450,429881
21103,1.184665687343032,450331,20450,429881
21104,1.1846095526914329,450331,20450,429881
21105,1.1845534233593935,450331,20450,429881
21106,1.1844972993461576,450331,20450,429881
21107,1.184441180650969,450331,20450,429881
21108,1.1843850672730718,450331,20450,429881
21109,1.1843289592117106,450331,20450,429881
21110,1.1842728564661298,450331,20450,429881
21111,1.1842167590355739,450331,20450,429881
21112,1.1841606669192877,450331,20450,429881
21113,1.184104580116516,450331,20450,429881
21114,1.1840484986265036,450331,20450,429881
21115,1.1839924224484963,450331,20450,429881
21116,1.183936351581739,450331,20450,429881
21117,1.1838802860254771,450331,20450,429881
21118,1.1838242257789564,450331,20450,429881
21119,1.1837681708414225,450331,20450,429881
21120,1.183712121212121,450331,20450,429881
21121,1.1836560768902988,450331,20450,429881
21122,1.1836000378752012,450331,20450,429881
21123,1.183544004166075,450331,20450,429881
21124,1.1834879757621664,450331,20450,429881
21125,1.183431952662722,450331,20450,429881
21126,1.1833759348669886,450331,20450,429881
21127,1.183319922374213,450331,20450,429881
21128,1.1832639151836426,450331,20450,429881
21129,1.1832079132945241,450331,20450,429881
21130,1.183151916706105,450331,20450,429881
21131,1.1830959254176328,450331,20450,429881
21132,1.183039939428355,450331,20450,429881
21133,1.1829839587375195,450331,20450,429881
21134,1.182927983344374,450331,20450,429881
21135,1.1828720132481665,450331,20450,429881
21136,1.1828160484481454,450331,20450,429881
21137,1.1827600889435588,450331,20450,429881
21138,1.182704134733655,450331,20450,429881
21139,1.182648185817683,450331,20450,429881
21140,1.1825922421948911,450331,20450,429881
21141,1.1825363038645287,450331,20450,429881
21142,1.1824803708258442,450331,20450,429881
21143,1.1824244430780873,450331,20450,429881
21144,1.182368520620507,450331,20450,429881
21145,1.1823126034523528,450331,20450,429881
21146,1.1822566915728743,450331,20450,429881
21147,1.1822007849813212,450331,20450,429881
21148,1.1821448836769435,450331,20450,429881
21149,1.182088987658991,450331,20450,429881
21150,1.1820330969267139,450331,20450,429881
21151,1.1819772114793627,450331,20450,429881
21152,1.1819213313161876,450331,20450,429881
21153,1.1818654564364393,450331,20450,429881
21154,1.1818095868393685,450331,20450,429881
21155,1.181753722524226,450331,20450,429881
21156,1.1816978634902628,450331,20450,429881
21157,1.1816420097367302,450331,20450,429881
21158,1.1815861612628793,450331,20450,429881
21159,1.1815303180679617,450331,20450,429881
21160,1.1814744801512287,450331,20450,429881
21161,1.1814186475119324,450331,20450,429881
21162,1.1813628201493243,450331,20450,429881
21163,1.1813069980626565,450331,20450,429881
21164,1.1812511812511812,450331,20450,429881
21165,1.1811953697141506,450331,20450,429881
21166,1.1811395634508173,450331,20450,429881
21167,1.1810837624604338,450331,20450,429881
21168,1.1810279667422525,450331,20450,429881
21169,1.1809721762955265,450331,20450,429881
21170,1.1809163911195086,450331,20450,429881
21171,1.1808606112134523,450331,20450,429881
21172,1.1808048365766106,450331,20450,429881
21173,1.1807490672082368,450331,20450,429881
21174,1.1806933031075848,450331,20450,429881
21175,1.1806375442739079,450331,20450,429881
21176,1.1805817907064602,450331,20450,429881
21177,1.1805260424044954,450331,20450,429881
21178,1.180470299367268,450331,20450,429881
21179,1.1804145615940318,450331,20450,429881
21180,1.1803588290840414,450331,20450,429881
21181,1.1803031018365515,450331,20450,429881
21182,1.1802473798508166,450331,20450,429881
21183,1.1801916631260916,450331,20450,429881
21184,1.1801359516616314,450331,20450,429881
21185,1.180080245456691,450331,20450,429881
21186,1.1800245445105257,450331,20450,429881
21187,1.1799688488223912,450331,20450,429881
21188,1.1799131583915423,450331,20450,429881
21189,1.1798574732172353,450331,20450,429881
21190,1.179801793298726,450331,20450,429881
21191,1.1797461186352698,450331,20450,429881
21192,1.179690449226123,450331,20450,429881
21193,1.1796347850705422,450331,20450,429881
21194,1.1795791261677833,450331,20450,429881
21195,1.179523472517103,450331,20450,429881
21196,1.179467824117758,450331,20450,429881
21197,1.179412180969005,450331,20450,429881
21198,1.179356543070101,450331,20450,429881
21199,1.179300910420303,450331,20450,429881
21200,1.179245283018868,450331,20450,429881
21201,1.1791896608650536,450331,20450,429881
21202,1.179134043958117,450331,20450,429881
21203,1.1790784322973165,450331,20450,429881
21204,1.179022825881909,450331,20450,429881
21205,1.1789672247111531,450331,20450,429881
21206,1.1789116287843062,450331,20450,429881
21207,1.1788560381006272,450331,20450,429881
21208,1.1788004526593738,450331,20450,429881
21209,1.1787448724598049,450331,20450,429881
21210,1.1786892975011787,450331,20450,429881
21211,1.1786337277827543,450331,20450,429881
21212,1.1785781633037904,450331,20450,429881
21213,1.178522604063546,450331,20450,429881
21214,1.1784670500612804,450331,20450,429881
21215,1.1784115012962526,450331,20450,429881
21216,1.1783559577677225,450331,20450,429881
21217,1.1783004194749493,450331,20450,429881
21218,1.178244886417193,450331,20450,429881
21219,1.178189358593713,450331,20450,429881
21220,1.17813383600377,450331,20450,429881
21221,1.1780783186466237,450331,20450,429881
21222,1.1780228065215343,450331,20450,429881
21223,1.1779672996277624,450331,20450,429881
21224,1.1779117979645684,450331,20450,429881
21225,1.1778563015312131,450331,20450,429881
21226,1.1778008103269575,450331,20450,429881
21227,1.1777453243510623,450331,20450,429881
21228,1.1776898436027887,450331,20450,429881
21229,1.177634368081398,450331,20450,429881
21230,1.1775788977861517,450331,20450,429881
21231,1.177523432716311,450331,20450,429881
21232,1.177467972871138,450331,20450,429881
21233,1.177412518249894,450331,20450,429881
21234,1.1773570688518413,450331,20450,429881
21235,1.177301624676242,450331,20450,429881
21236,1.1772461857223582,450331,20450,429881
21237,1.1771907519894524,450331,20450,429881
21238,1.177135323476787,450331,20450,429881
21239,1.1770799001836245,450331,20450,429881
21240,1.177024482109228,450331,20450,429881
21241,1.17696906925286,450331,20450,429881
21242,1.176913661613784,450331,20450,429881
21243,1.176858259191263,450331,20450,429881
21244,1.1768028619845603,450331,20450,429881
21245,1.1767474699929394,450331,20450,429881
21246,1.1766920832156642,450331,20450,429881
21247,1.1766367016519979,450331,20450,429881
21248,1.1765813253012047,450331,20450,429881
21249,1.1765259541625488,450331,20450,429881
21250,1.1764705882352942,450331,20450,429881
21251,1.176415227518705,450331,20450,429881
21252,1.1763598720120458,450331,20450,429881
21253,1.1763045217145816,450331,20450,429881
21254,1.1762491766255763,450331,20450,429881
21255,1.1761938367442955,450331,20450,429881
21256,1.1761385020700037,450331,20450,429881
21257,1.1760831726019665,450331,20450,429881
21258,1.1760278483394486,450331,20450,429881
21259,1.175972529281716,450331,20450,429881
21260,1.175917215428034,450331,20450,429881
21261,1.175861906777668,450331,20450,429881
21262,1.1758066033298844,450331,20450,429881
21263,1.1757513050839485,450331,20450,429881
21264,1.175696012039127,450331,20450,429881
21265,1.175640724194686,450331,20450,429881
21266,1.1755854415498919,450331,20450,429881
21267,1.175530164104011,450331,20450,429881
21268,1.17547489185631,450331,20450,429881
21269,1.1754196248060558,450331,20450,429881
21270,1.1753643629525152,450331,20450,429881
21271,1.1753091062949557,450331,20450,429881
21272,1.1752538548326439,450331,20450,429881
21273,1.1751986085648474,450331,20450,429881
21274,1.1751433674908338,450331,20450,429881
21275,1.1750881316098707,450331,20450,429881
21276,1.1750329009212257,450331,20450,429881
21277,1.174977675424167,450331,20450,429881
21278,1.1749224551179622,450331,20450,429881
21279,1.1748672400018798,450331,20450,429881
21280,1.1748120300751879,450331,20450,429881
21281,1.1747568253371552,450331,20450,429881
21282,1.1747016257870502,450331,20450,429881
21283,1.1746464314241414,450331,20450,429881
21284,1.1745912422476978,450331,20450,429881
21285,1.1745360582569886,450331,20450,429881
21286,1.1744808794512824,450331,20450,429881
21287,1.1744257058298493,450331,20450,429881
21288,1.174370537391958,450331,20450,429881
21289,1.1743153741368781,450331,20450,429881
21290,1.1742602160638798,450331,20450,429881
21291,1.1742050631722325,450331,20450,429881
21292,1.174149915461206,450331,20450,429881
21293,1.1740947729300708,450331,20450,429881
21294,1.174039635578097,450331,20450,429881
21295,1.173984503404555,450331,20450,429881
21296,1.1739293764087153,450331,20450,429881
21297,1.1738742545898484,450331,20450,429881
21298,1.1738191379472251,450331,20450,429881
21299,1.1737640264801164,450331,20450,429881
21300,1.1737089201877935,450331,20450,429881
21301,1.1736538190695271,450331,20450,429881
21302,1.1735987231245892,450331,20450,429881
21303,1.1735436323522508,450331,20450,429881
21304,1.1734885467517837,450331,20450,429881
21305,1.1734334663224595,450331,20450,429881
21306,1.1733783910635502,450331,20450,429881
21307,1.1733233209743277,450331,20450,429881
21308,1.1732682560540642,450331,20450,429881
21309,1.173213196302032,450331,20450,429881
21310,1.1731581417175034,450331,20450,429881
21311,1.1731030922997514,450331,20450,429881
21312,1.173048048048048,450331,20450,429881
21313,1.1729930089616667,450331,20450,429881
21314,1.1729379750398798,450331,20450,429881
21315,1.172882946281961,450331,20450,429881
21316,1.1728279226871834,450331,20450,429881
21317,1.17277290425482,450331,20450,429881
21318,1.172717890984145,450331,20450,429881
21319,1.1726628828744312,450331,20450,429881
21320,1.172607879924953,450331,20450,429881
21321,1.1725528821349842,450331,20450,429881
21322,1.172497889503799,450331,20450,429881
21323,1.172442902030671,450331,20450,429881
21324,1.1723879197148752,450331,20450,429881
21325,1.1723329425556859,450331,20450,429881
21326,1.1722779705523774,450287,20405,429882
21327,1.1722230037042247,450287,20405,429882
21328,1.1721680420105027,450287,20405,429882
21329,1.1721130854704862,450287,20405,429882
21330,1.1720581340834506,450287,20405,429882
21331,1.172003187848671,450287,20405,429882
21332,1.1719482467654228,450287,20405,429882
21333,1.1718933108329819,450287,20405,429882
21334,1.1718383800506234,450287,20405,429882
21335,1.1717834544176235,450287,20405,429882
21336,1.1717285339332584,450287,20405,429882
21337,1.1716736185968037,450287,20405,429882
21338,1.1716187084075358,450287,20405,429882
21339,1.1715638033647313,450287,20405,429882
21340,1.1715089034676665,450287,20405,429882
21341,1.1714540087156178,450287,20405,429882
21342,1.1713991191078625,450287,20405,429882
21343,1.171344234643677,450287,20405,429882
21344,1.171289355322339,450287,20405,429882
21345,1.1712344811431248,450287,20405,429882
21346,1.1711796121053124,450287,20405,429882
21347,1.1711247482081792,450287,20405,429882
21348,1.1710698894510025,450287,20405,429882
21349,1.17101503583306,450287,20405,429882
21350,1.17096018735363,450287,20405,429882
21351,1.17090534401199,450287,20405,429882
21352,1.1708505058074186,450287,20405,429882
21353,1.1707956727391935,450287,20405,429882
21354,1.1707408448065937,450287,20405,429882
21355,1.1706860220088973,450287,20405,429882
21356,1.170631204345383,450287,20405,429882
21357,1.1705763918153298,450287,20405,429882
21358,1.1705215844180166,450287,20405,429882
21359,1.1704667821527226,450287,20405,429882
21360,1.1704119850187267,450287,20405,429882
21361,1.1703571930153083,450287,20405,429882
21362,1.170302406141747,450287,20405,429882
21363,1.1702476243973226,450287,20405,429882
21364,1.1701928477813144,450287,20405,429882
21365,1.1701380762930025,450287,20405,429882
21366,1.1700833099316672,450287,20405,429882
21367,1.1700285486965882,450287,20405,429882
21368,1.1699737925870461,450287,20405,429882
21369,1.169919041602321,450287,20405,429882
21370,1.169864295741694,450287,20405,429882
21371,1.1698095550044452,450287,20405,429882
21372,1.169754819389856,450287,20405,429882
21373,1.1697000888972067,450287,20405,429882
21374,1.169645363525779,450287,20405,429882
21375,1.1695906432748537,450287,20405,429882
21376,1.1695359281437125,450287,20405,429882
21377,1.1694812181316367,450287,20405,429882
21378,1.169426513237908,450287,20405,429882
21379,1.1693718134618083,450287,20405,429882
21380,1.1693171188026192,450287,20405,429882
21381,1.169262429259623,450287,20405,429882
21382,1.1692077448321017,450287,20405,429882
21383,1.1691530655193378,450287,20405,429882
21384,1.1690983913206134,450287,20405,429882
21385,1.1690437222352117,450287,20405,429882
21386,1.1689890582624147,450287,20405,429882
21387,1.1689343994015056,450287,20405,429882
21388,1.1688797456517674,450287,20405,429882
21389,1.1688250970124832,450287,20405,429882
21390,1.168770453482936,450287,20405,429882
21391,1.1687158150624095,450287,20405,429882
21392,1.168661181750187,450287,20405,429882
21393,1.1686065535455523,450287,20405,429882
21394,1.1685519304477892,450287,20405,429882
21395,1.1684973124561813,450287,20405,429882
21396,1.168442699570013,450287,20405,429882
21397,1.1683880917885685,450287,20405,429882
21398,1.1683334891111319,450287,20405,429882
21399,1.1682788915369877,450287,20405,429882
21400,1.1682242990654206,450287,20405,429882
21401,1.1681697116957153,450287,20405,429882
21402,1.1681151294271563,450287,20405,429882
21403,1.168060552259029,450287,20405,429882
21404,1.1680059801906186,450287,20405,429882
21405,1.16795141322121,450287,20405,429882
21406,1.1678968513500887,450287,20405,429882
21407,1.1678422945765403,450287,20405,429882
21408,1.1677877428998504,450287,20405,429882
21409,1.167733196319305,450287,20405,429882
21410,1.1676786548341895,450287,20405,429882
21411,1.1676241184437905,450287,20405,429882
21412,1.167569587147394,450287,20405,429882
21413,1.1675150609442861,450287,20405,429882
21414,1.1674605398337536,450287,20405,429882
21415,1.167406023815083,450287,20405,429882
21416,1.1673515128875607,450287,20405,429882
21417,1.167297007050474,450287,20405,429882
21418,1.1672425063031096,450287,20405,429882
21419,1.1671880106447547,450287,20405,429882
21420,1.1671335200746966,450287,20405,429882
21421,1.1670790345922226,450287,20405,429882
21422,1.1670245541966202,450287,20405,429882
21423,1.1669700788871773,450287,20405,429882
21424,1.1669156086631816,450287,20405,429882
21425,1.1668611435239207,450287,20405,429882
21426,1.166806683468683,450287,20405,429882
21427,1.1667522284967564,450287,20405,429882
21428,1.1666977786074295,450287,20405,429882
21429,1.1666433337999906,450287,20405,429882
21430,1.1665888940737283,450287,20405,429882
21431,1.1665344594279314,450287,20405,429882
21432,1.1664800298618887,450287,20405,429882
21433,1.1664256053748892,450287,20405,429882
21434,1.1663711859662218,450287,20405,429882
21435,1.166316771635176,450287,20405,429882
21436,1.1662623623810413,450287,20405,429882
21437,1.1662079582031069,450287,20405,429882
21438,1.1661535591006624,450287,20405,429882
21439,1.1660991650729977,450287,20405,429882
21440,1.166044776119403,450287,20405,429882
21441,1.165990392239168,450287,20405,429882
21442,1.1659360134315828,450287,20405,429882
21443,1.1658816396959382,450287,20405,429882
21444,1.165827271031524,450287,20405,429882
21445,1.165772907437631,450287,20405,429882
21446,1.1657185489135504,450287,20405,429882
21447,1.1656641954585722,450287,20405,429882
21448,1.165609847071988,450287,20405,429882
21449,1.1655555037530887,450287,20405,429882
21450,1.1655011655011656,450287,20405,429882
21451,1.1654468323155098,450287,20405,429882
21452,1.165392504195413,450287,20405,429882
21453,1.1653381811401669,450287,20405,429882
21454,1.1652838631490632,450287,20405,429882
21455,1.1652295502213936,450287,20405,429882
21456,1.1651752423564503,450287,20405,429882
21457,1.1651209395535256,450287,20405,429882
21458,1.1650666418119116,450287,20405,429882
21459,1.1650123491309008,450287,20405,429882
21460,1.1649580615097856,450287,20405,429882
21461,1.164903778947859,450287,20405,429882
21462,1.1648495014444133,450287,20405,429882
21463,1.164795228998742,450287,20405,429882
21464,1.1647409616101378,450287,20405,429882
21465,1.1646866992778941,450287,20405,429882
21466,1.1646324420013043,450287,20405,429882
21467,1.1645781897796619,450287,20405,429882
21468,1.16452394261226,450287,20405,429882
21469,1.164469700498393,450287,20405,429882
21470,1.1644154634373545,450287,20405,429882
21471,1.1643612314284384,450287,20405,429882
21472,1.164307004470939,450287,20405,429882
21473,1.1642527825641504,450287,20405,429882
21474,1.164198565707367,450287,20405,429882
21475,1.1641443538998837,450287,20405,429882
21476,1.1640901471409946,450287,20405,429882
21477,1.164035945429995,450287,20405,429882
21478,1.1639817487661794,450287,20405,429882
21479,1.163927557148843,450287,20405,429882
21480,1.1638733705772812,450287,20405,429882
21481,1.163819189050789,450287,20405,429882
21482,1.163765012568662,450287,20405,429882
21483,1.163710841130196,450287,20405,429882
21484,1.1636566747346864,450287,20405,429882
21485,1.163602513381429,450287,20405,429882
21486,1.1635483570697198,450287,20405,429882
21487,1.163494205798855,450287,20405,429882
21488,1.1634400595681311,450287,20405,429882
21489,1.163385918376844,450287,20405,429882
21490,1.1633317822242903,450287,20405,429882
21491,1.1632776511097669,450287,20405,429882
21492,1.1632235250325702,450287,20405,429882
21493,1.1631694039919973,450287,20405,429882
21494,1.1631152879873452,450287,20405,429882
21495,1.1630611770179111,450287,20405,429882
21496,1.1630070710829923,450287,20405,429882
21497,1.162952970181886,450287,20405,429882
21498,1.1628988743138897,450287,20405,429882
21499,1.1628447834783013,450287,20405,429882
21500,1.1627906976744187,450287,20405,429882
21501,1.1627366169015394,450287,20405,429882
21502,1.1626825411589619,450287,20405,429882
21503,1.1626284704459844,450287,20405,429882
21504,1.1625744047619047,450287,20405,429882
21505,1.162520344106022,450287,20405,429882
21506,1.1624662884776342,450142,20405,429737
21507,1.1624122378760404,450142,20405,429737
21508,1.1623581923005393,450142,20405,429737
21509,1.16230415175043,450142,20405,429737
21510,1.1622501162250116,450142,20405,429737
21511,1.1621960857235833,450142,20405,429737
21512,1.1621420602454444,450142,20405,429737
21513,1.1620880397898945,450142,20405,429737
21514,1.162034024356233,450142,20405,429737
21515,1.1619800139437602,450142,20405,429737
21516,1.1619260085517755,450142,20405,429737
21517,1.161872008179579,450142,20405,429737
21518,1.1618180128264708,450142,20405,429737
21519,1.1617640224917514,450142,20405,429737
21520,1.161710037174721,450142,20405,429737
21521,1.1616560568746805,450142,20405,429737
21522,1.1616020815909303,450142,20405,429737
21523,1.161548111322771,450142,20405,429737
21524,1.1614941460695039,450142,20405,429737
21525,1.1614401858304297,450142,20405,429737
21526,1.16138623060485,450142,20405,429737
21527,1.1613322803920658,450142,20405,429737
21528,1.1612783351913787,450142,20405,429737
21529,1.1612243950020902,450142,20405,429737
21530,1.1611704598235022,450142,20405,429737
21531,1.1611165296549162,450142,20405,429737
21532,1.1610626044956345,450142,20405,429737
21533,1.161008684344959,450142,20405,429737
21534,1.160954769202192,450142,20405,429737
21535,1.1609008590666356,450142,20405,429737
21536,1.160846953937593,450142,20405,429737
21537,1.160793053814366,450142,20405,429737
21538,1.1607391586962579,450142,20405,429737
21539,1.160685268582571,450142,20405,429737
21540,1.1606313834726092,450142,20405,429737
21541,1.1605775033656747,450142,20405,429737
21542,1.1605236282610714,450142,20405,429737
21543,1.1604697581581025,450142,20405,429737
21544,1.1604158930560713,450142,20405,429737
21545,1.1603620329542816,450142,20405,429737
21546,1.1603081778520374,450142,20405,429737
21547,1.1602543277486426,450142,20405,429737
21548,1.1602004826434007,450142,20405,429737
21549,1.1601466425356166,450142,20405,429737
21550,1.160092807424594,450142,20405,429737
21551,1.1600389773096376,450142,20405,429737
21552,1.159985152190052,450142,20405,429737
21553,1.1599313320651417,450142,20405,429737
21554,1.1598775169342117,450142,20405,429737
21555,1.1598237067965669,450142,20405,429737
21556,1.1597699016515124,450142,20405,429737
21557,1.1597161014983532,450142,20405,429737
21558,1.1596623063363949,450142,20405,429737
21559,1.1596085161649428,450142,20405,429737
21560,1.1595547309833023,450142,20405,429737
21561,1.1595009507907796,450142,20405,429737
21562,1.1594471755866802,450142,20405,429737
21563,1.1593934053703103,450142,20405,429737
21564,1.1593396401409757,450142,20405,429737
21565,1.1592858798979828,450142,20405,429737
21566,1.159232124640638,450142,20405,429737
21567,1.1591783743682478,450142,20405,429737
21568,1.1591246290801187,450142,20405,429737
21569,1.1590708887755574,450142,20405,429737
21570,1.1590171534538711,450142,20405,429737
21571,1.1589634231143666,450142,20405,429737
21572,1.1589096977563509,450142,20405,429737
21573,1.1588559773791314,450142,20405,429737
21574,1.1588022619820153,450142,20405,429737
21575,1.1587485515643106,450142,20405,429737
21576,1.1586948461253244,450142,20405,429737
21577,1.1586411456643648,450142,20405,429737
21578,1.1585874501807396,450142,20405,429737
21579,1.1585337596737568,450142,20405,429737
21580,1.1584800741427248,450142,20405,429737
21581,1.1584263935869514,450142,20405,429737
21582,1.1583727180057455,450142,20405,429737
21583,1.1583190473984155,450142,20405,429737
21584,1.1582653817642699,450142,20405,429737
21585,1.1582117211026175,450142,20405,429737
21586,1.1581580654127674,450142,20405,429737
21587,1.158104414694029,450142,20405,429737
21588,1.1580507689457107,450142,20405,429737
21589,1.1579971281671222,450142,20405,429737
21590,1.1579434923575729,450142,20405,429737
21591,1.1578898615163726,450142,20405,429737
21592,1.1578362356428307,450142,20405,429737
21593,1.157782614736257,450142,20405,429737
21594,1.1577289987959618,450142,20405,429737
21595,1.157675387821255,450142,20405,429737
21596,1.1576217818114465,450142,20405,429737
21597,1.157568180765847,450142,20405,429737
21598,1.1575145846837671,450142,20405,429737
21599,1.1574609935645168,450142,20405,429737
21600,1.1574074074074074,450142,20405,429737
21601,1.1573538262117495,450142,20405,429737
21602,1.157300249976854,450142,20405,429737
21603,1.1572466787020321,450142,20405,429737
21604,1.157193112386595,450142,20405,429737
21605,1.157139551029854,450142,20405,429737
21606,1.157085994631121,450142,20405,429737
21607,1.157032443189707,450142,20405,429737
21608,1.1569788967049242,450142,20405,429737
21609,1.156925355176084,450142,20405,429737
21610,1.1568718186024989,450142,20405,429737
21611,1.1568182869834807,450142,20405,429737
21612,1.1567647603183417,450142,20405,429737
21613,1.1567112386063942,450142,20405,429737
21614,1.1566577218469511,450142,20405,429737
21615,1.1566042100393246,450142,20405,429737
21616,1.1565507031828275,450142,20405,429737
21617,1.156497201276773,450142,20405,429737
21618,1.1564437043204736,450142,20405,429737
21619,1.156390212313243,450142,20405,429737
21620,1.1563367252543941,450142,20405,429737
21621,1.1562832431432404,450142,20405,429737
21622,1.1562297659790954,450142,20405,429737
21623,1.1561762937612727,450142,20405,429737
21624,1.1561228264890862,450142,20405,429737
21625,1.1560693641618498,450142,20405,429737
21626,1.1560159067788773,450142,20405,429737
21627,1.155962454339483,450142,20405,429737
21628,1.1559090068429814,450142,20405,429737
21629,1.1558555642886865,450142,20405,429737
21630,1.155802126675913,450142,20405,429737
21631,1.1557486940039758,450142,20405,429737
21632,1.1556952662721893,450142,20405,429737
21633,1.1556418434798688,450142,20405,429737
21634,1.155588425626329,450142,20405,429737
21635,1.1555350127108852,450142,20405,429737
21636,1.1554816047328527,450142,20405,429737
21637,1.155428201691547,450142,20405,429737
21638,1.1553748035862834,450142,20405,429737
21639,1.1553214104163778,450142,20405,429737
21640,1.155268022181146,450142,20405,429737
21641,1.1552146388799038,450142,20405,429737
21642,1.1551612605119674,450142,20405,429737
21643,1.155107887076653,450142,20405,429737
21644,1.1550545185732766,450142,20405,429737
21645,1.155001155001155,450142,20405,429737
21646,1.1549477963596047,450142,20405,429737
21647,1.154894442647942,450142,20405,429737
21648,1.154841093865484,450142,20405,429737
21649,1.154787750011548,450142,20405,429737
21650,1.1547344110854503,450142,20405,429737
21651,1.1546810770865088,450142,20405,429737
21652,1.1546277480140403,450142,20405,429737
21653,1.1545744238673625,450142,20405,429737
21654,1.1545211046457928,450142,20405,429737
21655,1.1544677903486493,450142,20405,429737
21656,1.1544144809752495,450142,20405,429737
21657,1.154361176524911,450142,20405,429737
21658,1.1543078769969526,450142,20405,429737
21659,1.154254582390692,450142,20405,429737
21660,1.154201292705448,450142,20405,429737
21661,1.1541480079405384,450142,20405,429737
21662,1.154094728095282,450142,20405,429737
21663,1.1540414531689978,450142,20405,429737
21664,1.1539881831610044,450142,20405,429737
21665,1.1539349180706209,450142,20405,429737
21666,1.153881657897166,450142,20405,429737
21667,1.1538284026399594,450142,20405,429737
21668,1.1537751522983202,450142,20405,429737
21669,1.1537219068715676,450142,20405,429737
21670,1.1536686663590217,450142,20405,429737
21671,1.153615430760002,450142,20405,429737
21672,1.153562200073828,450142,20405,429737
21673,1.1535089742998201,450142,20405,429737
21674,1.1534557534372982,450142,20405,429737
21675,1.1534025374855825,450142,20405,429737
21676,1.1533493264439934,450142,20405,429737
21677,1.1532961203118512,450142,20405,429737
21678,1.1532429190884768,450142,20405,429737
21679,1.1531897227731907,450142,20405,429737
21680,1.1531365313653137,450142,20405,429737
21681,1.1530833448641669,450142,20405,429737
21682,1.1530301632690712,450142,20405,429737
21683,1.1529769865793478,450142,20405,429737
21684,1.1529238147943184,450142,20405,429737
21685,1.1528706479133042,450142,20405,429737
21686,1.1528174859356266,450142,20405,429737
21687,1.1527643288606078,450142,20405,429737
21688,1.152711176687569,450142,20405,429737
21689,1.1526580294158328,450142,20405,429737
21690,1.152604887044721,450142,20405,429737
21691,1.1525517495735558,450142,20405,429737
21692,1.1524986170016596,450142,20405,429737
21693,1.1524454893283547,450142,20405,429737
21694,1.1523923665529638,450142,20405,429737
21695,1.1523392486748099,450142,20405,429737
21696,1.1522861356932153,450094,20531,429563
21697,1.1522330276075032,450094,20531,429563
21698,1.152179924416997,450094,20531,429563
21699,1.1521268261210194,450094,20531,429563
21700,1.152073732718894,450094,20531,429563
21701,1.1520206442099443,450094,20531,429563
21702,1.1519675605934936,450094,20531,429563
21703,1.151914481868866,450094,20531,429563
21704,1.1518614080353853,450094,20531,429563
21705,1.151808339092375,450094,20531,429563
21706,1.1517552750391598,450094,20531,429563
21707,1.1517022158750634,450094,20531,429563
21708,1.1516491615994104,450094,20531,429563
21709,1.1515961122115252,450094,20531,429563
21710,1.1515430677107323,450094,20531,429563
21711,1.1514900280963567,450094,20531,429563
21712,1.1514369933677229,450094,20531,429563
21713,1.151383963524156,450094,20531,429563
21714,1.151330938564981,450094,20531,429563
21715,1.1512779184895234,450094,20531,429563
21716,1.151224903297108,450094,20531,429563
21717,1.151171892987061,450094,20531,429563
21718,1.151118887558707,450094,20531,429563
21719,1.1510658870113726,450094,20531,429563
21720,1.1510128913443831,450094,20531,429563
21721,1.1509599005570645,450094,20531,429563
21722,1.1509069146487432,450094,20531,429563
21723,1.150853933618745,450094,20531,429563
21724,1.1508009574663967,450094,20531,429563
21725,1.1507479861910241,450094,20531,429563
21726,1.1506950197919543,450094,20531,429563
21727,1.1506420582685137,450094,20531,429563
21728,1.1505891016200294,450094,20531,429563
21729,1.1505361498458282,450094,20531,429563
21730,1.150483202945237,450094,20531,429563
21731,1.1504302609175832,450094,20531,429563
21732,1.150377323762194,450094,20531,429563
21733,1.150324391478397,450094,20531,429563
21734,1.1502714640655194,450094,20531,429563
21735,1.1502185415228894,450094,20531,429563
21736,1.1501656238498343,450094,20531,429563
21737,1.1501127110456826,450094,20531,429563
21738,1.1500598031097617,450094,20531,429563
21739,1.1500069000414002,450094,20531,429563
21740,1.1499540018399264,450094,20531,429563
21741,1.1499011085046686,450094,20531,429563
21742,1.1498482200349553,450094,20531,429563
21743,1.1497953364301154,450094,20531,429563
21744,1.1497424576894775,450094,20531,429563
21745,1.1496895838123706,450094,20531,429563
21746,1.1496367147981237,450094,20531,429563
21747,1.149583850646066,450094,20531,429563
21748,1.149530991355527,450094,20531,429563
21749,1.1494781369258358,450094,20531,429563
21750,1.1494252873563218,450094,20531,429563
21751,1.1493724426463152,450094,20531,429563
21752,1.1493196027951453,450094,20531,429563
21753,1.1492667678021422,450094,20531,429563
21754,1.149213937666636,450094,20531,429563
21755,1.1491611123879568,450094,20531,429563
21756,1.1491082919654347,450094,20531,429563
21757,1.1490554763984004,450094,20531,429563
21758,1.1490026656861845,450094,20531,429563
21759,1.1489498598281171,450094,20531,429563
21760,1.1488970588235294,450094,20531,429563
21761,1.1488442626717523,450094,20531,429563
21762,1.1487914713721166,449994,20528,429466
21763,1.1487386849239536,449994,20528,429466
21764,1.1486859033265944,449994,20528,429466
21765,1.1486331265793706,449994,20528,429466
21766,1.1485803546816136,449994,20528,429466
21767,1.1485275876326548,449994,20528,429466
21768,1.1484748254318264,449994,20528,429466
21769,1.1484220680784603,449994,20528,429466
21770,1.148369315571888,449994,20528,429466
21771,1.1483165679114418,449994,20528,429466
21772,1.148263825096454,449994,20528,429466
21773,1.1482110871262572,449994,20528,429466
21774,1.1481583540001836,449994,20528,429466
21775,1.148105625717566,449994,20528,429466
21776,1.148052902277737,449994,20528,429466
21777,1.1480001836800293,449994,20528,429466
21778,1.1479474699237764,449994,20528,429466
21779,1.1478947610083108,449994,20528,429466
21780,1.147842056932966,449994,20528,429466
21781,1.1477893576970755,449994,20528,429466
21782,1.1477366632999724,449994,20528,429466
21783,1.1476839737409907,449994,20528,429466
21784,1.1476312890194638,449994,20528,429466
21785,1.1475786091347258,449994,20528,429466
21786,1.1475259340861104,449994,20528,429466
21787,1.1474732638729517,449994,20528,429466
21788,1.1474205984945842,449994,20528,429466
21789,1.1473679379503419,449994,20528,429466
21790,1.1473152822395594,449994,20528,429466
21791,1.1472626313615713,449994,20528,429466
21792,1.1472099853157123,449994,20528,429466
21793,1.147157344101317,449994,20528,429466
21794,1.1471047077177206,449994,20528,429466
21795,1.1470520761642578,449994,20528,429466
21796,1.1469994494402642,449994,20528,429466
21797,1.146946827545075,449994,20528,429466
21798,1.1468942104780255,449994,20528,429466
21799,1.1468415982384512,449994,20528,429466
21800,1.146788990825688,449994,20528,429466
21801,1.1467363882390715,449994,20528,429466
21802,1.146683790477938,449994,20528,429466
21803,1.1466311975416228,449994,20528,429466
21804,1.1465786094294625,449994,20528,429466
21805,1.1465260261407935,449994,20528,429466
21806,1.1464734476749519,449994,20528,429466
21807,1.1464208740312745,449994,20528,429466
21808,1.1463683052090976,449994,20528,429466
21809,1.1463157412077583,449994,20528,429466
21810,1.1462631820265934,449994,20528,429466
21811,1.1462106276649398,449994,20528,429466
21812,1.1461580781221345,449994,20528,429466
21813,1.1461055333975152,449994,20528,429466
21814,1.146052993490419,449994,20528,429466
21815,1.1460004584001833,449994,20528,429466
21816,1.145947928126146,449994,20528,429466
21817,1.1458954026676444,449994,20528,429466
21818,1.145842882024017,449994,20528,429466
21819,1.145790366194601,449994,20528,429466
21820,1.1457378551787352,449994,20528,429466
21821,1.1456853489757572,449994,20528,429466
21822,1.145632847585006,449994,20528,429466
21823,1.1455803510058196,449994,20528,429466
21824,1.1455278592375366,449994,20528,429466
21825,1.145475372279496,449994,20528,429466
21826,1.1454228901310364,449994,20528,429466
21827,1.1453704127914968,449994,20528,429466
21828,1.1453179402602163,449994,20528,429466
21829,1.1452654725365339,449994,20528,429466
21830,1.1452130096197892,449994,20528,429466
21831,1.1451605515093215,449994,20528,429466
21832,1.1451080982044706,449994,20528,429466
21833,1.1450556497045756,449994,20528,429466
21834,1.1450032060089768,449994,20528,429466
21835,1.144950767117014,449994,20528,429466
21836,1.1448983330280271,449994,20528,429466
21837,1.1448459037413563,449994,20528,429466
21838,1.1447934792563421,449994,20528,429466
21839,1.1447410595723246,449994,20528,429466
21840,1.1446886446886446,449994,20528,429466
21841,1.1446362346046426,449994,20528,429466
21842,1.1445838293196593,449994,20528,429466
21843,1.1445314288330357,449994,20528,429466
21844,1.1444790331441128,449994,20528,429466
21845,1.1444266422522316,449994,20528,429466
21846,1.1443742561567336,449994,20528,429466
21847,1.1443218748569597,449994,20528,429466
21848,1.144269498352252,449994,20528,429466
21849,1.1442171266419516,449994,20528,429466
21850,1.1441647597254005,449994,20528,429466
21851,1.1441123976019405,449994,20528,429466
21852,1.1440600402709133,449994,20528,429466
21853,1.1440076877316616,449994,20528,429466
21854,1.143955339983527,449994,20528,429466
21855,1.1439029970258523,449994,20528,429466
21856,1.1438506588579795,449994,20528,429466
21857,1.1437983254792514,449994,20528,429466
21858,1.143745996889011,449994,20528,429466
21859,1.1436936730866005,449994,20528,429466
21860,1.1436413540713632,449994,20528,429466
21861,1.143589039842642,449994,20528,429466
21862,1.1435367303997805,449994,20528,429466
21863,1.1434844257421215,449994,20528,429466
21864,1.1434321258690083,449994,20528,429466
21865,1.1433798307797851,449994,20528,429466
21866,1.143327540473795,449994,20528,429466
21867,1.143275254950382,449994,20528,429466
21868,1.1432229742088897,449994,20528,429466
21869,1.1431706982486625,449994,20528,429466
21870,1.1431184270690444,449994,20528,429466
21871,1.1430661606693795,449994,20528,429466
21872,1.1430138990490124,449994,20528,429466
21873,1.1429616422072875,449994,20528,429466
21874,1.1429093901435494,449994,20528,429466
21875,1.1428571428571428,449994,20528,429466
21876,1.1428049003474128,449994,20528,429466
21877,1.142752662613704,449994,20528,429466
21878,1.1427004296553616,449994,20528,429466
21879,1.142648201471731,449994,20528,429466
21880,1.1425959780621573,449994,20528,429466
21881,1.142543759425986,449994,20528,429466
21882,1.1424915455625628,449994,20528,429466
21883,1.1424393364712333,449994,20528,429466
21884,1.1423871321513435,449994,20528,429466
21885,1.142334932602239,449994,20528,429466
21886,1.142282737823266,449994,20528,429466
21887,1.1422305478137706,449994,20528,429466
21888,1.1421783625730995,449994,20528,429466
21889,1.1421261821005986,449994,20528,429466
21890,1.1420740063956145,449994,20528,429466
21891,1.142021835457494,449994,20528,429466
21892,1.1419696692855839,449994,20528,429466
21893,1.1419175078792307,449994,20528,429466
21894,1.141865351237782,449994,20528,429466
21895,1.1418131993605847,449994,20528,429466
21896,1.1417610522469857,449994,20528,429466
21897,1.141708909896333,449994,20528,429466
21898,1.1416567723079734,449994,20528,429466
21899,1.141604639481255,449994,20528,429466
21900,1.1415525114155252,449994,20528,429466
21901,1.141500388110132,449994,20528,429466
21902,1.1414482695644232,449994,20528,429466
21903,1.1413961557777474,449994,20528,429466
21904,1.1413440467494522,449994,20528,429466
21905,1.141291942478886,449994,20528,429466
21906,1.1412398429653976,449994,20528,429466
21907,1.1411877482083352,449994,20528,429466
21908,1.1411356582070475,449994,20528,429466
21909,1.1410835729608837,449994,20528,429466
21910,1.1410314924691922,449994,20528,429466
21911,1.140979416731322,449994,20528,429466
21912,1.140927345746623,449994,20528,429466
21913,1.1408752795144435,449994,20528,429466
21914,1.1408232180341333,449994,20528,429466
21915,1.1407711613050422,449994,20528,429466
21916,1.1407191093265194,449994,20528,429466
21917,1.140667062097915,449994,20528,429466
21918,1.1406150196185783,449994,20528,429466
21919,1.1405629818878598,449994,20528,429466
21920,1.1405109489051095,449994,20528,429466
21921,1.1404589206696776,449994,20528,429466
21922,1.1404068971809143,449994,20528,429466
21923,1.1403548784381698,449994,20528,429466
21924,1.1403028644407955,449994,20528,429466
21925,1.1402508551881414,449994,20528,429466
21926,1.1401988506795586,449994,20528,429466
21927,1.1401468509143977,449994,20528,429466
21928,1.1400948558920103,449994,20528,429466
21929,1.140042865611747,449994,20528,429466
21930,1.1399908800729595,449994,20528,429466
21931,1.1399388992749988,449994,20528,429466
21932,1.1398869232172169,449994,20528,429466
21933,1.139834951898965,449994,20528,429466
21934,1.139782985319595,449994,20528,429466
21935,1.139731023478459,449994,20528,429466
21936,1.1396790663749088,449994,20528,429466
21937,1.1396271140082965,449994,20528,429466
21938,1.1395751663779743,449994,20528,429466
21939,1.1395232234832946,449994,20528,429466
21940,1.1394712853236098,449994,20528,429466
21941,1.1394193518982727,449994,20528,429466
21942,1.1393674232066358,449994,20528,429466
21943,1.1393154992480519,449994,20528,429466
21944,1.1392635800218738,449994,20528,429466
21945,1.139211665527455,449994,20528,429466
21946,1.1391597557641484,449994,20528,429466
21947,1.1391078507313073,449994,20528,429466
21948,1.1390559504282851,449994,20528,429466
21949,1.1390040548544353,449994,20528,429466
21950,1.1389521640091116,449994,20528,429466
21951,1.1389002778916677,449994,20528,429466
21952,1.1388483965014577,449994,20528,429466
21953,1.1387965198378354,449994,20528,429466
21954,1.1387446479001548,449994,20528,429466
21955,1.1386927806877705,449994,20528,429466
21956,1.1386409182000365,449994,20528,429466
21957,1.1385890604363074,449994,20528,429466
21958,1.1385372073959377,449994,20528,429466
21959,1.1384853590782822,449994,20528,429466
21960,1.138433515482696,449994,20528,429466
21961,1.1383816766085333,449994,20528,429466
21962,1.1383298424551498,449994,20528,429466
21963,1.1382780130219006,449994,20528,429466
21964,1.1382261883081406,449994,20528,429466
21965,1.1381743683132255,449994,20528,429466
21966,1.1381225530365109,449994,20528,429466
21967,1.1380707424773524,449994,20528,429466
21968,1.1380189366351057,449994,20528,429466
21969,1.1379671355091265,449994,20528,429466
21970,1.137915339098771,449994,20528,429466
21971,1.1378635474033953,449994,20528,429466
21972,1.1378117604223557,449994,20528,429466
21973,1.1377599781550085,449994,20528,429466
21974,1.13770820060071,449994,20528,429466
21975,1.1376564277588168,449994,20528,429466
21976,1.1376046596286857,449994,20528,429466
21977,1.1375528962096737,449994,20528,429466
21978,1.1375011375011375,449994,20528,429466
21979,1.1374493835024342,449994,20528,429466
21980,1.1373976342129208,449994,20528,429466
21981,1.1373458896319548,449994,20528,429466
21982,1.1372941497588935,449994,20528,429466
21983,1.1372424145930946,449994,20528,429466
21984,1.1371906841339157,449994,20528,429466
21985,1.137138958380714,449994,20528,429466
21986,1.1370872373328482,449994,20528,429466
21987,1.1370355209896756,449994,20528,429466
21988,1.1369838093505549,449994,20528,429466
21989,1.1369321024148438,449994,20528,429466
21990,1.1368804001819008,449994,20528,429466
21991,1.1368287026510846,449994,20528,429466
21992,1.1367770098217533,449994,20528,429466
21993,1.136725321693266,449994,20528,429466
21994,1.1366736382649814,449994,20528,429466
21995,1.1366219595362583,449994,20528,429466
21996,1.1365702855064557,449994,20528,429466
21997,1.136518616174933,449994,20528,429466
21998,1.1364669515410493,449994,20528,429466
21999,1.1364152916041639,449994,20528,429466
22000,1.1363636363636365,449994,20528,429466
22001,1.1363119858188264,449994,20528,429466
22002,1.1362603399690938,449994,20528,429466
22003,1.136208698813798,449994,20528,429466
22004,1.1361570623522996,449994,20528,429466
22005,1.1361054305839582,449994,20528,429466
22006,1.1360538035081342,449994,20528,429466
22007,1.1360021811241878,449994,20528,429466
22008,1.1359505634314795,449994,20528,429466
22009,1.1358989504293697,449994,20528,429466
22010,1.1358473421172195,449994,20528,429466
22011,1.135795738494389,449994,20528,429466
22012,1.13574413956024,449994,20528,429466
22013,1.1356925453141327,449994,20528,429466
22014,1.1356409557554283,449994,20528,429466
22015,1.1355893708834885,449994,20528,429466
22016,1.1355377906976745,449994,20528,429466
22017,1.1354862151973475,449994,20528,429466
22018,1.1354346443818695,449994,20528,429466
22019,1.1353830782506018,449994,20528,429466
22020,1.1353315168029066,449994,20528,429466
22021,1.1352799600381454,449994,20528,429466
22022,1.1352284079556807,449994,20528,429466
22023,1.1351768605548744,449994,20528,429466
22024,1.135125317835089,449994,20528,429466
22025,1.1350737797956867,449994,20528,429466
22026,1.1350222464360302,449994,20528,429466
22027,1.134970717755482,449994,20528,429466
22028,1.1349191937534047,449994,20528,429466
22029,1.1348676744291615,449994,20528,429466
22030,1.1348161597821154,449994,20528,429466
22031,1.134764649811629,449994,20528,429466
22032,1.1347131445170662,449994,20528,429466
22033,1.1346616438977897,449994,20528,429466
22034,1.1346101479531634,449994,20528,429466
22035,1.1345586566825505,449994,20528,429466
22036,1.1345071700853149,449994,20528,429466
22037,1.1344556881608205,449994,20528,429466
22038,1.134404210908431,449994,20528,429466
22039,1.1343527383275103,449994,20528,429466
22040,1.134301270417423,449994,20528,429466
22041,1.1342498071775329,449994,20528,429466
22042,1.1341983486072045,449994,20528,429466
22043,1.1341468947058022,449994,20528,429466
22044,1.134095445472691,449994,20528,429466
22045,1.1340440009072352,449994,20528,429466
22046,1.1339925610087997,449994,20528,429466
22047,1.1339411257767498,449994,20528,429466
22048,1.13388969521045,449994,20528,429466
22049,1.1338382693092657,449994,20528,429466
22050,1.1337868480725624,449994,20528,429466
22051,1.1337354314997052,449994,20528,429466
22052,1.13368401959006,449994,20528,429466
22053,1.1336326123429918,449994,20528,429466
22054,1.133581209757867,449994,20528,429466
22055,1.1335298118340513,449994,20528,429466
22056,1.1334784185709104,449994,20528,429466
22057,1.1334270299678106,449994,20528,429466
22058,1.1333756460241182,449994,20528,429466
22059,1.1333242667391994,449994,20528,429466
22060,1.1332728921124207,449994,20528,429466
22061,1.1332215221431485,449994,20528,429466
22062,1.1331701568307497,449994,20528,429466
22063,1.133118796174591,449994,20528,429466
22064,1.1330674401740393,449994,20528,429466
22065,1.1330160888284613,449994,20528,429466
22066,1.1329647421372246,449994,20528,429466
22067,1.1329134000996963,449994,20528,429466
22068,1.1328620627152437,449994,20528,429466
22069,1.1328107299832344,449994,20528,429466
22070,1.1327594019030358,449994,20528,429466
22071,1.1327080784740158,449994,20528,429466
22072,1.132656759695542,449994,20528,429466
22073,1.1326054455669823,449994,20528,429466
22074,1.132554136087705,449994,20528,429466
22075,1.1325028312570782,449994,20528,429466
22076,1.13245153107447,449994,20528,429466
22077,1.132400235539249,449994,20528,429466
22078,1.1323489446507835,449994,20528,429466
22079,1.1322976584084423,449994,20528,429466
22080,1.1322463768115942,449994,20528,429466
22081,1.1321950998596078,449994,20528,429466
22082,1.1321438275518523,449994,20528,429466
22083,1.1320925598876965,449994,20528,429466
22084,1.1320412968665097,449994,20528,429466
22085,1.1319900384876613,449994,20528,429466
22086,1.1319387847505207,449994,20528,429466
22087,1.1318875356544573,449994,20528,429466
22088,1.131836291198841,449994,20528,429466
22089,1.1317850513830414,449994,20528,429466
22090,1.1317338162064283,449994,20528,429466
22091,1.1316825856683717,449994,20528,429466
22092,1.131631359768242,449994,20528,429466
22093,1.131580138505409,449994,20528,429466
22094,1.1315289218792433,449994,20528,429466
22095,1.1314777098891151,449994,20528,429466
22096,1.1314265025343955,449994,20528,429466
22097,1.1313752998144544,449994,20528,429466
22098,1.1313241017286633,449994,20528,429466
22099,1.1312729082763926,449994,20528,429466
22100,1.1312217194570136,449994,20528,429466
22101,1.1311705352698973,449994,20528,429466
22102,1.131119355714415,449994,20528,429466
22103,1.131068180789938,449994,20528,429466
22104,1.131017010495838,449994,20528,429466
22105,1.130965844831486,449994,20528,429466
22106,1.1309146837962545,449994,20528,429466
22107,1.1308635273895147,449994,20528,429466
22108,1.1308123756106387,449994,20528,429466
22109,1.1307612284589985,449994,20528,429466
22110,1.1307100859339665,449994,20528,429466
22111,1.1306589480349147,449994,20528,429466
22112,1.1306078147612155,449994,20528,429466
22113,1.1305566861122416,449994,20528,429466
22114,1.1305055620873654,449994,20528,429466
22115,1.1304544426859597,449994,20528,429466
22116,1.1304033279073973,449994,20528,429466
22117,1.1303522177510512,449994,20528,429466
22118,1.1303011122162945,449994,20528,429466
22119,1.1302500113025,449994,20528,429466
22120,1.1301989150090417,449994,20528,429466
22121,1.1301478233352922,449994,20528,429466
22122,1.1300967362806256,449994,20528,429466
22123,1.1300456538444152,449994,20528,429466
22124,1.129994576026035,449994,20528,429466
22125,1.1299435028248588,449994,20528,429466
22126,1.1298924342402603,449994,20528,429466
22127,1.129841370271614,449994,20528,429466
22128,1.1297903109182936,449994,20528,429466
22129,1.1297392561796737,449994,20528,429466
22130,1.1296882060551288,449994,20528,429466
22131,1.1296371605440332,449994,20528,429466
22132,1.1295861196457617,449994,20528,429466
22133,1.129535083359689,449994,20528,429466
22134,1.1294840516851903,449994,20528,429466
22135,1.12943302462164,449994,20528,429466
22136,1.1293820021684133,449994,20528,429466
22137,1.129330984324886,449994,20528,429466
22138,1.1292799710904327,449994,20528,429466
22139,1.1292289624644294,449994,20528,429466
22140,1.1291779584462511,449994,20528,429466
22141,1.129126959035274,449994,20528,429466
22142,1.1290759642308734,449994,20528,429466
22143,1.1290249740324256,449994,20528,429466
22144,1.1289739884393064,449994,20528,429466
22145,1.1289230074508918,449994,20528,429466
22146,1.1288720310665583,449994,20528,429466
22147,1.128821059285682,449994,20528,429466
22148,1.1287700921076396,449994,20528,429466
22149,1.1287191295318073,449994,20528,429466
22150,1.1286681715575622,449994,20528,429466
22151,1.1286172181842806,449994,20528,429466
22152,1.1285662694113399,449994,20528,429466
22153,1.1285153252381168,449994,20528,429466
22154,1.1284643856639884,449994,20528,429466
22155,1.128413450688332,449994,20528,429466
22156,1.1283625203105254,449994,20528,429466
22157,1.1283115945299453,449994,20528,429466
22158,1.12826067334597,449994,20528,429466
22159,1.1282097567579765,449994,20528,429466
22160,1.128158844765343,449994,20528,429466
22161,1.1281079373674474,449994,20528,429466
22162,1.1280570345636676,449994,20528,429466
22163,1.1280061363533818,449994,20528,429466
22164,1.1279552427359683,449994,20528,429466
22165,1.1279043537108053,449994,20528,429466
22166,1.1278534692772715,449994,20528,429466
22167,1.1278025894347454,449994,20528,429466
22168,1.1277517141826054,449994,20528,429466
22169,1.127700843520231,449994,20528,429466
22170,1.1276499774470004,449994,20528,429466
22171,1.1275991159622931,449994,20528,429466
22172,1.127548259065488,449994,20528,429466
22173,1.1274974067559644,449994,20336,429658
22174,1.1274465590331018,449994,20336,429658
22175,1.1273957158962795,449994,20336,429658
22176,1.1273448773448773,449994,20336,429658
22177,1.1272940433782748,449994,20336,429658
22178,1.1272432139958517,449994,20336,429658
22179,1.1271923891969882,449994,20336,429658
22180,1.127141568981064,449994,20336,429658
22181,1.1270907533474595,449994,20336,429658
22182,1.127039942295555,449994,20336,429658
22183,1.1269891358247306,449994,20336,429658
22184,1.126938333934367,449994,20336,429658
22185,1.1268875366238449,449994,20528,429466
22186,1.1268367438925448,449994,20528,429466
22187,1.1267859557398476,449994,20528,429466
22188,1.1267351721651344,449994,20528,429466
22189,1.126684393167786,449994,20528,429466
22190,1.1266336187471835,449994,20528,429466
22191,1.1265828489027083,449994,20528,429466
22192,1.1265320836337418,449994,20528,429466
22193,1.1264813229396657,449994,20528,429466
22194,1.1264305668198613,449994,20528,429466
22195,1.1263798152737103,449994,20528,429466
22196,1.1263290683005946,449994,20528,429466
22197,1.1262783258998963,449994,20528,429466
22198,1.1262275880709973,449994,20528,429466
22199,1.1261768548132798,449994,20528,429466
22200,1.1261261261261262,449994,20528,429466
22201,1.1260754020089185,449994,20528,429466
22202,1.1260246824610396,449994,20528,429466
22203,1.1259739674818718,449994,20528,429466
22204,1.125923257070798,449994,20528,429466
22205,1.125872551227201,449994,20528,429466
22206,1.1258218499504637,449994,20528,429466
22207,1.1257711532399695,449994,20528,429466
22208,1.1257204610951008,449994,20528,429466
22209,1.1256697735152417,449994,20528,429466
22210,1.125619090499775,449994,20528,429466
22211,1.1255684120480842,449994,20528,429466
22212,1.1255177381595534,449994,20528,429466
22213,1.125467068833566,449994,20528,429466
22214,1.1254164040695058,449994,20528,429466
22215,1.1253657438667568,449994,20528,429466
22216,1.125315088224703,449994,20528,429466
22217,1.1252644371427285,449994,20528,429466
22218,1.1252137906202178,449994,20528,429466
22219,1.1251631486565552,449994,20528,429466
22220,1.125112511251125,449994,20528,429466
22221,1.1250618784033122,449994,20528,429466
22222,1.1250112501125011,449994,20528,429466
22223,1.1249606263780767,449994,20528,429466
22224,1.124910007199424,449994,20528,429466
22225,1.124859392575928,449994,20528,429466
22226,1.124808782506974,449994,20528,429466
22227,1.1247581769919468,449994,20528,429466
22228,1.124707576030232,449994,20528,429466
22229,1.1246569796212156,449994,20528,429466
22230,1.1246063877642825,449994,20528,429466
22231,1.1245558004588188,449994,20528,429466
22232,1.12450521770421,449994,20528,429466
22233,1.1244546394998425,449994,20528,429466
22234,1.124404065845102,449994,20528,429466
22235,1.124353496739375,449994,20528,429466
22236,1.124302932182047,449994,20528,429466
22237,1.1242523721725053,449994,20528,429466
22238,1.1242018167101357,449994,20528,429466
22239,1.1241512657943253,449994,20528,429466
22240,1.1241007194244603,449994,20528,429466
22241,1.124050177599928,449994,20528,429466
22242,1.1239996403201151,449994,20528,429466
22243,1.1239491075844086,449994,20528,429466
22244,1.1238985793921956,449994,20528,429466
22245,1.1238480557428636,449994,20528,429466
22246,1.1237975366357997,449994,20528,429466
22247,1.1237470220703916,449994,20528,429466
22248,1.1236965120460267,449996,20537,429459
22249,1.1236460065620926,449996,20537,429459
22250,1.1235955056179776,449996,20537,429459
22251,1.123545009213069,449996,20537,429459
22252,1.1234945173467554,449996,20537,429459
22253,1.1234440300184245,449996,20537,429459
22254,1.1233935472274648,449996,20537,429459
22255,1.1233430689732644,449996,20537,429459
22256,1.123292595255212,449996,20537,429459
22257,1.1232421260726961,449996,20537,429459
22258,1.1231916614251056,449996,20537,429459
22259,1.123141201311829,449996,20537,429459
22260,1.1230907457322552,449996,20537,429459
22261,1.1230402946857734,449996,20537,429459
22262,1.1229898481717726,449996,20537,429459
22263,1.122939406189642,449996,20537,429459
22264,1.122888968738771,449996,20537,429459
22265,1.1228385358185493,449996,20537,429459
22266,1.122788107428366,449996,20537,429459
22267,1.1227376835676113,449996,20537,429459
22268,1.1226872642356744,449996,20537,429459
22269,1.1226368494319459,449996,20537,429459
22270,1.122586439155815,449996,20537,429459
22271,1.1225360334066723,449996,20537,429459
22272,1.122485632183908,449996,20537,429459
22273,1.1224352354869125,449996,20537,429459
22274,1.1223848433150758,449996,20537,429459
22275,1.122334455667789,449996,20537,429459
22276,1.1222840725444425,449996,20537,429459
22277,1.122233693944427,449996,20537,429459
22278,1.1221833198671336,449996,20537,429459
22279,1.122132950311953,449996,20537,429459
22280,1.1220825852782765,449996,20537,429459
22281,1.1220322247654952,449996,20537,429459
22282,1.1219818687730005,449996,20537,429459
22283,1.121931517300184,449996,20537,429459
22284,1.1218811703464369,449996,20537,429459
22285,1.121830827911151,449996,20537,429459
22286,1.121780489993718,449996,20537,429459
22287,1.1217301565935298,449996,20537,429459
22288,1.1216798277099784,449996,20537,429459
22289,1.121629503342456,449996,20537,429459
22290,1.1215791834903543,449996,20537,429459
22291,1.1215288681530662,449996,20537,429459
22292,1.121478557329984,449996,20537,429459
22293,1.1214282510204998,449996,20537,429459
22294,1.1213779492240064,449996,20537,429459
22295,1.121327651939897,449996,20537,429459
22296,1.1212773591675638,449996,20537,429459
22297,1.1212270709064,449996,20537,429459
22298,1.1211767871557987,449996,20537,429459
22299,1.1211265079151531,449996,20537,429459
22300,1.1210762331838564,449973,20542,429431
22301,1.1210259629613022,449973,20542,429431
22302,1.1209756972468836,449973,20542,429431
22303,1.1209254360399947,449973,20542,429431
22304,1.1208751793400287,449973,20542,429431
22305,1.1208249271463797,449873,20605,429268
22306,1.1207746794584417,449873,20605,429268
22307,1.1207244362756086,449873,20605,429268
22308,1.1206741975972745,449873,20605,429268
22309,1.1206239634228339,449873,20605,429268
22310,1.1205737337516808,449873,20605,429268
22311,1.1205235085832101,449873,20605,429268
22312,1.120473287916816,449873,20605,429268
22313,1.1204230717518935,449873,20605,429268
22314,1.1203728600878373,449873,20605,429268
22315,1.1203226529240422,449873,20605,429268
22316,1.1202724502599033,449873,20605,429268
22317,1.1202222520948155,449873,20605,429268
22318,1.1201720584281745,449873,20605,429268
22319,1.1201218692593755,449873,20605,429268
22320,1.1200716845878136,449873,20605,429268
22321,1.1200215044128847,449873,20605,429268
22322,1.1199713287339843,449873,20605,429268
22323,1.1199211575505084,449873,20605,429268
22324,1.1198709908618527,449873,20605,429268
22325,1.1198208286674132,449873,20605,429268
22326,1.119770670966586,449873,20605,429268
22327,1.1197205177587675,449873,20605,429268
22328,1.1196703690433536,449873,20605,429268
22329,1.119620224819741,449873,20605,429268
22330,1.1195700850873265,449873,20605,429268
22331,1.1195199498455062,449873,20605,429268
22332,1.1194698190936772,449873,20605,429268
22333,1.1194196928312363,449873,20605,429268
22334,1.1193695710575804,449873,20605,429268
22335,1.1193194537721065,449873,20605,429268
22336,1.119269340974212,449873,20605,429268
22337,1.1192192326632942,449873,20605,429268
22338,1.1191691288387502,449873,20605,429268
22339,1.1191190294999775,449873,20605,429268
22340,1.1190689346463742,449873,20605,429268
22341,1.1190188442773377,449873,20605,429268
22342,1.1189687583922656,449873,20605,429268
22343,1.1189186769905564,449873,20605,429268
22344,1.1188686000716075,449873,20605,429268
22345,1.1188185276348177,449873,20605,429268
22346,1.1187684596795846,449873,20605,429268
22347,1.118718396205307,449873,20605,429268
22348,1.1186683372113835,449873,20605,429268
22349,1.1186182826972124,449873,20605,429268
22350,1.1185682326621924,449873,20605,429268
22351,1.1185181871057224,449873,20605,429268
22352,1.1184681460272012,449873,20605,429268
22353,1.118418109426028,449873,20605,429268
22354,1.1183680773016016,449873,20605,429268
22355,1.1183180496533214,449873,20605,429268
22356,1.1182680264805869,449873,20605,429268
22357,1.1182180077827972,449873,20605,429268
22358,1.1181679935593523,449873,20605,429268
22359,1.1181179838096515,449873,20605,429268
22360,1.118067978533095,449873,20605,429268
22361,1.118017977729082,449873,20605,429268
22362,1.1179679813970127,449873,20605,429268
22363,1.1179179895362876,449873,20605,429268
22364,1.1178680021463065,449873,20605,429268
22365,1.11781801922647,449873,20605,429268
22366,1.117768040776178,449873,20605,429268
22367,1.1177180667948317,449873,20605,429268
22368,1.1176680972818311,449873,20605,429268
22369,1.1176181322365775,449873,20605,429268
22370,1.117568171658471,449873,20605,429268
22371,1.1175182155469134,449873,20605,429268
22372,1.1174682639013052,449873,20605,429268
22373,1.1174183167210476,449873,20605,429268
22374,1.1173683740055422,449873,20605,429268
22375,1.1173184357541899,449873,20605,429268
22376,1.1172685019663926,449873,20605,429268
22377,1.1172185726415516,449873,20605,429268
22378,1.1171686477790688,449873,20605,429268
22379,1.1171187273783458,449873,20605,429268
22380,1.1170688114387846,449873,20605,429268
22381,1.1170188999597874,449873,20605,429268
22382,1.116968992940756,449873,20605,429268
22383,1.1169190903810928,449873,20605,429268
22384,1.1168691922802,449873,20605,429268
22385,1.1168192986374805,449873,20605,429268
22386,1.1167694094523364,449873,20605,429268
22387,1.1167195247241704,449873,20605,429268
22388,1.1166696444523851,449873,20605,429268
22389,1.116619768636384,449873,20605,429268
22390,1.1165698972755695,449873,20605,429268
22391,1.1165200303693448,449873,20605,429268
22392,1.1164701679171132,449873,20605,429268
22393,1.1164203099182781,449873,20605,429268
22394,1.1163704563722425,449873,20605,429268
22395,1.1163206072784104,449873,20605,429268
22396,1.116270762636185,449873,20605,429268
22397,1.1162209224449704,449873,20605,429268
22398,1.11617108670417,449873,20605,429268
22399,1.116121255413188,449873,20605,429268
22400,1.1160714285714286,449873,20605,429268
22401,1.1160216061782957,449873,20605,429268
22402,1.1159717882331934,449873,20605,429268
22403,1.1159219747355265,449873,20605,429268
22404,1.1158721656846993,449873,20605,429268
22405,1.1158223610801161,449873,20605,429268
22406,1.115772560921182,449873,20605,429268
22407,1.1157227652073012,449873,20605,429268
22408,1.1156729739378792,449873,20605,429268
22409,1.115623187112321,449873,20605,429268
22410,1.1155734047300312,449873,20605,429268
22411,1.1155236267904154,449873,20605,429268
22412,1.1154738532928787,449873,20605,429268
22413,1.1154240842368268,449873,20605,429268
22414,1.115374319621665,449873,20605,429268
22415,1.115324559446799,449873,20605,429268
22416,1.1152748037116345,449873,20605,429268
22417,1.1152250524155776,449873,20605,429268
22418,1.1151753055580338,449873,20605,429268
22419,1.1151255631384094,449873,20605,429268
22420,1.1150758251561106,449873,20605,429268
22421,1.1150260916105437,449873,20605,429268
22422,1.1149763625011149,449873,20605,429268
22423,1.114926637827231,449873,20605,429268
22424,1.1148769175882982,449873,20605,429268
22425,1.1148272017837235,449873,20605,429268
22426,1.1147774904129135,449873,20605,429268
22427,1.1147277834752753,449873,20605,429268
22428,1.1146780809702157,449873,20605,429268
22429,1.1146283828971422,449873,20605,429268
22430,1.1145786892554614,449873,20605,429268
22431,1.114529000044581,449873,20605,429268
22432,1.1144793152639088,449873,20605,429268
22433,1.1144296349128515,449873,20605,429268
22434,1.1143799589908174,449873,20605,429268
22435,1.114330287497214,449873,20605,429268
22436,1.1142806204314495,449873,20605,429268
22437,1.1142309577929312,449873,20605,429268
22438,1.1141812995810678,449873,20605,429268
22439,1.1141316457952672,449873,20605,429268
22440,1.1140819964349375,449873,20605,429268
22441,1.1140323514994876,449873,20605,429268
22442,1.1139827109883254,449873,20605,429268
22443,1.11393307490086,449873,20605,429268
22444,1.1138834432364997,449873,20605,429268
22445,1.1138338159946537,449873,20605,429268
22446,1.1137841931747305,449873,20605,429268
22447,1.1137345747761394,449873,20605,429268
22448,1.1136849607982893,449873,20605,429268
22449,1.1136353512405899,449873,20605,429268
22450,1.1135857461024499,449873,20605,429268
22451,1.113536145383279,449873,20605,429268
22452,1.113486549082487,449873,20605,429268
22453,1.1134369571994833,449873,20605,429268
22454,1.1133873697336778,449873,20605,429268
22455,1.11333778668448,449873,20605,429268
22456,1.1132882080513002,449873,20605,429268
22457,1.1132386338335485,449873,20605,429268
22458,1.113189064030635,449873,20605,429268
22459,1.1131394986419698,449873,20605,429268
22460,1.1130899376669634,449873,20605,429268
22461,1.1130403811050265,449873,20605,429268
22462,1.1129908289555694,449873,20605,429268
22463,1.1129412812180028,449873,20605,429268
22464,1.1128917378917378,449873,20605,429268
22465,1.1128421989761852,449873,20605,429268
22466,1.1127926644707558,449873,20605,429268
22467,1.1127431343748608,449873,20605,429268
22468,1.1126936086879118,449873,20605,429268
22469,1.1126440874093195,449873,20605,429268
22470,1.1125945705384959,449873,20605,429268
22471,1.112545058074852,449873,20605,429268
22472,1.1124955500178,449873,20605,429268
22473,1.1124460463667512,449873,20605,429268
22474,1.1123965471211177,449873,20605,429268
22475,1.1123470522803114,449873,20605,429268
22476,1.1122975618437445,449873,20605,429268
22477,1.1122480758108289,449873,20605,429268
22478,1.1121985941809769,449873,20605,429268
22479,1.112149116953601,449873,20605,429268
22480,1.112099644128114,449873,20605,429268
22481,1.1120501757039278,449873,20605,429268
22482,1.1120007116804556,449873,20605,429268
22483,1.1119512520571098,449873,20605,429268
22484,1.1119017968333036,449873,20605,429268
22485,1.1118523460084502,449873,20605,429268
22486,1.1118028995819622,449873,20605,429268
22487,1.111753457553253,449873,20605,429268
22488,1.111704019921736,449873,20605,429268
22489,1.1116545866868246,449873,20605,429268
22490,1.1116051578479325,449873,20605,429268
22491,1.111555733404473,449873,20605,429268
22492,1.1115063133558598,449873,20605,429268
22493,1.1114568977015071,449873,20605,429268
22494,1.1114074864408288,449873,20605,429268
22495,1.1113580795732385,449873,20605,429268
22496,1.1113086770981508,449873,20605,429268
22497,1.1112592790149798,449873,20605,429268
22498,1.1112098853231398,449873,20605,429268
22499,1.1111604960220454,449873,20605,429268
22500,1.1111111111111112,449873,20605,429268
22501,1.1110617305897517,449873,20605,429268
22502,1.1110123544573816,449873,20605,429268
22503,1.110962982713416,449873,20605,429268
22504,1.1109136153572698,449873,20605,429268
22505,1.110864252388358,449873,20605,429268
22506,1.1108148938060962,449873,20605,429268
22507,1.1107655396098992,449873,20605,429268
22508,1.1107161897991824,449873,20605,429268
22509,1.1106668443733618,449873,20605,429268
22510,1.1106175033318526,449873,20605,429268
22511,1.1105681666740705,449873,20605,429268
22512,1.1105188343994314,449873,20605,429268
22513,1.1104695065073513,449873,20605,429268
22514,1.1104201829972462,449873,20605,429268
22515,1.1103708638685321,449873,20605,429268
22516,1.1103215491206253,449873,20605,429268
22517,1.1102722387529422,449873,20605,429268
22518,1.1102229327648991,449873,20605,429268
22519,1.1101736311559127,449873,20605,429268
22520,1.1101243339253997,449873,20605,429268
22521,1.1100750410727764,449873,20605,429268
22522,1.1100257525974602,449873,20605,429268
22523,1.1099764684988678,449873,20605,429268
22524,1.1099271887764162,449873,20605,429268
22525,1.1098779134295227,449873,20605,429268
22526,1.1098286424576045,449873,20605,429268
22527,1.109779375860079,449873,20605,429268
22528,1.1097301136363635,449873,20605,429268
22529,1.109680855785876,449873,20605,429268
22530,1.1096316023080337,449873,20605,429268
22531,1.1095823532022546,449873,20605,429268
22532,1.1095331084679567,449873,20605,429268
22533,1.1094838681045578,449873,20605,429268
22534,1.109434632111476,449873,20605,429268
22535,1.1093854004881296,449873,20605,429268
22536,1.1093361732339369,449873,20605,429268
22537,1.109286950348316,449873,20605,429268
22538,1.1092377318306859,449873,20605,429268
22539,1.109188517680465,449873,20605,429268
22540,1.109139307897072,449873,20605,429268
22541,1.1090901024799256,449873,20605,429268
22542,1.1090409014284446,449873,20605,429268
22543,1.1089917047420486,449873,20605,429268
22544,1.1089425124201562,449873,20605,429268
22545,1.1088933244621868,449873,20605,429268
22546,1.1088441408675596,449873,20605,429268
22547,1.1087949616356942,449873,20605,429268
22548,1.1087457867660102,449873,20605,429268
22549,1.1086966162579273,449873,20605,429268
22550,1.1086474501108647,449873,20605,429268
22551,1.108598288324243,449873,20605,429268
22552,1.1085491308974813,449873,20605,429268
22553,1.1084999778300004,449873,20605,429268
22554,1.1084508291212203,449873,20605,429268
22555,1.108401684770561,449873,20605,429268
22556,1.1083525447774427,449873,20605,429268
22557,1.1083034091412864,449873,20605,429268
22558,1.1082542778615125,449873,20605,429268
22559,1.1082051509375415,449873,20605,429268
22560,1.1081560283687943,449873,20605,429268
22561,1.1081069101546916,449873,20605,429268
22562,1.1080577962946547,449873,20605,429268
22563,1.1080086867881045,449873,20605,429268
22564,1.107959581634462,449873,20605,429268
22565,1.1079104808331486,449873,20605,429268
22566,1.1078613843835858,449873,20605,429268
22567,1.1078122922851952,449873,20605,429268
22568,1.1077632045373982,449873,20605,429268
22569,1.1077141211396162,449873,20605,429268
22570,1.1076650420912717,449873,20605,429268
22571,1.107615967391786,449873,20605,429268
22572,1.1075668970405812,449873,20605,429268
22573,1.1075178310370797,449873,20605,429268
22574,1.1074687693807035,449873,20605,429268
22575,1.1074197120708749,449873,20605,429268
22576,1.1073706591070163,449873,20605,429268
22577,1.1073216104885504,449873,20605,429268
22578,1.1072725662148994,449873,20605,429268
22579,1.1072235262854866,449873,20605,429268
22580,1.1071744906997343,449873,20605,429268
22581,1.1071254594570656,449873,20605,429268
22582,1.1070764325569038,449873,20605,429268
22583,1.1070274099986717,449873,20605,429268
22584,1.1069783917817924,449873,20605,429268
22585,1.1069293779056897,449873,20605,429268
22586,1.1068803683697865,449873,20605,429268
22587,1.106831363173507,449873,20605,429268
22588,1.106782362316274,449873,20605,429268
22589,1.106733365797512,449873,20605,429268
22590,1.1066843736166445,449873,20605,429268
22591,1.1066353857730955,449873,20605,429268
22592,1.106586402266289,449873,20605,429268
22593,1.106537423095649,449873,20605,429268
22594,1.1064884482606,449873,20605,429268
22595,1.1064394777605664,449873,20605,429268
22596,1.1063905115949726,449873,20605,429268
22597,1.106341549763243,449873,20605,429268
22598,1.1062925922648021,449873,20605,429268
22599,1.106243639099075,449873,20605,429268
22600,1.1061946902654867,449873,20605,429268
22601,1.1061457457634618,449873,20605,429268
22602,1.1060968055924254,449873,20605,429268
22603,1.1060478697518028,449873,20605,429268
22604,1.1059989382410194,449873,20605,429268
22605,1.1059500110595002,449873,20605,429268
22606,1.1059010882066709,449873,20605,429268
22607,1.105852169681957,449873,20605,429268
22608,1.105803255484784,449873,20605,429268
22609,1.1057543456145782,449873,20605,429268
22610,1.105705440070765,449873,20605,429268
22611,1.1056565388527708,449873,20605,429268
22612,1.1056076419600211,449873,20605,429268
22613,1.1055587493919428,449873,20605,429268
22614,1.1055098611479615,449873,20605,429268
22615,1.105460977227504,449873,20605,429268
22616,1.1054120976299964,449873,20605,429268
22617,1.1053632223548657,449873,20605,429268
22618,1.1053143514015387,449873,20605,429268
22619,1.1052654847694416,449873,20605,429268
22620,1.1052166224580018,449873,20605,429268
22621,1.105167764466646,449873,20605,429268
22622,1.1051189107948016,449873,20605,429268
22623,1.1050700614418953,449873,20605,429268
22624,1.105021216407355,449873,20605,429268
22625,1.1049723756906078,449873,20605,429268
22626,1.104923539291081,449873,20605,429268
22627,1.1048747072082026,449873,20605,429268
22628,1.1048258794414,449873,20605,429268
22629,1.1047770559901011,449873,20605,429268
22630,1.104728236853734,449873,20605,429268
22631,1.1046794220317264,449873,20605,429268
22632,1.1046306115235065,449873,20605,429268
22633,1.1045818053285026,449873,20605,429268
22634,1.104533003446143,449873,20605,429268
22635,1.104484205875856,449873,20605,429268
22636,1.1044354126170701,449873,20605,429268
22637,1.1043866236692141,449873,20605,429268
22638,1.1043378390317167,449873,20605,429268
22639,1.1042890587040064,449873,20605,429268
22640,1.1042402826855124,449873,20605,429268
22641,1.1041915109756637,449873,20605,429268
22642,1.1041427435738893,449873,20605,429268
22643,1.1040939804796184,449873,20605,429268
22644,1.1040452216922805,449873,20605,429268
22645,1.103996467211305,449873,20605,429268
22646,1.1039477170361212,449873,20605,429268
22647,1.1038989711661589,449873,20605,429268
22648,1.1038502296008477,449873,20605,429268
22649,1.1038014923396176,449873,20605,429268
22650,1.1037527593818985,449873,20605,429268
22651,1.1037040307271202,449873,20605,429268
22652,1.103655306374713,449873,20605,429268
22653,1.1036065863241071,449873,20605,429268
22654,1.1035578705747329,449873,20605,429268
22655,1.1035091591260207,449873,20605,429268
22656,1.1034604519774012,449873,20605,429268
22657,1.1034117491283046,449873,20605,429268
22658,1.1033630505781622,449873,20605,429268
22659,1.1033143563264045,449873,20605,429268
22660,1.1032656663724625,449873,20605,429268
22661,1.1032169807157672,449873,20605,429268
22662,1.1031682993557497,449873,20605,429268
22663,1.1031196222918414,449873,20605,429268
22664,1.1030709495234734,449873,20605,429268
22665,1.1030222810500772,449873,20605,429268
22666,1.1029736168710844,449873,20605,429268
22667,1.1029249569859267,449873,20605,429268
22668,1.1028763013940357,449873,20605,429268
22669,1.102827650094843,449873,20605,429268
22670,1.1027790030877813,449873,20605,429268
22671,1.1027303603722818,449873,20605,429268
22672,1.102681721947777,449873,20605,429268
22673,1.1026330878136992,449873,20605,429268
22674,1.1025844579694806,449873,20605,429268
22675,1.1025358324145536,449873,20605,429268
22676,1.1024872111483506,449873,20605,429268
22677,1.1024385941703048,449873,20605,429268
22678,1.1023899814798483,449873,20605,429268
22679,1.1023413730764142,449873,20605,429268
22680,1.1022927689594357,449873,20605,429268
22681,1.1022441691283453,449873,20605,429268
22682,1.1021955735825766,449873,20605,429268
22683,1.1021469823215624,449873,20605,429268
22684,1.1020983953447363,449873,20605,429268
22685,1.102049812651532,449873,20605,429268
22686,1.1020012342413823,449873,20605,429268
22687,1.1019526601137215,449873,20605,429268
22688,1.101904090267983,449873,20605,429268
22689,1.1018555247036008,449873,20605,429268
22690,1.1018069634200087,449873,20605,429268
22691,1.101758406416641,449873,20605,429268
22692,1.1017098536929315,449873,20605,429268
22693,1.1016613052483144,449873,20605,429268
22694,1.1016127610822244,449873,20605,429268
22695,1.1015642211940957,449873,20605,429268
22696,1.1015156855833628,449873,20605,429268
22697,1.1014671542494603,449873,20605,429268
22698,1.1014186271918232,449873,20605,429268
22699,1.1013701044098858,449873,20605,429268
22700,1.1013215859030836,449873,20605,429268
22701,1.1012730716708514,449873,20605,429268
22702,1.1012245617126244,449873,20605,429268
22703,1.1011760560278376,449873,20605,429268
22704,1.1011275546159267,449873,20605,429268
22705,1.1010790574763267,449829,20605,429224
22706,1.1010305646084735,449829,20605,429224
22707,1.1009820760118025,449829,20605,429224
22708,1.1009335916857494,449829,20605,429224
22709,1.1008851116297502,449829,20605,429224
22710,1.1008366358432409,449829,20605,429224
22711,1.1007881643256572,449829,20605,429224
22712,1.1007396970764354,449829,20605,429224
22713,1.1006912340950117,449829,20605,429224
22714,1.1006427753808223,449829,20605,429224
22715,1.100594320933304,449829,20605,429224
22716,1.100545870751893,449829,20605,429224
22717,1.100497424836026,449829,20605,429224
22718,1.1004489831851396,449829,20605,429224
22719,1.1004005457986707,449829,20605,429224
22720,1.1003521126760563,449829,20605,429224
22721,1.1003036838167335,449829,20605,429224
22722,1.1002552592201391,449829,20605,429224
22723,1.1002068388857105,449829,20605,429224
22724,1.1001584228128851,449829,20605,429224
22725,1.1001100110011002,449829,20605,429224
22726,1.1000616034497932,449829,20605,429224
22727,1.100013200158402,449829,20605,429224
22728,1.0999648011263639,449829,20605,429224
22729,1.0999164063531173,449829,20605,429224
22730,1.0998680158380993,449829,20605,429224
22731,1.0998196295807487,449829,20605,429224
22732,1.0997712475805033,449829,20605,429224
22733,1.0997228698368011,449829,20605,429224
22734,1.0996744963490808,449829,20605,429224
22735,1.0996261271167802,449829,20605,429224
22736,1.0995777621393386,449829,20605,429224
22737,1.0995294014161938,449829,20605,429224
22738,1.0994810449467851,449829,20605,429224
22739,1.099432692730551,449829,20605,429224
22740,1.0993843447669305,449829,20605,429224
22741,1.0993360010553626,449829,20605,429224
22742,1.0992876615952862,449829,20605,429224
22743,1.0992393263861409,449829,20605,429224
22744,1.0991909954273655,449829,20605,429224
22745,1.0991426687183996,449829,20605,429224
22746,1.0990943462586829,449829,20605,429224
22747,1.0990460280476546,449829,20605,429224
22748,1.0989977140847547,449829,20605,429224
22749,1.0989494043694228,449829,20605,429224
22750,1.098901098901099,449829,20605,429224
22751,1.0988527976792228,449829,20605,429224
22752,1.098804500703235,449829,20605,429224
22753,1.098756207972575,449829,20605,429224
22754,1.0987079194866836,449829,20605,429224
22755,1.098659635245001,449829,20605,429224
22756,1.0986113552469678,449829,20605,429224
22757,1.0985630794920245,449829,20605,429224
22758,1.0985148079796117,449829,20605,429224
22759,1.09846654070917,449829,20605,429224
22760,1.0984182776801406,449829,20605,429224
22761,1.0983700188919643,449829,20605,429224
22762,1.0983217643440824,449829,20605,429224
22763,1.0982735140359354,449829,20605,429224
22764,1.0982252679669653,449829,20605,429224
22765,1.0981770261366133,449829,20605,429224
22766,1.0981287885443205,449829,20605,429224
22767,1.0980805551895287,449829,20605,429224
22768,1.0980323260716796,449829,20605,429224
22769,1.0979841011902147,449829,20605,429224
22770,1.0979358805445762,449829,20605,429224
22771,1.0978876641342057,449829,20605,429224
22772,1.0978394519585455,449829,20605,429224
22773,1.0977912440170376,449829,20605,429224
22774,1.0977430403091244,449829,20605,429224
22775,1.0976948408342482,449829,20605,429224
22776,1.097646645591851,449829,20605,429224
22777,1.097598454581376,449829,20605,429224
22778,1.0975502678022653,449829,20605,429224
22779,1.097502085253962,449829,20605,429224
22780,1.0974539069359086,449829,20605,429224
22781,1.0974057328475484,449829,20605,429224
22782,1.097357562988324,449829,20605,429224
22783,1.097309397357679,449805,20446,429359
22784,1.0972612359550562,449805,20446,429359
22785,1.097213078779899,449805,20446,429359
22786,1.097164925831651,449805,20446,429359
22787,1.0971167771097556,449805,20446,429359
22788,1.0970686326136563,449805,20446,429359
22789,1.0970204923427969,449805,20446,429359
22790,1.0969723562966214,449805,20446,429359
22791,1.0969242244745734,449805,20446,429359
22792,1.0968760968760969,449805,20446,429359
22793,1.096827973500636,449805,20446,429359
22794,1.0967798543476353,449805,20446,429359
22795,1.0967317394165388,449805,20446,429359
22796,1.0966836287067907,449805,20446,429359
22797,1.0966355222178357,449805,20446,429359
22798,1.0965874199491183,449805,20446,429359
22799,1.0965393219000834,449805,20446,429359
22800,1.0964912280701755,449805,20446,429359
22801,1.0964431384588396,449805,20446,429359
22802,1.0963950530655207,449805,20446,429359
22803,1.0963469718896637,449805,20446,429359
22804,1.096298894930714,449805,20446,429359
22805,1.0962508221881166,449805,20446,429359
22806,1.0962027536613173,449805,20446,429359
22807,1.0961546893497611,449805,20446,429359
22808,1.0961066292528938,449805,20446,429359
22809,1.0960585733701609,449805,20446,429359
22810,1.0960105217010083,449805,20446,429359
22811,1.095962474244882,449805,20446,429359
22812,1.0959144310012274,449805,20446,429359
22813,1.095866391969491,449805,20446,429359
22814,1.095818357149119,449805,20446,429359
22815,1.0957703265395573,449805,20446,429359
22816,1.0957223001402525,449805,20446,429359
22817,1.0956742779506508,449805,20446,429359
22818,1.095626259970199,449805,20446,429359
22819,1.0955782461983434,449805,20446,429359
22820,1.0955302366345312,449805,20446,429359
22821,1.0954822312782087,449805,20446,429359
22822,1.0954342301288231,449805,20446,429359
22823,1.0953862331858213,449805,20446,429359
22824,1.0953382404486505,449805,20446,429359
22825,1.095290251916758,449805,20446,429359
22826,1.0952422675895908,449805,20446,429359
22827,1.0951942874665965,449805,20446,429359
22828,1.0951463115472226,449805,20446,429359
22829,1.0950983398309169,449805,20446,429359
22830,1.0950503723171265,449805,20446,429359
22831,1.0950024090052999,449805,20446,429359
22832,1.0949544498948844,449805,20446,429359
22833,1.0949064949853282,449805,20446,429359
22834,1.0948585442760794,449805,20446,429359
22835,1.0948105977665863,449805,20446,429359
22836,1.094762655456297,449805,20446,429359
22837,1.09471471734466,449805,20446,429359
22838,1.0946667834311237,449805,20446,429359
22839,1.0946188537151365,449805,20446,429359
22840,1.094570928196147,449805,20446,429359
22841,1.0945230068736045,449805,20446,429359
22842,1.0944750897469573,449805,20446,429359
22843,1.0944271768156546,449805,20446,429359
22844,1.0943792680791455,449805,20446,429359
22845,1.094331363536879,449805,20446,429359
22846,1.0942834631883043,449805,20446,429359
22847,1.0942355670328707,449805,20446,429359
22848,1.0941876750700281,449805,20446,429359
22849,1.0941397872992253,449805,20446,429359
22850,1.0940919037199124,449805,20446,429359
22851,1.094044024331539,449805,20446,429359
22852,1.093996149133555,449805,20446,429359
22853,1.0939482781254102,449805,20446,429359
22854,1.0939004113065547,449805,20446,429359
22855,1.0938525486764383,449805,20446,429359
22856,1.0938046902345118,449805,20446,429359
22857,1.0937568359802248,449805,20446,429359
22858,1.0937089859130282,449805,20446,429359
22859,1.0936611400323724,449805,20446,429359
22860,1.0936132983377078,449805,20446,429359
22861,1.0935654608284853,449805,20446,429359
22862,1.0935176275041554,449805,20446,429359
22863,1.0934697983641692,449805,20446,429359
22864,1.0934219734079775,449805,20446,429359
22865,1.0933741526350318,449805,20446,429359
22866,1.0933263360447827,449805,20446,429359
22867,1.0932785236366818,449805,20446,429359
22868,1.0932307154101801,449805,20446,429359
22869,1.0931829113647296,449805,20446,429359
22870,1.0931351114997814,449805,20446,429359
22871,1.0930873158147874,449805,20446,429359
22872,1.093039524309199,449805,20446,429359
22873,1.0929917369824684,449805,20446,429359
22874,1.0929439538340473,449805,20446,429359
22875,1.092896174863388,449805,20446,429359
22876,1.0928484000699423,449805,20446,429359
22877,1.0928006294531625,449805,20446,429359
22878,1.0927528630125012,449805,20446,429359
22879,1.0927051007474102,449805,20446,429359
22880,1.0926573426573427,449805,20446,429359
22881,1.0926095887417508,449805,20446,429359
22882,1.0925618390000873,449805,20446,429359
22883,1.0925140934318052,449805,20446,429359
22884,1.0924663520363573,449805,20446,429359
22885,1.0924186148131965,449805,20446,429359
22886,1.0923708817617757,449805,20446,429359
22887,1.0923231528815485,449805,20446,429359
22888,1.0922754281719678,449805,20446,429359
22889,1.092227707632487,449805,20446,429359
22890,1.09217999126256,449805,20446,429359
22891,1.09213227906164,449805,20446,429359
22892,1.0920845710291804,449805,20446,429359
22893,1.0920368671646354,449805,20446,429359
22894,1.0919891674674587,449805,20446,429359
22895,1.0919414719371041,449805,20446,429359
22896,1.0918937805730258,449805,20446,429359
22897,1.0918460933746779,449805,20446,429359
22898,1.0917984103415146,449805,20446,429359
22899,1.0917507314729902,449805,20446,429359
22900,1.091703056768559,449805,20446,429359
22901,1.0916553862276757,449805,20446,429359
22902,1.0916077198497949,449805,20446,429359
22903,1.0915600576343711,449805,20446,429359
22904,1.0915123995808593,449805,20446,429359
22905,1.0914647456887143,449805,20446,429359
22906,1.091417095957391,449805,20446,429359
22907,1.0913694503863447,449805,20446,429359
22908,1.0913218089750305,449805,20446,429359
22909,1.0912741717229038,449805,20446,429359
22910,1.0912265386294195,449805,20446,429359
22911,1.0911789096940334,449805,20446,429359
22912,1.0911312849162011,449805,20446,429359
22913,1.091083664295378,449805,20446,429359
22914,1.0910360478310204,449805,20446,429359
22915,1.0909884355225834,449805,20446,429359
22916,1.0909408273695236,449805,20446,429359
22917,1.0908932233712965,449805,20446,429359
22918,1.0908456235273585,449805,20446,429359
22919,1.0907980278371656,449805,20446,429359
22920,1.0907504363001745,449805,20446,429359
22921,1.0907028489158415,449805,20446,429359
22922,1.0906552656836228,449805,20446,429359
22923,1.0906076866029752,449805,20446,429359
22924,1.0905601116733554,449805,20446,429359
22925,1.0905125408942202,449805,20446,429359
22926,1.0904649742650265,449805,20446,429359
22927,1.0904174117852314,449805,20446,429359
22928,1.0903698534542916,449805,20446,429359
22929,1.0903222992716648,449805,20446,429359
22930,1.0902747492368077,449805,20446,429359
22931,1.090227203349178,449805,20446,429359
22932,1.090179661608233,449805,20446,429359
22933,1.0901321240134305,449805,20446,429359
22934,1.0900845905642278,449805,20446,429359
22935,1.090037061260083,449805,20446,429359
22936,1.0899895361004535,449805,20446,429359
22937,1.0899420150847976,449805,20446,429359
22938,1.0898944982125731,449805,20446,429359
22939,1.0898469854832382,449805,20446,429359
22940,1.0897994768962511,449805,20446,429359
22941,1.08975197245107,449805,20446,429359
22942,1.0897044721471536,449805,20446,429359
22943,1.0896569759839603,449805,20446,429359
22944,1.0896094839609485,449805,20446,429359
22945,1.0895619960775769,449805,20446,429359
22946,1.0895145123333043,449805,20446,429359
22947,1.0894670327275897,449805,20446,429359
22948,1.089419557259892,449805,20446,429359
22949,1.08937208592967,449805,20446,429359
22950,1.0893246187363834,449805,20446,429359
22951,1.0892771556794911,449805,20446,429359
22952,1.0892296967584525,449805,20446,429359
22953,1.0891822419727268,449805,20446,429359
22954,1.089134791321774,449805,20446,429359
22955,1.0890873448050533,449805,20446,429359
22956,1.0890399024220248,449805,20446,429359
22957,1.088992464172148,449805,20446,429359
22958,1.0889450300548829,449805,20446,429359
22959,1.0888976000696895,449805,20446,429359
22960,1.088850174216028,449805,20446,429359
22961,1.0888027524933583,449805,20446,429359
22962,1.088755334901141,449805,20446,429359
22963,1.0887079214388364,449805,20446,429359
22964,1.088660512105905,449805,20446,429359
22965,1.088613106901807,449805,20446,429359
22966,1.0885657058260036,449805,20446,429359
22967,1.0885183088779553,449805,20446,429359
22968,1.0884709160571229,449805,20446,429359
22969,1.0884235273629674,449805,20446,429359
22970,1.0883761427949499,449805,20446,429359
22971,1.0883287623525315,449805,20446,429359
22972,1.0882813860351732,449805,20446,429359
22973,1.0882340138423368,449805,20446,429359
22974,1.088186645773483,449805,20446,429359
22975,1.088139281828074,449805,20446,429359
22976,1.088091922005571,449805,20446,429359
22977,1.088044566305436,449805,20446,429359
22978,1.0879972147271304,449805,20446,429359
22979,1.0879498672701162,449805,20446,429359
22980,1.0879025239338556,449805,20446,429359
22981,1.0878551847178104,449805,20446,429359
22982,1.087807849621443,449805,20446,429359
22983,1.0877605186442152,449805,20446,429359
22984,1.08771319178559,449805,20446,429359
22985,1.0876658690450294,449805,20446,429359
22986,1.087618550421996,449805,20446,429359
22987,1.0875712359159524,449805,20446,429359
22988,1.0875239255263616,449805,20446,429359
22989,1.0874766192526861,449805,20446,429359
22990,1.087429317094389,449805,20446,429359
22991,1.087382019050933,449805,20446,429359
22992,1.0873347251217815,449805,20446,429359
22993,1.0872874353063977,449805,20446,429359
22994,1.0872401496042445,449805,20446,429359
22995,1.0871928680147858,449805,20446,429359
22996,1.0871455905374847,449805,20446,429359
22997,1.087098317171805,449805,20446,429359
22998,1.0870510479172102,449805,20446,429359
22999,1.087003782773164,449805,20446,429359
23000,1.0869565217391304,449805,20446,429359
23001,1.0869092648145733,449805,20446,429359
23002,1.0868620119989567,449805,20446,429359
23003,1.0868147632917446,449805,20446,429359
23004,1.0867675186924013,449805,20446,429359
23005,1.0867202782003913,449805,20446,429359
23006,1.0866730418151787,449805,20446,429359
23007,1.086625809536228,449805,20446,429359
23008,1.0865785813630042,449805,20446,429359
23009,1.0865313572949715,449805,20446,429359
23010,1.086484137331595,449805,20446,429359
23011,1.0864369214723393,449805,20446,429359
23012,1.0863897097166695,449805,20446,429359
23013,1.0863425020640507,449805,20446,429359
23014,1.086295298513948,449805,20446,429359
23015,1.0862480990658265,449805,20446,429359
23016,1.0862009037191518,449805,20446,429359
23017,1.0861537124733893,449805,20446,429359
23018,1.0861065253280042,449805,20446,429359
23019,1.0860593422824623,449805,20446,429359
23020,1.0860121633362294,449805,20446,429359
23021,1.0859649884887712,449805,20446,429359
23022,1.0859178177395534,449805,20446,429359
23023,1.0858706510880425,449805,20446,429359
23024,1.085823488533704,449805,20446,429359
23025,1.0857763300760044,449805,20446,429359
23026,1.0857291757144099,449805,20446,429359
23027,1.0856820254483868,449805,20446,429359
23028,1.0856348792774013,449805,20446,429359
23029,1.0855877372009206,449805,20446,429359
23030,1.0855405992184108,449805,20446,429359
23031,1.0854934653293387,449805,20446,429359
23032,1.0854463355331712,449805,20446,429359
23033,1.0853992098293752,449805,20446,429359
23034,1.0853520882174177,449805,20446,429359
23035,1.0853049706967657,449805,20446,429359
23036,1.0852578572668865,449805,20446,429359
23037,1.0852107479272475,449805,20446,429359
23038,1.0851636426773157,449805,20446,429359
23039,1.085116541516559,449805,20446,429359
23040,1.0850694444444444,449805,20446,429359
23041,1.08502235146044,449805,20446,429359
23042,1.0849752625640134,449805,20446,429359
23043,1.0849281777546327,449805,20446,429359
23044,1.0848810970317653,449805,20446,429359
23045,1.0848340203948796,449805,20446,429359
23046,1.0847869478434435,449805,20446,429359
23047,1.0847398793769254,449805,20446,429359
23048,1.0846928149947934,449805,20446,429359
23049,1.084645754696516,449805,20446,429359
23050,1.0845986984815619,449805,20446,429359
23051,1.0845516463493992,449805,20446,429359
23052,1.0845045982994967,449805,20446,429359
23053,1.0844575543313235,449805,20446,429359
23054,1.084410514444348,449805,20446,429359
23055,1.0843634786380394,449805,20446,429359
23056,1.0843164469118667,449805,20446,429359
23057,1.084269419265299,449805,20446,429359
23058,1.0842223956978054,449805,20446,429359
23059,1.0841753762088555,449805,20446,429359
23060,1.0841283607979184,449805,20446,429359
23061,1.0840813494644639,449805,20446,429359
23062,1.0840343422079612,449805,20446,429359
23063,1.0839873390278802,449805,20446,429359
23064,1.0839403399236907,449805,20446,429359
23065,1.0838933448948624,449805,20446,429359
23066,1.0838463539408654,449805,20446,429359
23067,1.0837993670611696,449805,20446,429359
23068,1.0837523842552454,449805,20446,429359
23069,1.0837054055225628,449805,20446,429359
23070,1.083658430862592,449805,20446,429359
23071,1.083611460274804,449805,20446,429359
23072,1.0835644937586686,449805,20446,429359
23073,1.0835175313136567,449805,20446,429359
23074,1.0834705729392389,449805,20446,429359
23075,1.0834236186348862,449805,20446,429359
23076,1.0833766684000694,449805,20446,429359
23077,1.0833297222342593,449805,20446,429359
23078,1.083282780136927,449805,20446,429359
23079,1.0832358421075436,449805,20446,429359
23080,1.0831889081455806,449805,20446,429359
23081,1.0831419782505092,449805,20446,429359
23082,1.0830950524218006,449805,20446,429359
23083,1.0830481306589266,449805,20446,429359
23084,1.0830012129613584,449805,20446,429359
23085,1.0829542993285683,449805,20446,429359
23086,1.0829073897600276,449805,20446,429359
23087,1.0828604842552085,449805,20446,429359
23088,1.0828135828135828,449805,20446,429359
23089,1.0827666854346225,449805,20446,429359
23090,1.0827197921178,449805,20446,429359
23091,1.0826729028625872,449805,20446,429359
23092,1.0826260176684566,449805,20446,429359
23093,1.0825791365348807,449805,20446,429359
23094,1.082532259461332,449805,20446,429359
23095,1.082485386447283,449805,20446,429359
23096,1.0824385174922064,449805,20446,429359
23097,1.0823916525955752,449805,20446,429359
23098,1.082344791756862,449805,20446,429359
23099,1.0822979349755402,449805,20446,429359
23100,1.0822510822510822,449805,20446,429359
23101,1.0822042335829618,449805,20446,429359
23102,1.082157388970652,449805,20446,429359
23103,1.082110548413626,449805,20446,429359
23104,1.0820637119113574,449805,20446,429359
23105,1.0820168794633196,449805,20446,429359
23106,1.0819700510689865,449805,20446,429359
23107,1.0819232267278314,449805,20446,429359
23108,1.0818764064393285,449805,20446,429359
23109,1.0818295902029513,449805,20446,429359
23110,1.081782778018174,449805,20446,429359
23111,1.0817359698844706,449805,20446,429359
23112,1.0816891658013152,449805,20446,429359
23113,1.0816423657681824,449805,20446,429359
23114,1.081595569784546,449805,20446,429359
23115,1.0815487778498811,449805,20446,429359
23116,1.0815019899636615,449805,20446,429359
23117,1.0814552061253624,449805,20446,429359
23118,1.081408426334458,449805,20446,429359
23119,1.0813616505904236,449805,20446,429359
23120,1.0813148788927336,449805,20446,429359
23121,1.0812681112408633,449805,20446,429359
23122,1.0812213476342878,449805,20446,429359
23123,1.081174588072482,449805,20446,429359
23124,1.0811278325549214,449805,20446,429359
23125,1.0810810810810811,449805,20446,429359
23126,1.0810343336504367,449805,20446,429359
23127,1.0809875902624637,449805,20446,429359
23128,1.0809408509166378,449805,20446,429359
23129,1.0808941156124345,449805,20446,429359
23130,1.0808473843493298,449805,20446,429359
23131,1.0808006571267996,449805,20446,429359
23132,1.0807539339443195,449805,20446,429359
23133,1.0807072148013661,449805,20446,429359
23134,1.080660499697415,449805,20446,429359
23135,1.080613788631943,449805,20446,429359
23136,1.080567081604426,449805,20446,429359
23137,1.0805203786143407,449805,20446,429359
23138,1.0804736796611634,449805,20446,429359
23139,1.080426984744371,449805,20446,429359
23140,1.08038029386344,449805,20446,429359
23141,1.080333607017847,449805,20446,429359
23142,1.0802869242070694,449805,20446,429359
23143,1.0802402454305837,449805,20446,429359
23144,1.0801935706878674,449805,20446,429359
23145,1.080146899978397,449805,20446,429359
23146,1.0801002333016505,449805,20446,429359
23147,1.0800535706571046,449805,20446,429359
23148,1.080006912044237,449805,20446,429359
23149,1.0799602574625253,449805,20446,429359
23150,1.079913606911447,449805,20446,429359
23151,1.0798669603904798,449805,20446,429359
23152,1.0798203178991015,449805,20446,429359
23153,1.07977367943679,449805,20446,429359
23154,1.0797270450030232,449805,20446,429359
23155,1.0796804145972791,449805,20446,429359
23156,1.079633788219036,449805,20446,429359
23157,1.0795871658677723,449805,20446,429359
23158,1.0795405475429658,449805,20446,429359
23159,1.0794939332440951,449805,20446,429359
23160,1.079447322970639,449805,20446,429359
23161,1.0794007167220758,449805,20446,429359
23162,1.0793541144978844,449805,20446,429359
23163,1.0793075162975434,449805,20446,429359
23164,1.0792609221205318,449805,20446,429359
23165,1.0792143319663285,449805,20446,429359
23166,1.0791677458344124,449805,20446,429359
23167,1.079121163724263,449805,20446,429359
23168,1.0790745856353592,449805,20446,429359
23169,1.0790280115671802,449805,20446,429359
23170,1.0789814415192058,449805,20446,429359
23171,1.0789348754909154,449805,20446,429359
23172,1.0788883134817884,449805,20446,429359
23173,1.0788417554913046,449805,20446,429359
23174,1.0787952015189437,449805,20446,429359
23175,1.0787486515641855,449805,20446,429359
23176,1.0787021056265103,449805,20446,429359
23177,1.0786555637053976,449805,20446,429359
23178,1.0786090258003278,449805,20446,429359
23179,1.0785624919107812,449805,20446,429359
23180,1.0785159620362381,449805,20446,429359
23181,1.0784694361761789,449805,20446,429359
23182,1.0784229143300836,449805,20446,429359
23183,1.0783763964974336,449805,20446,429359
23184,1.0783298826777088,449805,20446,429359
23185,1.0782833728703904,449805,20446,429359
23186,1.0782368670749591,449805,20446,429359
23187,1.0781903652908957,449805,20446,429359
23188,1.0781438675176815,449805,20446,429359
23189,1.0780973737547976,449805,20446,429359
23190,1.0780508840017249,449805,20446,429359
23191,1.0780043982579448,449805,20446,429359
23192,1.077957916522939,449805,20446,429359
23193,1.0779114387961886,449805,20446,429359
23194,1.0778649650771752,449744,20446,429298
23195,1.0778184953653804,449744,20446,429298
23196,1.0777720296602862,449744,20446,429298
23197,1.0777255679613744,449744,20446,429298
23198,1.0776791102681265,449744,20446,429298
23199,1.077632656580025,449744,20446,429298
23200,1.0775862068965518,449744,20446,429298
23201,1.0775397612171889,449744,20446,429298
23202,1.077493319541419,449744,20446,429298
23203,1.077446881868724,449744,20446,429298
23204,1.0774004481985864,449744,20446,429298
23205,1.077354018530489,449744,20446,429298
23206,1.0773075928639144,449744,20446,429298
23207,1.0772611711983453,449744,20446,429298
23208,1.0772147535332643,449744,20446,429298
23209,1.0771683398681546,449744,20446,429298
23210,1.077121930202499,449744,20446,429298
23211,1.0770755245357804,449744,20446,429298
23212,1.0770291228674824,449744,20446,429298
23213,1.0769827251970878,449744,20446,429298
23214,1.0769363315240803,449744,20446,429298
23215,1.0768899418479432,449744,20446,429298
23216,1.07684355616816,449744,20446,429298
23217,1.0767971744842142,449744,20446,429298
23218,1.0767507967955896,449744,20446,429298
23219,1.0767044231017702,449744,20446,429298
23220,1.0766580534022394,449744,20446,429298
23221,1.0766116876964815,449744,20446,429298
23222,1.0765653259839807,449744,20446,429298
23223,1.0765189682642209,449744,20446,429298
23224,1.076472614536686,449744,20446,429298
23225,1.0764262648008611,449744,20446,429298
23226,1.07637991905623,449744,20446,429298
23227,1.0763335773022775,449744,20446,429298
23228,1.076287239538488,449744,20446,429298
23229,1.0762409057643463,449744,20446,429298
23230,1.076194575979337,449744,20446,429298
23231,1.0761482501829451,449744,20446,429298
23232,1.0761019283746556,449744,20446,429298
23233,1.0760556105539534,449744,20446,429298
23234,1.0760092967203236,449744,20446,429298
23235,1.0759629868732516,449744,20446,429298
23236,1.0759166810122225,449744,20446,429298
23237,1.0758703791367217,449744,20446,429298
23238,1.0758240812462345,449744,20446,429298
23239,1.075777787340247,449744,20446,429298
23240,1.0757314974182444,449744,20446,429298
23241,1.0756852114797126,449744,20446,429298
23242,1.0756389295241373,449744,20446,429298
23243,1.0755926515510046,449744,20446,429298
23244,1.0755463775598004,449744,20446,429298
23245,1.0755001075500108,449744,20446,429298
23246,1.075453841521122,449744,20446,429298
23247,1.0754075794726201,449744,20446,429298
23248,1.0753613214039917,449744,20446,429298
23249,1.0753150673147231,449744,20446,429298
23250,1.075268817204301,449744,20446,429298
23251,1.0752225710722119,449744,20446,429298
23252,1.0751763289179426,449744,20446,429298
23253,1.0751300907409798,449744,20446,429298
23254,1.0750838565408103,449744,20446,429298
23255,1.075037626316921,449744,20446,429298
23256,1.0749914000687995,449744,20446,429298
23257,1.0749451777959325,449744,20446,429298
23258,1.0748989594978071,449744,20446,429298
23259,1.0748527451739112,449744,20446,429298
23260,1.0748065348237317,449744,20446,429298
23261,1.0747603284467564,449744,20446,429298
23262,1.0747141260424726,449744,20446,429298
23263,1.0746679276103683,449744,20446,429298
23264,1.0746217331499313,449744,20446,429298
23265,1.0745755426606491,449744,20446,429298
23266,1.0745293561420097,449744,20446,429298
23267,1.0744831735935014,449744,20446,429298
23268,1.0744369950146124,449744,20446,429298
23269,1.0743908204048305,449744,20446,429298
23270,1.0743446497636442,449744,20446,429298
23271,1.0742984830905418,449744,20446,429298
23272,1.074252320385012,449744,20446,429298
23273,1.0742061616465433,449744,20446,429298
23274,1.074160006874624,449744,20446,429298
23275,1.0741138560687433,449744,20446,429298
23276,1.0740677092283897,449744,20446,429298
23277,1.0740215663530523,449744,20446,429298
23278,1.0739754274422202,449744,20446,429298
23279,1.073929292495382,449744,20446,429298
23280,1.0738831615120275,449744,20446,429298
23281,1.0738370344916455,449744,20446,429298
23282,1.0737909114337256,449744,20446,429298
23283,1.0737447923377572,449744,20446,429298
23284,1.0736986772032298,449744,20446,429298
23285,1.0736525660296328,449744,20446,429298
23286,1.0736064588164562,449744,20446,429298
23287,1.0735603555631898,449744,20446,429298
23288,1.0735142562693232,449744,20446,429298
23289,1.0734681609343466,449744,20446,429298
23290,1.07342206955775,449744,20446,429298
23291,1.0733759821390236,449744,20446,429298
23292,1.0733298986776576,449744,20446,429298
23293,1.0732838191731422,449744,20446,429298
23294,1.0732377436249678,449744,20446,429298
23295,1.073191672032625,449744,20446,429298
23296,1.0731456043956045,449744,20446,429298
23297,1.0730995407133965,449744,20446,429298
23298,1.0730534809854924,449744,20446,429298
23299,1.0730074252113824,449744,20446,429298
23300,1.0729613733905579,449744,20446,429298
23301,1.0729153255225097,449744,20446,429298
23302,1.0728692816067291,449744,20446,429298
23303,1.072823241642707,449744,20446,429298
23304,1.0727772056299347,449744,20446,429298
23305,1.072731173567904,449744,20446,429298
23306,1.0726851454561057,449744,20446,429298
23307,1.0726391212940318,449744,20446,429298
23308,1.0725931010811738,449744,20446,429298
23309,1.0725470848170235,449744,20446,429298
23310,1.0725010725010724,449744,20446,429298
23311,1.0724550641328128,449744,20446,429298
23312,1.0724090597117364,449744,20446,429298
23313,1.0723630592373354,449744,20446,429298
23314,1.0723170627091019,449744,20446,429298
23315,1.072271070126528,449744,20446,429298
23316,1.0722250814891061,449744,20446,429298
23317,1.072179096796329,449744,20446,429298
23318,1.0721331160476886,449744,20446,429298
23319,1.0720871392426776,449744,20446,429298
23320,1.072041166380789,449744,20446,429298
23321,1.0719951974615154,449744,20446,429298
23322,1.0719492324843496,449744,20446,429298
23323,1.0719032714487844,449744,20446,429298
23324,1.071857314354313,449744,20446,429298
23325,1.0718113612004287,449744,20446,429298
23326,1.0717654119866244,449744,20446,429298
23327,1.0717194667123933,449744,20446,429298
23328,1.0716735253772292,449744,20446,429298
23329,1.071627587980625,449744,20446,429298
23330,1.0715816545220747,449744,20446,429298
23331,1.0715357250010715,449744,20446,429298
23332,1.0714897994171095,449744,20446,429298
23333,1.0714438777696824,449744,20446,429298
23334,1.0713979600582841,449744,20446,429298
23335,1.0713520462824084,449744,20446,429298
23336,1.0713061364415495,449744,20446,429298
23337,1.0712602305352017,449744,20446,429298
23338,1.0712143285628588,449744,20446,429298
23339,1.0711684305240157,449744,20446,429298
23340,1.0711225364181662,449744,20446,429298
23341,1.0710766462448054,449744,20446,429298
23342,1.0710307600034272,449744,20446,429298
23343,1.070984877693527,449744,20446,429298
23344,1.070938999314599,449744,20446,429298
23345,1.0708931248661384,449744,20446,429298
23346,1.07084725434764,449744,20446,429298
23347,1.0708013877585985,449744,20446,429298
23348,1.0707555250985095,449744,20446,429298
23349,1.070709666366868,449744,20446,429298
23350,1.0706638115631693,449744,20446,429298
23351,1.0706179606869084,449744,20446,429298
23352,1.0705721137375814,449744,20446,429298
23353,1.0705262707146834,449744,20446,429298
23354,1.0704804316177101,449744,20446,429298
23355,1.0704345964461572,449744,20446,429298
23356,1.0703887651995205,449744,20446,429298
23357,1.070342937877296,449744,20446,429298
23358,1.0702971144789795,449744,20446,429298
23359,1.070251295004067,449744,20446,429298
23360,1.0702054794520548,449744,20446,429298
23361,1.0701596678224392,449744,20446,429298
23362,1.0701138601147162,449744,20446,429298
23363,1.0700680563283824,449744,20446,429298
23364,1.0700222564629345,449744,20446,429298
23365,1.0699764605178685,449744,20446,429298
23366,1.0699306684926817,449744,20446,429298
23367,1.0698848803868704,449744,20446,429298
23368,1.0698390961999316,449744,20446,429298
23369,1.069793315931362,449744,20446,429298
23370,1.069747539580659,449744,20446,429298
23371,1.0697017671473192,449744,20446,429298
23372,1.0696559986308403,449744,20446,429298
23373,1.0696102340307192,449744,20446,429298
23374,1.0695644733464533,449744,20446,429298
23375,1.0695187165775402,449744,20446,429298
23376,1.069472963723477,449744,20446,429298
23377,1.0694272147837618,449744,20446,429298
23378,1.069381469757892,449744,20446,429298
23379,1.0693357286453655,449744,20446,429298
23380,1.0692899914456802,449744,20446,429298
23381,1.0692442581583337,449744,20446,429298
23382,1.0691985287828243,449744,20446,429298
23383,1.0691528033186504,449744,20446,429298
23384,1.0691070817653097,449744,20446,429298
23385,1.0690613641223006,449744,20446,429298
23386,1.0690156503891217,449744,20446,429298
23387,1.0689699405652713,449744,20446,429298
23388,1.0689242346502479,449744,20446,429298
23389,1.0688785326435504,449744,20446,429298
23390,1.0688328345446771,449744,20446,429298
23391,1.0687871403531273,449744,20446,429298
23392,1.0687414500683994,449744,20446,429298
23393,1.0686957636899928,449744,20446,429298
23394,1.0686500812174062,449744,20446,429298
23395,1.068604402650139,449744,20446,429298
23396,1.0685587279876902,449744,20446,429298
23397,1.0685130572295594,449744,20446,429298
23398,1.0684673903752457,449744,20446,429298
23399,1.068421727424249,449744,20446,429298
23400,1.0683760683760684,449744,20446,429298
23401,1.0683304132302038,449744,20446,429298
23402,1.068284761986155,449744,20446,429298
23403,1.0682391146434218,449744,20446,429298
23404,1.068193471201504,449744,20446,429298
23405,1.0681478316599018,449744,20446,429298
23406,1.068102196018115,449744,20446,429298
23407,1.068056564275644,449744,20446,429298
23408,1.068010936431989,449744,20446,429298
23409,1.0679653124866504,449744,20446,429298
23410,1.0679196924391285,449744,20446,429298
23411,1.067874076288924,449744,20446,429298
23412,1.0678284640355373,449744,20446,429298
23413,1.0677828556784692,449744,20446,429298
23414,1.0677372512172205,449744,20446,429298
23415,1.067691650651292,449744,20446,429298
23416,1.0676460539801844,449744,20446,429298
23417,1.0676004612033991,449744,20446,429298
23418,1.0675548723204373,449744,20446,429298
23419,1.0675092873307999,449744,20446,429298
23420,1.067463706233988,449744,20446,429298
23421,1.0674181290295035,449744,20446,429298
23422,1.0673725557168474,449744,20446,429298
23423,1.0673269862955215,449744,20446,429298
23424,1.0672814207650274,449744,20446,429298
23425,1.0672358591248665,449744,20446,429298
23426,1.0671903013745412,449744,20446,429298
23427,1.0671447475135527,449744,20446,429298
23428,1.0670991975414035,449744,20446,429298
23429,1.0670536514575952,449744,20446,429298
23430,1.0670081092616304,449744,20446,429298
23431,1.066962570953011,449744,20446,429298
23432,1.0669170365312393,449744,20446,429298
23433,1.0668715059958178,449744,20446,429298
23434,1.0668259793462491,449744,20446,429298
23435,1.0667804565820354,449744,20446,429298
23436,1.0667349377026796,449744,20446,429298
23437,1.0666894227076844,449744,20446,429298
23438,1.0666439115965527,449744,20446,429298
23439,1.066598404368787,449744,20446,429298
23440,1.0665529010238908,449744,20446,429298
23441,1.066507401561367,449744,20446,429298
23442,1.0664619059807183,449744,20446,429298
23443,1.0664164142814485,449744,20446,429298
23444,1.066370926463061,449744,20446,429298
23445,1.0663254425250586,449744,20446,429298
23446,1.0662799624669452,449744,20446,429298
23447,1.0662344862882245,449744,20446,429298
23448,1.0661890139883998,449744,20446,429298
23449,1.0661435455669752,449744,20446,429298
23450,1.0660980810234542,449744,20446,429298
23451,1.0660526203573408,449744,20446,429298
23452,1.0660071635681392,449744,20446,429298
23453,1.0659617106553532,449744,20446,429298
23454,1.0659162616184872,449744,20446,429298
23455,1.0658708164570454,449744,20446,429298
23456,1.065825375170532,449744,20446,429298
23457,1.0657799377584516,449744,20446,429298
23458,1.0657345042203086,449744,20446,429298
23459,1.0656890745556076,449744,20446,429298
23460,1.0656436487638534,449744,20446,429298
23461,1.0655982268445505,449744,20446,429298
23462,1.065552808797204,449744,20446,429298
23463,1.0655073946213187,449744,20446,429298
23464,1.0654619843163995,449744,20446,429298
23465,1.0654165778819518,449744,20446,429298
23466,1.0653711753174806,449744,20446,429298
23467,1.065325776622491,449744,20446,429298
23468,1.0652803817964889,449744,20446,429298
23469,1.065234990838979,449744,20446,429298
23470,1.0651896037494675,449744,20446,429298
23471,1.0651442205274595,449744,20446,429298
23472,1.065098841172461,449744,20446,429298
23473,1.0650534656839774,449744,20446,429298
23474,1.065008094061515,449744,20446,429298
23475,1.0649627263045793,449744,20446,429298
23476,1.0649173624126769,449744,20446,429298
23477,1.0648720023853133,449744,20446,429298
23478,1.064826646221995,449744,20446,429298
23479,1.0647812939222283,449744,20446,429298
23480,1.0647359454855196,449744,20446,429298
23481,1.0646906009113752,449744,20446,429298
23482,1.0646452601993015,449744,20446,429298
23483,1.0645999233488055,449744,20446,429298
23484,1.0645545903593936,449744,20446,429298
23485,1.0645092612305727,449744,20446,429298
23486,1.0644639359618495,449744,20446,429298
23487,1.0644186145527312,449744,20446,429298
23488,1.0643732970027249,449744,20446,429298
23489,1.0643279833113373,449744,20446,429298
23490,1.0642826734780757,449744,20446,429298
23491,1.0642373675024477,449744,20446,429298
23492,1.0641920653839605,449744,20446,429298
23493,1.0641467671221214,449744,20446,429298
23494,1.0641014727164382,449744,20446,429298
23495,1.0640561821664183,449744,20446,429298
23496,1.0640108954715697,449744,20446,429298
23497,1.0639656126313997,449744,20446,429298
23498,1.0639203336454166,449744,20446,429298
23499,1.0638750585131282,449744,20446,429298
23500,1.0638297872340425,449744,20446,429298
23501,1.0637845198076679,449744,20446,429298
23502,1.063739256233512,449744,20446,429298
23503,1.0636939965110837,449744,20446,429298
23504,1.0636487406398911,449744,20446,429298
23505,1.0636034886194428,449744,20446,429298
23506,1.063558240449247,449744,20446,429298
23507,1.0635129961288128,449744,20446,429298
23508,1.0634677556576484,449744,20446,429298
23509,1.063422519035263,449744,20446,429298
23510,1.0633772862611655,449744,20446,429298
23511,1.0633320573348646,449744,20446,429298
23512,1.0632868322558693,449744,20446,429298
23513,1.063241611023689,449744,20446,429298
23514,1.0631963936378328,449744,20446,429298
23515,1.06315118009781,449744,20446,429298
23516,1.0631059704031298,449744,20446,429298
23517,1.063060764553302,449744,20446,429298
23518,1.0630155625478357,449744,20446,429298
23519,1.062970364386241,449744,20446,429298
23520,1.0629251700680271,449744,20446,429298
23521,1.0628799795927044,449744,20446,429298
23522,1.0628347929597823,449744,20446,429298
23523,1.062789610168771,449744,20446,429298
23524,1.0627444312191805,449744,20446,429298
23525,1.0626992561105206,449744,20446,429298
23526,1.062654084842302,449710,20528,429182
23527,1.062608917414035,449710,20528,429182
23528,1.0625637538252295,449710,20528,429182
23529,1.0625185940753963,449710,20528,429182
23530,1.062473438164046,449710,20528,429182
23531,1.0624282860906888,449710,20528,429182
23532,1.062383137854836,449710,20528,429182
23533,1.062337993455998,449710,20528,429182
23534,1.0622928528936857,449710,20528,429182
23535,1.0622477161674102,449710,20528,429182
23536,1.0622025832766826,449710,20528,429182
23537,1.0621574542210137,449710,20528,429182
23538,1.062112328999915,449710,20528,429182
23539,1.0620672076128976,449710,20528,429182
23540,1.0620220900594732,449710,20528,429182
23541,1.061976976339153,449710,20528,429182
23542,1.0619318664514485,449710,20528,429182
23543,1.0618867603958715,449710,20528,429182
23544,1.0618416581719334,449710,20528,429182
23545,1.0617965597791463,449710,20528,429182
23546,1.061751465217022,449710,20528,429182
23547,1.0617063744850723,449710,20528,429182
23548,1.0616612875828095,449710,20528,429182
23549,1.0616162045097457,449710,20528,429182
23550,1.0615711252653928,449710,20528,429182
23551,1.0615260498492634,449710,20528,429182
23552,1.0614809782608696,449710,20528,429182
23553,1.061435910499724,449710,20528,429182
23554,1.0613908465653392,449710,20528,429182
23555,1.0613457864572278,449710,20528,429182
23556,1.0613007301749025,449710,20528,429182
23557,1.0612556777178759,449710,20528,429182
23558,1.0612106290856609,449710,20528,429182
23559,1.0611655842777707,449710,20528,429182
23560,1.061120543293718,449710,20528,429182
23561,1.0610755061330164,449710,20528,429182
23562,1.0610304727951787,449710,20528,429182
23563,1.060985443279718,449710,20528,429182
23564,1.0609404175861483,449710,20528,429182
23565,1.0608953957139826,449710,20528,429182
23566,1.0608503776627345,449710,20528,429182
23567,1.0608053634319174,449710,20528,429182
23568,1.0607603530210454,449710,20528,429182
23569,1.0607153464296322,449710,20528,429182
23570,1.0606703436571914,449710,20528,429182
23571,1.060625344703237,449710,20528,429182
23572,1.0605803495672832,449710,20528,429182
23573,1.060535358248844,449710,20528,429182
23574,1.0604903707474336,449710,20528,429182
23575,1.0604453870625663,449710,20528,429182
23576,1.0604004071937563,449710,20528,429182
23577,1.0603554311405183,449710,20528,429182
23578,1.0603104589023666,449710,20528,429182
23579,1.0602654904788158,449710,20528,429182
23580,1.0602205258693809,449710,20528,429182
23581,1.0601755650735762,449710,20528,429182
23582,1.0601306080909167,449710,20528,429182
23583,1.0600856549209177,449710,20528,429182
23584,1.0600407055630936,449710,20528,429182
23585,1.0599957600169598,449710,20528,429182
23586,1.0599508182820316,449710,20528,429182
23587,1.0599058803578243,449710,20528,429182
23588,1.0598609462438529,449710,20528,429182
23589,1.0598160159396328,449710,20528,429182
23590,1.05977108944468,449710,20528,429182
23591,1.0597261667585096,449710,20528,429182
23592,1.0596812478806374,449710,20528,429182
23593,1.0596363328105793,449710,20528,429182
23594,1.0595914215478512,449710,20528,429182
23595,1.0595465140919686,449710,20528,429182
23596,1.059501610442448,449710,20528,429182
23597,1.0594567105988049,449710,20528,429182
23598,1.059411814560556,449710,20528,429182
23599,1.0593669223272173,449710,20528,429182
23600,1.0593220338983051,449710,20528,429182
23601,1.059277149273336,449710,20528,429182
23602,1.059232268451826,449710,20528,429182
23603,1.0591873914332923,449710,20528,429182
23604,1.0591425182172514,449710,20528,429182
23605,1.0590976488032195,449710,20528,429182
23606,1.0590527831907142,449710,20528,429182
23607,1.0590079213792518,449710,20528,429182
23608,1.0589630633683498,449710,20528,429182
23609,1.0589182091575247,449710,20528,429182
23610,1.058873358746294,449710,20528,429182
23611,1.0588285121341747,449710,20528,429182
23612,1.0587836693206845,449710,20528,429182
23613,1.0587388303053402,449710,20528,429182
23614,1.05869399508766,449710,20528,429182
23615,1.0586491636671607,449710,20528,429182
23616,1.0586043360433603,449710,20528,429182
23617,1.0585595122157767,449710,20528,429182
23618,1.0585146921839275,449710,20528,429182
23619,1.0584698759473306,449710,20528,429182
23620,1.058425063505504,449710,20528,429182
23621,1.0583802548579653,449710,20528,429182
23622,1.0583354500042332,449710,20528,429182
23623,1.058290648943826,449710,20528,429182
23624,1.0582458516762614,449710,20528,429182
23625,1.0582010582010581,449710,20528,429182
23626,1.0581562685177346,449710,20528,429182
23627,1.0581114826258096,449710,20528,429182
23628,1.058066700524801,449710,20528,429182
23629,1.0580219222142282,449710,20528,429182
23630,1.0579771476936097,449710,20528,429182
23631,1.0579323769624644,449710,20528,429182
23632,1.0578876100203114,449710,20528,429182
23633,1.0578428468666694,449710,20528,429182
23634,1.0577980875010577,449710,20528,429182
23635,1.0577533319229955,449710,20528,429182
23636,1.057708580132002,449710,20528,429182
23637,1.0576638321275966,449710,20528,429182
23638,1.0576190879092986,449710,20528,429182
23639,1.0575743474766277,449710,20528,429182
23640,1.0575296108291032,449710,20528,429182
23641,1.0574848779662451,449710,20528,429182
23642,1.0574401488875729,449710,20528,429182
23643,1.0573954235926066,449710,20528,429182
23644,1.0573507020808661,449710,20528,429182
23645,1.0573059843518715,449710,20528,429182
23646,1.0572612704051425,449710,20528,429182
23647,1.0572165602401995,449710,20528,429182
23648,1.0571718538565629,449710,20528,429182
23649,1.0571271512537528,449710,20528,429182
23650,1.0570824524312896,449710,20528,429182
23651,1.057037757388694,449710,20528,429182
23652,1.0569930661254863,449710,20528,429182
23653,1.056948378641187,449710,20528,429182
23654,1.0569036949353174,449710,20528,429182
23655,1.056859015007398,449710,20528,429182
23656,1.0568143388569495,449710,20528,429182
23657,1.0567696664834934,449710,20528,429182
23658,1.05672499788655,449710,20528,429182
23659,1.056680333065641,449710,20528,429182
23660,1.0566356720202874,449710,20528,429182
23661,1.0565910147500106,449710,20528,429182
23662,1.0565463612543318,449710,20528,429182
23663,1.0565017115327726,449710,20528,429182
23664,1.0564570655848546,449710,20528,429182
23665,1.0564124234100993,449710,20528,429182
23666,1.0563677850080284,449710,20528,429182
23667,1.0563231503781636,449710,20528,429182
23668,1.056278519520027,449710,20528,429182
23669,1.0562338924331405,449709,20528,429181
23670,1.0561892691170258,449709,20528,429181
23671,1.0561446495712052,449709,20528,429181
23672,1.0561000337952011,449709,20528,429181
23673,1.0560554217885354,449709,20528,429181
23674,1.0560108135507307,449709,20528,429181
23675,1.0559662090813093,449709,20528,429181
23676,1.055921608379794,449709,20528,429181
23677,1.0558770114457068,449709,20528,429181
23678,1.0558324182785708,449709,20528,429181
23679,1.0557878288779088,449709,20528,429181
23680,1.0557432432432432,449709,20528,429181
23681,1.0556986613740973,449709,20528,429181
23682,1.055654083269994,449709,20528,429181
23683,1.0556095089304565,449709,20528,429181
23684,1.0555649383550076,449709,20528,429181
23685,1.0555203715431707,449709,20528,429181
23686,1.0554758084944693,449709,20528,429181
23687,1.0554312492084266,449709,20528,429181
23688,1.055386693684566,449709,20528,429181
23689,1.0553421419224112,449709,20528,429181
23690,1.055297593921486,449709,20528,429181
23691,1.0552530496813135,449709,20528,429181
23692,1.0552085092014183,449709,20528,429181
23693,1.0551639724813235,449709,20528,429181
23694,1.0551194395205536,449709,20528,429181
23695,1.0550749103186325,449709,20528,429181
23696,1.0550303848750844,449709,20528,429181
23697,1.0549858631894333,449709,20528,429181
23698,1.0549413452612035,449709,20528,429181
23699,1.0548968310899194,449709,20528,429181
23700,1.0548523206751055,449709,20528,429181
23701,1.0548078140162862,449709,20528,429181
23702,1.0547633111129862,449709,20528,429181
23703,1.0547188119647302,449709,20528,429181
23704,1.0546743165710428,449709,20528,429181
23705,1.054629824931449,449709,20528,429181
23706,1.0545853370454736,449709,20528,429181
23707,1.0545408529126419,449709,20528,429181
23708,1.0544963725324785,449709,20528,429181
23709,1.0544518959045088,449709,20528,429181
23710,1.054407423028258,449709,20528,429181
23711,1.0543629539032517,449709,20528,429181
23712,1.0543184885290149,449709,20528,429181
23713,1.0542740269050732,449709,20528,429181
23714,1.0542295690309522,449709,20528,429181
23715,1.0541851149061776,449709,20528,429181
23716,1.0541406645302749,449709,20528,429181
23717,1.0540962179027702,449709,20528,429181
23718,1.054051775023189,449709,20528,429181
23719,1.0540073358910578,449709,20528,429181
23720,1.0539629005059021,449709,20528,429181
23721,1.0539184688672485,449709,20528,429181
23722,1.0538740409746228,449709,20528,429181
23723,1.0538296168275514,449709,20528,429181
23724,1.0537851964255607,449709,20528,429181
23725,1.053740779768177,449709,20528,429181
23726,1.053696366854927,449709,20528,429181
23727,1.0536519576853374,449709,20528,429181
23728,1.0536075522589345,449709,20528,429181
23729,1.0535631505752454,449709,20528,429181
23730,1.0535187526337968,449709,20528,429181
23731,1.0534743584341157,449709,20528,429181
23732,1.053429967975729,449709,20528,429181
23733,1.0533855812581638,449709,20528,429181
23734,1.053341198280947,449709,20528,429181
23735,1.0532968190436065,449709,20528,429181
23736,1.053252443545669,449709,20528,429181
23737,1.053208071786662,449709,20528,429181
23738,1.0531637037661135,449709,20528,429181
23739,1.0531193394835503,449709,20528,429181
23740,1.0530749789385003,449709,20528,429181
23741,1.0530306221304915,449709,20528,429181
23742,1.0529862690590515,449709,20528,429181
23743,1.052941919723708,449709,20528,429181
23744,1.0528975741239892,449709,20528,429181
23745,1.052853232259423,449709,20528,429181
23746,1.0528088941295377,449709,20528,429181
23747,1.052764559733861,449709,20528,429181
23748,1.0527202290719218,449709,20528,429181
23749,1.0526759021432481,449709,20528,429181
23750,1.0526315789473684,449709,20528,429181
23751,1.0525872594838113,449709,20528,429181
23752,1.052542943752105,449709,20528,429181
23753,1.0524986317517788,449709,20528,429181
23754,1.052454323482361,449709,20528,429181
23755,1.0524100189433803,449709,20528,429181
23756,1.052365718134366,449709,20528,429181
23757,1.052321421054847,449709,20528,429181
23758,1.052277127704352,449709,20528,429181
23759,1.0522328380824109,449709,20528,429181
23760,1.0521885521885521,449709,20528,429181
23761,1.0521442700223054,449709,20528,429181
23762,1.0520999915832001,449709,20528,429181
23763,1.0520557168707654,449709,20528,429181
23764,1.0520114458845313,449709,20528,429181
23765,1.051967178624027,449709,20528,429181
23766,1.0519229150887823,449709,20528,429181
23767,1.051878655278327,449709,20528,429181
23768,1.0518343991921912,449709,20528,429181
23769,1.0517901468299045,449709,20528,429181
23770,1.051745898190997,449709,20528,429181
23771,1.051701653274999,449709,20528,429181
23772,1.0516574120814404,449709,20528,429181
23773,1.0516131746098516,449709,20528,429181
23774,1.0515689408597628,449709,20528,429181
23775,1.0515247108307044,449709,20528,429181
23776,1.0514804845222072,449709,20528,429181
23777,1.0514362619338016,449709,20528,429181
23778,1.051392043065018,449709,20528,429181
23779,1.0513478279153876,449709,20528,429181
23780,1.0513036164844407,449709,20528,429181
23781,1.0512594087717084,449709,20528,429181
23782,1.0512152047767218,449709,20528,429181
23783,1.051171004499012,449709,20528,429181
23784,1.0511268079381098,449709,20528,429181
23785,1.0510826150935464,449709,20528,429181
23786,1.0510384259648533,449709,20528,429181
23787,1.0509942405515618,449709,20528,429181
23788,1.0509500588532033,449709,20528,429181
23789,1.0509058808693093,449709,20528,429181
23790,1.0508617065994115,449709,20528,429181
23791,1.0508175360430414,449709,20528,429181
23792,1.050773369199731,449709,20528,429181
23793,1.0507292060690119,449709,20528,429181
23794,1.050685046650416,449709,20528,429181
23795,1.0506408909434755,449709,20528,429181
23796,1.0505967389477222,449709,20528,429181
23797,1.0505525906626885,449709,20528,429181
23798,1.0505084460879066,449709,20528,429181
23799,1.0504643052229086,449709,20528,429181
23800,1.050420168067227,449709,20528,429181
23801,1.050376034620394,449709,20528,429181
23802,1.0503319048819426,449657,20528,429129
23803,1.0502877788514053,449657,20528,429129
23804,1.0502436565283146,449657,20528,429129
23805,1.0501995379122033,449657,20528,429129
23806,1.0501554230026044,449657,20528,429129
23807,1.0501113117990506,449657,20528,429129
23808,1.0500672043010753,449657,20528,429129
23809,1.0500231005082112,449657,20528,429129
23810,1.0499790004199916,449657,20528,429129
23811,1.0499349040359498,449657,20528,429129
23812,1.0498908113556191,449657,20528,429129
23813,1.0498467223785328,449657,20528,429129
23814,1.0498026371042244,449657,20528,429129
23815,1.0497585555322275,449657,20528,429129
23816,1.049714477662076,449657,20528,429129
23817,1.049670403493303,449657,20528,429129
23818,1.049626333025443,449657,20528,429129
23819,1.0495822662580292,449657,20528,429129
23820,1.0495382031905962,449657,20528,429129
23821,1.0494941438226775,449657,20528,429129
23822,1.0494500881538074,449657,20528,429129
23823,1.04940603618352,449657,20528,429129
23824,1.0493619879113498,449657,20528,429129
23825,1.0493179433368311,449657,20528,429129
23826,1.049273902459498,449657,20528,429129
23827,1.0492298652788854,449657,20528,429129
23828,1.0491858317945275,449657,20528,429129
23829,1.049141802005959,449657,20528,429129
23830,1.0490977759127151,449657,20528,429129
23831,1.04905375351433,449657,20528,429129
23832,1.049009734810339,449657,20528,429129
23833,1.0489657198002769,449657,20528,429129
23834,1.0489217084836788,449657,20528,429129
23835,1.0488777008600798,449657,20528,429129
23836,1.0488336969290148,449657,20528,429129
23837,1.0487896966900196,449657,20528,429129
23838,1.0487457001426295,449657,20528,429129
23839,1.0487017072863796,449657,20528,429129
23840,1.0486577181208054,449657,20528,429129
23841,1.0486137326454428,449657,20528,429129
23842,1.0485697508598273,449657,20528,429129
23843,1.0485257727634945,449657,20528,429129
23844,1.0484817983559804,449657,20528,429129
23845,1.0484378276368211,449657,20528,429129
23846,1.0483938606055523,449657,20528,429129
23847,1.04834989726171,449657,20528,429129
23848,1.0483059376048305,449657,20528,429129
23849,1.04826198163445,449657,20528,429129
23850,1.0482180293501049,449657,20528,429129
23851,1.0481740807513311,449657,20528,429129
23852,1.0481301358376656,449657,20528,429129
23853,1.0480861946086446,449657,20528,429129
23854,1.0480422570638048,449657,20528,429129
23855,1.0479983232026828,449657,20528,429129
23856,1.0479543930248156,449657,20528,429129
23857,1.0479104665297396,449657,20528,429129
23858,1.0478665437169923,449657,20528,429129
23859,1.04782262458611,449657,20528,429129
23860,1.0477787091366304,449657,20528,429129
23861,1.0477347973680902,449657,20528,429129
23862,1.0476908892800267,449657,20528,429129
23863,1.0476469848719776,449657,20528,429129
23864,1.0476030841434798,449657,20528,429129
23865,1.0475591870940708,449657,20528,429129
23866,1.0475152937232883,449657,20528,429129
23867,1.04747140403067,449657,20528,429129
23868,1.0474275180157533,449657,20528,429129
23869,1.0473836356780761,449657,20528,429129
23870,1.0473397570171763,449657,20528,429129
23871,1.047295882032592,449657,20528,429129
23872,1.0472520107238605,449657,20528,429129
23873,1.0472081430905207,449657,20528,429129
23874,1.0471642791321103,449657,20528,429129
23875,1.0471204188481675,449657,20528,429129
23876,1.0470765622382308,449657,20528,429129
23877,1.0470327093018386,449657,20528,429129
23878,1.046988860038529,449657,20528,429129
23879,1.0469450144478412,449657,20528,429129
23880,1.0469011725293131,449657,20528,429129
23881,1.046857334282484,449657,20528,429129
23882,1.0468134997068923,449657,20528,429129
23883,1.046769668802077,449657,20528,429129
23884,1.0467258415675766,449657,20528,429129
23885,1.0466820180029308,449657,20528,429129
23886,1.0466381981076782,449657,20528,429129
23887,1.0465943818813581,449657,20528,429129
23888,1.0465505693235098,449657,20528,429129
23889,1.0465067604336724,449657,20528,429129
23890,1.0464629552113855,449657,20528,429129
23891,1.0464191536561884,449657,20528,429129
23892,1.046375355767621,449657,20528,429129
23893,1.0463315615452224,449657,20528,429129
23894,1.0462877709885328,449657,20528,429129
23895,1.0462439840970914,449657,20528,429129
23896,1.0462002008704385,449657,20528,429129
23897,1.046156421308114,449657,20528,429129
23898,1.0461126454096576,449657,20528,429129
23899,1.0460688731746097,449657,20528,429129
23900,1.0460251046025104,449657,20528,429129
23901,1.0459813396928999,449657,20528,429129
23902,1.0459375784453184,449657,20528,429129
23903,1.0458938208593063,449657,20528,429129
23904,1.0458500669344042,449657,20528,429129
23905,1.0458063166701528,449657,20528,429129
23906,1.0457625700660922,449657,20528,429129
23907,1.0457188271217635,449657,20528,429129
23908,1.0456750878367074,449657,20528,429129
23909,1.0456313522104648,449657,20528,429129
23910,1.0455876202425762,449657,20528,429129
23911,1.0455438919325832,449657,20528,429129
23912,1.0455001672800268,449657,20528,429129
23913,1.0454564462844478,449657,20528,429129
23914,1.0454127289453876,449657,20528,429129
23915,1.0453690152623876,449657,20528,429129
23916,1.0453253052349891,449657,20528,429129
23917,1.0452815988627335,449657,20528,429129
23918,1.0452378961451627,449657,20528,429129
23919,1.0451941970818177,449657,20528,429129
23920,1.0451505016722409,449657,20528,429129
23921,1.0451068099159735,449657,20528,429129
23922,1.0450631218125574,449657,20528,429129
23923,1.045019437361535,449657,20528,429129
23924,1.0449757565624478,449657,20528,429129
23925,1.044932079414838,449657,20528,429129
23926,1.044888405918248,449657,20528,429129
23927,1.0448447360722197,449657,20528,429129
23928,1.0448010698762955,449657,20528,429129
23929,1.0447574073300179,449657,20528,429129
23930,1.0447137484329294,449657,20528,429129
23931,1.0446700931845723,449657,20528,429129
23932,1.0446264415844895,449657,20528,429129
23933,1.0445827936322234,449657,20528,429129
23934,1.0445391493273168,449657,20528,429129
23935,1.0444955086693126,449657,20528,429129
23936,1.044451871657754,449657,20528,429129
23937,1.0444082382921835,449657,20528,429129
23938,1.0443646085721447,449657,20528,429129
23939,1.0443209824971804,449657,20528,429129
23940,1.0442773600668338,449657,20528,429129
23941,1.0442337412806482,449657,20528,429129
23942,1.0441901261381672,449657,20528,429129
23943,1.0441465146389342,449657,20528,429129
23944,1.0441029067824925,449657,20528,429129
23945,1.044059302568386,449657,20528,429129
23946,1.044015701996158,449657,20528,429129
23947,1.0439721050653528,449657,20528,429129
23948,1.0439285117755137,449657,20528,429129
23949,1.0438849221261848,449657,20528,429129
23950,1.0438413361169103,449657,20528,429129
23951,1.0437977537472338,449657,20528,429129
23952,1.0437541750167,449657,20528,429129
23953,1.0437105999248528,449657,20528,429129
23954,1.0436670284712366,449657,20528,429129
23955,1.0436234606553956,449657,20528,429129
23956,1.0435798964768743,449657,20528,429129
23957,1.0435363359352172,449657,20528,429129
23958,1.043492779029969,449657,20528,429129
23959,1.0434492257606744,449657,20528,429129
23960,1.0434056761268782,449657,20528,429129
23961,1.0433621301281248,449657,20528,429129
23962,1.0433185877639597,449657,20528,429129
23963,1.0432750490339273,449657,20528,429129
23964,1.043231513937573,449657,20528,429129
23965,1.0431879824744419,449657,20528,429129
23966,1.0431444546440791,449657,20528,429129
23967,1.04310093044603,449657,20528,429129
23968,1.0430574098798397,449657,20528,429129
23969,1.043013892945054,449657,20528,429129
23970,1.0429703796412182,449657,20528,429129
23971,1.0429268699678778,449657,20528,429129
23972,1.0428833639245787,449657,20528,429129
23973,1.0428398615108665,449657,20528,429129
23974,1.0427963627262868,449657,20528,429129
23975,1.0427528675703859,449657,20528,429129
23976,1.0427093760427093,449657,20528,429129
23977,1.0426658881428035,449657,20528,429129
23978,1.0426224038702143,449657,20528,429129
23979,1.0425789232244882,449657,20528,429129
23980,1.042535446205171,449657,20528,429129
23981,1.0424919728118094,449657,20528,429129
23982,1.0424485030439496,449657,20528,429129
23983,1.0424050369011384,449657,20528,429129
23984,1.042361574382922,449657,20528,429129
23985,1.0423181154888472,449657,20528,429129
23986,1.0422746602184607,449657,20528,429129
23987,1.0422312085713095,449657,20528,429129
23988,1.04218776054694,449657,20528,429129
23989,1.0421443161448998,449657,20528,429129
23990,1.0421008753647354,449657,20528,429129
23991,1.042057438205994,449657,20528,429129
23992,1.0420140046682227,449657,20528,429129
23993,1.041970574750969,449657,20528,429129
23994,1.0419271484537802,449657,20528,429129
23995,1.0418837257762035,449657,20528,429129
23996,1.0418403067177864,449657,20528,429129
23997,1.0417968912780764,449657,20528,429129
23998,1.0417534794566214,449657,20528,429129
23999,1.0417100712529688,449657,20528,429129
24000,1.0416666666666667,449657,20528,429129
24001,1.0416232656972626,449657,20528,429129
24002,1.0415798683443047,449657,20528,429129
24003,1.0415364746073408,449657,20528,429129
24004,1.041493084485919,449657,20528,429129
24005,1.0414496979795875,449657,20528,429129
24006,1.0414063150878947,449657,20528,429129
24007,1.0413629358103886,449657,20528,429129
24008,1.0413195601466179,449657,20528,429129
24009,1.0412761880961305,449657,20528,429129
24010,1.0412328196584757,449657,20528,429129
24011,1.0411894548332015,449657,20528,429129
24012,1.0411460936198567,449657,20528,429129
24013,1.0411027360179903,449657,20528,429129
24014,1.0410593820271508,449657,20528,429129
24015,1.0410160316468873,449657,20528,429129
24016,1.0409726848767489,449657,20528,429129
24017,1.0409293417162844,449657,20528,429129
24018,1.0408860021650428,449657,20528,429129
24019,1.0408426662225738,449657,20528,429129
24020,1.0407993338884263,449657,20528,429129
24021,1.0407560051621498,449657,20528,429129
24022,1.0407126800432935,449657,20528,429129
24023,1.0406693585314073,449657,20528,429129
24024,1.0406260406260406,449657,20528,429129
24025,1.0405827263267429,449657,20528,429129
24026,1.0405394156330643,449657,20528,429129
24027,1.040496108544554,449657,20528,429129
24028,1.0404528050607624,449657,20528,429129
24029,1.0404095051812394,449657,20528,429129
24030,1.0403662089055348,449657,20528,429129
24031,1.0403229162331988,449657,20528,429129
24032,1.0402796271637815,449657,20528,429129
24033,1.0402363416968334,449657,20528,429129
24034,1.040193059831905,449657,20528,429129
24035,1.0401497815685459,449657,20528,429129
24036,1.0401065069063071,449657,20528,429129
24037,1.0400632358447393,449657,20528,429129
24038,1.040019968383393,449657,20528,429129
24039,1.0399767045218187,449657,20528,429129
24040,1.0399334442595674,449657,20528,429129
24041,1.03989018759619,449657,20528,429129
24042,1.039846934531237,449657,20528,429129
24043,1.0398036850642598,449657,20528,429129
24044,1.0397604391948094,449657,20528,429129
24045,1.039717196922437,449657,20528,429129
24046,1.0396739582466938,449657,20528,429129
24047,1.0396307231671311,449657,20528,429129
24048,1.0395874916833001,449657,20528,429129
24049,1.0395442637947523,449657,20528,429129
24050,1.0395010395010396,449657,20528,429129
24051,1.039457818801713,449657,20528,429129
24052,1.0394146016963246,449657,20528,429129
24053,1.039371388184426,449657,20528,429129
24054,1.0393281782655692,449657,20528,429129
24055,1.0392849719393058,449657,20528,429129
24056,1.0392417692051878,449657,20528,429129
24057,1.0391985700627675,449657,20528,429129
24058,1.039155374511597,449657,20528,429129
24059,1.0391121825512282,449657,20528,429129
24060,1.0390689941812137,449657,20528,429129
24061,1.0390258094011056,449657,20528,429129
24062,1.0389826282104564,449657,20528,429129
24063,1.0389394506088185,449657,20528,429129
24064,1.0388962765957446,449657,20528,429129
24065,1.0388531061707875,449657,20528,429129
24066,1.0388099393334995,449657,20528,429129
24067,1.0387667760834338,449657,20528,429129
24068,1.038723616420143,449657,20528,429129
24069,1.03868046034318,449657,20528,429129
24070,1.038637307852098,449657,20528,429129
24071,1.03859415894645,449657,20528,429129
24072,1.0385510136257894,449657,20528,429129
24073,1.038507871889669,449657,20528,429129
24074,1.0384647337376423,449657,20528,429129
24075,1.0384215991692627,449657,20528,429129
24076,1.0383784681840837,449657,20528,429129
24077,1.038335340781659,449657,20528,429129
24078,1.0382922169615416,449657,20528,429129
24079,1.0382490967232858,449657,20528,429129
24080,1.0382059800664452,449657,20528,429129
24081,1.0381628669905736,449657,20528,429129
24082,1.0381197574952246,449657,20528,429129
24083,1.0380766515799527,449657,20528,429129
24084,1.0380335492443116,449657,20528,429129
24085,1.0379904504878554,449657,20528,429129
24086,1.0379473553101386,449657,20528,429129
24087,1.0379042637107154,449657,20528,429129
24088,1.0378611756891398,449657,20528,429129
24089,1.0378180912449666,449657,20528,429129
24090,1.03777501037775,449657,20528,429129
24091,1.037731933087045,449657,20528,429129
24092,1.0376888593724058,449657,20528,429129
24093,1.0376457892333872,449657,20528,429129
24094,1.0376027226695443,449657,20528,429129
24095,1.0375596596804317,449657,20528,429129
24096,1.0375166002656042,449657,20528,429129
24097,1.0374735444246173,449657,20528,429129
24098,1.0374304921570254,449657,20528,429129
24099,1.0373874434623844,449657,20528,429129
24100,1.037344398340249,449657,20528,429129
24101,1.0373013567901748,449657,20528,429129
24102,1.0372583188117168,449657,20528,429129
24103,1.037215284404431,449657,20528,429129
24104,1.0371722535678725,449657,20528,429129
24105,1.0371292263015972,449657,20528,429129
24106,1.0370862026051606,449657,20528,429129
24107,1.0370431824781183,449657,20528,429129
24108,1.0370001659200265,449657,20528,429129
24109,1.0369571529304409,449657,20528,429129
24110,1.0369141435089175,449657,20528,429129
24111,1.0368711376550122,449657,20528,429129
24112,1.0368281353682813,449657,20528,429129
24113,1.036785136648281,449657,20528,429129
24114,1.0367421414945674,449657,20528,429129
24115,1.036699149906697,449657,20528,429129
24116,1.0366561618842263,449657,20528,429129
24117,1.0366131774267116,449657,20528,429129
24118,1.0365701965337093,449657,20528,429129
24119,1.0365272192047763,449657,20528,429129
24120,1.0364842454394694,449657,20528,429129
24121,1.036441275237345,449657,20528,429129
24122,1.0363983085979604,449657,20528,429129
24123,1.0363553455208723,449657,20528,429129
24124,1.0363123860056376,449657,20528,429129
24125,1.0362694300518134,449657,20528,429129
24126,1.0362264776589571,449657,20528,429129
24127,1.0361835288266257,449657,20528,429129
24128,1.0361405835543767,449657,20528,429129
24129,1.0360976418417671,449657,20528,429129
24130,1.0360547036883547,449657,20528,429129
24131,1.036011769093697,449657,20528,429129
24132,1.0359688380573513,449657,20528,429129
24133,1.0359259105788754,449657,20528,429129
24134,1.0358829866578272,449657,20528,429129
24135,1.0358400662937643,449658,20528,429130
24136,1.0357971494862446,449658,20528,429130
24137,1.0357542362348262,449658,20528,429130
24138,1.035711326539067,449658,20528,429130
24139,1.0356684203985251,449658,20528,429130
24140,1.035625517812759,449658,20528,429130
24141,1.0355826187813264,449658,20528,429130
24142,1.035539723303786,449658,20528,429130
24143,1.035496831379696,449658,20528,429130
24144,1.035453943008615,449658,20528,429130
24145,1.0354110581901015,449658,20528,429130
24146,1.035368176923714,449658,20528,429130
24147,1.0353252992090114,449658,20528,429130
24148,1.0352824250455523,449658,20528,429130
24149,1.0352395544328958,449658,20528,429130
24150,1.0351966873706004,449658,20528,429130
24151,1.0351538238582254,449658,20528,429130
24152,1.0351109638953295,449658,20528,429130
24153,1.0350681074814723,449658,20528,429130
24154,1.0350252546162126,449658,20528,429130
24155,1.03498240529911,449658,20528,429130
24156,1.0349395595297235,449658,20528,429130
24157,1.0348967173076127,449658,20528,429130
24158,1.0348538786323371,449658,20528,429130
24159,1.0348110435034563,449658,20528,429130
24160,1.0347682119205297,449658,20528,429130
24161,1.0347253838831174,449658,20528,429130
24162,1.034682559390779,449658,20528,429130
24163,1.034639738443074,449658,20528,429130
24164,1.034596921039563,449658,20528,429130
24165,1.0345541071798054,449658,20528,429130
24166,1.0345112968633619,449658,20528,429130
24167,1.0344684900897918,449658,20528,429130
24168,1.034425686858656,449658,20528,429130
24169,1.0343828871695147,449658,20528,429130
24170,1.034340091021928,449658,20528,429130
24171,1.0342972984154566,449658,20528,429130
24172,1.0342545093496607,449658,20528,429130
24173,1.0342117238241013,449658,20528,429130
24174,1.0341689418383386,449658,20528,429130
24175,1.0341261633919339,449658,20528,429130
24176,1.0340833884844474,449658,20528,429130
24177,1.0340406171154404,449658,20528,429130
24178,1.0339978492844735,449658,20528,429130
24179,1.0339550849911079,449658,20528,429130
24180,1.0339123242349049,449658,20528,429130
24181,1.0338695670154254,449658,20528,429130
24182,1.0338268133322306,449658,20528,429130
24183,1.033784063184882,449658,20528,429130
24184,1.0337413165729408,449658,20528,429130
24185,1.0336985734959685,449658,20528,429130
24186,1.033655833953527,449658,20528,429130
24187,1.0336130979451772,449658,20528,429130
24188,1.0335703654704813,449658,20528,429130
24189,1.0335276365290007,449658,20528,429130
24190,1.0334849111202977,449658,20528,429130
24191,1.0334421892439336,449658,20528,429130
24192,1.033399470899471,449658,20528,429130
24193,1.0333567560864714,449658,20528,429130
24194,1.033314044804497,449658,20528,429130
24195,1.0332713370531101,449658,20528,429130
24196,1.033228632831873,449658,20528,429130
24197,1.033185932140348,449658,20528,429130
24198,1.0331432349780973,449658,20528,429130
24199,1.0331005413446837,449658,20528,429130
24200,1.0330578512396693,449658,20528,429130
24201,1.0330151646626173,449658,20528,429130
24202,1.0329724816130899,449658,20528,429130
24203,1.0329298020906499,449658,20528,429130
24204,1.0328871260948604,449658,20528,429130
24205,1.032844453625284,449658,20528,429130
24206,1.0328017846814839,449658,20528,429130
24207,1.032759119263023,449658,20528,429130
24208,1.0327164573694647,449658,20528,429130
24209,1.0326737990003718,449658,20528,429130
24210,1.0326311441553078,449658,20528,429130
24211,1.0325884928338358,449658,20528,429130
24212,1.0325458450355196,449658,20528,429130
24213,1.0325032007599224,449658,20528,429130
24214,1.0324605600066077,449658,20528,429130
24215,1.0324179227751393,449658,20528,429130
24216,1.032375289065081,449658,20528,429130
24217,1.0323326588759962,449658,20528,429130
24218,1.032290032207449,449658,20528,429130
24219,1.0322474090590033,449658,20528,429130
24220,1.0322047894302229,449658,20528,429130
24221,1.032162173320672,449658,20528,429130
24222,1.032119560729915,449658,20528,429130
24223,1.0320769516575157,449658,20528,429130
24224,1.0320343461030383,449658,20528,429130
24225,1.0319917440660475,449658,20528,429130
24226,1.0319491455461074,449658,20528,429130
24227,1.031906550542783,449658,20528,429130
24228,1.0318639590556382,449658,20528,429130
24229,1.0318213710842379,449658,20528,429130
24230,1.031778786628147,449658,20528,429130
24231,1.03173620568693,449658,20528,429130
24232,1.0316936282601519,449658,20528,429130
24233,1.0316510543473776,449658,20528,429130
24234,1.031608483948172,449658,20528,429130
24235,1.0315659170621003,449658,20528,429130
24236,1.0315233536887276,449658,20528,429130
24237,1.031480793827619,449658,20528,429130
24238,1.0314382374783397,449658,20528,429130
24239,1.0313956846404555,449658,20528,429130
24240,1.0313531353135315,449658,20528,429130
24241,1.031310589497133,449658,20528,429130
24242,1.0312680471908258,449658,20528,429130
24243,1.0312255083941757,449658,20528,429130
24244,1.0311829731067481,449658,20528,429130
24245,1.031140441328109,449658,20528,429130
24246,1.031097913057824,449658,20528,429130
24247,1.0310553882954592,449658,20528,429130
24248,1.0310128670405807,449658,20528,429130
24249,1.0309703492927544,449658,20528,429130
24250,1.0309278350515463,449658,20528,429130
24251,1.030885324316523,449658,20528,429130
24252,1.0308428170872506,449658,20528,429130
24253,1.0308003133632953,449658,20528,429130
24254,1.0307578131442237,449658,20528,429130
24255,1.0307153164296021,449658,20528,429130
24256,1.0306728232189974,449658,20528,429130
24257,1.030630333511976,449658,20528,429130
24258,1.0305878473081045,449658,20528,429130
24259,1.03054536460695,449658,20528,429130
24260,1.030502885408079,449658,20528,429130
24261,1.030460409711059,449658,20528,429130
24262,1.0304179375154563,449658,20528,429130
24263,1.0303754688208384,449658,20528,429130
24264,1.0303330036267722,449658,20528,429130
24265,1.030290541932825,449658,20528,429130
24266,1.0302480837385641,449658,20528,429130
24267,1.030205629043557,449658,20528,429130
24268,1.030163177847371,449658,20528,429130
24269,1.0301207301495736,449658,20528,429130
24270,1.0300782859497322,449658,20528,429130
24271,1.0300358452474145,449658,20528,429130
24272,1.0299934080421886,449658,20528,429130
24273,1.0299509743336217,449658,20528,429130
24274,1.029908544121282,449658,20528,429130
24275,1.0298661174047374,449658,20528,429130
24276,1.0298236941835557,449658,20528,429130
24277,1.0297812744573052,449658,20528,429130
24278,1.029738858225554,449658,20528,429130
24279,1.02969644548787,449658,20528,429130
24280,1.029654036243822,449658,20528,429130
24281,1.029611630492978,449658,20528,429130
24282,1.0295692282349065,449658,20528,429130
24283,1.029526829469176,449658,20528,429130
24284,1.029484434195355,449658,20528,429130
24285,1.0294420424130122,449658,20528,429130
24286,1.0293996541217163,449658,20528,429130
24287,1.029357269321036,449658,20528,429130
24288,1.0293148880105403,449658,20528,429130
24289,1.029272510189798,449658,20528,429130
24290,1.029230135858378,449658,20528,429130
24291,1.0291877650158494,449658,20528,429130
24292,1.0291453976617817,449658,20528,429130
24293,1.0291030337957436,449658,20528,429130
24294,1.0290606734173047,449658,20528,429130
24295,1.0290183165260343,449658,20528,429130
24296,1.0289759631215014,449658,20528,429130
24297,1.028933613203276,449658,20528,429130
24298,1.0288912667709276,449658,20528,429130
24299,1.0288489238240257,449658,20528,429130
24300,1.02880658436214,449658,20528,429130
24301,1.02876424838484,449658,20528,429130
24302,1.0287219158916963,449658,20528,429130
24303,1.028679586882278,449658,20528,429130
24304,1.0286372613561554,449658,20528,429130
24305,1.0285949393128986,449658,20528,429130
24306,1.0285526207520777,449658,20528,429130
24307,1.0285103056732627,449658,20528,429130
24308,1.0284679940760244,449658,20528,429130
24309,1.0284256859599326,449658,20528,429130
24310,1.0283833813245578,449658,20528,429130
24311,1.0283410801694706,449658,20528,429130
24312,1.0282987824942416,449658,20528,429130
24313,1.028256488298441,449658,20528,429130
24314,1.0282141975816401,449658,20528,429130
24315,1.0281719103434095,449658,20528,429130
24316,1.0281296265833195,449658,20528,429130
24317,1.0280873463009417,449658,20528,429130
24318,1.0280450694958467,449658,20528,429130
24319,1.0280027961676055,449658,20528,429130
24320,1.0279605263157894,449658,20528,429130
24321,1.0279182599399697,449658,20528,429130
24322,1.027875997039717,449658,20528,429130
24323,1.0278337376146034,449658,20528,429130
24324,1.0277914816642,449658,20528,429130
24325,1.027749229188078,449658,20528,429130
24326,1.0277069801858094,449658,20528,429130
24327,1.0276647346569656,449658,20528,429130
24328,1.0276224926011182,449658,20528,429130
24329,1.0275802540178387,449658,20528,429130
24330,1.0275380189066996,449658,20528,429130
24331,1.0274957872672723,449658,20528,429130
24332,1.0274535590991287,449658,20528,429130
24333,1.0274113344018412,449658,20528,429130
24334,1.0273691131749816,449658,20528,429130
24335,1.027326895418122,449658,20528,429130
24336,1.027284681130835,449658,20528,429130
24337,1.0272424703126926,449658,20528,429130
24338,1.0272002629632673,449658,20528,429130
24339,1.0271580590821316,449658,20528,429130
24340,1.0271158586688578,449658,20528,429130
24341,1.0270736617230187,449658,20528,429130
24342,1.027031468244187,449658,20528,429130
24343,1.0269892782319352,449658,20528,429130
24344,1.0269470916858363,449658,20528,429130
24345,1.0269049086054631,449658,20528,429130
24346,1.0268627289903887,449658,20528,429130
24347,1.0268205528401857,449658,20528,429130
24348,1.0267783801544275,449658,20528,429130
24349,1.0267362109326872,449658,20528,429130
24350,1.0266940451745379,449658,20528,429130
24351,1.0266518828795532,449658,20528,429130
24352,1.0266097240473062,449658,20528,429130
24353,1.0265675686773703,449658,20528,429130
24354,1.0265254167693192,449658,20528,429130
24355,1.0264832683227263,449658,20528,429130
24356,1.0264411233371653,449658,20528,429130
24357,1.0263989818122101,449658,20528,429130
24358,1.0263568437474342,449658,20528,429130
24359,1.0263147091424114,449658,20528,429130
24360,1.026272577996716,449658,20528,429130
24361,1.0262304503099215,449658,20528,429130
24362,1.0261883260816025,449658,20528,429130
24363,1.0261462053113328,449658,20528,429130
24364,1.0261040879986867,449658,20528,429130
24365,1.0260619741432382,449658,20528,429130
24366,1.026019863744562,449658,20528,429130
24367,1.0259777568022326,449658,20528,429130
24368,1.025935653315824,449658,20528,429130
24369,1.0258935532849112,449658,20528,429130
24370,1.0258514567090686,449658,20528,429130
24371,1.025809363587871,449658,20528,429130
24372,1.0257672739208927,449658,20528,429130
24373,1.0257251877077094,449658,20528,429130
24374,1.0256831049478954,449658,20528,429130
24375,1.0256410256410255,449657,20528,429129
24376,1.0255989497866753,449657,20528,429129
24377,1.0255568773844197,449657,20528,429129
24378,1.0255148084338337,449657,20528,429129
24379,1.0254727429344928,449657,20528,429129
24380,1.0254306808859721,449657,20528,429129
24381,1.025388622287847,449657,20528,429129
24382,1.0253465671396933,449657,20528,429129
24383,1.025304515441086,449657,20528,429129
24384,1.025262467191601,449657,20528,429129
24385,1.0252204223908141,449657,20528,429129
24386,1.0251783810383006,449657,20528,429129
24387,1.0251363431336367,449657,20528,429129
24388,1.0250943086763982,449657,20528,429129
24389,1.025052277666161,449657,20528,429129
24390,1.0250102501025011,449657,20528,429129
24391,1.0249682259849944,449657,20528,429129
24392,1.0249262053132175,449657,20528,429129
24393,1.0248841880867463,449657,20528,429129
24394,1.024842174305157,449657,20528,429129
24395,1.0248001639680262,449657,20528,429129
24396,1.0247581570749302,449657,20528,429129
24397,1.0247161536254457,449657,20528,429129
24398,1.024674153619149,449657,20528,429129
24399,1.024632157055617,449657,20528,429129
24400,1.0245901639344261,449657,20528,429129
24401,1.0245481742551534,449657,20528,429129
24402,1.0245061880173756,449657,20528,429129
24403,1.0244642052206696,449657,20528,429129
24404,1.0244222258646123,449657,20528,429129
24405,1.024380249948781,449657,20528,429129
24406,1.0243382774727525,449657,20528,429129
24407,1.0242963084361043,449657,20528,429129
24408,1.0242543428384137,449657,20528,429129
24409,1.0242123806792576,449657,20528,429129
24410,1.024170421958214,449657,20528,429129
24411,1.0241284666748598,449657,20528,429129
24412,1.0240865148287728,449657,20528,429129
24413,1.0240445664195306,449657,20528,429129
24414,1.0240026214467108,449657,20528,429129
24415,1.0239606799098915,449657,20528,429129
24416,1.0239187418086502,449657,20528,429129
24417,1.0238768071425646,449657,20528,429129
24418,1.023834875911213,449657,20528,429129
24419,1.0237929481141734,449657,20528,429129
24420,1.0237510237510237,449657,20528,429129
24421,1.0237091028213423,449657,20528,429129
24422,1.0236671853247072,449657,20528,429129
24423,1.0236252712606968,449657,20528,429129
24424,1.0235833606288895,449657,20528,429129
24425,1.0235414534288638,449657,20528,429129
24426,1.0234995496601982,449657,20528,429129
24427,1.023457649322471,449657,20528,429129
24428,1.0234157524152612,449657,20528,429129
24429,1.0233738589381474,449657,20528,429129
24430,1.023331968890708,449657,20528,429129
24431,1.0232900822725226,449657,20528,429129
24432,1.0232481990831697,449657,20528,429129
24433,1.023206319322228,449657,20528,429129
24434,1.0231644429892772,449657,20528,429129
24435,1.023122570083896,449657,20528,429129
24436,1.0230807006056637,449657,20528,429129
24437,1.0230388345541597,449657,20528,429129
24438,1.022996971928963,449657,20528,429129
24439,1.0229551127296534,449657,20528,429129
24440,1.0229132569558101,449657,20528,429129
24441,1.0228714046070129,449657,20528,429129
24442,1.022829555682841,449657,20528,429129
24443,1.0227877101828744,449657,20528,429129
24444,1.0227458681066928,449657,20528,429129
24445,1.022704029453876,449657,20528,429129
24446,1.022662194224004,449657,20528,429129
24447,1.0226203624166565,449657,20528,429129
24448,1.0225785340314135,449657,20528,429129
24449,1.0225367090678554,449657,20528,429129
24450,1.0224948875255624,449657,20528,429129
24451,1.0224530694041143,449657,20528,429129
24452,1.0224112547030917,449657,20528,429129
24453,1.022369443422075,449657,20528,429129
24454,1.0223276355606445,449657,20528,429129
24455,1.0222858311183807,449657,20528,429129
24456,1.0222440300948643,449657,20528,429129
24457,1.0222022324896758,449657,20528,429129
24458,1.022160438302396,449657,20528,429129
24459,1.0221186475326056,449657,20528,429129
24460,1.0220768601798855,449657,20528,429129
24461,1.0220350762438166,449657,20528,429129
24462,1.0219932957239801,449657,20528,429129
24463,1.0219515186199566,449657,20528,429129
24464,1.0219097449313277,449657,20528,429129
24465,1.0218679746576742,449657,20528,429129
24466,1.0218262077985776,449657,20528,429129
24467,1.0217844443536193,449657,20528,429129
24468,1.0217426843223802,449657,20528,429129
24469,1.0217009277044424,449657,20528,429129
24470,1.021659174499387,449657,20528,429129
24471,1.0216174247067957,449657,20528,429129
24472,1.0215756783262504,449657,20528,429129
24473,1.0215339353573325,449657,20528,429129
24474,1.0214921957996241,449657,20528,429129
24475,1.0214504596527068,449657,20528,429129
24476,1.0214087269161627,449657,20528,429129
24477,1.0213669975895738,449657,20528,429129
24478,1.0213252716725223,449657,20528,429129
24479,1.02128354916459,449657,20528,429129
24480,1.0212418300653594,449657,20528,429129
24481,1.0212001143744127,449657,20528,429129
24482,1.0211584020913325,449657,20528,429129
24483,1.0211166932157008,449657,20528,429129
24484,1.0210749877471001,449657,20528,429129
24485,1.0210332856851134,449657,20528,429129
24486,1.020991587029323,449657,20528,429129
24487,1.0209498917793114,449657,20528,429129
24488,1.0209081999346619,449657,20528,429129
24489,1.0208665114949569,449657,20528,429129
24490,1.0208248264597795,449657,20528,429129
24491,1.0207831448287126,449657,20528,429129
24492,1.0207414666013392,449657,20528,429129
24493,1.0206997917772425,449657,20528,429129
24494,1.0206581203560054,449657,20528,429129
24495,1.0206164523372117,449657,20528,429129
24496,1.020574787720444,449657,20528,429129
24497,1.0205331265052864,449657,20528,429129
24498,1.0204914686913218,449657,20528,429129
24499,1.0204498142781337,449657,20528,429129
24500,1.0204081632653061,449657,20528,429129
24501,1.0203665156524224,449657,20528,429129
24502,1.0203248714390662,449657,20528,429129
24503,1.0202832306248215,449657,20528,429129
24504,1.0202415932092719,449657,20528,429129
24505,1.0201999591920017,449657,20528,429129
24506,1.0201583285725944,449657,20528,429129
24507,1.0201167013506345,449657,20528,429129
24508,1.020075077525706,449657,20528,429129
24509,1.0200334570973928,449657,20528,429129
24510,1.0199918400652794,449657,20528,429129
24511,1.0199502264289502,449657,20528,429129
24512,1.0199086161879896,449657,20528,429129
24513,1.0198670093419817,449657,20528,429129
24514,1.0198254058905116,449657,20528,429129
24515,1.0197838058331634,449657,20528,429129
24516,1.0197422091695219,449657,20528,429129
24517,1.019700615899172,449657,20528,429129
24518,1.0196590260216984,449657,20528,429129
24519,1.019617439536686,449657,20528,429129
24520,1.0195758564437194,449657,20528,429129
24521,1.019534276742384,449657,20528,429129
24522,1.019492700432265,449657,20528,429129
24523,1.019451127512947,449657,20528,429129
24524,1.0194095579840157,449657,20528,429129
24525,1.019367991845056,449657,20528,429129
24526,1.0193264290956536,449657,20528,429129
24527,1.0192848697353936,449657,20528,429129
24528,1.0192433137638617,449657,20528,429129
24529,1.0192017611806434,449657,20528,429129
24530,1.019160211985324,449657,20528,429129
24531,1.0191186661774898,449657,20528,429129
24532,1.019077123756726,449657,20528,429129
24533,1.0190355847226185,449657,20528,429129
24534,1.0189940490747533,449657,20528,429129
24535,1.0189525168127165,449657,20528,429129
24536,1.0189109879360938,449657,20528,429129
24537,1.0188694624444716,449657,20528,429129
24538,1.0188279403374358,449657,20528,429129
24539,1.0187864216145728,449657,20528,429129
24540,1.0187449062754685,449657,20528,429129
24541,1.01870339431971,449657,20528,429129
24542,1.018661885746883,449657,20528,429129
24543,1.0186203805565741,449657,20528,429129
24544,1.0185788787483703,449657,20528,429129
24545,1.0185373803218578,449657,20528,429129
24546,1.0184958852766235,449657,20528,429129
24547,1.018454393612254,449657,20528,429129
24548,1.0184129053283364,449657,20528,429129
24549,1.0183714204244572,449657,20528,429129
24550,1.0183299389002036,449657,20528,429129
24551,1.0182884607551628,449657,20528,429129
24552,1.0182469859889214,449657,20528,429129
24553,1.0182055146010671,449657,20528,429129
24554,1.0181640465911868,449657,20528,429129
24555,1.018122581958868,449657,20528,429129
24556,1.0180811207036977,449657,20528,429129
24557,1.0180396628252637,449657,20528,429129
24558,1.0179982083231534,449657,20528,429129
24559,1.0179567571969543,449657,20528,429129
24560,1.017915309446254,449657,20528,429129
24561,1.0178738650706405,449657,20528,429129
24562,1.0178324240697012,449657,20528,429129
24563,1.0177909864430241,449657,20528,429129
24564,1.0177495521901971,449657,20528,429129
24565,1.0177081213108081,449657,20528,429129
24566,1.0176666938044452,449657,20528,429129
24567,1.0176252696706964,449657,20528,429129
24568,1.0175838489091502,449657,20528,429129
24569,1.0175424315193944,449657,20528,429129
24570,1.0175010175010175,449657,20528,429129
24571,1.017459606853608,449657,20528,429129
24572,1.017418199576754,449657,20528,429129
24573,1.0173767956700444,449657,20528,429129
24574,1.0173353951330675,449657,20528,429129
24575,1.017293997965412,449657,20528,429129
24576,1.0172526041666667,449657,20528,429129
24577,1.0172112137364202,449657,20528,429129
24578,1.0171698266742615,449657,20528,429129
24579,1.0171284429797796,449657,20528,429129
24580,1.017087062652563,449657,20528,429129
24581,1.0170456856922012,449657,20528,429129
24582,1.0170043120982832,449657,20528,429129
24583,1.0169629418703983,449657,20528,429129
24584,1.0169215750081353,449657,20528,429129
24585,1.016880211511084,449657,20528,429129
24586,1.0168388513788336,449657,20528,429129
24587,1.0167974946109732,449657,20528,429129
24588,1.016756141207093,449657,20528,429129
24589,1.016714791166782,449657,20528,429129
24590,1.01667344448963,449657,20528,429129
24591,1.0166321011752266,449657,20528,429129
24592,1.016590761223162,449657,20528,429129
24593,1.0165494246330256,449657,20528,429129
24594,1.0165080914044076,449657,20528,429129
24595,1.0164667615368976,449657,20528,429129
24596,1.016425435030086,449657,20528,429129
24597,1.016384111883563,449657,20528,429129
24598,1.0163427920969184,449657,20528,429129
24599,1.0163014756697426,449657,20528,429129
24600,1.016260162601626,449657,20528,429129
24601,1.016218852892159,449657,20528,429129
24602,1.0161775465409317,449657,20528,429129
24603,1.016136243547535,449657,20528,429129
24604,1.0160949439115592,449657,20528,429129
24605,1.016053647632595,449657,20528,429129
24606,1.0160123547102333,449657,20528,429129
24607,1.0159710651440648,449657,20528,429129
24608,1.01592977893368,449657,20528,429129
24609,1.0158884960786705,449657,20528,429129
24610,1.0158472165786265,449657,20528,429129
24611,1.0158059404331397,449657,20528,429129
24612,1.0157646676418008,449657,20528,429129
24613,1.015723398204201,449657,20528,429129
24614,1.0156821321199316,449657,20528,429129
24615,1.015640869388584,449657,20528,429129
24616,1.0155996100097497,449657,20528,429129
24617,1.01555835398302,449657,20528,429129
24618,1.015517101307986,449657,20528,429129
24619,1.0154758519842397,449657,20528,429129
24620,1.0154346060113728,449657,20528,429129
24621,1.015393363388977,449657,20528,429129
24622,1.0153521241166437,449657,20528,429129
24623,1.015310888193965,449657,20528,429129
24624,1.0152696556205327,449657,20528,429129
24625,1.015228426395939,449657,20528,429129
24626,1.015187200519776,449657,20528,429129
24627,1.0151459779916352,449657,20528,429129
24628,1.0151047588111093,449657,20528,429129
24629,1.0150635429777903,449657,20528,429129
24630,1.0150223304912709,449657,20528,429129
24631,1.0149811213511428,449657,20528,429129
24632,1.014939915556999,449657,20528,429129
24633,1.0148987131084317,449657,20528,429129
24634,1.0148575140050338,449657,20528,429129
24635,1.0148163182463974,449657,20528,429129
24636,1.0147751258321156,449657,20528,429129
24637,1.0147339367617811,449657,20528,429129
24638,1.0146927510349866,449657,20528,429129
24639,1.014651568651325,449657,20528,429129
24640,1.0146103896103895,449657,20528,429129
24641,1.014569213911773,449657,20528,429129
24642,1.0145280415550686,449657,20528,429129
24643,1.0144868725398692,449657,20528,429129
24644,1.0144457068657686,449657,20528,429129
24645,1.0144045445323595,449657,20528,429129
24646,1.0143633855392356,449657,20528,429129
24647,1.0143222298859902,449657,20528,429129
24648,1.0142810775722169,449657,20528,429129
24649,1.014239928597509,449657,20528,429129
24650,1.0141987829614605,449657,20528,429129
24651,1.0141576406636648,449657,20528,429129
24652,1.0141165017037157,449657,20528,429129
24653,1.0140753660812072,449657,20528,429129
24654,1.0140342337957329,449657,20528,429129
24655,1.013993104846887,449657,20528,429129
24656,1.0139519792342635,449657,20528,429129
24657,1.0139108569574562,449657,20528,429129
24658,1.0138697380160597,449657,20528,429129
24659,1.013828622409668,449657,20528,429129
24660,1.013787510137875,449657,20528,429129
24661,1.0137464012002757,449657,20528,429129
24662,1.0137052955964643,449657,20528,429129
24663,1.0136641933260349,449657,20528,429129
24664,1.0136230943885824,449657,20528,429129
24665,1.0135819987837016,449657,20528,429129
24666,1.0135409065109868,449657,20528,429129
24667,1.013499817570033,449657,20528,429129
24668,1.0134587319604347,449657,20528,429129
24669,1.0134176496817868,449657,20528,429129
24670,1.0133765707336846,449657,20528,429129
24671,1.013335495115723,449657,20528,429129
24672,1.0132944228274967,449657,20528,429129
24673,1.0132533538686013,449657,20528,429129
24674,1.0132122882386319,449657,20528,429129
24675,1.0131712259371835,449657,20528,429129
24676,1.0131301669638515,449657,20528,429129
24677,1.0130891113182316,449657,20528,429129
24678,1.013048058999919,449657,20528,429129
24679,1.0130070100085093,449657,20528,429129
24680,1.012965964343598,449657,20528,429129
24681,1.012924922004781,449657,20528,429129
24682,1.0128838829916538,449657,20528,429129
24683,1.0128428473038122,449657,20528,429129
24684,1.0128018149408524,449657,20528,429129
24685,1.01276078590237,449657,20528,429129
24686,1.0127197601879607,449657,20528,429129
24687,1.0126787377972213,449657,20528,429129
24688,1.0126377187297473,449657,20528,429129
24689,1.012596702985135,449657,20528,429129
24690,1.012555690562981,449657,20528,429129
24691,1.0125146814628811,449657,20528,429129
24692,1.0124736756844321,449657,20528,429129
24693,1.0124326732272304,449657,20528,429129
24694,1.0123916740908723,449657,20528,429129
24695,1.0123506782749545,449657,20528,429129
24696,1.0123096857790734,449657,20528,429129
24697,1.0122686966028263,449657,20528,429129
24698,1.0122277107458093,449657,20528,429129
24699,1.0121867282076198,449657,20528,429129
24700,1.0121457489878543,449657,20528,429129
24701,1.01210477308611,449657,20528,429129
24702,1.0120638005019837,449657,20528,429129
24703,1.0120228312350728,449657,20528,429129
24704,1.0119818652849741,449657,20528,429129
24705,1.0119409026512851,449657,20528,429129
24706,1.0118999433336031,449657,20528,429129
24707,1.0118589873315256,449657,20528,429129
24708,1.0118180346446495,449657,20528,429129
24709,1.0117770852725727,449657,20528,429129
24710,1.0117361392148927,449657,20528,429129
24711,1.011695196471207,449657,20528,429129
24712,1.0116542570411136,449657,20528,429129
24713,1.01161332092421,449657,20528,429129
24714,1.011572388120094,449657,20528,429129
24715,1.0115314586283632,449657,20528,429129
24716,1.0114905324486163,449657,20528,429129
24717,1.0114496095804506,449657,20528,429129
24718,1.0114086900234647,449657,20528,429129
24719,1.0113677737772564,449657,20528,429129
24720,1.0113268608414239,449657,20528,429129
24721,1.0112859512155656,449657,20528,429129
24722,1.01124504489928,449657,20528,429129
24723,1.0112041418921651,449657,20528,429129
24724,1.0111632421938197,449657,20528,429129
24725,1.0111223458038423,449657,20528,429129
24726,1.0110814527218313,449657,20528,429129
24727,1.0110405629473855,449657,20528,429129
24728,1.0109996764801035,449657,20528,429129
24729,1.0109587933195843,449657,20528,429129
24730,1.0109179134654267,449657,20528,429129
24731,1.0108770369172293,449657,20528,429129
24732,1.0108361636745917,449657,20528,429129
24733,1.0107952937371123,449657,20528,429129
24734,1.0107544271043907,449657,20528,429129
24735,1.0107135637760258,449657,20528,429129
24736,1.010672703751617,449657,20528,429129
24737,1.0106318470307636,449657,20528,429129
24738,1.0105909936130648,449657,20528,429129
24739,1.0105501434981203,449657,20528,429129
24740,1.0105092966855296,449657,20528,429129
24741,1.010468453174892,449657,20528,429129
24742,1.0104276129658072,449657,20528,429129
24743,1.0103867760578749,449657,20528,429129
24744,1.010345942450695,449657,20528,429129
24745,1.0103051121438675,449657,20528,429129
24746,1.0102642851369918,449657,20528,429129
24747,1.0102234614296683,449657,20528,429129
24748,1.0101826410214967,449657,20528,429129
24749,1.0101418239120772,449657,20528,429129
24750,1.0101010101010102,449657,20528,429129
24751,1.0100601995878955,449657,20528,429129
24752,1.0100193923723335,449657,20528,429129
24753,1.0099785884539247,449657,20528,429129
24754,1.0099377878322695,449657,20528,429129
24755,1.0098969905069684,449657,20528,429129
24756,1.0098561964776216,449657,20528,429129
24757,1.00981540574383,449657,20528,429129
24758,1.0097746183051943,449657,20528,429129
24759,1.0097338341613151,449657,20528,429129
24760,1.0096930533117932,449657,20528,429129
24761,1.0096522757562296,449657,20528,429129
24762,1.009611501494225,449657,20528,429129
24763,1.0095707305253807,449657,20528,429129
24764,1.0095299628492973,449657,20528,429129
24765,1.0094891984655765,449657,20528,429129
24766,1.0094484373738188,449657,20528,429129
24767,1.0094076795736262,449657,20528,429129
24768,1.0093669250645996,449657,20528,429129
24769,1.0093261738463402,449657,20528,429129
24770,1.0092854259184498,449657,20528,429129
24771,1.0092446812805296,449657,20528,429129
24772,1.0092039399321815,449657,20528,429129
24773,1.009163201873007,449657,20528,429129
24774,1.0091224671026076,449657,20528,429129
24775,1.0090817356205852,449657,20528,429129
24776,1.009041007426542,449657,20528,429129
24777,1.009000282520079,449657,20528,429129
24778,1.008959560900799,449657,20528,429129
24779,1.0089188425683038,449657,20528,429129
24780,1.0088781275221954,449657,20528,429129
24781,1.0088374157620759,449657,20528,429129
24782,1.0087967072875474,449657,20528,429129
24783,1.0087560020982125,449657,20528,429129
24784,1.0087153001936733,449657,20528,429129
24785,1.0086746015735324,449657,20528,429129
24786,1.0086339062373921,449657,20528,429129
24787,1.008593214184855,449657,20528,429129
24788,1.0085525254155236,449657,20528,429129
24789,1.0085118399290007,449657,20528,429129
24790,1.008471157724889,449657,20528,429129
24791,1.0084304788027914,449657,20528,429129
24792,1.0083898031623104,449657,20528,429129
24793,1.0083491308030492,449657,20528,429129
24794,1.0083084617246107,449657,20528,429129
24795,1.0082677959265982,449657,20528,429129
24796,1.0082271334086144,449657,20528,429129
24797,1.0081864741702626,449657,20528,429129
24798,1.008145818211146,449657,20528,429129
24799,1.0081051655308682,449657,20528,429129
24800,1.0080645161290323,449657,20528,429129
24801,1.0080238700052417,449657,20528,429129
24802,1.0079832271591,449657,20528,429129
24803,1.0079425875902108,449657,20528,429129
24804,1.0079019512981777,449657,20528,429129
24805,1.0078613182826044,449657,20528,429129
24806,1.0078206885430945,449657,20528,429129
24807,1.0077800620792519,449657,20528,429129
24808,1.0077394388906804,449657,20528,429129
24809,1.0076988189769842,449657,20528,429129
24810,1.007658202337767,449657,20528,429129
24811,1.007617588972633,449657,20528,429129
24812,1.0075769788811866,449657,20528,429129
24813,1.0075363720630315,449657,20528,429129
24814,1.0074957685177721,449657,20528,429129
24815,1.007455168245013,449657,20528,429129
24816,1.0074145712443585,449657,20528,429129
24817,1.007373977515413,449657,20528,429129
24818,1.0073333870577807,449657,20528,429129
24819,1.0072927998710666,449657,20528,429129
24820,1.0072522159548751,449657,20528,429129
24821,1.0072116353088112,449657,20528,429129
24822,1.0071710579324793,449657,20528,429129
24823,1.0071304838254844,449657,20528,429129
24824,1.0070899129874316,449657,20528,429129
24825,1.0070493454179255,449657,20528,429129
24826,1.0070087811165713,449657,20528,429129
24827,1.0069682200829742,449657,20528,429129
24828,1.0069276623167391,449657,20528,429129
24829,1.0068871078174715,449657,20528,429129
24830,1.0068465565847764,449657,20528,429129
24831,1.0068060086182595,449657,20528,429129
24832,1.0067654639175259,449657,20528,429129
24833,1.006724922482181,449657,20528,429129
24834,1.0066843843118305,449657,20528,429129
24835,1.00664384940608,449657,20528,429129
24836,1.0066033177645353,449657,20528,429129
24837,1.0065627893868019,449657,20528,429129
24838,1.0065222642724858,449657,20528,429129
24839,1.0064817424211925,449657,20528,429129
24840,1.0064412238325282,449657,20528,429129
24841,1.0064007085060989,449657,20528,429129
24842,1.0063601964415103,449657,20528,429129
24843,1.0063196876383689,449657,20528,429129
24844,1.0062791820962809,449657,20528,429129
24845,1.0062386798148522,449657,20528,429129
24846,1.006198180793689,449657,20528,429129
24847,1.0061576850323983,449657,20528,429129
24848,1.006117192530586,449657,20528,429129
24849,1.0060767032878586,449657,20528,429129
24850,1.0060362173038229,449657,20528,429129
24851,1.0059957345780854,449657,20528,429129
24852,1.0059552551102526,449657,20528,429129
24853,1.0059147788999316,449657,20528,429129
24854,1.005874305946729,449657,20528,429129
24855,1.0058338362502515,449657,20528,429129
24856,1.0057933698101063,449657,20528,429129
24857,1.0057529066259001,449657,20528,429129
24858,1.0057124466972402,449657,20528,429129
24859,1.0056719900237339,449657,20528,429129
24860,1.005631536604988,449657,20528,429129
24861,1.0055910864406097,449657,20528,429129
24862,1.0055506395302067,449657,20528,429129
24863,1.005510195873386,449657,20528,429129
24864,1.0054697554697554,449657,20528,429129
24865,1.0054293183189222,449657,20528,429129
24866,1.005388884420494,449657,20528,429129
24867,1.005348453774078,449657,20528,429129
24868,1.0053080263792826,449657,20528,429129
24869,1.0052676022357152,449657,20528,429129
24870,1.0052271813429836,449657,20528,429129
24871,1.0051867637006955,449657,20528,429129
24872,1.0051463493084594,449657,20528,429129
24873,1.0051059381658827,449657,20528,429129
24874,1.0050655302725737,449657,20528,429129
24875,1.0050251256281406,449657,20528,429129
24876,1.0049847242321917,449657,20528,429129
24877,1.004944326084335,449657,20528,429129
24878,1.0049039311841788,449657,20528,429129
24879,1.0048635395313317,449657,20528,429129
24880,1.004823151125402,449657,20528,429129
24881,1.0047827659659982,449657,20528,429129
24882,1.004742384052729,449657,20528,429129
24883,1.0047020053852027,449657,20528,429129
24884,1.0046616299630284,449657,20528,429129
24885,1.0046212577858147,449657,20528,429129
24886,1.0045808888531704,449657,20528,429129
24887,1.0045405231647044,449657,20528,429129
24888,1.0045001607200257,449657,20528,429129
24889,1.0044598015187431,449657,20528,429129
24890,1.004419445560466,449657,20528,429129
24891,1.0043790928448033,449657,20528,429129
24892,1.0043387433713642,449657,20528,429129
24893,1.004298397139758,449657,20528,429129
24894,1.0042580541495942,449657,20528,429129
24895,1.004217714400482,449657,20528,429129
24896,1.0041773778920309,449657,20528,429129
24897,1.0041370446238502,449657,20528,429129
24898,1.00409671459555,449657,20528,429129
24899,1.0040563878067392,449657,20528,429129
24900,1.0040160642570282,449657,20528,429129
24901,1.0039757439460262,449657,20528,429129
24902,1.0039354268733436,449657,20528,429129
24903,1.0038951130385898,449657,20528,429129
24904,1.003854802441375,449657,20528,429129
24905,1.003814495081309,449657,20528,429129
24906,1.003774190958002,449657,20528,429129
24907,1.0037338900710644,449657,20528,429129
24908,1.003693592420106,449657,20528,429129
24909,1.0036532980047372,449657,20528,429129
24910,1.0036130068245686,449657,20528,429129
24911,1.00357271887921,449657,20528,429129
24912,1.0035324341682723,449657,20528,429129
24913,1.003492152691366,449657,20528,429129
24914,1.0034518744481016,449657,20528,429129
24915,1.0034115994380894,449657,20528,429129
24916,1.0033713276609408,449657,20528,429129
24917,1.003331059116266,449657,20528,429129
24918,1.0032907938036761,449657,20528,429129
24919,1.0032505317227818,449657,20528,429129
24920,1.0032102728731942,449657,20528,429129
24921,1.0031700172545244,449657,20528,429129
24922,1.003129764866383,449657,20528,429129
24923,1.003089515708382,449657,20528,429129
24924,1.0030492697801316,449657,20528,429129
24925,1.0030090270812437,449657,20528,429129
24926,1.0029687876113296,449657,20528,429129
24927,1.0029285513700004,449657,20528,429129
24928,1.0028883183568678,449657,20528,429129
24929,1.0028480885715432,449657,20528,429129
24930,1.0028078620136383,449657,20528,429129
24931,1.0027676386827644,449657,20528,429129
24932,1.0027274185785335,449657,20528,429129
24933,1.0026872017005575,449657,20528,429129
24934,1.0026469880484479,449657,20528,429129
24935,1.0026067776218168,449657,20528,429129
24936,1.002566570420276,449657,20528,429129
24937,1.0025263664434374,449657,20528,429129
24938,1.0024861656909134,449657,20528,429129
24939,1.0024459681623161,449657,20528,429129
24940,1.0024057738572574,449657,20528,429129
24941,1.00236558277535,449657,20528,429129
24942,1.0023253949162056,449657,20528,429129
24943,1.002285210279437,449657,20528,429129
24944,1.002245028864657,449657,20528,429129
24945,1.0022048506714774,449657,20528,429129
24946,1.0021646756995108,449657,20528,429129
24947,1.0021245039483706,449657,20528,429129
24948,1.0020843354176687,449657,20528,429129
24949,1.0020441701070184,449657,20528,429129
24950,1.002004008016032,449657,20528,429129
24951,1.0019638491443228,449657,20528,429129
24952,1.0019236934915037,449657,20528,429129
24953,1.0018835410571876,449657,20528,429129
24954,1.0018433918409875,449657,20528,429129
24955,1.0018032458425166,449657,20528,429129
24956,1.001763103061388,449657,20528,429129
24957,1.0017229634972151,449657,20528,429129
24958,1.0016828271496114,449657,20528,429129
24959,1.0016426940181897,449657,20528,429129
24960,1.001602564102564,449657,20528,429129
24961,1.0015624374023477,449657,20528,429129
24962,1.001522313917154,449657,20528,429129
24963,1.001482193646597,449657,20528,429129
24964,1.00144207659029,449657,20528,429129
24965,1.001401962747847,449657,20528,429129
24966,1.0013618521188816,449657,20528,429129
24967,1.001321744703008,449657,20528,429129
24968,1.0012816404998397,449657,20528,429129
24969,1.001241539508991,449657,20528,429129
24970,1.001201441730076,449657,20528,429129
24971,1.0011613471627088,449657,20528,429129
24972,1.0011212558065032,449657,20528,429129
24973,1.001081167661074,449657,20528,429129
24974,1.001041082726035,449657,20528,429129
24975,1.001001001001001,449657,20528,429129
24976,1.0009609224855862,449657,20528,429129
24977,1.000920847179405,449657,20528,429129
24978,1.0008807750820723,449657,20528,429129
24979,1.0008407061932023,449657,20528,429129
24980,1.00080064051241,449657,20528,429129
24981,1.0007605780393098,449657,20528,429129
24982,1.0007205187735169,449657,20528,429129
24983,1.000680462714646,449657,20528,429129
24984,1.0006404098623118,449657,20528,429129
24985,1.0006003602161297,449657,20528,429129
24986,1.0005603137757144,449657,20528,429129
24987,1.000520270540681,449657,20528,429129
24988,1.000480230510645,449657,20528,429129
24989,1.0004401936852214,449657,20528,429129
24990,1.0004001600640255,449657,20528,429129
24991,1.0003601296466729,449657,20528,429129
24992,1.0003201024327786,449657,20528,429129
24993,1.000280078421958,449657,20528,429129
24994,1.0002400576138273,449657,20528,429129
24995,1.0002000400080016,449657,20528,429129
24996,1.0001600256040966,449657,20528,429129
24997,1.0001200144017282,449657,20528,429129
24998,1.000080006400512,449657,20528,429129
24999,1.000040001600064,449657,20528,429129
25000,1,449657,20528,429129
25001,0.999960001599936,449657,20528,429129
