time,temperature,cost,edge_cost,delay_cost
1,25000,2120308,19704,2100604
2,12500,2120774,19704,2101070
3,8333.333333333334,2121314,19693,2101621
4,6250,2122267,19680,2102587
5,5000,2120149,19680,2100469
6,4166.666666666667,2119880,19626,2100254
7,3571.4285714285716,2119727,19626,2100101
8,3125,2121875,19626,2102249
9,2777.777777777778,2121411,19626,2101785
10,2500,2120686,19226,2101460
11,2272.7272727272725,2120965,18957,2102008
12,2083.3333333333335,2120774,18955,2101819
13,1923.076923076923,2120522,18955,2101567
14,1785.7142857142858,2121803,19226,2102577
15,1666.6666666666667,2116601,19226,2097375
16,1562.5,2116601,19226,2097375
17,1470.5882352941176,2116601,19226,2097375
18,1388.888888888889,2114452,19226,2095226
19,1315.7894736842106,2114308,19226,2095082
20,1250,2111054,19226,2091828
21,1190.4761904761904,2111054,19226,2091828
22,1136.3636363636363,2109809,19118,2090691
23,1086.9565217391305,2109725,19118,2090607
24,1041.6666666666667,2109725,19118,2090607
25,1000,2109725,19118,2090607
26,961.5384615384615,2110175,19118,2091057
27,925.925925925926,2110175,19118,2091057
28,892.8571428571429,2109734,19118,2090616
29,862.0689655172414,2111693,19118,2092575
30,833.3333333333334,2111693,19118,2092575
31,806.4516129032259,2110878,19174,2091704
32,781.25,2110878,19174,2091704
33,757.5757575757576,2109689,19174,2090515
34,735.2941176470588,2107368,19174,2088194
35,714.2857142857143,2107368,19174,2088194
36,694.4444444444445,2105532,19174,2086358
37,675.6756756756756,2105532,19174,2086358
38,657.8947368421053,2103120,19174,2083946
39,641.025641025641,2100143,19174,2080969
40,625,2096941,19174,2077767
41,609.7560975609756,2096941,19174,2077767
42,595.2380952380952,2096102,19174,2076928
43,581.3953488372093,2095241,19612,2075629
44,568.1818181818181,2093429,19612,2073817
45,555.5555555555555,2093429,19612,2073817
46,543.4782608695652,2093429,19612,2073817
47,531.9148936170212,2091328,19612,2071716
48,520.8333333333334,2086153,19612,2066541
49,510.2040816326531,2086153,19612,2066541
50,500,2086389,19740,2066649
51,490.19607843137254,2083544,19740,2063804
52,480.7692307692308,2083412,19740,2063672
53,471.6981132075472,2079330,19740,2059590
54,462.962962962963,2078048,19752,2058296
55,454.54545454545456,2075915,19752,2056163
56,446.42857142857144,2076539,19838,2056701
57,438.5964912280702,2076489,19838,2056651
58,431.0344827586207,2075992,19838,2056154
59,423.728813559322,2075992,19838,2056154
60,416.6666666666667,2075408,19838,2055570
61,409.8360655737705,2074773,19838,2054935
62,403.2258064516129,2073048,19838,2053210
63,396.8253968253968,2071028,19838,2051190
64,390.625,2068432,19838,2048594
65,384.61538461538464,2067918,18965,2048953
66,378.7878787878788,2066123,18965,2047158
67,373.13432835820896,2066123,18965,2047158
68,367.6470588235294,2066089,18965,2047124
69,362.3188405797101,2064605,18965,2045640
70,357.14285714285717,2064230,18887,2045343
71,352.11267605633805,2063903,18887,2045016
72,347.22222222222223,2062263,18887,2043376
73,342.4657534246575,2061621,18887,2042734
74,337.8378378378378,2061621,18887,2042734
75,333.3333333333333,2061621,18887,2042734
76,328.94736842105266,2061402,18887,2042515
77,324.6753246753247,2060244,18887,2041357
78,320.5128205128205,2060397,18812,2041585
79,316.45569620253167,2060397,18812,2041585
80,312.5,2058461,18812,2039649
81,308.641975308642,2058529,18812,2039717
82,304.8780487804878,2058374,18812,2039562
83,301.2048192771084,2056734,18812,2037922
84,297.6190476190476,2055914,18833,2037081
85,294.11764705882354,2054552,18833,2035719
86,290.69767441860466,2054552,18833,2035719
87,287.35632183908046,2052425,18833,2033592
88,284.09090909090907,2050621,18833,2031788
89,280.8988764044944,2049962,18833,2031129
90,277.77777777777777,2049917,20009,2029908
91,274.72527472527474,2049063,19993,2029070
92,271.7391304347826,2048730,19993,2028737
93,268.81720430107526,2047508,19996,2027512
94,265.9574468085106,2047508,19996,2027512
95,263.1578947368421,2047508,19996,2027512
96,260.4166666666667,2047508,19996,2027512
97,257.7319587628866,2047145,20021,2027124
98,255.10204081632654,2042339,20021,2022318
99,252.5252525252525,2042339,20021,2022318
100,250,2040454,20021,2020433
101,247.52475247524754,2040405,20021,2020384
102,245.09803921568627,2040405,20021,2020384
103,242.71844660194174,2040355,20021,2020334
104,240.3846153846154,2038597,20021,2018576
105,238.0952380952381,2038244,20021,2018223
106,235.8490566037736,2038244,20021,2018223
107,233.6448598130841,2038244,20021,2018223
108,231.4814814814815,2038244,20021,2018223
109,229.3577981651376,2038244,20021,2018223
110,227.27272727272728,2038196,20021,2018175
111,225.22522522522522,2038196,20021,2018175
112,223.21428571428572,2038196,20021,2018175
113,221.23893805309734,2037754,20124,2017630
114,219.2982456140351,2036986,20124,2016862
115,217.3913043478261,2036986,20124,2016862
116,215.51724137931035,2036986,20124,2016862
117,213.67521367521368,2036986,20124,2016862
118,211.864406779661,2036131,20124,2016007
119,210.08403361344537,2036131,20124,2016007
120,208.33333333333334,2036131,20124,2016007
121,206.61157024793388,2036336,20124,2016212
122,204.91803278688525,2035814,20124,2015690
123,203.2520325203252,2035814,20124,2015690
124,201.61290322580646,2035846,20147,2015699
125,200,2035846,20147,2015699
126,198.4126984126984,2035846,20147,2015699
127,196.8503937007874,2035846,20147,2015699
128,195.3125,2035675,20147,2015528
129,193.7984496124031,2035742,20318,2015424
130,192.30769230769232,2034167,20318,2013849
131,190.83969465648855,2034167,20318,2013849
132,189.3939393939394,2034167,20318,2013849
133,187.9699248120301,2033899,20322,2013577
134,186.56716417910448,2033899,20322,2013577
135,185.1851851851852,2033899,20322,2013577
136,183.8235294117647,2033899,20322,2013577
137,182.4817518248175,2030919,20322,2010597
138,181.15942028985506,2030919,20322,2010597
139,179.85611510791367,2026175,20322,2005853
140,178.57142857142858,2026175,20322,2005853
141,177.3049645390071,2026175,20322,2005853
142,176.05633802816902,2026029,20322,2005707
143,174.82517482517483,2026029,20322,2005707
144,173.61111111111111,2025590,20283,2005307
145,172.41379310344828,2025590,20283,2005307
146,171.23287671232876,2025590,20283,2005307
147,170.06802721088437,2025590,20283,2005307
148,168.9189189189189,2025590,20283,2005307
149,167.78523489932886,2025590,20283,2005307
150,166.66666666666666,2024126,20267,2003859
151,165.56291390728478,2024126,20267,2003859
152,164.47368421052633,2022934,20371,2002563
153,163.3986928104575,2021464,20371,2001093
154,162.33766233766235,2021464,20371,2001093
155,161.29032258064515,2021464,20371,2001093
156,160.25641025641025,2021464,20371,2001093
157,159.23566878980893,2021464,20371,2001093
158,158.22784810126583,2020338,20549,1999789
159,157.23270440251574,2020003,20392,1999611
160,156.25,2019619,20392,1999227
161,155.27950310559007,2019619,20392,1999227
162,154.320987654321,2018324,20507,1997817
163,153.37423312883436,2018324,20507,1997817
164,152.4390243902439,2018324,20507,1997817
165,151.5151515151515,2018324,20507,1997817
166,150.6024096385542,2018049,20507,1997542
167,149.7005988023952,2018049,20507,1997542
168,148.8095238095238,2018049,20507,1997542
169,147.92899408284023,2018049,20507,1997542
170,147.05882352941177,2017473,20507,1996966
171,146.19883040935673,2017240,20507,1996733
172,145.34883720930233,2016040,20507,1995533
173,144.50867052023122,2014942,20508,1994434
174,143.67816091954023,2014197,20508,1993689
175,142.85714285714286,2013099,20545,1992554
176,142.04545454545453,2013099,20545,1992554
177,141.24293785310735,2012552,20525,1992027
178,140.4494382022472,2012552,20525,1992027
179,139.66480446927375,2012552,20525,1992027
180,138.88888888888889,2010304,20525,1989779
181,138.12154696132598,2009214,20550,1988664
182,137.36263736263737,2009163,20619,1988544
183,136.6120218579235,2009163,20619,1988544
184,135.8695652173913,2008818,20619,1988199
185,135.13513513513513,2008818,20619,1988199
186,134.40860215053763,2004339,20619,1983720
187,133.6898395721925,2004301,20619,1983682
188,132.9787234042553,2003491,20619,1982872
189,132.27513227513228,2003491,20619,1982872
190,131.57894736842104,2003420,20619,1982801
191,130.89005235602093,2003420,20619,1982801
192,130.20833333333334,2001634,20619,1981015
193,129.5336787564767,2001634,20619,1981015
194,128.8659793814433,2001024,20619,1980405
195,128.2051282051282,2000795,21192,1979603
196,127.55102040816327,1998874,21192,1977682
197,126.90355329949239,1997815,21113,1976702
198,126.26262626262626,1997815,21113,1976702
199,125.62814070351759,1997815,21113,1976702
200,125,1997815,21113,1976702
201,124.37810945273633,1996498,21113,1975385
202,123.76237623762377,1996498,21113,1975385
203,123.15270935960591,1996498,21113,1975385
204,122.54901960784314,1996405,21113,1975292
205,121.95121951219512,1995963,21417,1974546
206,121.35922330097087,1992693,21417,1971276
207,120.77294685990339,1992693,21417,1971276
208,120.1923076923077,1991986,21441,1970545
209,119.61722488038278,1991632,21477,1970155
210,119.04761904761905,1991632,21477,1970155
211,118.48341232227489,1991632,21477,1970155
212,117.9245283018868,1991632,21477,1970155
213,117.37089201877934,1990828,21477,1969351
214,116.82242990654206,1990293,21477,1968816
215,116.27906976744185,1990256,21434,1968822
216,115.74074074074075,1987279,21434,1965845
217,115.2073732718894,1985604,21434,1964170
218,114.6788990825688,1985070,21434,1963636
219,114.15525114155251,1985070,21434,1963636
220,113.63636363636364,1985070,21434,1963636
221,113.12217194570135,1984709,21433,1963276
222,112.61261261261261,1984137,21433,1962704
223,112.10762331838565,1983727,21414,1962313
224,111.60714285714286,1983669,21414,1962255
225,111.11111111111111,1982691,21414,1961277
226,110.61946902654867,1982642,21414,1961228
227,110.13215859030836,1981618,21414,1960204
228,109.64912280701755,1981618,21414,1960204
229,109.17030567685589,1981618,21414,1960204
230,108.69565217391305,1981618,21414,1960204
231,108.22510822510823,1979383,21389,1957994
232,107.75862068965517,1979383,21389,1957994
233,107.29613733905579,1979167,21389,1957778
234,106.83760683760684,1979167,21389,1957778
235,106.38297872340425,1979167,21389,1957778
236,105.9322033898305,1979167,21389,1957778
237,105.48523206751055,1979167,21389,1957778
238,105.04201680672269,1978044,21389,1956655
239,104.60251046025104,1978044,21389,1956655
240,104.16666666666667,1977480,21366,1956114
241,103.7344398340249,1977480,21366,1956114
242,103.30578512396694,1976880,21393,1955487
243,102.88065843621399,1973689,21414,1952275
244,102.45901639344262,1973689,21414,1952275
245,102.04081632653062,1972609,21423,1951186
246,101.6260162601626,1972041,21423,1950618
247,101.21457489878543,1971884,21423,1950461
248,100.80645161290323,1971884,21423,1950461
249,100.40160642570281,1971884,21423,1950461
250,100,1971499,21423,1950076
251,99.60159362549801,1970402,21359,1949043
252,99.2063492063492,1970402,21359,1949043
253,98.81422924901186,1970402,21359,1949043
254,98.4251968503937,1970402,21359,1949043
255,98.03921568627452,1970402,21359,1949043
256,97.65625,1970719,21359,1949360
257,97.27626459143968,1970582,21359,1949223
258,96.89922480620154,1969366,21359,1948007
259,96.52509652509653,1969366,21359,1948007
260,96.15384615384616,1969366,21359,1948007
261,95.78544061302682,1969366,21359,1948007
262,95.41984732824427,1969366,21359,1948007
263,95.05703422053232,1968146,21367,1946779
264,94.6969696969697,1968146,21367,1946779
265,94.33962264150944,1967455,21405,1946050
266,93.98496240601504,1967267,21424,1945843
267,93.63295880149813,1967400,21424,1945976
268,93.28358208955224,1967400,21424,1945976
269,92.93680297397769,1967400,21424,1945976
270,92.5925925925926,1964446,21424,1943022
271,92.25092250922509,1964006,21296,1942710
272,91.91176470588235,1960724,21296,1939428
273,91.57509157509158,1960724,21296,1939428
274,91.24087591240875,1960416,21271,1939145
275,90.9090909090909,1960424,21489,1938935
276,90.57971014492753,1960424,21489,1938935
277,90.25270758122744,1959413,21489,1937924
278,89.92805755395683,1959413,21489,1937924
279,89.60573476702508,1959413,21489,1937924
280,89.28571428571429,1959413,21489,1937924
281,88.96797153024912,1959413,21489,1937924
282,88.65248226950355,1958957,21489,1937468
283,88.33922261484099,1957657,21489,1936168
284,88.02816901408451,1957657,21489,1936168
285,87.71929824561404,1957657,21489,1936168
286,87.41258741258741,1957113,21489,1935624
287,87.10801393728222,1957113,21489,1935624
288,86.80555555555556,1957113,21489,1935624
289,86.50519031141869,1955932,21473,1934459
290,86.20689655172414,1955932,21473,1934459
291,85.91065292096219,1955932,21473,1934459
292,85.61643835616438,1955932,21473,1934459
293,85.32423208191126,1954507,21669,1932838
294,85.03401360544218,1954507,21669,1932838
295,84.7457627118644,1954017,20772,1933245
296,84.45945945945945,1952322,20772,1931550
297,84.17508417508418,1952322,20772,1931550
298,83.89261744966443,1946982,20772,1926210
299,83.61204013377926,1946112,20772,1925340
300,83.33333333333333,1946112,20772,1925340
301,83.05647840531562,1946112,20772,1925340
302,82.78145695364239,1944291,20772,1923519
303,82.50825082508251,1944291,20772,1923519
304,82.23684210526316,1944291,20772,1923519
305,81.9672131147541,1943948,20772,1923176
306,81.69934640522875,1942382,20772,1921610
307,81.43322475570032,1942382,20772,1921610
308,81.16883116883118,1941993,20660,1921333
309,80.90614886731392,1935701,20660,1915041
310,80.64516129032258,1935701,20660,1915041
311,80.38585209003216,1935332,20660,1914672
312,80.12820512820512,1933771,20660,1913111
313,79.87220447284345,1932679,20660,1912019
314,79.61783439490446,1932679,20660,1912019
315,79.36507936507937,1932358,20681,1911677
316,79.11392405063292,1932209,20681,1911528
317,78.86435331230284,1932209,20681,1911528
318,78.61635220125787,1932209,20681,1911528
319,78.36990595611286,1932264,20681,1911583
320,78.125,1932264,20681,1911583
321,77.88161993769471,1932264,20681,1911583
322,77.63975155279503,1927243,20681,1906562
323,77.39938080495357,1927243,20681,1906562
324,77.1604938271605,1926869,20681,1906188
325,76.92307692307692,1926332,20717,1905615
326,76.68711656441718,1926332,20717,1905615
327,76.4525993883792,1926191,20717,1905474
328,76.21951219512195,1926242,20549,1905693
329,75.98784194528875,1926216,20549,1905667
330,75.75757575757575,1926216,20549,1905667
331,75.52870090634441,1926216,20549,1905667
332,75.3012048192771,1926244,20549,1905695
333,75.07507507507508,1926244,20549,1905695
334,74.8502994011976,1924469,20549,1903920
335,74.6268656716418,1923987,20581,1903406
336,74.4047619047619,1920019,20581,1899438
337,74.1839762611276,1920019,20581,1899438
338,73.96449704142012,1920019,20581,1899438
339,73.74631268436578,1919887,20581,1899306
340,73.52941176470588,1919887,20581,1899306
341,73.31378299120234,1919567,20878,1898689
342,73.09941520467837,1919567,20878,1898689
343,72.8862973760933,1919567,20878,1898689
344,72.67441860465117,1915771,20878,1894893
345,72.46376811594203,1915771,20878,1894893
346,72.25433526011561,1915771,20878,1894893
347,72.04610951008645,1915708,20878,1894830
348,71.83908045977012,1915708,20878,1894830
349,71.63323782234957,1915708,20878,1894830
350,71.42857142857143,1915708,20878,1894830
351,71.22507122507122,1914780,20878,1893902
352,71.02272727272727,1914780,20878,1893902
353,70.8215297450425,1914780,20878,1893902
354,70.62146892655367,1914780,20878,1893902
355,70.4225352112676,1914780,20878,1893902
356,70.2247191011236,1914780,20878,1893902
357,70.0280112044818,1914780,20878,1893902
358,69.83240223463687,1914780,20878,1893902
359,69.63788300835654,1914780,20878,1893902
360,69.44444444444444,1914839,20860,1893979
361,69.25207756232687,1914839,20860,1893979
362,69.06077348066299,1914839,20860,1893979
363,68.87052341597796,1914839,20860,1893979
364,68.68131868131869,1914839,20860,1893979
365,68.4931506849315,1914839,20860,1893979
366,68.30601092896175,1914839,20860,1893979
367,68.11989100817439,1914839,20860,1893979
368,67.93478260869566,1914228,20945,1893283
369,67.75067750677506,1914228,20945,1893283
370,67.56756756756756,1914228,20945,1893283
371,67.38544474393531,1914228,20945,1893283
372,67.20430107526882,1914228,20945,1893283
373,67.02412868632707,1912902,20945,1891957
374,66.84491978609626,1912816,20945,1891871
375,66.66666666666667,1912816,20945,1891871
376,66.48936170212765,1912816,20945,1891871
377,66.3129973474801,1912381,20945,1891436
378,66.13756613756614,1910724,20945,1889779
379,65.96306068601584,1909980,20945,1889035
380,65.78947368421052,1910043,20945,1889098
381,65.61679790026247,1910043,20945,1889098
382,65.44502617801047,1910043,20945,1889098
383,65.27415143603133,1910043,20945,1889098
384,65.10416666666667,1910043,20945,1889098
385,64.93506493506493,1910043,20945,1889098
386,64.76683937823834,1910043,20945,1889098
387,64.59948320413437,1910043,20945,1889098
388,64.43298969072166,1910043,20945,1889098
389,64.26735218508998,1909776,20945,1888831
390,64.1025641025641,1908595,21023,1887572
391,63.9386189258312,1908595,21023,1887572
392,63.775510204081634,1908595,21023,1887572
393,63.61323155216285,1907674,21010,1886664
394,63.45177664974619,1907653,21010,1886643
395,63.29113924050633,1907653,21010,1886643
396,63.13131313131313,1906624,21015,1885609
397,62.97229219143577,1906624,21015,1885609
398,62.814070351758794,1906624,21015,1885609
399,62.65664160401003,1905867,21015,1884852
400,62.5,1905867,21015,1884852
401,62.34413965087282,1905867,21015,1884852
402,62.18905472636816,1905867,21015,1884852
403,62.03473945409429,1905867,21015,1884852
404,61.881188118811885,1904390,21015,1883375
405,61.72839506172839,1900261,21015,1879246
406,61.576354679802954,1900261,21015,1879246
407,61.42506142506142,1899841,21015,1878826
408,61.27450980392157,1898067,21015,1877052
409,61.12469437652812,1898067,21015,1877052
410,60.97560975609756,1898067,21015,1877052
411,60.82725060827251,1892742,21015,1871727
412,60.679611650485434,1892742,21015,1871727
413,60.53268765133172,1892053,21015,1871038
414,60.38647342995169,1892053,21015,1871038
415,60.24096385542169,1892053,21015,1871038
416,60.09615384615385,1892053,21015,1871038
417,59.95203836930455,1892053,21015,1871038
418,59.80861244019139,1892053,21015,1871038
419,59.665871121718375,1891585,21017,1870568
420,59.523809523809526,1891585,21017,1870568
421,59.38242280285036,1891585,21017,1870568
422,59.241706161137444,1890090,21017,1869073
423,59.1016548463357,1889721,21017,1868704
424,58.9622641509434,1889721,21017,1868704
425,58.8235294117647,1889641,21017,1868624
426,58.68544600938967,1887143,21017,1866126
427,58.5480093676815,1887143,21017,1866126
428,58.41121495327103,1886432,21017,1865415
429,58.27505827505828,1886432,21017,1865415
430,58.13953488372093,1886432,21017,1865415
431,58.0046403712297,1886432,21017,1865415
432,57.870370370370374,1885536,21017,1864519
433,57.736720554272516,1883141,21017,1862124
434,57.6036866359447,1880651,21017,1859634
435,57.47126436781609,1880651,21017,1859634
436,57.3394495412844,1880651,21017,1859634
437,57.20823798627002,1880651,21017,1859634
438,57.077625570776256,1878545,21017,1857528
439,56.94760820045558,1878545,21017,1857528
440,56.81818181818182,1877759,21017,1856742
441,56.68934240362812,1877402,21017,1856385
442,56.56108597285068,1876901,21053,1855848
443,56.433408577878104,1876930,21053,1855877
444,56.306306306306304,1876930,21053,1855877
445,56.17977528089887,1876930,21053,1855877
446,56.053811659192824,1876770,21075,1855695
447,55.92841163310962,1876770,21075,1855695
448,55.80357142857143,1876416,21075,1855341
449,55.67928730512249,1874941,21075,1853866
450,55.55555555555556,1873848,21075,1852773
451,55.432372505543235,1873848,21075,1852773
452,55.309734513274336,1872838,21075,1851763
453,55.18763796909492,1872838,21075,1851763
454,55.06607929515418,1871830,21105,1850725
455,54.94505494505494,1871830,21105,1850725
456,54.824561403508774,1871830,21105,1850725
457,54.70459518599562,1871758,21105,1850653
458,54.585152838427945,1870778,21175,1849603
459,54.46623093681917,1870778,21175,1849603
460,54.34782608695652,1869620,21226,1848394
461,54.229934924078094,1869620,21226,1848394
462,54.112554112554115,1869620,21226,1848394
463,53.99568034557235,1869242,21266,1847976
464,53.87931034482759,1869242,21266,1847976
465,53.763440860215056,1869242,21266,1847976
466,53.648068669527895,1869144,21266,1847878
467,53.53319057815846,1867833,21266,1846567
468,53.41880341880342,1867444,21266,1846178
469,53.304904051172706,1866463,21299,1845164
470,53.191489361702125,1866463,21299,1845164
471,53.07855626326964,1865072,21299,1843773
472,52.96610169491525,1865072,21299,1843773
473,52.854122621564485,1865072,21299,1843773
474,52.742616033755276,1865072,21299,1843773
475,52.63157894736842,1865072,21299,1843773
476,52.52100840336134,1865072,21299,1843773
477,52.41090146750524,1865072,21299,1843773
478,52.30125523012552,1865072,21299,1843773
479,52.19206680584551,1864712,21299,1843413
480,52.083333333333336,1864712,21299,1843413
481,51.975051975051976,1864712,21299,1843413
482,51.86721991701245,1864476,21299,1843177
483,51.75983436853002,1864476,21299,1843177
484,51.65289256198347,1864476,21299,1843177
485,51.54639175257732,1864422,21299,1843123
486,51.440329218106996,1864422,21299,1843123
487,51.3347022587269,1863990,21299,1842691
488,51.22950819672131,1863990,21299,1842691
489,51.124744376278116,1862491,21299,1841192
490,51.02040816326531,1862491,21299,1841192
491,50.91649694501018,1861973,21299,1840674
492,50.8130081300813,1861973,21299,1840674
493,50.70993914807302,1861973,21299,1840674
494,50.607287449392715,1861973,21299,1840674
495,50.505050505050505,1861973,21299,1840674
496,50.403225806451616,1861973,21299,1840674
497,50.30181086519115,1861973,21299,1840674
498,50.200803212851405,1861973,21299,1840674
499,50.100200400801604,1859906,21299,1838607
500,50,1859906,21299,1838607
501,49.9001996007984,1859906,21299,1838607
502,49.800796812749006,1858548,21262,1837286
503,49.70178926441352,1857439,21349,1836090
504,49.6031746031746,1857439,21349,1836090
505,49.504950495049506,1856635,21349,1835286
506,49.40711462450593,1856635,21349,1835286
507,49.30966469428008,1856635,21349,1835286
508,49.21259842519685,1856635,21349,1835286
509,49.115913555992144,1854844,21093,1833751
510,49.01960784313726,1853684,21093,1832591
511,48.923679060665364,1852530,20998,1831532
512,48.828125,1852540,20998,1831542
513,48.732943469785575,1852540,20998,1831542
514,48.63813229571984,1851464,20998,1830466
515,48.54368932038835,1851464,20998,1830466
516,48.44961240310077,1851464,20998,1830466
517,48.355899419729205,1851244,20701,1830543
518,48.262548262548265,1851244,20701,1830543
519,48.16955684007707,1851244,20701,1830543
520,48.07692307692308,1850051,20701,1829350
521,47.98464491362764,1850051,20701,1829350
522,47.89272030651341,1849574,20701,1828873
523,47.80114722753346,1847843,21113,1826730
524,47.70992366412214,1847843,21113,1826730
525,47.61904761904762,1847843,21113,1826730
526,47.52851711026616,1847843,21113,1826730
527,47.43833017077799,1847843,21113,1826730
528,47.34848484848485,1847843,21113,1826730
529,47.25897920604915,1847042,21038,1826004
530,47.16981132075472,1846902,21038,1825864
531,47.080979284369114,1844775,21038,1823737
532,46.99248120300752,1844775,21038,1823737
533,46.90431519699813,1844775,21038,1823737
534,46.81647940074907,1843512,21038,1822474
535,46.728971962616825,1842339,20779,1821560
536,46.64179104477612,1841512,20867,1820645
537,46.554934823091244,1840489,20867,1819622
538,46.468401486988846,1840489,20867,1819622
539,46.3821892393321,1840489,20867,1819622
540,46.2962962962963,1840489,20867,1819622
541,46.21072088724584,1840489,20867,1819622
542,46.125461254612546,1840489,20867,1819622
543,46.04051565377532,1840489,20867,1819622
544,45.955882352941174,1837276,20867,1816409
545,45.87155963302752,1837276,20867,1816409
546,45.78754578754579,1837211,20675,1816536
547,45.703839122486286,1836290,20643,1815647
548,45.62043795620438,1836290,20643,1815647
549,45.537340619307834,1835606,20643,1814963
550,45.45454545454545,1835606,20643,1814963
551,45.37205081669691,1833887,20643,1813244
552,45.289855072463766,1833887,20643,1813244
553,45.20795660036166,1832188,20643,1811545
554,45.12635379061372,1831213,20643,1810570
555,45.04504504504504,1831213,20643,1810570
556,44.96402877697842,1831213,20643,1810570
557,44.88330341113106,1829841,20932,1808909
558,44.80286738351254,1829260,20932,1808328
559,44.72271914132379,1829574,20932,1808642
560,44.642857142857146,1829057,21260,1807797
561,44.563279857397504,1829057,21260,1807797
562,44.48398576512456,1829057,21260,1807797
563,44.40497335701598,1828990,21260,1807730
564,44.326241134751776,1828990,21260,1807730
565,44.24778761061947,1828923,21260,1807663
566,44.169611307420496,1828136,21271,1806865
567,44.091710758377424,1828136,21271,1806865
568,44.014084507042256,1823233,21271,1801962
569,43.936731107205624,1821882,21271,1800611
570,43.85964912280702,1821882,21271,1800611
571,43.78283712784589,1821882,21271,1800611
572,43.70629370629371,1820367,21584,1798783
573,43.63001745200698,1820367,21584,1798783
574,43.55400696864111,1820367,21584,1798783
575,43.47826086956522,1818660,21800,1796860
576,43.40277777777778,1818660,21800,1796860
577,43.327556325823224,1814859,21800,1793059
578,43.25259515570934,1814859,21800,1793059
579,43.17789291882556,1814812,21800,1793012
580,43.10344827586207,1814812,21800,1793012
581,43.029259896729776,1814812,21800,1793012
582,42.955326460481096,1814812,21800,1793012
583,42.88164665523156,1814812,21800,1793012
584,42.80821917808219,1813720,21800,1791920
585,42.73504273504273,1813713,21800,1791913
586,42.66211604095563,1813713,21800,1791913
587,42.58943781942078,1813713,21800,1791913
588,42.51700680272109,1813713,21800,1791913
589,42.444821731748725,1813713,21800,1791913
590,42.3728813559322,1813713,21800,1791913
591,42.30118443316413,1812803,21800,1791003
592,42.229729729729726,1812852,21800,1791052
593,42.158516020236085,1812756,21804,1790952
594,42.08754208754209,1812756,21804,1790952
595,42.016806722689076,1812756,21804,1790952
596,41.946308724832214,1812756,21804,1790952
597,41.87604690117253,1812756,21804,1790952
598,41.80602006688963,1812756,21804,1790952
599,41.736227045075125,1811956,21804,1790152
600,41.666666666666664,1811393,21804,1789589
601,41.597337770382694,1811013,21804,1789209
602,41.52823920265781,1811013,21804,1789209
603,41.459369817578775,1810598,21852,1788746
604,41.390728476821195,1810598,21852,1788746
605,41.32231404958678,1810598,21852,1788746
606,41.254125412541256,1809775,21852,1787923
607,41.18616144975288,1808661,21853,1786808
608,41.11842105263158,1807678,21853,1785825
609,41.050903119868636,1807678,21853,1785825
610,40.98360655737705,1807678,21853,1785825
611,40.91653027823241,1806951,21853,1785098
612,40.849673202614376,1806951,21853,1785098
613,40.783034257748774,1806415,21759,1784656
614,40.71661237785016,1806415,21759,1784656
615,40.65040650406504,1806415,21759,1784656
616,40.58441558441559,1803912,21759,1782153
617,40.51863857374392,1803295,21519,1781776
618,40.45307443365696,1803295,21519,1781776
619,40.38772213247173,1801978,21519,1780459
620,40.32258064516129,1801957,21519,1780438
621,40.25764895330113,1801957,21519,1780438
622,40.19292604501608,1801441,21519,1779922
623,40.12841091492777,1801382,21519,1779863
624,40.06410256410256,1801296,21519,1779777
625,40,1801296,21519,1779777
626,39.936102236421725,1800545,21679,1778866
627,39.87240829346093,1800545,21679,1778866
628,39.80891719745223,1796385,21679,1774706
629,39.7456279809221,1796385,21679,1774706
630,39.682539682539684,1796385,21679,1774706
631,39.61965134706814,1795180,21743,1773437
632,39.55696202531646,1795180,21743,1773437
633,39.494470774091624,1795180,21743,1773437
634,39.43217665615142,1793757,21743,1772014
635,39.37007874015748,1793757,21743,1772014
636,39.308176100628934,1793757,21743,1772014
637,39.24646781789639,1792419,21743,1770676
638,39.18495297805643,1791464,21743,1769721
639,39.123630672926446,1791464,21743,1769721
640,39.0625,1791464,21743,1769721
641,39.0015600624025,1790835,21743,1769092
642,38.940809968847354,1788796,21830,1766966
643,38.88024883359253,1788514,21830,1766684
644,38.81987577639752,1788414,21830,1766584
645,38.75968992248062,1787860,21811,1766049
646,38.69969040247678,1787860,21811,1766049
647,38.639876352395675,1787860,21811,1766049
648,38.58024691358025,1787860,21811,1766049
649,38.52080123266564,1787860,21811,1766049
650,38.46153846153846,1787860,21811,1766049
651,38.40245775729647,1787269,21811,1765458
652,38.34355828220859,1787269,21811,1765458
653,38.28483920367535,1787032,21788,1765244
654,38.2262996941896,1785204,21788,1763416
655,38.16793893129771,1785204,21788,1763416
656,38.109756097560975,1784182,21788,1762394
657,38.051750380517504,1783314,21788,1761526
658,37.993920972644375,1783314,21788,1761526
659,37.93626707132018,1782233,21788,1760445
660,37.878787878787875,1782296,21623,1760673
661,37.821482602118,1782296,21623,1760673
662,37.764350453172206,1782296,21623,1760673
663,37.70739064856712,1782296,21623,1760673
664,37.65060240963855,1782296,21623,1760673
665,37.59398496240601,1781635,21623,1760012
666,37.53753753753754,1781635,21623,1760012
667,37.481259370314845,1781635,21623,1760012
668,37.4251497005988,1781107,21623,1759484
669,37.369207772795214,1778802,21623,1757179
670,37.3134328358209,1778802,21623,1757179
671,37.257824143070046,1778910,21623,1757287
672,37.20238095238095,1778084,21623,1756461
673,37.147102526002975,1778084,21623,1756461
674,37.0919881305638,1778084,21623,1756461
675,37.03703703703704,1777722,21623,1756099
676,36.98224852071006,1777722,21623,1756099
677,36.92762186115214,1776432,21623,1754809
678,36.87315634218289,1776432,21623,1754809
679,36.81885125184094,1776432,21623,1754809
680,36.76470588235294,1776432,21623,1754809
681,36.71071953010279,1776473,21623,1754850
682,36.65689149560117,1776384,21623,1754761
683,36.603221083455345,1776384,21623,1754761
684,36.54970760233918,1776384,21623,1754761
685,36.496350364963504,1774203,22115,1752088
686,36.44314868804665,1774203,22115,1752088
687,36.3901018922853,1770791,22115,1748676
688,36.33720930232558,1770791,22115,1748676
689,36.2844702467344,1768307,22115,1746192
690,36.231884057971016,1766706,22117,1744589
691,36.1794500723589,1765247,22117,1743130
692,36.127167630057805,1764934,22117,1742817
693,36.075036075036074,1764934,22117,1742817
694,36.023054755043226,1764934,22117,1742817
695,35.97122302158273,1764875,22119,1742756
696,35.91954022988506,1764875,22119,1742756
697,35.86800573888092,1764875,22119,1742756
698,35.816618911174785,1764875,22119,1742756
699,35.7653791130186,1764875,22119,1742756
700,35.714285714285715,1764875,22119,1742756
701,35.66333808844508,1764875,22119,1742756
702,35.61253561253561,1764875,22119,1742756
703,35.56187766714083,1763909,22119,1741790
704,35.51136363636363,1763909,22119,1741790
705,35.46099290780142,1763589,22123,1741466
706,35.41076487252125,1763589,22123,1741466
707,35.36067892503536,1762531,22123,1740408
708,35.31073446327684,1760362,22128,1738234
709,35.26093088857546,1759117,22141,1736976
710,35.2112676056338,1758881,22147,1736734
711,35.16174402250352,1758881,22147,1736734
712,35.1123595505618,1758881,22147,1736734
713,35.06311360448808,1758881,22147,1736734
714,35.0140056022409,1758881,22147,1736734
715,34.96503496503497,1758675,22147,1736528
716,34.91620111731844,1758675,22147,1736528
717,34.86750348675035,1758675,22147,1736528
718,34.81894150417827,1758675,22147,1736528
719,34.770514603616135,1758675,22147,1736528
720,34.72222222222222,1758675,22147,1736528
721,34.674063800277395,1758675,22147,1736528
722,34.62603878116344,1757490,22147,1735343
723,34.57814661134163,1757490,22147,1735343
724,34.530386740331494,1757490,22147,1735343
725,34.48275862068966,1755952,22084,1733868
726,34.43526170798898,1755952,22084,1733868
727,34.3878954607978,1755155,22084,1733071
728,34.34065934065934,1755088,22023,1733065
729,34.29355281207133,1752738,22023,1730715
730,34.24657534246575,1751420,22023,1729397
731,34.19972640218878,1748831,22023,1726808
732,34.15300546448088,1748831,22023,1726808
733,34.106412005457024,1748595,22023,1726572
734,34.059945504087196,1748361,22023,1726338
735,34.01360544217687,1748361,22023,1726338
736,33.96739130434783,1748361,22023,1726338
737,33.921302578018995,1748361,22023,1726338
738,33.87533875338753,1746731,22023,1724708
739,33.82949932341001,1745984,22555,1723429
740,33.78378378378378,1744315,22595,1721720
741,33.738191632928476,1744315,22595,1721720
742,33.692722371967655,1744315,22595,1721720
743,33.64737550471063,1743187,22595,1720592
744,33.60215053763441,1743187,22595,1720592
745,33.557046979865774,1743187,22595,1720592
746,33.51206434316354,1742042,22615,1719427
747,33.467202141900934,1742042,22615,1719427
748,33.42245989304813,1742042,22615,1719427
749,33.37783711615487,1742042,22615,1719427
750,33.333333333333336,1742042,22615,1719427
751,33.28894806924101,1742042,22615,1719427
752,33.244680851063826,1742042,22615,1719427
753,33.200531208499335,1742042,22615,1719427
754,33.15649867374005,1739237,22615,1716622
755,33.11258278145695,1739237,22615,1716622
756,33.06878306878307,1739237,22615,1716622
757,33.02509907529723,1739237,22615,1716622
758,32.98153034300792,1739237,22615,1716622
759,32.93807641633729,1739237,22615,1716622
760,32.89473684210526,1739237,22615,1716622
761,32.8515111695138,1739237,22615,1716622
762,32.808398950131235,1739237,22615,1716622
763,32.765399737876805,1739234,22615,1716619
764,32.72251308900523,1739013,22615,1716398
765,32.6797385620915,1739013,22615,1716398
766,32.637075718015666,1739013,22615,1716398
767,32.59452411994785,1739013,22615,1716398
768,32.552083333333336,1738792,22327,1716465
769,32.50975292587776,1738792,22327,1716465
770,32.467532467532465,1738792,22327,1716465
771,32.425421530479895,1738792,22327,1716465
772,32.38341968911917,1738792,22327,1716465
773,32.341526520051744,1738792,22327,1716465
774,32.299741602067186,1738580,22327,1716253
775,32.25806451612903,1738580,22327,1716253
776,32.21649484536083,1737860,22327,1715533
777,32.17503217503217,1736175,22327,1713848
778,32.13367609254499,1736103,22327,1713776
779,32.09242618741977,1736103,22327,1713776
780,32.05128205128205,1736103,22327,1713776
781,32.010243277848915,1736103,22327,1713776
782,31.9693094629156,1734626,22367,1712259
783,31.928480204342275,1734685,22453,1712232
784,31.887755102040817,1733719,22453,1711266
785,31.84713375796178,1732447,22453,1709994
786,31.806615776081426,1732447,22453,1709994
787,31.76620076238882,1732447,22453,1709994
788,31.725888324873097,1732447,22453,1709994
789,31.685678073510772,1732464,22269,1710195
790,31.645569620253166,1732464,22269,1710195
791,31.605562579013906,1732464,22269,1710195
792,31.565656565656564,1732464,22269,1710195
793,31.525851197982345,1732464,22269,1710195
794,31.486146095717885,1732464,22269,1710195
795,31.446540880503143,1732464,22269,1710195
796,31.407035175879397,1732464,22269,1710195
797,31.36762860727729,1732464,22269,1710195
798,31.328320802005013,1732464,22269,1710195
799,31.289111389236545,1732464,22269,1710195
800,31.25,1732464,22269,1710195
801,31.210986267166042,1732464,22269,1710195
802,31.17206982543641,1732464,22269,1710195
803,31.133250311332503,1731682,22269,1709413
804,31.09452736318408,1731687,22269,1709418
805,31.055900621118013,1731687,22269,1709418
806,31.017369727047146,1731687,22269,1709418
807,30.97893432465923,1731687,22269,1709418
808,30.940594059405942,1731687,22269,1709418
809,30.902348578491967,1731687,22269,1709418
810,30.864197530864196,1731687,22269,1709418
811,30.826140567200987,1731687,22269,1709418
812,30.788177339901477,1730428,22269,1708159
813,30.75030750307503,1730428,22269,1708159
814,30.71253071253071,1730428,22269,1708159
815,30.67484662576687,1730289,22269,1708020
816,30.637254901960784,1729106,22269,1706837
817,30.599755201958384,1729106,22269,1706837
818,30.56234718826406,1727935,22272,1705663
819,30.525030525030527,1727935,22272,1705663
820,30.48780487804878,1727935,22272,1705663
821,30.450669914738125,1725850,22273,1703577
822,30.413625304136254,1725850,22273,1703577
823,30.37667071688943,1725850,22273,1703577
824,30.339805825242717,1724427,22273,1702154
825,30.303030303030305,1722366,22273,1700093
826,30.26634382566586,1722366,22273,1700093
827,30.22974607013301,1722366,22273,1700093
828,30.193236714975846,1722366,22273,1700093
829,30.156815440289506,1722114,22273,1699841
830,30.120481927710845,1722114,22273,1699841
831,30.084235860409144,1722114,22273,1699841
832,30.048076923076923,1722114,22273,1699841
833,30.012004801920767,1721434,22266,1699168
834,29.976019184652277,1721434,22266,1699168
835,29.940119760479043,1721455,22301,1699154
836,29.904306220095695,1721455,22301,1699154
837,29.86857825567503,1721455,22301,1699154
838,29.832935560859188,1721455,22301,1699154
839,29.797377830750893,1721455,22301,1699154
840,29.761904761904763,1720194,22096,1698098
841,29.72651605231867,1720194,22096,1698098
842,29.69121140142518,1719633,22100,1697533
843,29.655990510083036,1719637,22100,1697537
844,29.620853080568722,1719637,22100,1697537
845,29.585798816568047,1719583,22037,1697546
846,29.55082742316785,1719583,22037,1697546
847,29.515938606847698,1719583,22037,1697546
848,29.4811320754717,1719259,22037,1697222
849,29.44640753828033,1716560,22064,1694496
850,29.41176470588235,1716319,22064,1694255
851,29.37720329024677,1716319,22064,1694255
852,29.342723004694836,1716319,22064,1694255
853,29.308323563892145,1715253,22128,1693125
854,29.27400468384075,1711634,22128,1689506
855,29.239766081871345,1711634,22128,1689506
856,29.205607476635514,1710228,22128,1688100
857,29.171528588098017,1710228,22128,1688100
858,29.13752913752914,1710228,22128,1688100
859,29.10360884749709,1710228,22128,1688100
860,29.069767441860463,1710228,22128,1688100
861,29.036004645760745,1710026,22128,1687898
862,29.00232018561485,1709964,21823,1688141
863,28.968713789107763,1709964,21823,1688141
864,28.935185185185187,1709964,21823,1688141
865,28.90173410404624,1709944,21823,1688121
866,28.868360277136258,1709944,21823,1688121
867,28.83506343713956,1709944,21823,1688121
868,28.80184331797235,1709944,21823,1688121
869,28.768699654775602,1709943,21487,1688456
870,28.735632183908045,1708887,21487,1687400
871,28.70264064293915,1707158,21504,1685654
872,28.6697247706422,1707158,21504,1685654
873,28.6368843069874,1707013,21813,1685200
874,28.60411899313501,1707013,21813,1685200
875,28.571428571428573,1707013,21813,1685200
876,28.538812785388128,1707013,21813,1685200
877,28.506271379703534,1707013,21813,1685200
878,28.47380410022779,1707013,21813,1685200
879,28.441410693970422,1705787,21618,1684169
880,28.40909090909091,1705787,21618,1684169
881,28.37684449489217,1705787,21618,1684169
882,28.34467120181406,1705336,21618,1683718
883,28.312570781426952,1704917,21618,1683299
884,28.28054298642534,1704917,21618,1683299
885,28.24858757062147,1704917,21618,1683299
886,28.216704288939052,1704917,21618,1683299
887,28.18489289740699,1704917,21618,1683299
888,28.153153153153152,1703428,21629,1681799
889,28.1214848143982,1703428,21629,1681799
890,28.089887640449437,1703133,21912,1681221
891,28.058361391694724,1703133,21912,1681221
892,28.026905829596412,1703140,21939,1681201
893,27.99552071668533,1703140,21939,1681201
894,27.96420581655481,1700540,22035,1678505
895,27.932960893854748,1700540,22035,1678505
896,27.901785714285715,1700540,22035,1678505
897,27.870680044593087,1700540,22035,1678505
898,27.839643652561247,1700540,22035,1678505
899,27.808676307007786,1700540,22035,1678505
900,27.77777777777778,1700534,22042,1678492
901,27.74694783573807,1700430,22042,1678388
902,27.716186252771617,1699550,22042,1677508
903,27.685492801771872,1699550,22042,1677508
904,27.654867256637168,1699550,22042,1677508
905,27.624309392265193,1698130,22110,1676020
906,27.59381898454746,1696548,22154,1674394
907,27.563395810363836,1696548,22154,1674394
908,27.53303964757709,1696548,22154,1674394
909,27.502750275027502,1696548,22154,1674394
910,27.47252747252747,1696548,22154,1674394
911,27.442371020856204,1696548,22154,1674394
912,27.412280701754387,1696548,22154,1674394
913,27.38225629791895,1696548,22154,1674394
914,27.35229759299781,1696548,22154,1674394
915,27.3224043715847,1696464,22499,1673965
916,27.292576419213972,1696464,22499,1673965
917,27.262813522355508,1696464,22499,1673965
918,27.233115468409586,1694790,22520,1672270
919,27.20348204570185,1694790,22520,1672270
920,27.17391304347826,1694490,21803,1672687
921,27.14440825190011,1694490,21803,1672687
922,27.114967462039047,1694490,21803,1672687
923,27.085590465872155,1694490,21803,1672687
924,27.056277056277057,1694490,21803,1672687
925,27.027027027027028,1694490,21803,1672687
926,26.997840172786177,1691678,21803,1669875
927,26.968716289104638,1691678,21803,1669875
928,26.939655172413794,1688943,22531,1666412
929,26.910656620021527,1688943,22531,1666412
930,26.881720430107528,1688872,22554,1666318
931,26.852846401718583,1688872,22554,1666318
932,26.824034334763947,1685123,22554,1662569
933,26.79528403001072,1685123,22554,1662569
934,26.76659528907923,1685123,22554,1662569
935,26.737967914438503,1685123,22554,1662569
936,26.70940170940171,1685123,22554,1662569
937,26.680896478121664,1685123,22554,1662569
938,26.652452025586353,1685123,22554,1662569
939,26.624068157614484,1685123,22554,1662569
940,26.595744680851062,1685123,22554,1662569
941,26.56748140276302,1685123,22554,1662569
942,26.53927813163482,1685077,22554,1662523
943,26.511134676564158,1685077,22554,1662523
944,26.483050847457626,1685077,22554,1662523
945,26.455026455026456,1685077,22554,1662523
946,26.427061310782243,1685077,22554,1662523
947,26.399155227032736,1685077,22554,1662523
948,26.371308016877638,1685077,22554,1662523
949,26.343519494204426,1685077,22554,1662523
950,26.31578947368421,1684336,22554,1661782
951,26.288117770767613,1684336,22554,1661782
952,26.26050420168067,1684336,22554,1661782
953,26.232948583420775,1684336,22554,1661782
954,26.20545073375262,1683239,22406,1660833
955,26.17801047120419,1683239,22406,1660833
956,26.15062761506276,1682436,22406,1660030
957,26.12330198537095,1682436,22406,1660030
958,26.096033402922757,1682436,22406,1660030
959,26.068821689259646,1682436,22406,1660030
960,26.041666666666668,1682436,22406,1660030
961,26.014568158168576,1679445,22406,1657039
962,25.987525987525988,1679445,22406,1657039
963,25.96053997923157,1679445,22406,1657039
964,25.933609958506224,1678070,22462,1655608
965,25.906735751295336,1675381,22462,1652919
966,25.87991718426501,1673913,22462,1651451
967,25.853154084798344,1673913,22462,1651451
968,25.826446280991735,1673913,22462,1651451
969,25.799793601651185,1673913,22462,1651451
970,25.77319587628866,1673913,22462,1651451
971,25.746652935118433,1673009,22821,1650188
972,25.720164609053498,1673009,22821,1650188
973,25.693730729701954,1671348,22821,1648527
974,25.66735112936345,1668699,22821,1645878
975,25.641025641025642,1668699,22821,1645878
976,25.614754098360656,1668699,22821,1645878
977,25.588536335721596,1668699,22821,1645878
978,25.562372188139058,1668699,22821,1645878
979,25.53626149131767,1668699,22821,1645878
980,25.510204081632654,1668699,22821,1645878
981,25.4841997961264,1668699,22821,1645878
982,25.45824847250509,1667969,23055,1644914
983,25.4323499491353,1667969,23055,1644914
984,25.40650406504065,1667969,23055,1644914
985,25.380710659898476,1667969,23055,1644914
986,25.35496957403651,1667805,23055,1644750
987,25.329280648429584,1667359,23055,1644304
988,25.303643724696357,1667296,23055,1644241
989,25.278058645096056,1666970,23115,1643855
990,25.252525252525253,1666970,23115,1643855
991,25.22704339051463,1666970,23115,1643855
992,25.201612903225808,1666970,23115,1643855
993,25.17623363544814,1663148,23115,1640033
994,25.150905432595575,1663148,23115,1640033
995,25.12562814070352,1662107,23248,1638859
996,25.100401606425702,1662107,23248,1638859
997,25.075225677031092,1662107,23248,1638859
998,25.050100200400802,1662107,23248,1638859
999,25.025025025025027,1655975,23248,1632727
1000,25,1655975,23248,1632727
1001,24.975024975024976,1655975,23248,1632727
1002,24.9500998003992,1655975,23248,1632727
1003,24.92522432701894,1655975,23248,1632727
1004,24.900398406374503,1655975,23248,1632727
1005,24.875621890547265,1654914,23248,1631666
1006,24.85089463220676,1654914,23248,1631666
1007,24.826216484607745,1654914,23248,1631666
1008,24.8015873015873,1654914,23248,1631666
1009,24.777006937561943,1652835,23248,1629587
1010,24.752475247524753,1652835,23248,1629587
1011,24.727992087042534,1652835,23248,1629587
1012,24.703557312252965,1649852,23248,1626604
1013,24.679170779861796,1649852,23248,1626604
1014,24.65483234714004,1649852,23248,1626604
1015,24.63054187192118,1648736,23281,1625455
1016,24.606299212598426,1648736,23281,1625455
1017,24.582104228121928,1648736,23281,1625455
1018,24.557956777996072,1648296,23281,1625015
1019,24.53385672227674,1648296,23281,1625015
1020,24.50980392156863,1648296,23281,1625015
1021,24.48579823702253,1648237,22681,1625556
1022,24.461839530332682,1648237,22681,1625556
1023,24.437927663734115,1645922,22681,1623241
1024,24.4140625,1645831,22745,1623086
1025,24.390243902439025,1645726,22745,1622981
1026,24.366471734892787,1645616,22770,1622846
1027,24.342745861733203,1645563,22789,1622774
1028,24.31906614785992,1645563,22789,1622774
1029,24.295432458697764,1645563,22789,1622774
1030,24.271844660194176,1643457,22789,1620668
1031,24.248302618816684,1643387,22789,1620598
1032,24.224806201550386,1643387,22789,1620598
1033,24.20135527589545,1643387,22789,1620598
1034,24.177949709864603,1643387,22789,1620598
1035,24.154589371980677,1642014,22789,1619225
1036,24.131274131274132,1642014,22789,1619225
1037,24.108003857280618,1640743,22789,1617954
1038,24.084778420038536,1640743,22789,1617954
1039,24.06159769008662,1640743,22789,1617954
1040,24.03846153846154,1637379,22789,1614590
1041,24.015369836695484,1636875,22789,1614086
1042,23.99232245681382,1636875,22789,1614086
1043,23.969319271332694,1636875,22789,1614086
1044,23.946360153256705,1636875,22789,1614086
1045,23.923444976076556,1636875,22789,1614086
1046,23.90057361376673,1636875,22789,1614086
1047,23.87774594078319,1632196,22789,1609407
1048,23.85496183206107,1632196,22789,1609407
1049,23.83222116301239,1631276,22826,1608450
1050,23.80952380952381,1630902,22826,1608076
1051,23.78686964795433,1630902,22826,1608076
1052,23.76425855513308,1630576,22826,1607750
1053,23.741690408357076,1630576,22826,1607750
1054,23.719165085388994,1630576,22826,1607750
1055,23.696682464454977,1630576,22826,1607750
1056,23.674242424242426,1630078,22839,1607239
1057,23.651844843897823,1628772,22839,1605933
1058,23.629489603024574,1623776,22839,1600937
1059,23.607176581680832,1623776,22839,1600937
1060,23.58490566037736,1623776,22839,1600937
1061,23.5626767200754,1623776,22839,1600937
1062,23.540489642184557,1623776,22839,1600937
1063,23.51834430856068,1623776,22839,1600937
1064,23.49624060150376,1622028,22839,1599189
1065,23.474178403755868,1622028,22839,1599189
1066,23.452157598499063,1622028,22839,1599189
1067,23.430178069353328,1621038,22838,1598200
1068,23.408239700374533,1619273,22838,1596435
1069,23.386342376052387,1619273,22838,1596435
1070,23.364485981308412,1619273,22838,1596435
1071,23.34267040149393,1613069,22838,1590231
1072,23.32089552238806,1613069,22838,1590231
1073,23.299161230195715,1611830,22882,1588948
1074,23.277467411545622,1611610,22894,1588716
1075,23.25581395348837,1610160,22894,1587266
1076,23.234200743494423,1610160,22894,1587266
1077,23.212627669452182,1610160,22894,1587266
1078,23.19109461966605,1609679,22894,1586785
1079,23.169601482854496,1609679,22894,1586785
1080,23.14814814814815,1609225,22901,1586324
1081,23.12673450508788,1608896,22901,1585995
1082,23.10536044362292,1608902,22901,1586001
1083,23.08402585410896,1608390,22901,1585489
1084,23.062730627306273,1608390,22901,1585489
1085,23.04147465437788,1608390,22901,1585489
1086,23.02025782688766,1608390,22901,1585489
1087,22.999080036798528,1608390,22901,1585489
1088,22.977941176470587,1607986,22901,1585085
1089,22.95684113865932,1607986,22901,1585085
1090,22.93577981651376,1607986,22901,1585085
1091,22.9147571035747,1607986,22901,1585085
1092,22.893772893772894,1607986,22901,1585085
1093,22.872827081427264,1607986,22901,1585085
1094,22.851919561243143,1607986,22901,1585085
1095,22.831050228310502,1607986,22901,1585085
1096,22.81021897810219,1607986,22901,1585085
1097,22.789425706472198,1607986,22901,1585085
1098,22.768670309653917,1607986,22901,1585085
1099,22.747952684258415,1607986,22901,1585085
1100,22.727272727272727,1607986,22901,1585085
1101,22.70663033605813,1607986,22901,1585085
1102,22.686025408348456,1607986,22901,1585085
1103,22.665457842248415,1607986,22901,1585085
1104,22.644927536231883,1607986,22901,1585085
1105,22.624434389140273,1607866,22901,1584965
1106,22.60397830018083,1607866,22901,1584965
1107,22.583559168925024,1607866,22901,1584965
1108,22.56317689530686,1607866,22901,1584965
1109,22.54283137962128,1607919,22901,1585018
1110,22.52252252252252,1603177,22901,1580276
1111,22.502250225022504,1603177,22901,1580276
1112,22.48201438848921,1602416,22957,1579459
1113,22.461814914645103,1601951,22930,1579021
1114,22.44165170556553,1601951,22930,1579021
1115,22.42152466367713,1601951,22930,1579021
1116,22.40143369175627,1601791,22930,1578861
1117,22.381378692927484,1601791,22930,1578861
1118,22.361359570661897,1601791,22930,1578861
1119,22.341376228775694,1600861,22930,1577931
1120,22.321428571428573,1600509,23015,1577494
1121,22.301516503122212,1600509,23015,1577494
1122,22.281639928698752,1600509,23015,1577494
1123,22.26179875333927,1600509,23015,1577494
1124,22.24199288256228,1600509,23015,1577494
1125,22.22222222222222,1600509,23015,1577494
1126,22.20248667850799,1600509,23015,1577494
1127,22.182786157941436,1599838,23015,1576823
1128,22.163120567375888,1599508,23016,1576492
1129,22.143489813994684,1599508,23016,1576492
1130,22.123893805309734,1599508,23016,1576492
1131,22.104332449160037,1599508,23016,1576492
1132,22.084805653710248,1599508,23016,1576492
1133,22.06531332744925,1599508,23016,1576492
1134,22.045855379188712,1599508,23016,1576492
1135,22.026431718061673,1599508,23016,1576492
1136,22.007042253521128,1599508,23016,1576492
1137,21.98768689533861,1599508,23016,1576492
1138,21.968365553602812,1599508,23016,1576492
1139,21.949078138718175,1599508,23016,1576492
1140,21.92982456140351,1599393,23016,1576377
1141,21.910604732690622,1599393,23016,1576377
1142,21.891418563922944,1599104,23028,1576076
1143,21.872265966754156,1597311,23061,1574250
1144,21.853146853146853,1597308,23061,1574247
1145,21.83406113537118,1596847,23061,1573786
1146,21.81500872600349,1596847,23061,1573786
1147,21.79598953792502,1596847,23061,1573786
1148,21.777003484320556,1596847,23061,1573786
1149,21.75805047867711,1596347,23069,1573278
1150,21.73913043478261,1595463,23069,1572394
1151,21.720243266724587,1595463,23069,1572394
1152,21.70138888888889,1595463,23069,1572394
1153,21.682567215958368,1595463,23069,1572394
1154,21.663778162911612,1595463,23069,1572394
1155,21.645021645021647,1595463,23069,1572394
1156,21.62629757785467,1593107,23069,1570038
1157,21.6076058772688,1591925,23069,1568856
1158,21.58894645941278,1591925,23069,1568856
1159,21.570319240724764,1591925,23069,1568856
1160,21.551724137931036,1591826,23069,1568757
1161,21.533161068044787,1591801,23133,1568668
1162,21.514629948364888,1591801,23133,1568668
1163,21.496130696474633,1591387,23133,1568254
1164,21.477663230240548,1591387,23133,1568254
1165,21.459227467811157,1589451,23133,1566318
1166,21.44082332761578,1589331,23133,1566198
1167,21.422450728363327,1589331,23133,1566198
1168,21.404109589041095,1589331,23133,1566198
1169,21.3857998289136,1588755,23375,1565380
1170,21.367521367521366,1588755,23375,1565380
1171,21.34927412467976,1588755,23375,1565380
1172,21.331058020477816,1588755,23375,1565380
1173,21.312872975277067,1588517,23375,1565142
1174,21.29471890971039,1588517,23375,1565142
1175,21.27659574468085,1588517,23375,1565142
1176,21.258503401360546,1588517,23375,1565142
1177,21.240441801189466,1588517,23375,1565142
1178,21.222410865874362,1588517,23375,1565142
1179,21.20441051738762,1585817,23395,1562422
1180,21.1864406779661,1584649,23395,1561254
1181,21.168501270110077,1584649,23395,1561254
1182,21.150592216582066,1584017,23443,1560574
1183,21.132713440405748,1584017,23443,1560574
1184,21.114864864864863,1584017,23443,1560574
1185,21.09704641350211,1584017,23443,1560574
1186,21.079258010118043,1578573,23443,1555130
1187,21.061499578770007,1578573,23443,1555130
1188,21.043771043771045,1578573,23443,1555130
1189,21.026072329688816,1578573,23443,1555130
1190,21.008403361344538,1578573,23443,1555130
1191,20.990764063811923,1577344,23443,1553901
1192,20.973154362416107,1577344,23443,1553901
1193,20.955574182732608,1577344,23443,1553901
1194,20.938023450586265,1577344,23443,1553901
1195,20.92050209205021,1577344,23443,1553901
1196,20.903010033444815,1576255,23443,1552812
1197,20.885547201336674,1575843,23472,1552371
1198,20.868113522537563,1575843,23472,1552371
1199,20.85070892410342,1575843,23472,1552371
1200,20.833333333333332,1574328,23472,1550856
1201,20.815986677768525,1574328,23472,1550856
1202,20.798668885191347,1574328,23472,1550856
1203,20.781379883624272,1574328,23472,1550856
1204,20.764119601328904,1573922,23472,1550450
1205,20.74688796680498,1573922,23472,1550450
1206,20.729684908789388,1571229,23472,1547757
1207,20.712510356255176,1570960,23342,1547618
1208,20.695364238410598,1570960,23342,1547618
1209,20.678246484698096,1570960,23342,1547618
1210,20.66115702479339,1570960,23342,1547618
1211,20.64409578860446,1570960,23342,1547618
1212,20.627062706270628,1570960,23342,1547618
1213,20.610057708161584,1570960,23342,1547618
1214,20.59308072487644,1570965,22991,1547974
1215,20.5761316872428,1570965,22991,1547974
1216,20.55921052631579,1570965,22991,1547974
1217,20.542317173377157,1570149,22967,1547182
1218,20.525451559934318,1570149,22967,1547182
1219,20.50861361771944,1566708,22967,1543741
1220,20.491803278688526,1566344,22967,1543377
1221,20.475020475020475,1565943,21751,1544192
1222,20.458265139116204,1565943,21751,1544192
1223,20.44153720359771,1565127,21751,1543376
1224,20.424836601307188,1565127,21751,1543376
1225,20.408163265306122,1565124,21751,1543373
1226,20.391517128874387,1565124,21751,1543373
1227,20.37489812550937,1561859,21751,1540108
1228,20.35830618892508,1561859,21751,1540108
1229,20.34174125305126,1561859,21751,1540108
1230,20.32520325203252,1560759,21751,1539008
1231,20.30869212022746,1560638,21802,1538836
1232,20.292207792207794,1559164,21802,1537362
1233,20.275750202757504,1559164,21802,1537362
1234,20.25931928687196,1559147,21802,1537345
1235,20.242914979757085,1559147,21802,1537345
1236,20.22653721682848,1558279,21802,1536477
1237,20.21018593371059,1558279,21802,1536477
1238,20.193861066235865,1558279,21802,1536477
1239,20.177562550443906,1558135,21586,1536549
1240,20.161290322580644,1558071,21550,1536521
1241,20.1450443190975,1555637,21550,1534087
1242,20.128824476650564,1555637,21550,1534087
1243,20.11263073209976,1550282,21550,1528732
1244,20.09646302250804,1550282,21550,1528732
1245,20.080321285140563,1550282,21550,1528732
1246,20.064205457463885,1550282,21550,1528732
1247,20.04811547714515,1548397,21550,1526847
1248,20.03205128205128,1548397,21550,1526847
1249,20.0160128102482,1548397,21550,1526847
1250,20,1548397,21550,1526847
1251,19.984012789768187,1548397,21550,1526847
1252,19.968051118210862,1548397,21550,1526847
1253,19.952114924181963,1548397,21550,1526847
1254,19.936204146730464,1548397,21550,1526847
1255,19.9203187250996,1548397,21550,1526847
1256,19.904458598726116,1548397,21550,1526847
1257,19.88862370723946,1548397,21550,1526847
1258,19.87281399046105,1548397,21550,1526847
1259,19.857029388403493,1548397,21550,1526847
1260,19.841269841269842,1548397,21550,1526847
1261,19.825535289452816,1548397,21550,1526847
1262,19.80982567353407,1548397,21550,1526847
1263,19.79414093428345,1548397,21550,1526847
1264,19.77848101265823,1548397,21550,1526847
1265,19.76284584980237,1547883,21550,1526333
1266,19.747235387045812,1547883,21550,1526333
1267,19.73164956590371,1547883,21550,1526333
1268,19.71608832807571,1547883,21550,1526333
1269,19.70055161544523,1547643,21873,1525770
1270,19.68503937007874,1542956,21873,1521083
1271,19.66955153422502,1542956,21873,1521083
1272,19.654088050314467,1542956,21873,1521083
1273,19.638648860958366,1542219,20665,1521554
1274,19.623233908948194,1542219,20665,1521554
1275,19.607843137254903,1542219,20665,1521554
1276,19.592476489028215,1542219,20665,1521554
1277,19.57713390759593,1542219,20665,1521554
1278,19.561815336463223,1541292,20699,1520593
1279,19.546520719311964,1541292,20699,1520593
1280,19.53125,1541292,20699,1520593
1281,19.516003122560498,1541292,20699,1520593
1282,19.50078003120125,1541292,20699,1520593
1283,19.485580670303975,1541292,20699,1520593
1284,19.470404984423677,1541292,20699,1520593
1285,19.455252918287936,1541292,20699,1520593
1286,19.440124416796266,1539747,20699,1519048
1287,19.425019425019425,1539245,20699,1518546
1288,19.40993788819876,1539245,20699,1518546
1289,19.39487975174554,1538427,20759,1517668
1290,19.37984496124031,1538147,20759,1517388
1291,19.364833462432223,1538147,20759,1517388
1292,19.34984520123839,1538147,20759,1517388
1293,19.334880123743233,1536170,20759,1515411
1294,19.319938176197837,1534924,20759,1514165
1295,19.305019305019304,1534924,20759,1514165
1296,19.290123456790123,1532658,20759,1511899
1297,19.275250578257516,1532658,20759,1511899
1298,19.26040061633282,1530411,20759,1509652
1299,19.24557351809084,1530411,20759,1509652
1300,19.23076923076923,1530411,20759,1509652
1301,19.215987701767872,1530411,20759,1509652
1302,19.201228878648234,1530388,20759,1509629
1303,19.18649270913277,1530388,20759,1509629
1304,19.171779141104295,1528148,20759,1507389
1305,19.157088122605366,1526458,20759,1505699
1306,19.142419601837673,1526458,20759,1505699
1307,19.127773527161438,1526458,20759,1505699
1308,19.1131498470948,1526458,20759,1505699
1309,19.098548510313215,1526031,20696,1505335
1310,19.083969465648856,1525969,20696,1505273
1311,19.06941266209001,1524795,20696,1504099
1312,19.054878048780488,1519777,20696,1499081
1313,19.04036557501904,1519777,20696,1499081
1314,19.025875190258752,1519777,20696,1499081
1315,19.011406844106464,1519777,20696,1499081
1316,18.996960486322187,1519777,20696,1499081
1317,18.982536066818525,1519777,20696,1499081
1318,18.96813353566009,1519180,20642,1498538
1319,18.953752843062926,1519180,20642,1498538
1320,18.939393939393938,1519180,20642,1498538
1321,18.925056775170326,1518733,20625,1498108
1322,18.910741301059,1518733,20625,1498108
1323,18.89644746787604,1518621,20625,1497996
1324,18.882175226586103,1518621,20625,1497996
1325,18.867924528301888,1518630,20608,1498022
1326,18.85369532428356,1518630,20608,1498022
1327,18.839487565938207,1518630,20608,1498022
1328,18.825301204819276,1513785,20608,1493177
1329,18.811136192626034,1513785,20608,1493177
1330,18.796992481203006,1513785,20608,1493177
1331,18.782870022539445,1513189,20608,1492581
1332,18.76876876876877,1513189,20608,1492581
1333,18.754688672168044,1513189,20608,1492581
1334,18.740629685157423,1513113,20608,1492505
1335,18.726591760299627,1513113,20608,1492505
1336,18.7125748502994,1513113,20608,1492505
1337,18.698578908002993,1513113,20608,1492505
1338,18.684603886397607,1513113,20608,1492505
1339,18.670649738610905,1513113,20608,1492505
1340,18.65671641791045,1513113,20608,1492505
1341,18.642803877703205,1513113,20608,1492505
1342,18.628912071535023,1512832,20644,1492188
1343,18.615040953090098,1512832,20644,1492188
1344,18.601190476190474,1509834,20644,1489190
1345,18.587360594795538,1509834,20644,1489190
1346,18.573551263001487,1508643,20550,1488093
1347,18.55976243504083,1508400,20550,1487850
1348,18.5459940652819,1508155,20550,1487605
1349,18.532246108228318,1508155,20550,1487605
1350,18.51851851851852,1508155,20550,1487605
1351,18.50481125092524,1508155,20550,1487605
1352,18.49112426035503,1508155,20550,1487605
1353,18.477457501847745,1508155,20550,1487605
1354,18.46381093057607,1507850,20670,1487180
1355,18.45018450184502,1507850,20670,1487180
1356,18.436578171091444,1507666,20670,1486996
1357,18.422991893883566,1506198,20715,1485483
1358,18.40942562592047,1505834,20715,1485119
1359,18.39587932303164,1505834,20715,1485119
1360,18.38235294117647,1505834,20715,1485119
1361,18.368846436443793,1505834,20715,1485119
1362,18.355359765051396,1505834,20715,1485119
1363,18.34189288334556,1505834,20715,1485119
1364,18.328445747800586,1505834,20715,1485119
1365,18.315018315018314,1505834,20715,1485119
1366,18.301610541727673,1502975,20715,1482260
1367,18.2882223847842,1502975,20715,1482260
1368,18.27485380116959,1502975,20715,1482260
1369,18.261504747991236,1502975,20715,1482260
1370,18.248175182481752,1502975,20715,1482260
1371,18.23486506199854,1502569,20950,1481619
1372,18.221574344023324,1501915,20950,1480965
1373,18.20830298616169,1501915,20950,1480965
1374,18.19505094614265,1501915,20950,1480965
1375,18.181818181818183,1501915,20950,1480965
1376,18.16860465116279,1501915,20950,1480965
1377,18.15541031227306,1501915,20950,1480965
1378,18.1422351233672,1501915,20950,1480965
1379,18.12907904278463,1501915,20950,1480965
1380,18.115942028985508,1501786,20635,1481151
1381,18.102824040550328,1501786,20635,1481151
1382,18.08972503617945,1501786,20635,1481151
1383,18.076644974692698,1501786,20635,1481151
1384,18.063583815028903,1500488,20635,1479853
1385,18.050541516245488,1500488,20635,1479853
1386,18.037518037518037,1499794,20635,1479159
1387,18.02451333813987,1499794,20635,1479159
1388,18.011527377521613,1498306,20635,1477671
1389,17.998560115190784,1498306,20635,1477671
1390,17.985611510791365,1498306,20635,1477671
1391,17.97268152408339,1497674,20635,1477039
1392,17.95977011494253,1497674,20635,1477039
1393,17.946877243359655,1497592,20635,1476957
1394,17.93400286944046,1497592,20635,1476957
1395,17.921146953405017,1497592,20635,1476957
1396,17.908309455587393,1497592,20635,1476957
1397,17.89549033643522,1497592,20635,1476957
1398,17.8826895565093,1497592,20635,1476957
1399,17.8699070764832,1497592,20635,1476957
1400,17.857142857142858,1496161,20635,1475526
1401,17.84439685938615,1495812,20687,1475125
1402,17.83166904422254,1492018,20687,1471331
1403,17.81895937277263,1492018,20687,1471331
1404,17.806267806267805,1492018,20687,1471331
1405,17.793594306049823,1492018,20687,1471331
1406,17.780938833570413,1489787,20687,1469100
1407,17.768301350390903,1489787,20687,1469100
1408,17.755681818181817,1489787,20687,1469100
1409,17.7430801987225,1489787,20687,1469100
1410,17.73049645390071,1487774,20438,1467336
1411,17.71793054571226,1486749,20390,1466359
1412,17.705382436260624,1486641,20390,1466251
1413,17.692852087756545,1486625,20390,1466235
1414,17.68033946251768,1486625,20390,1466235
1415,17.6678445229682,1486034,19571,1466463
1416,17.65536723163842,1486034,19571,1466463
1417,17.64290755116443,1484292,19583,1464709
1418,17.63046544428773,1484292,19583,1464709
1419,17.618040873854827,1483687,19583,1464104
1420,17.6056338028169,1483687,19583,1464104
1421,17.593244194229417,1483687,19583,1464104
1422,17.58087201125176,1482367,19583,1462784
1423,17.568517217146873,1482367,19583,1462784
1424,17.5561797752809,1482367,19583,1462784
1425,17.54385964912281,1481753,19583,1462170
1426,17.53155680224404,1481250,19583,1461667
1427,17.51927119831815,1480853,19763,1461090
1428,17.50700280112045,1478952,19763,1459189
1429,17.49475157452764,1478952,19763,1459189
1430,17.482517482517483,1478227,19763,1458464
1431,17.470300489168412,1477058,19763,1457295
1432,17.45810055865922,1477058,19763,1457295
1433,17.445917655268666,1477058,19763,1457295
1434,17.433751743375176,1476559,19763,1456796
1435,17.421602787456447,1476559,19763,1456796
1436,17.409470752089135,1474277,19763,1454514
1437,17.397355601948504,1473971,19710,1454261
1438,17.385257301808068,1473971,19710,1454261
1439,17.373175816539263,1473971,19710,1454261
1440,17.36111111111111,1473971,19710,1454261
1441,17.349063150589867,1473971,19710,1454261
1442,17.337031900138697,1471989,19724,1452265
1443,17.325017325017324,1471989,19724,1452265
1444,17.31301939058172,1471989,19724,1452265
1445,17.301038062283737,1466555,19724,1446831
1446,17.289073305670815,1466555,19724,1446831
1447,17.277125086385624,1465310,19724,1445586
1448,17.265193370165747,1464722,19724,1444998
1449,17.25327812284334,1464722,19724,1444998
1450,17.24137931034483,1464722,19724,1444998
1451,17.22949689869056,1464722,19724,1444998
1452,17.21763085399449,1464722,19724,1444998
1453,17.205781142463866,1464722,19724,1444998
1454,17.1939477303989,1463839,19724,1444115
1455,17.18213058419244,1463839,19724,1444115
1456,17.17032967032967,1463663,19728,1443935
1457,17.158544955387782,1463663,19728,1443935
1458,17.146776406035666,1463663,19728,1443935
1459,17.135023989033584,1463663,19728,1443935
1460,17.123287671232877,1463663,19728,1443935
1461,17.111567419575632,1463663,19728,1443935
1462,17.09986320109439,1463663,19728,1443935
1463,17.088174982911823,1457992,19728,1438264
1464,17.07650273224044,1457992,19728,1438264
1465,17.064846416382252,1457992,19728,1438264
1466,17.053206002728512,1457944,19728,1438216
1467,17.041581458759374,1457944,19728,1438216
1468,17.029972752043598,1457024,19728,1437296
1469,17.018379850238258,1457024,19728,1437296
1470,17.006802721088434,1457024,19728,1437296
1471,16.99524133242692,1457024,19728,1437296
1472,16.983695652173914,1452362,19728,1432634
1473,16.972165648336727,1452362,19728,1432634
1474,16.960651289009498,1452362,19728,1432634
1475,16.949152542372882,1451800,19728,1432072
1476,16.937669376693766,1451800,19728,1432072
1477,16.926201760324982,1451800,19728,1432072
1478,16.914749661705006,1451800,19728,1432072
1479,16.903313049357674,1451800,19728,1432072
1480,16.89189189189189,1451800,19728,1432072
1481,16.88048615800135,1451595,20113,1431482
1482,16.869095816464238,1451595,20113,1431482
1483,16.857720836142953,1451595,20113,1431482
1484,16.846361185983827,1451595,20113,1431482
1485,16.835016835016834,1451356,20289,1431067
1486,16.823687752355315,1451356,20289,1431067
1487,16.812373907195695,1451356,20289,1431067
1488,16.801075268817204,1451356,20289,1431067
1489,16.789791806581597,1451356,20289,1431067
1490,16.778523489932887,1451255,20484,1430771
1491,16.76727028839705,1451255,20484,1430771
1492,16.75603217158177,1451255,20484,1430771
1493,16.744809109176156,1451255,20484,1430771
1494,16.733601070950467,1451255,20484,1430771
1495,16.722408026755854,1451255,20484,1430771
1496,16.711229946524064,1451255,20484,1430771
1497,16.7000668002672,1451255,20484,1430771
1498,16.688918558077436,1451255,20484,1430771
1499,16.67778519012675,1451255,20484,1430771
1500,16.666666666666668,1451255,20484,1430771
1501,16.655562958027982,1451255,20484,1430771
1502,16.644474034620504,1451255,20484,1430771
1503,16.633399866932802,1451255,20484,1430771
1504,16.622340425531913,1451255,20484,1430771
1505,16.611295681063122,1451255,20484,1430771
1506,16.600265604249667,1451255,20484,1430771
1507,16.5892501658925,1451255,20484,1430771
1508,16.578249336870027,1451082,20488,1430594
1509,16.56726308813784,1451082,20488,1430594
1510,16.556291390728475,1451082,20488,1430594
1511,16.545334215751158,1450894,20516,1430378
1512,16.534391534391535,1450894,20516,1430378
1513,16.523463317911435,1450894,20516,1430378
1514,16.512549537648614,1450894,20516,1430378
1515,16.501650165016503,1450894,20516,1430378
1516,16.49076517150396,1450894,20516,1430378
1517,16.47989452867502,1450894,20516,1430378
1518,16.469038208168644,1450894,20516,1430378
1519,16.458196181698487,1450894,20516,1430378
1520,16.44736842105263,1449756,20516,1429240
1521,16.43655489809336,1449695,20516,1429179
1522,16.4257555847569,1449695,20516,1429179
1523,16.414970453053183,1449695,20516,1429179
1524,16.404199475065617,1449591,20423,1429168
1525,16.39344262295082,1449547,20353,1429194
1526,16.382699868938403,1449547,20353,1429194
1527,16.371971185330715,1443960,20353,1423607
1528,16.361256544502616,1443960,20353,1423607
1529,16.350555918901243,1443960,20353,1423607
1530,16.33986928104575,1443960,20353,1423607
1531,16.329196603527105,1443960,20353,1423607
1532,16.318537859007833,1442964,20353,1422611
1533,16.307893020221787,1442604,20861,1421743
1534,16.297262059973924,1442604,20861,1421743
1535,16.286644951140065,1441649,20861,1420788
1536,16.276041666666668,1441294,20861,1420433
1537,16.26545217957059,1440749,20861,1419888
1538,16.25487646293888,1440749,20861,1419888
1539,16.244314489928524,1440234,20765,1419469
1540,16.233766233766232,1440234,20765,1419469
1541,16.223231667748216,1440249,20826,1419423
1542,16.212710765239947,1436633,20826,1415807
1543,16.202203499675957,1436117,20826,1415291
1544,16.191709844559586,1434869,20826,1414043
1545,16.181229773462782,1434869,20826,1414043
1546,16.170763260025872,1431951,20934,1411017
1547,16.160310277957336,1431951,20934,1411017
1548,16.149870801033593,1431951,20934,1411017
1549,16.139444803098772,1431951,20934,1411017
1550,16.129032258064516,1431951,20934,1411017
1551,16.118633139909736,1431951,20934,1411017
1552,16.108247422680414,1431951,20934,1411017
1553,16.097875080489377,1431951,20934,1411017
1554,16.087516087516086,1431951,20934,1411017
1555,16.077170418006432,1426641,20934,1405707
1556,16.066838046272494,1426641,20934,1405707
1557,16.056518946692357,1426641,20934,1405707
1558,16.046213093709884,1426641,20934,1405707
1559,16.03592046183451,1426164,20934,1405230
1560,16.025641025641026,1426164,20934,1405230
1561,16.01537475976938,1425944,20871,1405073
1562,16.005121638924457,1425944,20871,1405073
1563,15.99488163787588,1425548,20871,1404677
1564,15.9846547314578,1425397,20871,1404526
1565,15.97444089456869,1425397,20871,1404526
1566,15.964240102171138,1425397,20871,1404526
1567,15.95405232929164,1425397,20871,1404526
1568,15.943877551020408,1425054,20871,1404183
1569,15.933715742511154,1425054,20871,1404183
1570,15.92356687898089,1423674,20871,1402803
1571,15.913430935709739,1423674,20871,1402803
1572,15.903307888040713,1421641,20887,1400754
1573,15.89319771137953,1421641,20887,1400754
1574,15.88310038119441,1421641,20887,1400754
1575,15.873015873015873,1420138,20887,1399251
1576,15.862944162436548,1420138,20887,1399251
1577,15.85288522511097,1420138,20887,1399251
1578,15.842839036755386,1420020,20887,1399133
1579,15.832805573147562,1420020,20887,1399133
1580,15.822784810126583,1420020,20887,1399133
1581,15.812776723592663,1419571,20932,1398639
1582,15.802781289506953,1419409,20932,1398477
1583,15.792798483891346,1419409,20932,1398477
1584,15.782828282828282,1419409,20932,1398477
1585,15.772870662460567,1419409,20932,1398477
1586,15.762925598991172,1419409,20932,1398477
1587,15.75299306868305,1419409,20932,1398477
1588,15.743073047858942,1419409,20932,1398477
1589,15.733165512901195,1419409,20932,1398477
1590,15.723270440251572,1419409,20932,1398477
1591,15.713387806411061,1419409,20932,1398477
1592,15.703517587939698,1418641,20974,1397667
1593,15.693659761456372,1418641,20974,1397667
1594,15.683814303638645,1418641,21034,1397607
1595,15.67398119122257,1418641,21034,1397607
1596,15.664160401002507,1417773,21034,1396739
1597,15.654351909830932,1417773,21034,1396739
1598,15.644555694618273,1417659,21034,1396625
1599,15.634771732332707,1417659,21034,1396625
1600,15.625,1417659,21034,1396625
1601,15.61524047470331,1417659,21034,1396625
1602,15.605493133583021,1417659,21034,1396625
1603,15.595757953836557,1417208,21034,1396174
1604,15.586034912718205,1417208,21034,1396174
1605,15.576323987538942,1417208,21034,1396174
1606,15.566625155666252,1417208,21034,1396174
1607,15.556938394523957,1413510,21034,1392476
1608,15.54726368159204,1413510,21034,1392476
1609,15.537600994406464,1411990,21034,1390956
1610,15.527950310559007,1410373,21034,1389339
1611,15.518311607697083,1406261,21034,1385227
1612,15.508684863523573,1406261,21034,1385227
1613,15.499070055796652,1406261,21034,1385227
1614,15.489467162329616,1406261,21034,1385227
1615,15.479876160990711,1406261,21034,1385227
1616,15.470297029702971,1405650,21034,1384616
1617,15.460729746444033,1404437,21034,1383403
1618,15.451174289245984,1404437,21034,1383403
1619,15.441630636195182,1404437,21034,1383403
1620,15.432098765432098,1404437,21034,1383403
1621,15.422578655151142,1404437,21034,1383403
1622,15.413070283600494,1403365,21051,1382314
1623,15.403573629081947,1403365,21051,1382314
1624,15.394088669950738,1403015,21051,1381964
1625,15.384615384615385,1403015,21051,1381964
1626,15.375153751537516,1403015,21051,1381964
1627,15.365703749231715,1403015,21051,1381964
1628,15.356265356265355,1402077,21324,1380753
1629,15.346838551258442,1402077,21324,1380753
1630,15.337423312883436,1401980,21324,1380656
1631,15.328019619865113,1401980,21324,1380656
1632,15.318627450980392,1401722,21324,1380398
1633,15.309246785058175,1401722,21324,1380398
1634,15.299877600979192,1401722,21324,1380398
1635,15.290519877675841,1401722,21324,1380398
1636,15.28117359413203,1401275,21324,1379951
1637,15.271838729383017,1401275,21324,1379951
1638,15.262515262515263,1401275,21324,1379951
1639,15.25320317266626,1401275,21324,1379951
1640,15.24390243902439,1401275,21324,1379951
1641,15.234613040828762,1401275,21324,1379951
1642,15.225334957369062,1401016,21324,1379692
1643,15.216068167985393,1400681,21324,1379357
1644,15.206812652068127,1400681,21324,1379357
1645,15.19756838905775,1400681,21324,1379357
1646,15.188335358444714,1400681,21324,1379357
1647,15.179113539769277,1400681,21324,1379357
1648,15.169902912621358,1399991,21268,1378723
1649,15.160703456640388,1399991,21268,1378723
1650,15.151515151515152,1399991,21268,1378723
1651,15.142337976983645,1399991,21268,1378723
1652,15.13317191283293,1399991,21268,1378723
1653,15.124016938898972,1398757,21268,1377489
1654,15.114873035066505,1397710,21268,1376442
1655,15.105740181268882,1397710,21268,1376442
1656,15.096618357487923,1396879,21268,1375611
1657,15.087507543753771,1396879,21268,1375611
1658,15.078407720144753,1396879,21268,1375611
1659,15.06931886678722,1396879,21268,1375611
1660,15.060240963855422,1396879,21268,1375611
1661,15.051173991571343,1396879,21268,1375611
1662,15.042117930204572,1396879,21268,1375611
1663,15.033072760072159,1396879,21268,1375611
1664,15.024038461538462,1396879,21268,1375611
1665,15.015015015015015,1396879,21268,1375611
1666,15.006002400960384,1396879,21268,1375611
1667,14.997000599880025,1396879,21268,1375611
1668,14.988009592326138,1396879,21268,1375611
1669,14.979029358897543,1396879,21268,1375611
1670,14.970059880239521,1396171,21324,1374847
1671,14.961101137043686,1396171,21324,1374847
1672,14.952153110047847,1396171,21324,1374847
1673,14.943215780035864,1396171,21324,1374847
1674,14.934289127837514,1396171,21324,1374847
1675,14.925373134328359,1395830,21324,1374506
1676,14.916467780429594,1395830,21324,1374506
1677,14.907573047107931,1395830,21324,1374506
1678,14.898688915375446,1395830,21324,1374506
1679,14.889815366289458,1395830,21324,1374506
1680,14.880952380952381,1394681,21324,1373357
1681,14.8720999405116,1394347,21272,1373075
1682,14.863258026159334,1392965,21336,1371629
1683,14.854426619132502,1391625,21337,1370288
1684,14.84560570071259,1391555,21337,1370218
1685,14.836795252225519,1391555,21337,1370218
1686,14.827995255041518,1391555,21337,1370218
1687,14.819205690574986,1390811,21312,1369499
1688,14.810426540284361,1390811,21312,1369499
1689,14.801657785671996,1390811,21312,1369499
1690,14.792899408284024,1390666,21312,1369354
1691,14.78415138971023,1390666,21312,1369354
1692,14.775413711583925,1389429,21312,1368117
1693,14.766686355581808,1386558,21402,1365156
1694,14.757969303423849,1386416,21402,1365014
1695,14.749262536873156,1386416,21402,1365014
1696,14.74056603773585,1386416,21402,1365014
1697,14.731879787860931,1386416,21402,1365014
1698,14.723203769140165,1386416,21402,1365014
1699,14.714537963507945,1386416,21402,1365014
1700,14.705882352941176,1386416,21402,1365014
1701,14.697236919459142,1386430,21846,1364584
1702,14.688601645123384,1386430,21846,1364584
1703,14.67997651203758,1385894,21846,1364048
1704,14.671361502347418,1384341,21846,1362495
1705,14.662756598240469,1384341,21846,1362495
1706,14.654161781946073,1384283,21846,1362437
1707,14.645577035735208,1384283,21846,1362437
1708,14.637002341920375,1384283,21846,1362437
1709,14.628437682855472,1384283,21846,1362437
1710,14.619883040935672,1380560,21846,1358714
1711,14.611338398597312,1380560,21846,1358714
1712,14.602803738317757,1380560,21846,1358714
1713,14.594279042615295,1380560,21846,1358714
1714,14.585764294049008,1380560,21846,1358714
1715,14.577259475218659,1380560,21846,1358714
1716,14.56876456876457,1380560,21846,1358714
1717,14.560279557367501,1380560,21846,1358714
1718,14.551804423748544,1380560,21846,1358714
1719,14.543339150668993,1380463,22040,1358423
1720,14.534883720930232,1380463,22040,1358423
1721,14.52643811737362,1380463,22040,1358423
1722,14.518002322880372,1380463,22040,1358423
1723,14.509576320371446,1380337,22040,1358297
1724,14.501160092807424,1380337,22040,1358297
1725,14.492753623188406,1379817,21995,1357822
1726,14.484356894553882,1379817,21995,1357822
1727,14.475969889982629,1379817,21995,1357822
1728,14.467592592592593,1379817,21995,1357822
1729,14.459224985540775,1379817,21995,1357822
1730,14.45086705202312,1379817,21995,1357822
1731,14.442518775274408,1379817,21995,1357822
1732,14.434180138568129,1379817,21995,1357822
1733,14.425851125216388,1379778,22079,1357699
1734,14.41753171856978,1379478,22253,1357225
1735,14.409221902017292,1379478,22253,1357225
1736,14.400921658986174,1378337,22253,1356084
1737,14.392630972941854,1378337,22253,1356084
1738,14.384349827387801,1378337,22253,1356084
1739,14.37607820586544,1378042,22253,1355789
1740,14.367816091954023,1377952,22260,1355692
1741,14.359563469270535,1377952,22260,1355692
1742,14.351320321469576,1377815,21720,1356095
1743,14.343086632243258,1375875,21681,1354194
1744,14.3348623853211,1375223,21681,1353542
1745,14.326647564469914,1375223,21681,1353542
1746,14.3184421534937,1375223,21681,1353542
1747,14.310246136233543,1375223,21681,1353542
1748,14.302059496567505,1375223,21681,1353542
1749,14.29388221841052,1375154,21702,1353452
1750,14.285714285714286,1374639,21702,1352937
1751,14.277555682467161,1374639,21702,1352937
1752,14.269406392694064,1374154,21702,1352452
1753,14.26126640045636,1374154,21702,1352452
1754,14.253135689851767,1374154,21702,1352452
1755,14.245014245014245,1374154,21702,1352452
1756,14.236902050113896,1373612,21702,1351910
1757,14.228799089356858,1373612,21702,1351910
1758,14.220705346985211,1371687,21723,1349964
1759,14.212620807276862,1371687,21723,1349964
1760,14.204545454545455,1371687,21723,1349964
1761,14.19647927314026,1371687,21723,1349964
1762,14.188422247446084,1371683,21723,1349960
1763,14.180374361883153,1371683,21723,1349960
1764,14.17233560090703,1371683,21723,1349960
1765,14.164305949008499,1371262,21723,1349539
1766,14.156285390713476,1371262,21723,1349539
1767,14.148273910582908,1371262,21723,1349539
1768,14.14027149321267,1370320,21670,1348650
1769,14.132278123233466,1370320,21670,1348650
1770,14.124293785310735,1369923,21162,1348761
1771,14.116318464144552,1369923,21162,1348761
1772,14.108352144469526,1369923,21162,1348761
1773,14.10039481105471,1369923,21162,1348761
1774,14.092446448703495,1369923,21162,1348761
1775,14.084507042253522,1369923,21162,1348761
1776,14.076576576576576,1365762,21162,1344600
1777,14.068655036578503,1365762,21162,1344600
1778,14.0607424071991,1365762,21162,1344600
1779,14.05283867341203,1365762,21162,1344600
1780,14.044943820224718,1361384,21162,1340222
1781,14.03705783267827,1361384,21162,1340222
1782,14.029180695847362,1361384,21162,1340222
1783,14.021312394840157,1359924,21322,1338602
1784,14.013452914798206,1359924,21322,1338602
1785,14.005602240896359,1359924,21322,1338602
1786,13.997760358342665,1359924,21322,1338602
1787,13.989927252378287,1359924,21322,1338602
1788,13.982102908277405,1359924,21322,1338602
1789,13.97428731134712,1359924,21322,1338602
1790,13.966480446927374,1359924,21322,1338602
1791,13.958682300390842,1359924,21322,1338602
1792,13.950892857142858,1358998,21322,1337676
1793,13.943112102621305,1355801,21322,1334479
1794,13.935340022296543,1355801,21322,1334479
1795,13.927576601671309,1355801,21322,1334479
1796,13.919821826280623,1355801,21322,1334479
1797,13.912075681691709,1355801,21322,1334479
1798,13.904338153503893,1355801,21322,1334479
1799,13.896609227348527,1355801,21322,1334479
1800,13.88888888888889,1355801,21322,1334479
1801,13.8811771238201,1355801,21322,1334479
1802,13.873473917869035,1355801,21322,1334479
1803,13.865779256794232,1355801,21322,1334479
1804,13.858093126385809,1355762,21322,1334440
1805,13.850415512465373,1355762,21322,1334440
1806,13.842746400885936,1355265,21322,1333943
1807,13.835085777531821,1355265,21322,1333943
1808,13.827433628318584,1355265,21322,1333943
1809,13.819789939192924,1355265,21322,1333943
1810,13.812154696132596,1354369,21322,1333047
1811,13.804527885146328,1354369,21322,1333047
1812,13.79690949227373,1354369,21322,1333047
1813,13.789299503585218,1354175,21322,1332853
1814,13.781697905181918,1354175,21322,1332853
1815,13.774104683195592,1354175,21322,1332853
1816,13.766519823788546,1354175,21322,1332853
1817,13.75894331315355,1354175,21322,1332853
1818,13.751375137513751,1354175,21322,1332853
1819,13.743815283122595,1354175,21322,1332853
1820,13.736263736263735,1354175,21322,1332853
1821,13.72872048325096,1354146,21322,1332824
1822,13.721185510428102,1354146,21322,1332824
1823,13.713658804168952,1354146,21322,1332824
1824,13.706140350877194,1354146,21322,1332824
1825,13.698630136986301,1352832,21322,1331510
1826,13.691128148959475,1352832,21322,1331510
1827,13.683634373289546,1352832,21322,1331510
1828,13.676148796498905,1352832,21322,1331510
1829,13.66867140513942,1352832,21322,1331510
1830,13.66120218579235,1352656,21577,1331079
1831,13.653741125068269,1352656,21577,1331079
1832,13.646288209606986,1352656,21577,1331079
1833,13.638843426077468,1352656,21577,1331079
1834,13.631406761177754,1352656,21577,1331079
1835,13.623978201634877,1352257,21577,1330680
1836,13.616557734204793,1352257,21577,1330680
1837,13.609145345672292,1352257,21577,1330680
1838,13.601741022850925,1352257,21577,1330680
1839,13.594344752582925,1352257,21577,1330680
1840,13.58695652173913,1352257,21577,1330680
1841,13.579576317218903,1352257,21577,1330680
1842,13.572204125950055,1352257,21577,1330680
1843,13.564839934888768,1352257,21577,1330680
1844,13.557483731019524,1350274,21705,1328569
1845,13.550135501355014,1350274,21705,1328569
1846,13.542795232936077,1350237,21723,1328514
1847,13.535462912831619,1350237,21723,1328514
1848,13.528138528138529,1350237,21723,1328514
1849,13.520822065981612,1350237,21723,1328514
1850,13.513513513513514,1349620,21723,1327897
1851,13.50621285791464,1349620,21723,1327897
1852,13.498920086393088,1349620,21723,1327897
1853,13.491635186184565,1348266,21663,1326603
1854,13.484358144552319,1348266,21663,1326603
1855,13.477088948787062,1348266,21663,1326603
1856,13.469827586206897,1348208,21663,1326545
1857,13.462574044157243,1348208,21663,1326545
1858,13.455328310010763,1348208,21663,1326545
1859,13.448090371167295,1347118,21692,1325426
1860,13.440860215053764,1347118,21692,1325426
1861,13.433637829124127,1347118,21692,1325426
1862,13.426423200859292,1347118,21692,1325426
1863,13.419216317767042,1347118,21692,1325426
1864,13.412017167381974,1347118,21692,1325426
1865,13.404825737265416,1347118,21692,1325426
1866,13.39764201500536,1347099,21692,1325407
1867,13.39046598821639,1346971,21692,1325279
1868,13.383297644539615,1346971,21692,1325279
1869,13.37613697164259,1346617,21492,1325125
1870,13.368983957219251,1346617,21492,1325125
1871,13.361838588989846,1346592,21572,1325020
1872,13.354700854700855,1346592,21572,1325020
1873,13.347570742124933,1346223,21572,1324651
1874,13.340448239060832,1346223,21572,1324651
1875,13.333333333333334,1346084,22228,1323856
1876,13.326226012793176,1344739,22228,1322511
1877,13.319126265316996,1344739,22228,1322511
1878,13.312034078807242,1344739,22228,1322511
1879,13.304949441192123,1344739,22228,1322511
1880,13.297872340425531,1344739,22228,1322511
1881,13.290802764486974,1339822,22228,1317594
1882,13.28374070138151,1339822,22228,1317594
1883,13.27668613913967,1339822,22228,1317594
1884,13.26963906581741,1339822,22228,1317594
1885,13.26259946949602,1339822,22228,1317594
1886,13.255567338282079,1339822,22228,1317594
1887,13.248542660307367,1337178,22228,1314950
1888,13.241525423728813,1337178,22228,1314950
1889,13.234515616728428,1337130,22228,1314902
1890,13.227513227513228,1337130,22228,1314902
1891,13.220518244315176,1337130,22228,1314902
1892,13.213530655391121,1337130,22228,1314902
1893,13.206550449022716,1336827,22228,1314599
1894,13.199577613516368,1336827,22228,1314599
1895,13.192612137203167,1336827,22228,1314599
1896,13.185654008438819,1336827,22228,1314599
1897,13.178703215603585,1336475,22228,1314247
1898,13.171759747102213,1336475,22228,1314247
1899,13.164823591363875,1335295,22372,1312923
1900,13.157894736842104,1335295,22372,1312923
1901,13.150973172014728,1335295,22372,1312923
1902,13.144058885383807,1335295,22372,1312923
1903,13.137151865475564,1335295,22372,1312923
1904,13.130252100840336,1335295,22372,1312923
1905,13.123359580052494,1335295,22372,1312923
1906,13.116474291710388,1335295,22372,1312923
1907,13.109596224436288,1335295,22372,1312923
1908,13.10272536687631,1335295,22372,1312923
1909,13.095861707700367,1335295,22372,1312923
1910,13.089005235602095,1335295,22372,1312923
1911,13.082155939298797,1335295,22372,1312923
1912,13.07531380753138,1335295,22372,1312923
1913,13.068478829064297,1335295,22372,1312923
1914,13.061650992685475,1335295,22372,1312923
1915,13.054830287206267,1335295,22372,1312923
1916,13.048016701461378,1333948,21967,1311981
1917,13.041210224308816,1333763,21967,1311796
1918,13.034410844629823,1333763,21967,1311796
1919,13.027618551328818,1332900,21967,1310933
1920,13.020833333333334,1332900,21967,1310933
1921,13.014055179593962,1331452,21967,1309485
1922,13.007284079084288,1329065,22075,1306990
1923,13.000520020800833,1329065,22075,1306990
1924,12.993762993762994,1329065,22075,1306990
1925,12.987012987012987,1329065,22075,1306990
1926,12.980269989615785,1329065,22075,1306990
1927,12.973533990659055,1329065,22075,1306990
1928,12.966804979253112,1329065,22075,1306990
1929,12.960082944530845,1329065,22075,1306990
1930,12.953367875647668,1329065,22075,1306990
1931,12.94665976178146,1329065,22075,1306990
1932,12.939958592132506,1328453,22075,1306378
1933,12.933264355923436,1328453,22075,1306378
1934,12.926577042399172,1328453,22075,1306378
1935,12.919896640826874,1327181,21859,1305322
1936,12.913223140495868,1327181,21859,1305322
1937,12.906556530717605,1327009,21765,1305244
1938,12.899896800825593,1326095,21815,1304280
1939,12.893243940175347,1326095,21815,1304280
1940,12.88659793814433,1326070,21815,1304255
1941,12.87995878413189,1326070,21815,1304255
1942,12.873326467559217,1326070,21815,1304255
1943,12.866700977869275,1326070,21815,1304255
1944,12.860082304526749,1323874,21815,1302059
1945,12.853470437017995,1323874,21815,1302059
1946,12.846865364850977,1323874,21815,1302059
1947,12.840267077555213,1323874,21815,1302059
1948,12.833675564681725,1323874,21815,1302059
1949,12.827090815802975,1323874,21815,1302059
1950,12.820512820512821,1323874,21815,1302059
1951,12.813941568426449,1323138,21815,1301323
1952,12.807377049180328,1323138,21815,1301323
1953,12.800819252432156,1323156,21792,1301364
1954,12.794268167860798,1323156,21792,1301364
1955,12.787723785166241,1323156,21792,1301364
1956,12.781186094069529,1323156,21792,1301364
1957,12.774655084312723,1323156,21792,1301364
1958,12.768130745658835,1323156,21792,1301364
1959,12.761613067891782,1323156,21792,1301364
1960,12.755102040816327,1323156,21792,1301364
1961,12.748597654258031,1323156,21792,1301364
1962,12.7420998980632,1323156,21792,1301364
1963,12.735608762098828,1323156,21792,1301364
1964,12.729124236252545,1323156,21792,1301364
1965,12.72264631043257,1323156,21792,1301364
1966,12.71617497456765,1321564,21852,1299712
1967,12.709710218607016,1321564,21852,1299712
1968,12.703252032520325,1321564,21852,1299712
1969,12.696800406297614,1321564,21852,1299712
1970,12.690355329949238,1321564,21852,1299712
1971,12.683916793505835,1321564,21852,1299712
1972,12.677484787018255,1321564,21852,1299712
1973,12.671059300557527,1321564,21852,1299712
1974,12.664640324214792,1321564,21852,1299712
1975,12.658227848101266,1321564,21852,1299712
1976,12.651821862348179,1321423,21879,1299544
1977,12.645422357106728,1321423,21879,1299544
1978,12.639029322548028,1321236,21909,1299327
1979,12.632642748863063,1321236,21909,1299327
1980,12.626262626262626,1321236,21909,1299327
1981,12.619888944977284,1321236,21909,1299327
1982,12.613521695257315,1321236,21909,1299327
1983,12.607160867372668,1321236,21909,1299327
1984,12.600806451612904,1320917,21909,1299008
1985,12.594458438287154,1319479,22047,1297432
1986,12.58811681772407,1319479,22047,1297432
1987,12.581781580271766,1319479,22047,1297432
1988,12.575452716297788,1319479,22047,1297432
1989,12.56913021618904,1319382,22047,1297335
1990,12.56281407035176,1319203,22134,1297069
1991,12.556504269211452,1319203,22134,1297069
1992,12.550200803212851,1319203,22134,1297069
1993,12.54390366281987,1319203,22134,1297069
1994,12.537612838515546,1319203,22134,1297069
1995,12.531328320802006,1319203,22134,1297069
1996,12.525050100200401,1319177,22134,1297043
1997,12.518778167250876,1319177,22134,1297043
1998,12.512512512512513,1319177,22134,1297043
1999,12.506253126563282,1319177,22134,1297043
2000,12.5,1319123,22134,1296989
2001,12.493753123438282,1318894,22232,1296662
2002,12.487512487512488,1317431,22232,1295199
2003,12.481278082875686,1317178,22232,1294946
2004,12.4750499001996,1317178,22232,1294946
2005,12.468827930174564,1317178,22232,1294946
2006,12.46261216350947,1317178,22232,1294946
2007,12.45640259093174,1317178,22232,1294946
2008,12.450199203187251,1316656,22232,1294424
2009,12.444001991040318,1316656,22232,1294424
2010,12.437810945273633,1316656,22232,1294424
2011,12.431626056688215,1316656,22232,1294424
2012,12.42544731610338,1316333,22208,1294125
2013,12.419274714356682,1316333,22208,1294125
2014,12.413108242303872,1315629,22208,1293421
2015,12.40694789081886,1315242,22208,1293034
2016,12.40079365079365,1315242,22208,1293034
2017,12.394645513138324,1315242,22208,1293034
2018,12.388503468780971,1314853,22231,1292622
2019,12.382367508667658,1314853,22231,1292622
2020,12.376237623762377,1312301,22232,1290069
2021,12.370113805047007,1312301,22232,1290069
2022,12.363996043521267,1312301,22232,1290069
2023,12.357884330202669,1312301,22232,1290069
2024,12.351778656126482,1312301,22232,1290069
2025,12.345679012345679,1312301,22232,1290069
2026,12.339585389930898,1312301,22232,1290069
2027,12.333497779970399,1312301,22232,1290069
2028,12.32741617357002,1311905,22232,1289673
2029,12.32134056185313,1311905,22232,1289673
2030,12.31527093596059,1311905,22232,1289673
2031,12.309207287050715,1310327,22232,1288095
2032,12.303149606299213,1310269,22257,1288012
2033,12.297097884899165,1310269,22257,1288012
2034,12.291052114060964,1310269,22257,1288012
2035,12.285012285012286,1308487,22300,1286187
2036,12.278978388998036,1308487,22300,1286187
2037,12.272950417280315,1306819,22300,1284519
2038,12.26692836113837,1306819,22300,1284519
2039,12.260912211868563,1306819,22300,1284519
2040,12.254901960784315,1306819,22300,1284519
2041,12.24889759921607,1305650,22344,1283306
2042,12.242899118511264,1305650,22344,1283306
2043,12.236906510034263,1305650,22344,1283306
2044,12.230919765166341,1305650,22344,1283306
2045,12.224938875305623,1305650,22344,1283306
2046,12.218963831867057,1304601,22344,1282257
2047,12.212994626282365,1304601,22344,1282257
2048,12.20703125,1304601,22344,1282257
2049,12.201073694485114,1304596,22344,1282252
2050,12.195121951219512,1304596,22344,1282252
2051,12.189176011701608,1303780,22152,1281628
2052,12.183235867446394,1303780,22152,1281628
2053,12.177301509985387,1303780,22152,1281628
2054,12.171372930866601,1303780,22152,1281628
2055,12.165450121654501,1302861,22152,1280709
2056,12.15953307392996,1302861,22152,1280709
2057,12.153621779290228,1302861,22152,1280709
2058,12.147716229348882,1302861,22152,1280709
2059,12.141816415735795,1302861,22152,1280709
2060,12.135922330097088,1302568,22118,1280450
2061,12.1300339640951,1302568,22118,1280450
2062,12.124151309408342,1300901,22118,1278783
2063,12.118274357731458,1299783,22118,1277665
2064,12.112403100775193,1299569,22118,1277451
2065,12.106537530266344,1298533,22068,1276465
2066,12.100677637947726,1298533,22068,1276465
2067,12.094823415578132,1298533,22068,1276465
2068,12.088974854932301,1298533,22068,1276465
2069,12.08313194780087,1298533,22068,1276465
2070,12.077294685990339,1298533,22068,1276465
2071,12.071463061323032,1298510,22068,1276442
2072,12.065637065637066,1295979,22068,1273911
2073,12.0598166907863,1295979,22068,1273911
2074,12.054001928640309,1295979,22068,1273911
2075,12.048192771084338,1295979,22068,1273911
2076,12.042389210019268,1295782,22068,1273714
2077,12.036591237361579,1295782,22068,1273714
2078,12.03079884504331,1295782,22068,1273714
2079,12.025012025012025,1294955,22068,1272887
2080,12.01923076923077,1292693,22068,1270625
2081,12.01345506967804,1292693,22068,1270625
2082,12.007684918347742,1292693,22068,1270625
2083,12.00192030724916,1291220,22068,1269152
2084,11.99616122840691,1290110,22068,1268042
2085,11.990407673860911,1290110,22068,1268042
2086,11.984659635666347,1290110,22068,1268042
2087,11.978917105893627,1290110,22068,1268042
2088,11.973180076628353,1289763,22068,1267695
2089,11.967448539971278,1289763,22068,1267695
2090,11.961722488038278,1287952,22069,1265883
2091,11.956001912960305,1287952,22069,1265883
2092,11.950286806883366,1287952,22069,1265883
2093,11.944577161968466,1286869,22133,1264736
2094,11.938872970391595,1286869,22133,1264736
2095,11.933174224343675,1285266,22133,1263133
2096,11.927480916030534,1285266,22133,1263133
2097,11.921793037672867,1285266,22133,1263133
2098,11.916110581506196,1285266,22133,1263133
2099,11.910433539780849,1285266,22133,1263133
2100,11.904761904761905,1285266,22133,1263133
2101,11.899095668729176,1285266,22133,1263133
2102,11.893434823977165,1285266,22133,1263133
2103,11.887779362815026,1284444,21884,1262560
2104,11.88212927756654,1284444,21884,1262560
2105,11.876484560570072,1283687,21912,1261775
2106,11.870845204178538,1283687,21912,1261775
2107,11.865211200759374,1283687,21912,1261775
2108,11.859582542694497,1283687,21912,1261775
2109,11.853959222380276,1283687,21912,1261775
2110,11.848341232227488,1282212,21912,1260300
2111,11.842728564661298,1282212,21912,1260300
2112,11.837121212121213,1282212,21912,1260300
2113,11.831519167061051,1282212,21912,1260300
2114,11.825922421948912,1281974,21912,1260062
2115,11.82033096926714,1281974,21912,1260062
2116,11.814744801512287,1281974,21912,1260062
2117,11.809163911195087,1276929,21912,1255017
2118,11.803588290840416,1276929,21912,1255017
2119,11.798017932987259,1276929,21912,1255017
2120,11.79245283018868,1276929,21912,1255017
2121,11.786892975011787,1276929,21912,1255017
2122,11.7813383600377,1276929,21912,1255017
2123,11.775788977861517,1275093,21912,1253181
2124,11.770244821092279,1274882,21912,1252970
2125,11.764705882352942,1274882,21912,1252970
2126,11.75917215428034,1274882,21912,1252970
2127,11.753643629525152,1274052,21912,1252140
2128,11.74812030075188,1274052,21912,1252140
2129,11.742602160638798,1274052,21912,1252140
2130,11.737089201877934,1274052,21912,1252140
2131,11.731581417175034,1274052,21912,1252140
2132,11.726078799249532,1274052,21912,1252140
2133,11.720581340834505,1273809,21912,1251897
2134,11.715089034676664,1269357,21912,1247445
2135,11.7096018735363,1269363,21912,1247451
2136,11.704119850187267,1268975,21935,1247040
2137,11.69864295741694,1268975,21935,1247040
2138,11.693171188026193,1267921,21935,1245986
2139,11.68770453482936,1267921,21935,1245986
2140,11.682242990654206,1266215,21935,1244280
2141,11.676786548341896,1266215,21935,1244280
2142,11.671335200746965,1261625,21935,1239690
2143,11.665888940737284,1260296,21935,1238361
2144,11.66044776119403,1260296,21935,1238361
2145,11.655011655011656,1258972,21935,1237037
2146,11.649580615097857,1257982,21931,1236051
2147,11.644154634373544,1257308,21931,1235377
2148,11.638733705772811,1257308,21931,1235377
2149,11.633317822242903,1257308,21931,1235377
2150,11.627906976744185,1257308,21931,1235377
2151,11.622501162250117,1257308,21931,1235377
2152,11.617100371747211,1257308,21931,1235377
2153,11.61170459823502,1257139,21931,1235208
2154,11.606313834726091,1256727,21931,1234796
2155,11.600928074245939,1256727,21931,1234796
2156,11.595547309833025,1255564,21737,1233827
2157,11.590171534538712,1255564,21737,1233827
2158,11.584800741427248,1255564,21737,1233827
2159,11.579434923575729,1255564,21737,1233827
2160,11.574074074074074,1253313,21737,1231576
2161,11.568718186024988,1253100,21762,1231338
2162,11.56336725254394,1253100,21762,1231338
2163,11.55802126675913,1252605,21779,1230826
2164,11.55268022181146,1252605,21779,1230826
2165,11.547344110854503,1251263,21779,1229484
2166,11.54201292705448,1251263,21779,1229484
2167,11.536686663590217,1251263,21779,1229484
2168,11.531365313653136,1251263,21779,1229484
2169,11.52604887044721,1251263,21779,1229484
2170,11.52073732718894,1250558,21779,1228779
2171,11.515430677107323,1250558,21779,1228779
2172,11.51012891344383,1250148,21779,1228369
2173,11.50483202945237,1248212,21564,1226648
2174,11.499540018399264,1247997,21564,1226433
2175,11.494252873563218,1247997,21564,1226433
2176,11.488970588235293,1247997,21564,1226433
2177,11.483693155718878,1247997,21564,1226433
2178,11.47842056932966,1247997,21564,1226433
2179,11.473152822395594,1247997,21564,1226433
2180,11.46788990825688,1247997,21564,1226433
2181,11.462631820265933,1247821,21564,1226257
2182,11.45737855178735,1247821,21564,1226257
2183,11.452130096197893,1247821,21564,1226257
2184,11.446886446886447,1247750,21564,1226186
2185,11.441647597254004,1247750,21564,1226186
2186,11.436413540713632,1247750,21564,1226186
2187,11.431184270690444,1247750,21564,1226186
2188,11.425959780621572,1247750,21564,1226186
2189,11.420740063956144,1247750,21564,1226186
2190,11.415525114155251,1246655,21828,1224827
2191,11.41031492469192,1246505,22028,1224477
2192,11.405109489051094,1246222,22028,1224194
2193,11.399908800729595,1246222,22028,1224194
2194,11.394712853236099,1244952,22028,1222924
2195,11.389521640091116,1244031,22028,1222003
2196,11.384335154826958,1244031,22028,1222003
2197,11.37915339098771,1243937,22028,1221909
2198,11.373976342129207,1243937,22028,1221909
2199,11.368804001819008,1243908,22028,1221880
2200,11.363636363636363,1243908,22028,1221880
2201,11.358473421172194,1243908,22028,1221880
2202,11.353315168029065,1242854,22028,1220826
2203,11.348161597821154,1242854,22028,1220826
2204,11.343012704174228,1240592,22091,1218501
2205,11.337868480725623,1240592,22091,1218501
2206,11.332728921124207,1240592,22091,1218501
2207,11.327594019030357,1240592,22091,1218501
2208,11.322463768115941,1240592,22091,1218501
2209,11.317338162064283,1238928,22091,1216837
2210,11.312217194570136,1238928,22091,1216837
2211,11.307100859339664,1238928,22091,1216837
2212,11.301989150090415,1238900,22091,1216809
2213,11.296882060551289,1238900,22091,1216809
2214,11.291779584462512,1237458,22091,1215367
2215,11.286681715575622,1237458,22091,1215367
2216,11.28158844765343,1237458,22091,1215367
2217,11.276499774470004,1237458,22091,1215367
2218,11.27141568981064,1237458,22091,1215367
2219,11.266336187471834,1237458,22091,1215367
2220,11.26126126126126,1236761,22091,1214670
2221,11.256190904997748,1236761,22091,1214670
2222,11.251125112511252,1236756,22091,1214665
2223,11.246063877642825,1236756,22091,1214665
2224,11.241007194244604,1236719,22091,1214628
2225,11.235955056179776,1236719,22091,1214628
2226,11.230907457322552,1235980,22054,1213926
2227,11.22586439155815,1234572,22054,1212518
2228,11.220825852782765,1234572,22054,1212518
2229,11.215791834903545,1234208,21866,1212342
2230,11.210762331838565,1234208,21866,1212342
2231,11.205737337516808,1232421,21866,1210555
2232,11.200716845878135,1232421,21866,1210555
2233,11.195700850873264,1232421,21866,1210555
2234,11.190689346463742,1232421,21866,1210555
2235,11.185682326621924,1232421,21866,1210555
2236,11.180679785330948,1232421,21866,1210555
2237,11.175681716584712,1231469,21866,1209603
2238,11.170688114387847,1231469,21866,1209603
2239,11.165698972755694,1231469,21866,1209603
2240,11.160714285714286,1231469,21866,1209603
2241,11.155734047300312,1231209,21766,1209443
2242,11.150758251561106,1231209,21766,1209443
2243,11.145786892554614,1231209,21766,1209443
2244,11.140819964349376,1231209,21766,1209443
2245,11.135857461024498,1229269,21766,1207503
2246,11.130899376669635,1229063,21604,1207459
2247,11.125945705384957,1229063,21604,1207459
2248,11.12099644128114,1229063,21604,1207459
2249,11.116051578479324,1229063,21604,1207459
2250,11.11111111111111,1229063,21604,1207459
2251,11.106175033318525,1228592,21480,1207112
2252,11.101243339253996,1228592,21480,1207112
2253,11.096316023080337,1228592,21480,1207112
2254,11.091393078970718,1228592,21480,1207112
2255,11.086474501108647,1228592,21480,1207112
2256,11.081560283687944,1228212,21480,1206732
2257,11.076650420912715,1228212,21480,1206732
2258,11.071744906997342,1228212,21480,1206732
2259,11.066843736166446,1228108,21480,1206628
2260,11.061946902654867,1224418,21480,1202938
2261,11.057054400707651,1224418,21480,1202938
2262,11.052166224580018,1224418,21480,1202938
2263,11.04728236853734,1224418,21480,1202938
2264,11.042402826855124,1224418,21480,1202938
2265,11.037527593818984,1224250,21480,1202770
2266,11.032656663724625,1224142,21480,1202662
2267,11.027790030877812,1224142,21480,1202662
2268,11.022927689594356,1223830,21480,1202350
2269,11.018069634200089,1223830,21480,1202350
2270,11.013215859030836,1223830,21480,1202350
2271,11.008366358432408,1223830,21480,1202350
2272,11.003521126760564,1223830,21480,1202350
2273,10.998680158380994,1223830,21480,1202350
2274,10.993843447669304,1223830,21480,1202350
2275,10.989010989010989,1223830,21480,1202350
2276,10.984182776801406,1221637,21480,1200157
2277,10.979358805445761,1221637,21480,1200157
2278,10.974539069359087,1221637,21480,1200157
2279,10.969723562966212,1221189,21480,1199709
2280,10.964912280701755,1221189,21480,1199709
2281,10.960105217010083,1221189,21480,1199709
2282,10.955302366345311,1221189,21480,1199709
2283,10.950503723171266,1221189,21480,1199709
2284,10.945709281961472,1221189,21480,1199709
2285,10.940919037199125,1221167,21368,1199799
2286,10.936132983377078,1221167,21368,1199799
2287,10.931351114997813,1220498,21368,1199130
2288,10.926573426573427,1220498,21368,1199130
2289,10.9217999126256,1220498,21368,1199130
2290,10.91703056768559,1219376,21440,1197936
2291,10.912265386294195,1218860,21440,1197420
2292,10.907504363001745,1218860,21440,1197420
2293,10.902747492368077,1218860,21440,1197420
2294,10.89799476896251,1218860,21440,1197420
2295,10.893246187363834,1218860,21440,1197420
2296,10.888501742160278,1218860,21440,1197420
2297,10.8837614279495,1218860,21440,1197420
2298,10.879025239338555,1218860,21440,1197420
2299,10.874293170943888,1218799,21434,1197365
2300,10.869565217391305,1218799,21434,1197365
2301,10.864841373315949,1218799,21434,1197365
2302,10.860121633362294,1218799,21434,1197365
2303,10.855405992184108,1218378,21365,1197013
2304,10.850694444444445,1218378,21365,1197013
2305,10.845986984815617,1218378,21365,1197013
2306,10.841283607979184,1218378,21365,1197013
2307,10.836584308625921,1218378,21365,1197013
2308,10.831889081455806,1218378,21365,1197013
2309,10.827197921178,1218378,21365,1197013
2310,10.822510822510823,1218378,21365,1197013
2311,10.817827780181739,1217078,21365,1195713
2312,10.813148788927336,1216982,21365,1195617
2313,10.8084738434933,1216982,21365,1195617
2314,10.8038029386344,1216982,21365,1195617
2315,10.799136069114471,1216982,21365,1195617
2316,10.79447322970639,1214009,21455,1192554
2317,10.789814415192058,1212968,21455,1191513
2318,10.785159620362382,1212968,21455,1191513
2319,10.780508840017248,1212968,21455,1191513
2320,10.775862068965518,1212968,21455,1191513
2321,10.771219302024988,1212968,21455,1191513
2322,10.766580534022394,1212968,21455,1191513
2323,10.76194575979337,1212968,21455,1191513
2324,10.757314974182444,1212968,21455,1191513
2325,10.75268817204301,1212968,21455,1191513
2326,10.748065348237317,1212968,21455,1191513
2327,10.743446497636441,1212968,21455,1191513
2328,10.738831615120274,1212968,21455,1191513
2329,10.734220695577502,1212968,21455,1191513
2330,10.729613733905579,1212968,21455,1191513
2331,10.725010725010724,1212968,21455,1191513
2332,10.72041166380789,1212968,21455,1191513
2333,10.715816545220745,1212426,21327,1191099
2334,10.711225364181663,1212426,21327,1191099
2335,10.70663811563169,1212426,21327,1191099
2336,10.702054794520548,1212426,21327,1191099
2337,10.69747539580659,1212426,21327,1191099
2338,10.6928999144568,1212318,21284,1191034
2339,10.688328345446772,1212318,21284,1191034
2340,10.683760683760683,1212318,21284,1191034
2341,10.679196924391286,1212318,21284,1191034
2342,10.67463706233988,1212318,21284,1191034
2343,10.670081092616304,1211475,20288,1191187
2344,10.665529010238908,1211475,20288,1191187
2345,10.660980810234541,1211408,20288,1191120
2346,10.656436487638533,1211408,20288,1191120
2347,10.651896037494675,1211408,20288,1191120
2348,10.647359454855195,1211408,20288,1191120
2349,10.642826734780758,1211295,20288,1191007
2350,10.638297872340425,1210584,20288,1190296
2351,10.633772862611655,1207950,20288,1187662
2352,10.629251700680273,1207950,20288,1187662
2353,10.62473438164046,1202356,20288,1182068
2354,10.620220900594733,1202356,20288,1182068
2355,10.615711252653927,1201467,20261,1181206
2356,10.611205432937181,1201467,20261,1181206
2357,10.606703436571914,1201467,20261,1181206
2358,10.60220525869381,1201467,20261,1181206
2359,10.5977108944468,1201308,20261,1181047
2360,10.59322033898305,1201308,20261,1181047
2361,10.58873358746294,1201287,20234,1181053
2362,10.584250635055039,1201287,20234,1181053
2363,10.579771476936099,1201287,20234,1181053
2364,10.575296108291033,1201287,20234,1181053
2365,10.570824524312897,1201287,20234,1181053
2366,10.566356720202874,1201287,20234,1181053
2367,10.561892691170257,1200059,20234,1179825
2368,10.557432432432432,1200022,20234,1179788
2369,10.552975939214859,1200022,20234,1179788
2370,10.548523206751055,1200022,20234,1179788
2371,10.54407423028258,1200022,20234,1179788
2372,10.539629005059021,1200022,20234,1179788
2373,10.53518752633797,1199591,20342,1179249
2374,10.530749789385004,1199591,20342,1179249
2375,10.526315789473685,1199126,20342,1178784
2376,10.521885521885523,1199126,20342,1178784
2377,10.51745898190997,1198830,20299,1178531
2378,10.513036164844408,1198830,20299,1178531
2379,10.508617065994116,1198830,20299,1178531
2380,10.504201680672269,1196833,20299,1176534
2381,10.499790004199916,1196833,20299,1176534
2382,10.495382031905962,1196833,20299,1176534
2383,10.490977759127151,1196833,20299,1176534
2384,10.486577181208053,1196833,20299,1176534
2385,10.482180293501049,1196833,20299,1176534
2386,10.477787091366304,1196161,20299,1175862
2387,10.473397570171764,1196161,20299,1175862
2388,10.469011725293132,1196161,20299,1175862
2389,10.464629552113855,1196161,20299,1175862
2390,10.460251046025105,1196161,20299,1175862
2391,10.455876202425763,1196161,20299,1175862
2392,10.451505016722408,1196161,20299,1175862
2393,10.447137484329295,1196161,20299,1175862
2394,10.442773600668337,1196161,20299,1175862
2395,10.438413361169102,1196161,20299,1175862
2396,10.434056761268781,1196161,20299,1175862
2397,10.429703796412182,1196161,20299,1175862
2398,10.42535446205171,1196161,20299,1175862
2399,10.421008753647353,1195058,20157,1174901
2400,10.416666666666666,1195058,20157,1174901
2401,10.412328196584756,1195008,20157,1174851
2402,10.407993338884262,1195008,20157,1174851
2403,10.403662089055347,1195008,20157,1174851
2404,10.399334442595674,1195008,20157,1174851
2405,10.395010395010395,1194784,20184,1174600
2406,10.390689941812136,1194784,20184,1174600
2407,10.38637307852098,1194414,20184,1174230
2408,10.382059800664452,1194414,20184,1174230
2409,10.377750103777501,1194414,20184,1174230
2410,10.37344398340249,1194414,20184,1174230
2411,10.369141435089174,1194414,20184,1174230
2412,10.364842454394694,1194414,20184,1174230
2413,10.360547036883547,1193831,20184,1173647
2414,10.356255178127588,1193831,20184,1173647
2415,10.351966873706004,1193831,20184,1173647
2416,10.347682119205299,1192520,20184,1172336
2417,10.34340091021928,1192520,20184,1172336
2418,10.339123242349048,1192520,20184,1172336
2419,10.334849111202976,1192520,20184,1172336
2420,10.330578512396695,1192520,20184,1172336
2421,10.326311441553077,1192520,20184,1172336
2422,10.32204789430223,1192520,20184,1172336
2423,10.317787866281469,1192520,20184,1172336
2424,10.313531353135314,1192250,20184,1172066
2425,10.309278350515465,1192250,20184,1172066
2426,10.305028854080792,1192250,20184,1172066
2427,10.300782859497321,1191945,20184,1171761
2428,10.29654036243822,1191945,20184,1171761
2429,10.29230135858378,1191945,20184,1171761
2430,10.2880658436214,1189381,20184,1169197
2431,10.283833813245577,1188579,20184,1168395
2432,10.279605263157896,1188579,20184,1168395
2433,10.275380189066995,1186172,20332,1165840
2434,10.271158586688578,1186172,20332,1165840
2435,10.26694045174538,1186172,20332,1165840
2436,10.262725779967159,1186172,20332,1165840
2437,10.258514567090685,1185940,20236,1165704
2438,10.25430680885972,1185940,20236,1165704
2439,10.25010250102501,1185940,20236,1165704
2440,10.245901639344263,1185124,20191,1164933
2441,10.241704219582138,1185124,20191,1164933
2442,10.237510237510238,1185124,20191,1164933
2443,10.233319688907082,1184621,20191,1164430
2444,10.229132569558102,1184621,20191,1164430
2445,10.224948875255624,1184589,20266,1164323
2446,10.220768601798856,1184589,20266,1164323
2447,10.21659174499387,1184518,20266,1164252
2448,10.212418300653594,1184518,20266,1164252
2449,10.208248264597795,1184518,20266,1164252
2450,10.204081632653061,1184518,20266,1164252
2451,10.199918400652795,1184518,20266,1164252
2452,10.195758564437194,1184518,20266,1164252
2453,10.191602119853242,1184518,20266,1164252
2454,10.187449062754686,1184518,20266,1164252
2455,10.183299389002036,1184518,20266,1164252
2456,10.17915309446254,1184518,20266,1164252
2457,10.175010175010176,1184518,20266,1164252
2458,10.17087062652563,1183374,20205,1163169
2459,10.1667344448963,1181847,20205,1161642
2460,10.16260162601626,1181847,20205,1161642
2461,10.158472165786266,1181847,20205,1161642
2462,10.15434606011373,1181847,20205,1161642
2463,10.150223304912709,1181847,20205,1161642
2464,10.146103896103897,1181847,20205,1161642
2465,10.141987829614605,1181847,20205,1161642
2466,10.137875101378752,1181847,20205,1161642
2467,10.133765707336847,1181847,20205,1161642
2468,10.12965964343598,1181847,20205,1161642
2469,10.125556905629809,1181718,20205,1161513
2470,10.121457489878543,1181718,20205,1161513
2471,10.117361392148927,1181564,20205,1161359
2472,10.11326860841424,1180911,20205,1160706
2473,10.109179134654266,1180855,20205,1160650
2474,10.105092966855295,1180855,20205,1160650
2475,10.1010101010101,1180855,20205,1160650
2476,10.096930533117932,1180855,20205,1160650
2477,10.092854259184497,1180849,20205,1160644
2478,10.088781275221953,1180849,20205,1160644
2479,10.084711577248891,1180849,20205,1160644
2480,10.080645161290322,1180849,20205,1160644
2481,10.07658202337767,1180849,20205,1160644
2482,10.07252215954875,1180849,20205,1160644
2483,10.068465565847765,1180849,20205,1160644
2484,10.064412238325282,1180849,20205,1160644
2485,10.060362173038229,1180849,20205,1160644
2486,10.05631536604988,1180849,20205,1160644
2487,10.052271813429835,1180507,20168,1160339
2488,10.04823151125402,1180507,20168,1160339
2489,10.04419445560466,1179816,20132,1159684
2490,10.040160642570282,1179303,20132,1159171
2491,10.036130068245685,1179145,20132,1159013
2492,10.032102728731942,1179145,20132,1159013
2493,10.028078620136382,1179145,20132,1159013
2494,10.024057738572575,1179145,20132,1159013
2495,10.02004008016032,1177133,20930,1156203
2496,10.01602564102564,1176664,20565,1156099
2497,10.012014417300762,1175151,20565,1154586
2498,10.0080064051241,1175151,20565,1154586
2499,10.004001600640256,1175151,20565,1154586
2500,10,1174284,20540,1153744
2501,9.996001599360255,1174284,20540,1153744
2502,9.992006394884093,1173922,20765,1153157
2503,9.988014382740712,1173922,20765,1153157
2504,9.984025559105431,1173922,20765,1153157
2505,9.980039920159681,1173922,20765,1153157
2506,9.976057462090981,1172394,20804,1151590
2507,9.97207818109294,1172394,20804,1151590
2508,9.968102073365232,1172394,20804,1151590
2509,9.964129135113591,1172394,20804,1151590
2510,9.9601593625498,1172394,20804,1151590
2511,9.956192751891676,1170449,20804,1149645
2512,9.952229299363058,1170449,20804,1149645
2513,9.948269001193792,1169077,20804,1148273
2514,9.94431185361973,1169077,20804,1148273
2515,9.940357852882704,1169077,20804,1148273
2516,9.936406995230525,1169077,20804,1148273
2517,9.932459276916966,1167211,20804,1146407
2518,9.928514694201747,1164048,20804,1143244
2519,9.924573243350537,1163709,20760,1142949
2520,9.920634920634921,1162868,20760,1142108
2521,9.916699722332408,1162852,20806,1142046
2522,9.912767644726408,1162852,20806,1142046
2523,9.908838684106223,1162852,20806,1142046
2524,9.904912836767036,1162116,20806,1141310
2525,9.900990099009901,1162116,20806,1141310
2526,9.897070467141726,1162116,20806,1141310
2527,9.893153937475267,1160866,20806,1140060
2528,9.889240506329115,1160811,20846,1139965
2529,9.885330170027679,1160811,20846,1139965
2530,9.881422924901186,1160811,20846,1139965
2531,9.877518767285657,1160811,20846,1139965
2532,9.873617693522906,1160811,20846,1139965
2533,9.869719699960521,1160811,20846,1139965
2534,9.865824782951854,1160811,20846,1139965
2535,9.861932938856016,1160811,20846,1139965
2536,9.858044164037855,1160811,20846,1139965
2537,9.854158454867955,1160811,20846,1139965
2538,9.850275807722616,1160811,20846,1139965
2539,9.846396218983852,1160811,20846,1139965
2540,9.84251968503937,1160811,20846,1139965
2541,9.838646202282566,1160811,20846,1139965
2542,9.83477576711251,1160811,20846,1139965
2543,9.830908375933936,1160811,20846,1139965
2544,9.827044025157234,1159709,20846,1138863
2545,9.82318271119843,1159709,20846,1138863
2546,9.819324430479183,1158458,20846,1137612
2547,9.815469179426776,1158458,20846,1137612
2548,9.811616954474097,1158458,20846,1137612
2549,9.80776775205963,1158458,20846,1137612
2550,9.803921568627452,1158458,20846,1137612
2551,9.800078400627205,1158458,20846,1137612
2552,9.796238244514107,1157861,20830,1137031
2553,9.792401096748923,1157424,20830,1136594
2554,9.788566953797964,1157228,20830,1136398
2555,9.784735812133073,1157228,20830,1136398
2556,9.780907668231611,1157228,20830,1136398
2557,9.777082518576456,1157228,20830,1136398
2558,9.773260359655982,1157228,20830,1136398
2559,9.769441187964048,1156147,20830,1135317
2560,9.765625,1156147,20830,1135317
2561,9.761811792268645,1156147,20830,1135317
2562,9.758001561280249,1156147,20830,1135317
2563,9.754194303550527,1156147,20830,1135317
2564,9.750390015600624,1156147,20830,1135317
2565,9.746588693957115,1156147,20830,1135317
2566,9.742790335151987,1156147,20830,1135317
2567,9.738994935722634,1156147,20830,1135317
2568,9.735202492211839,1156147,20830,1135317
2569,9.73141300116777,1156147,20830,1135317
2570,9.727626459143968,1156147,20830,1135317
2571,9.723842862699339,1156147,20830,1135317
2572,9.720062208398133,1156147,20830,1135317
2573,9.71628449280995,1156034,20830,1135204
2574,9.712509712509712,1156034,20830,1135204
2575,9.70873786407767,1156034,20830,1135204
2576,9.70496894409938,1155199,20826,1134373
2577,9.701202949165696,1155199,20826,1134373
2578,9.69743987587277,1155199,20826,1134373
2579,9.693679720822024,1155199,20826,1134373
2580,9.689922480620154,1153996,20826,1133170
2581,9.686168151879116,1153996,20826,1133170
2582,9.682416731216112,1153996,20826,1133170
2583,9.67866821525358,1153875,20826,1133049
2584,9.674922600619196,1153875,20826,1133049
2585,9.671179883945841,1153875,20826,1133049
2586,9.667440061871616,1153875,20826,1133049
2587,9.663703131039814,1153875,20826,1133049
2588,9.659969088098919,1153875,20826,1133049
2589,9.656237929702588,1153044,20757,1132287
2590,9.652509652509652,1153044,20757,1132287
2591,9.648784253184099,1153044,20757,1132287
2592,9.645061728395062,1153044,20757,1132287
2593,9.641342074816814,1153044,20757,1132287
2594,9.637625289128758,1153044,20757,1132287
2595,9.633911368015415,1151729,20757,1130972
2596,9.63020030816641,1151729,20757,1130972
2597,9.626492106276473,1151729,20757,1130972
2598,9.62278675904542,1151729,20757,1130972
2599,9.619084263178145,1151729,20757,1130972
2600,9.615384615384615,1150522,20347,1130175
2601,9.611687812379854,1145765,20347,1125418
2602,9.607993850883936,1144739,20347,1124392
2603,9.604302727621974,1144739,20347,1124392
2604,9.600614439324117,1144739,20347,1124392
2605,9.596928982725528,1144739,20347,1124392
2606,9.593246354566386,1144739,20347,1124392
2607,9.589566551591869,1144739,20347,1124392
2608,9.585889570552148,1144739,20347,1124392
2609,9.582215408202376,1144739,20347,1124392
2610,9.578544061302683,1143446,20347,1123099
2611,9.574875526618154,1143446,20347,1123099
2612,9.571209800918837,1143446,20347,1123099
2613,9.567546880979716,1142582,20384,1122198
2614,9.563886763580719,1142582,20384,1122198
2615,9.560229445506693,1142582,20384,1122198
2616,9.5565749235474,1142463,20384,1122079
2617,9.552923194497517,1141109,20384,1120725
2618,9.549274255156607,1140914,20384,1120530
2619,9.545628102329133,1140754,20384,1120370
2620,9.541984732824428,1140754,20384,1120370
2621,9.538344143456696,1140754,20384,1120370
2622,9.534706331045005,1140754,20384,1120370
2623,9.531071292413268,1140754,20384,1120370
2624,9.527439024390244,1140754,20384,1120370
2625,9.523809523809524,1140754,20384,1120370
2626,9.52018278750952,1140754,20384,1120370
2627,9.51655881233346,1140754,20384,1120370
2628,9.512937595129376,1138256,20384,1117872
2629,9.509319132750095,1138197,20384,1117813
2630,9.505703422053232,1138197,20384,1117813
2631,9.502090459901178,1138197,20384,1117813
2632,9.498480243161094,1135257,20384,1114873
2633,9.4948727687049,1135257,20384,1114873
2634,9.491268033409263,1135257,20384,1114873
2635,9.487666034155598,1135257,20384,1114873
2636,9.484066767830045,1135257,20384,1114873
2637,9.480470231323473,1135257,20384,1114873
2638,9.476876421531463,1135257,20384,1114873
2639,9.473285335354301,1135257,20384,1114873
2640,9.469696969696969,1135257,20384,1114873
2641,9.46611132146914,1135257,20384,1114873
2642,9.462528387585163,1135257,20384,1114873
2643,9.458948164964056,1130453,20384,1110069
2644,9.4553706505295,1130453,20384,1110069
2645,9.45179584120983,1130453,20384,1110069
2646,9.44822373393802,1130453,20384,1110069
2647,9.444654325651682,1129853,20384,1109469
2648,9.441087613293051,1129801,20261,1109540
2649,9.437523593808985,1128488,20117,1108371
2650,9.433962264150944,1128488,20117,1108371
2651,9.43040362127499,1128488,20117,1108371
2652,9.42684766214178,1128488,20117,1108371
2653,9.423294383716547,1128172,20117,1108055
2654,9.419743782969103,1128172,20117,1108055
2655,9.416195856873824,1128172,20117,1108055
2656,9.412650602409638,1128172,20117,1108055
2657,9.40910801656003,1128172,20117,1108055
2658,9.405568096313017,1128172,20117,1108055
2659,9.402030838661151,1128172,20117,1108055
2660,9.398496240601503,1128172,20117,1108055
2661,9.394964299135664,1128172,20117,1108055
2662,9.391435011269722,1128117,20117,1108000
2663,9.38790837401427,1128117,20117,1108000
2664,9.384384384384385,1128117,20117,1108000
2665,9.380863039399625,1128117,20117,1108000
2666,9.377344336084022,1124711,20117,1104594
2667,9.373828271466067,1124711,20117,1104594
2668,9.370314842578711,1124711,20117,1104594
2669,9.366804046459348,1124711,20117,1104594
2670,9.363295880149813,1124711,20117,1104594
2671,9.35979034069637,1124711,20117,1104594
2672,9.3562874251497,1124711,20117,1104594
2673,9.352787130564908,1124711,20117,1104594
2674,9.349289454001497,1123197,20143,1103054
2675,9.345794392523365,1122833,20143,1102690
2676,9.342301943198803,1122833,20143,1102690
2677,9.338812103100485,1122833,20143,1102690
2678,9.335324869305452,1121093,20143,1100950
2679,9.33184023889511,1121093,20143,1100950
2680,9.328358208955224,1121093,20143,1100950
2681,9.324878776575904,1121093,20143,1100950
2682,9.321401938851603,1121093,20143,1100950
2683,9.317927692881103,1121057,20143,1100914
2684,9.314456035767511,1121057,20143,1100914
2685,9.31098696461825,1121057,20143,1100914
2686,9.307520476545049,1121057,20143,1100914
2687,9.304056568663938,1121057,20143,1100914
2688,9.300595238095237,1121057,20143,1100914
2689,9.297136481963555,1121057,20143,1100914
2690,9.293680297397769,1121057,20143,1100914
2691,9.29022668153103,1121057,20143,1100914
2692,9.286775631500744,1121057,20143,1100914
2693,9.28332714444857,1121057,20143,1100914
2694,9.279881217520416,1121057,20143,1100914
2695,9.276437847866418,1121057,20143,1100914
2696,9.27299703264095,1121057,20143,1100914
2697,9.269558769002595,1121057,20143,1100914
2698,9.266123054114159,1121057,20143,1100914
2699,9.262689885142645,1120857,20143,1100714
2700,9.25925925925926,1120857,20143,1100714
2701,9.255831173639393,1120857,20143,1100714
2702,9.25240562546262,1120857,20143,1100714
2703,9.24898261191269,1120857,20143,1100714
2704,9.245562130177515,1120857,20143,1100714
2705,9.242144177449168,1120857,20143,1100714
2706,9.238728750923872,1120857,20143,1100714
2707,9.235315847801996,1119032,20143,1098889
2708,9.231905465288035,1119032,20143,1098889
2709,9.228497600590623,1119032,20143,1098889
2710,9.22509225092251,1119032,20143,1098889
2711,9.221689413500552,1119032,20143,1098889
2712,9.218289085545722,1118940,20143,1098797
2713,9.214891264283082,1118861,20143,1098718
2714,9.211495946941783,1118861,20143,1098718
2715,9.208103130755065,1118861,20143,1098718
2716,9.204712812960235,1118861,20143,1098718
2717,9.201324990798675,1118861,20143,1098718
2718,9.19793966151582,1118861,20143,1098718
2719,9.194556822361163,1118861,20143,1098718
2720,9.191176470588236,1118861,20143,1098718
2721,9.187798603454612,1118861,20143,1098718
2722,9.184423218221896,1118861,20143,1098718
2723,9.18105031215571,1118680,19993,1098687
2724,9.177679882525698,1118680,19993,1098687
2725,9.174311926605505,1118680,19993,1098687
2726,9.17094644167278,1118680,19993,1098687
2727,9.167583425009168,1118680,19993,1098687
2728,9.164222873900293,1118219,20018,1098201
2729,9.160864785635765,1118219,20018,1098201
2730,9.157509157509157,1117962,19946,1098016
2731,9.154155986818015,1116947,19943,1097004
2732,9.150805270863836,1116947,19943,1097004
2733,9.147457006952067,1116947,19943,1097004
2734,9.1441111923921,1115814,19978,1095836
2735,9.140767824497258,1115814,19978,1095836
2736,9.137426900584796,1115814,19978,1095836
2737,9.134088417975885,1115814,19978,1095836
2738,9.130752373995618,1115814,19978,1095836
2739,9.127418765972983,1115742,19978,1095764
2740,9.124087591240876,1115742,19978,1095764
2741,9.120758847136083,1115742,19978,1095764
2742,9.11743253099927,1115229,20003,1095226
2743,9.11410864017499,1115133,20003,1095130
2744,9.110787172011662,1115133,20003,1095130
2745,9.107468123861567,1115093,20003,1095090
2746,9.104151493080845,1115093,20003,1095090
2747,9.100837277029486,1115093,20003,1095090
2748,9.097525473071325,1115093,20003,1095090
2749,9.094216078574027,1115093,20003,1095090
2750,9.090909090909092,1115093,20003,1095090
2751,9.087604507451836,1115093,20003,1095090
2752,9.084302325581396,1115093,20003,1095090
2753,9.081002542680713,1115093,20003,1095090
2754,9.07770515613653,1115093,20003,1095090
2755,9.074410163339383,1114851,20003,1094848
2756,9.0711175616836,1114851,20003,1094848
2757,9.067827348567283,1114851,20003,1094848
2758,9.064539521392314,1113445,20003,1093442
2759,9.061254077564335,1113445,20003,1093442
2760,9.057971014492754,1113445,20003,1093442
2761,9.054690329590729,1113215,20003,1093212
2762,9.051412020275164,1113215,20003,1093212
2763,9.048136083966703,1113215,20003,1093212
2764,9.044862518089724,1113215,20003,1093212
2765,9.041591320072333,1108970,20003,1088967
2766,9.038322487346349,1108970,20003,1088967
2767,9.035056017347307,1108970,20003,1088967
2768,9.031791907514451,1108970,20003,1088967
2769,9.028530155290719,1108970,20003,1088967
2770,9.025270758122744,1108970,20003,1088967
2771,9.022013713460844,1108970,20003,1088967
2772,9.018759018759019,1108970,20003,1088967
2773,9.015506671474936,1108970,20003,1088967
2774,9.012256669069934,1108970,20003,1088967
2775,9.00900900900901,1108970,20003,1088967
2776,9.005763688760807,1108930,20003,1088927
2777,9.002520705797624,1108930,20003,1088927
2778,8.999280057595392,1108930,20003,1088927
2779,8.99604174163368,1108930,20003,1088927
2780,8.992805755395683,1108930,20003,1088927
2781,8.989572096368214,1108930,20003,1088927
2782,8.986340762041696,1108862,20003,1088859
2783,8.983111749910169,1108234,20003,1088231
2784,8.979885057471265,1108234,20003,1088231
2785,8.976660682226212,1107523,20003,1087520
2786,8.973438621679827,1106504,20003,1086501
2787,8.97021887334051,1106504,20003,1086501
2788,8.96700143472023,1106504,20003,1086501
2789,8.963786303334528,1105273,20003,1085270
2790,8.960573476702509,1103137,20117,1083020
2791,8.957362952346829,1099346,20117,1079229
2792,8.954154727793696,1099346,20117,1079229
2793,8.95094880057286,1099346,20117,1079229
2794,8.94774516821761,1099284,20117,1079167
2795,8.94454382826476,1099284,20117,1079167
2796,8.94134477825465,1099284,20117,1079167
2797,8.93814801573114,1099284,20117,1079167
2798,8.9349535382416,1098370,20117,1078253
2799,8.931761343336905,1098370,20117,1078253
2800,8.928571428571429,1098370,20117,1078253
2801,8.925383791503034,1097006,20117,1076889
2802,8.922198429693076,1097006,20117,1076889
2803,8.919015340706386,1096504,20117,1076387
2804,8.91583452211127,1096504,20117,1076387
2805,8.9126559714795,1096504,20117,1076387
2806,8.909479686386314,1096504,20117,1076387
2807,8.906305664410402,1096504,20117,1076387
2808,8.903133903133902,1096504,20117,1076387
2809,8.8999644001424,1096504,20117,1076387
2810,8.896797153024911,1096507,20117,1076390
2811,8.893632159373889,1096507,20117,1076390
2812,8.890469416785207,1096507,20117,1076390
2813,8.887308922858159,1096507,20117,1076390
2814,8.884150675195452,1096507,20117,1076390
2815,8.880994671403197,1096507,20117,1076390
2816,8.877840909090908,1096507,20117,1076390
2817,8.874689385871495,1096507,20117,1076390
2818,8.87154009936125,1096507,20117,1076390
2819,8.86839304717985,1096507,20117,1076390
2820,8.865248226950355,1096507,20117,1076390
2821,8.862105636299185,1096507,20117,1076390
2822,8.85896527285613,1096507,20117,1076390
2823,8.855827134254339,1096507,20117,1076390
2824,8.852691218130312,1095816,20117,1075699
2825,8.849557522123893,1095816,20117,1075699
2826,8.846426043878273,1095780,20117,1075663
2827,8.843296781039971,1094493,20117,1074376
2828,8.84016973125884,1094493,20117,1074376
2829,8.837044892188052,1094493,20117,1074376
2830,8.8339222614841,1094186,20141,1074045
2831,8.830801836806781,1094186,20141,1074045
2832,8.82768361581921,1094186,20141,1074045
2833,8.824567596187787,1094186,20141,1074045
2834,8.821453775582215,1094186,20141,1074045
2835,8.818342151675486,1094186,20141,1074045
2836,8.815232722143865,1094134,20141,1073993
2837,8.812125484666902,1094134,20141,1073993
2838,8.809020436927414,1094134,20141,1073993
2839,8.805917576611483,1092844,20141,1072703
2840,8.80281690140845,1092844,20141,1072703
2841,8.79971840901091,1091508,20309,1071199
2842,8.796622097114708,1091508,20309,1071199
2843,8.793527963418924,1091508,20309,1071199
2844,8.79043600562588,1091508,20309,1071199
2845,8.787346221441124,1091508,20309,1071199
2846,8.784258608573436,1091079,20309,1070770
2847,8.781173164734808,1091079,20309,1070770
2848,8.77808988764045,1091079,20309,1070770
2849,8.775008775008775,1091079,20309,1070770
2850,8.771929824561404,1091079,20309,1070770
2851,8.76885303402315,1091079,20309,1070770
2852,8.76577840112202,1090801,20334,1070467
2853,8.762705923589204,1090801,20334,1070467
2854,8.759635599159076,1090801,20334,1070467
2855,8.756567425569177,1090801,20334,1070467
2856,8.753501400560225,1090801,20334,1070467
2857,8.750437521876094,1090801,20334,1070467
2858,8.74737578726382,1090801,20334,1070467
2859,8.744316194473592,1090801,20334,1070467
2860,8.741258741258742,1088906,20334,1068572
2861,8.738203425375742,1088115,20334,1067781
2862,8.735150244584206,1088063,20334,1067729
2863,8.732099196646875,1086742,20334,1066408
2864,8.72905027932961,1086655,20334,1066321
2865,8.726003490401396,1086655,20334,1066321
2866,8.722958827634333,1086355,20180,1066175
2867,8.719916288803628,1086355,20180,1066175
2868,8.716875871687588,1086355,20180,1066175
2869,8.71383757406762,1086355,20180,1066175
2870,8.710801393728223,1086355,20180,1066175
2871,8.707767328456983,1086355,20180,1066175
2872,8.704735376044567,1086355,20180,1066175
2873,8.70170553428472,1086355,20180,1066175
2874,8.698677800974252,1086355,20180,1066175
2875,8.695652173913043,1086355,20180,1066175
2876,8.692628650904034,1086355,20180,1066175
2877,8.689607229753214,1086355,20180,1066175
2878,8.686587908269631,1084728,20180,1064548
2879,8.68357068426537,1084728,20180,1064548
2880,8.680555555555555,1084728,20180,1064548
2881,8.677542519958347,1084728,20180,1064548
2882,8.674531575294933,1084174,20180,1063994
2883,8.671522719389525,1084174,20180,1063994
2884,8.668515950069349,1084174,20180,1063994
2885,8.665511265164644,1084174,20180,1063994
2886,8.662508662508662,1084174,20180,1063994
2887,8.659508139937651,1084174,20180,1063994
2888,8.65650969529086,1084174,20180,1063994
2889,8.653513326410522,1084174,20180,1063994
2890,8.650519031141869,1084174,20180,1063994
2891,8.647526807333103,1084174,20180,1063994
2892,8.644536652835408,1084174,20180,1063994
2893,8.641548565502939,1084174,20180,1063994
2894,8.638562543192812,1084174,20180,1063994
2895,8.635578583765112,1084168,20084,1064084
2896,8.632596685082873,1084168,20084,1064084
2897,8.629616845012082,1084168,20084,1064084
2898,8.62663906142167,1084168,20084,1064084
2899,8.623663332183511,1084168,20084,1064084
2900,8.620689655172415,1084168,20084,1064084
2901,8.617718028266115,1083943,20045,1063898
2902,8.61474844934528,1083943,20045,1063898
2903,8.611780916293489,1083943,20045,1063898
2904,8.608815426997245,1083943,20045,1063898
2905,8.605851979345955,1083905,20045,1063860
2906,8.602890571231933,1083905,20045,1063860
2907,8.599931200550396,1083905,20045,1063860
2908,8.59697386519945,1083905,20045,1063860
2909,8.594018563080096,1083905,20045,1063860
2910,8.59106529209622,1083905,20045,1063860
2911,8.588114050154585,1083905,20045,1063860
2912,8.585164835164836,1083905,20045,1063860
2913,8.582217645039478,1083905,20045,1063860
2914,8.579272477693891,1083905,20045,1063860
2915,8.576329331046312,1083905,20045,1063860
2916,8.573388203017833,1083905,20045,1063860
2917,8.570449091532396,1083905,20045,1063860
2918,8.567511994516792,1083905,20045,1063860
2919,8.564576909900651,1083905,20045,1063860
2920,8.561643835616438,1083215,20045,1063170
2921,8.558712769599452,1081715,20324,1061391
2922,8.555783709787816,1081715,20324,1061391
2923,8.552856654122477,1079241,20956,1058285
2924,8.549931600547195,1079241,20956,1058285
2925,8.547008547008547,1079241,20956,1058285
2926,8.544087491455912,1079198,21091,1058107
2927,8.541168431841475,1077669,21091,1056578
2928,8.53825136612022,1077669,21091,1056578
2929,8.535336292249914,1077669,21091,1056578
2930,8.532423208191126,1076730,21730,1055000
2931,8.529512111907199,1076730,21730,1055000
2932,8.526603001364256,1074178,21730,1052448
2933,8.523695874531196,1074178,21730,1052448
2934,8.520790729379687,1074178,21730,1052448
2935,8.517887563884157,1074128,21730,1052398
2936,8.514986376021799,1074128,21730,1052398
2937,8.512087163772557,1074128,21730,1052398
2938,8.509189925119129,1074128,21730,1052398
2939,8.506294658046954,1074128,21730,1052398
2940,8.503401360544217,1073139,21730,1051409
2941,8.500510030601836,1073139,21730,1051409
2942,8.49762066621346,1073139,21730,1051409
2943,8.494733265375467,1072702,21730,1050972
2944,8.491847826086957,1072702,21730,1050972
2945,8.488964346349745,1072702,21730,1050972
2946,8.486082824168363,1069363,21730,1047633
2947,8.48320325755005,1069363,21730,1047633
2948,8.480325644504749,1069363,21730,1047633
2949,8.4774499830451,1069363,21730,1047633
2950,8.474576271186441,1069363,21730,1047633
2951,8.471704506946798,1069363,21730,1047633
2952,8.468834688346883,1069363,21730,1047633
2953,8.465966813410091,1069363,21730,1047633
2954,8.463100880162491,1069363,21730,1047633
2955,8.460236886632826,1069363,21730,1047633
2956,8.457374830852503,1069363,21730,1047633
2957,8.454514710855596,1069363,21730,1047633
2958,8.451656524678837,1069280,21730,1047550
2959,8.448800270361609,1068045,21730,1046315
2960,8.445945945945946,1068045,21730,1046315
2961,8.443093549476528,1068045,21730,1046315
2962,8.440243079000675,1068045,21730,1046315
2963,8.437394532568343,1066877,21730,1045147
2964,8.434547908232119,1066877,21730,1045147
2965,8.431703204047217,1066877,21730,1045147
2966,8.428860418071476,1066877,21730,1045147
2967,8.426019548365351,1066877,21730,1045147
2968,8.423180592991914,1066877,21730,1045147
2969,8.42034355001684,1066877,21730,1045147
2970,8.417508417508417,1065524,21730,1043794
2971,8.41467519353753,1065524,21730,1043794
2972,8.411843876177658,1065524,21730,1043794
2973,8.409014463504878,1065524,21730,1043794
2974,8.406186953597848,1065524,21730,1043794
2975,8.403361344537815,1065524,21730,1043794
2976,8.400537634408602,1065524,21730,1043794
2977,8.397715821296607,1065524,21730,1043794
2978,8.394895903290799,1065524,21730,1043794
2979,8.392077878482713,1065524,21730,1043794
2980,8.389261744966444,1064922,21730,1043192
2981,8.386447500838644,1064465,21730,1042735
2982,8.383635144198525,1064465,21730,1042735
2983,8.380824673147838,1064177,21880,1042297
2984,8.378016085790884,1064177,21880,1042297
2985,8.375209380234505,1064177,21880,1042297
2986,8.372404554588078,1064177,21880,1042297
2987,8.369601606963508,1063648,21880,1041768
2988,8.366800535475234,1063648,21880,1041768
2989,8.364001338240215,1063648,21880,1041768
2990,8.361204013377927,1063648,21880,1041768
2991,8.358408559010364,1063648,21880,1041768
2992,8.355614973262032,1063234,21938,1041296
2993,8.35282325425994,1062245,21938,1040307
2994,8.3500334001336,1062245,21938,1040307
2995,8.347245409015025,1062245,21938,1040307
2996,8.344459279038718,1062118,21938,1040180
2997,8.341675008341674,1060518,21938,1038580
2998,8.338892595063376,1060518,21938,1038580
2999,8.336112037345782,1060518,21938,1038580
3000,8.333333333333334,1060518,21938,1038580
3001,8.330556481172943,1060518,21938,1038580
3002,8.327781479013991,1060518,21938,1038580
3003,8.325008325008325,1060518,21938,1038580
3004,8.322237017310252,1060453,22001,1038452
3005,8.319467554076539,1060453,22001,1038452
3006,8.316699933466401,1060453,22001,1038452
3007,8.313934153641503,1060453,22001,1038452
3008,8.311170212765957,1060453,22001,1038452
3009,8.308408109006315,1060183,22001,1038182
3010,8.305647840531561,1060183,22001,1038182
3011,8.302889405513119,1059823,22000,1037823
3012,8.300132802124834,1059823,22000,1037823
3013,8.29737802854298,1059823,22000,1037823
3014,8.29462508294625,1059823,22000,1037823
3015,8.291873963515755,1059823,22000,1037823
3016,8.289124668435013,1059823,22000,1037823
3017,8.286377195889957,1059823,22000,1037823
3018,8.28363154406892,1059823,22000,1037823
3019,8.280887711162636,1058947,21988,1036959
3020,8.278145695364238,1058947,21988,1036959
3021,8.275405494869249,1058947,21988,1036959
3022,8.272667107875579,1058432,21988,1036444
3023,8.269930532583526,1058432,21988,1036444
3024,8.267195767195767,1057947,21835,1036112
3025,8.264462809917354,1057947,21835,1036112
3026,8.261731658955718,1057947,21835,1036112
3027,8.259002312520648,1057947,21835,1036112
3028,8.256274768824307,1057947,21835,1036112
3029,8.253549026081215,1057947,21835,1036112
3030,8.250825082508252,1057595,21835,1035760
3031,8.248102936324646,1057047,22331,1034716
3032,8.24538258575198,1057047,22331,1034716
3033,8.242664029014177,1057047,22331,1034716
3034,8.23994726433751,1057047,22331,1034716
3035,8.237232289950576,1057047,22331,1034716
3036,8.234519104084322,1055386,22331,1033055
3037,8.231807704972011,1055386,22331,1033055
3038,8.229098090849243,1055386,22331,1033055
3039,8.226390259953932,1055386,22331,1033055
3040,8.223684210526315,1055386,22331,1033055
3041,8.220979940808945,1055171,22331,1032840
3042,8.21827744904668,1054426,22667,1031759
3043,8.21557673348669,1052522,22718,1029804
3044,8.21287779237845,1051424,22718,1028706
3045,8.210180623973727,1051424,22718,1028706
3046,8.207485226526591,1051424,22718,1028706
3047,8.204791598293403,1050951,22598,1028353
3048,8.202099737532809,1050611,22598,1028013
3049,8.19940964250574,1050611,22598,1028013
3050,8.19672131147541,1050493,22542,1027951
3051,8.19403474270731,1050493,22542,1027951
3052,8.191349934469201,1050493,22542,1027951
3053,8.188666885031116,1050493,22542,1027951
3054,8.185985592665357,1050493,22542,1027951
3055,8.183306055646481,1050493,22542,1027951
3056,8.180628272251308,1050493,22542,1027951
3057,8.177952240758914,1050493,22542,1027951
3058,8.175277959450622,1050250,22501,1027749
3059,8.172605426610003,1050250,22501,1027749
3060,8.169934640522875,1050250,22501,1027749
3061,8.167265599477295,1050250,22501,1027749
3062,8.164598301763553,1050250,22501,1027749
3063,8.161932745674175,1050250,22501,1027749
3064,8.159268929503916,1050250,22501,1027749
3065,8.156606851549755,1050250,22501,1027749
3066,8.153946510110893,1050250,22501,1027749
3067,8.15128790348875,1050250,22501,1027749
3068,8.148631029986962,1050250,22501,1027749
3069,8.145975887911371,1050250,22501,1027749
3070,8.143322475570033,1050250,22501,1027749
3071,8.140670791273202,1048390,22501,1025889
3072,8.138020833333334,1048390,22501,1025889
3073,8.135372600065082,1048390,22501,1025889
3074,8.132726089785296,1048390,22501,1025889
3075,8.130081300813009,1048390,22501,1025889
3076,8.12743823146944,1048390,22501,1025889
3077,8.124796880077998,1047307,22573,1024734
3078,8.122157244964262,1047307,22573,1024734
3079,8.119519324455991,1047307,22573,1024734
3080,8.116883116883116,1045290,22945,1022345
3081,8.114248620577735,1045219,22945,1022274
3082,8.111615833874108,1045219,22945,1022274
3083,8.10898475510866,1045219,22945,1022274
3084,8.106355382619974,1045219,22945,1022274
3085,8.103727714748784,1045219,22945,1022274
3086,8.101101749837978,1045219,22945,1022274
3087,8.098477486232587,1044367,22945,1021422
3088,8.095854922279793,1044367,22945,1021422
3089,8.093234056328908,1044367,22945,1021422
3090,8.090614886731391,1044367,22945,1021422
3091,8.087997411840828,1044367,22945,1021422
3092,8.085381630012936,1044367,22945,1021422
3093,8.08276753960556,1044367,22945,1021422
3094,8.080155138978668,1044367,22945,1021422
3095,8.077544426494345,1042666,22945,1019721
3096,8.074935400516797,1042666,22945,1019721
3097,8.072328059412335,1042666,22945,1019721
3098,8.069722401549386,1042666,22945,1019721
3099,8.067118425298483,1042666,22945,1019721
3100,8.064516129032258,1042666,22945,1019721
3101,8.061915511125443,1042666,22945,1019721
3102,8.059316569954868,1042666,22945,1019721
3103,8.056719303899452,1042666,22945,1019721
3104,8.054123711340207,1042666,22945,1019721
3105,8.051529790660226,1042666,22945,1019721
3106,8.048937540244689,1042556,22930,1019626
3107,8.04634695848085,1041205,22930,1018275
3108,8.043758043758043,1041088,22938,1018150
3109,8.041170794467675,1041088,22938,1018150
3110,8.038585209003216,1041088,22938,1018150
3111,8.036001285760205,1041088,22938,1018150
3112,8.033419023136247,1041088,22938,1018150
3113,8.030838419531,1041088,22938,1018150
3114,8.028259473346179,1038418,22773,1015645
3115,8.025682182985554,1038418,22773,1015645
3116,8.023106546854942,1038052,22773,1015279
3117,8.020532563362208,1038052,22773,1015279
3118,8.017960230917256,1038052,22773,1015279
3119,8.01538954793203,1038052,22773,1015279
3120,8.012820512820513,1037220,22767,1014453
3121,8.010253123998718,1037220,22767,1014453
3122,8.00768737988469,1037220,22767,1014453
3123,8.005123278898495,1037220,22767,1014453
3124,8.002560819462229,1037220,22767,1014453
3125,8,1037220,22767,1014453
3126,7.99744081893794,1037220,22767,1014453
3127,7.994883274704189,1037220,22767,1014453
3128,7.9923273657289,1037220,22767,1014453
3129,7.989773090444231,1037220,22767,1014453
3130,7.987220447284345,1036762,22767,1013995
3131,7.984669434685404,1036762,22767,1013995
3132,7.982120051085569,1036762,22767,1013995
3133,7.979572294924992,1036762,22767,1013995
3134,7.97702616464582,1036762,22767,1013995
3135,7.974481658692185,1036762,22767,1013995
3136,7.971938775510204,1035963,22767,1013196
3137,7.9693975135479755,1035963,22767,1013196
3138,7.966857871255577,1035963,22767,1013196
3139,7.964319847085059,1035963,22767,1013196
3140,7.961783439490445,1035963,22767,1013196
3141,7.95924864692773,1035963,22767,1013196
3142,7.9567154678548695,1035788,22767,1013021
3143,7.954183900731785,1035311,22767,1012544
3144,7.951653944020356,1035311,22767,1012544
3145,7.94912559618442,1035311,22767,1012544
3146,7.946598855689765,1034503,22879,1011624
3147,7.944073721004131,1034503,22879,1011624
3148,7.941550190597205,1034300,22879,1011421
3149,7.939028262940616,1034300,22879,1011421
3150,7.936507936507937,1034300,22879,1011421
3151,7.9339892097746745,1034300,22879,1011421
3152,7.931472081218274,1034300,22879,1011421
3153,7.92895654931811,1034300,22879,1011421
3154,7.926442612555485,1034300,22879,1011421
3155,7.9239302694136295,1033445,22879,1010566
3156,7.921419518377693,1033267,22879,1010388
3157,7.918910357934748,1033209,23031,1010178
3158,7.916402786573781,1033209,23031,1010178
3159,7.9138968027856915,1032214,22859,1009355
3160,7.9113924050632916,1032214,22859,1009355
3161,7.908889591901297,1032214,22859,1009355
3162,7.906388361796331,1032214,22859,1009355
3163,7.903888713246918,1031883,22859,1009024
3164,7.9013906447534765,1031883,22859,1009024
3165,7.898894154818326,1031883,22859,1009024
3166,7.896399241945673,1031648,22859,1008789
3167,7.893905904641617,1031648,22859,1008789
3168,7.891414141414141,1031648,22859,1008789
3169,7.888923950773115,1031513,22859,1008654
3170,7.886435331230284,1031513,22859,1008654
3171,7.883948281299275,1031513,22859,1008654
3172,7.881462799495586,1031513,22859,1008654
3173,7.87897888433659,1031548,22859,1008689
3174,7.876496534341525,1030975,22859,1008116
3175,7.874015748031496,1030975,22859,1008116
3176,7.871536523929471,1030692,22859,1007833
3177,7.869058860560277,1030692,22859,1007833
3178,7.8665827564505975,1030352,22870,1007482
3179,7.864108210128971,1030352,22870,1007482
3180,7.861635220125786,1029357,22870,1006487
3181,7.859163784973279,1029357,22870,1006487
3182,7.856693903205531,1028762,22924,1005838
3183,7.854225573358467,1026041,22156,1003885
3184,7.851758793969849,1025827,22153,1003674
3185,7.849293563579278,1025827,22153,1003674
3186,7.846829880728186,1025827,22153,1003674
3187,7.844367743959837,1025827,22153,1003674
3188,7.841907151819322,1025827,22153,1003674
3189,7.839448102853559,1025827,22153,1003674
3190,7.836990595611285,1025827,22153,1003674
3191,7.834534628643058,1025827,22153,1003674
3192,7.832080200501253,1025494,22153,1003341
3193,7.829627309740056,1025494,22153,1003341
3194,7.827175954915466,1024597,22153,1002444
3195,7.82472613458529,1024597,22153,1002444
3196,7.822277847309136,1024597,22153,1002444
3197,7.81983109164842,1024597,22153,1002444
3198,7.817385866166354,1024597,22153,1002444
3199,7.814942169427947,1024597,22153,1002444
3200,7.8125,1024597,22153,1002444
3201,7.810059356451109,1024597,22153,1002444
3202,7.807620237351655,1022923,22258,1000665
3203,7.805182641273806,1022923,22258,1000665
3204,7.802746566791511,1022923,22258,1000665
3205,7.800312012480499,1022923,22258,1000665
3206,7.797878976918279,1022923,22258,1000665
3207,7.795447458684128,1022923,22258,1000665
3208,7.793017456359102,1022923,22258,1000665
3209,7.790588968526021,1022923,22258,1000665
3210,7.788161993769471,1022923,22258,1000665
3211,7.785736530675802,1022786,22258,1000528
3212,7.783312577833126,1022786,22258,1000528
3213,7.78089013383131,1022786,22258,1000528
3214,7.778469197261979,1022786,22258,1000528
3215,7.776049766718507,1022786,22258,1000528
3216,7.77363184079602,1022786,22258,1000528
3217,7.77121541809139,1022786,22258,1000528
3218,7.768800497203232,1022786,22258,1000528
3219,7.766387076731904,1022786,22258,1000528
3220,7.763975155279503,1022786,22258,1000528
3221,7.761564731449861,1022786,22258,1000528
3222,7.759155803848541,1022649,22335,1000314
3223,7.756748371082842,1022649,22335,1000314
3224,7.754342431761787,1022649,22335,1000314
3225,7.751937984496124,1022649,22335,1000314
3226,7.749535027898326,1022649,22335,1000314
3227,7.747133560582585,1021725,22316,999409
3228,7.744733581164808,1019575,22316,997259
3229,7.74233508826262,1019575,22316,997259
3230,7.739938080495356,1019575,22316,997259
3231,7.737542556484061,1019575,22316,997259
3232,7.735148514851486,1019575,22316,997259
3233,7.7327559542220845,1019575,22316,997259
3234,7.730364873222016,1019575,22316,997259
3235,7.727975270479135,1019296,22293,997003
3236,7.725587144622992,1019296,22293,997003
3237,7.723200494284832,1019296,22293,997003
3238,7.720815318097591,1019296,22293,997003
3239,7.718431614695894,1019296,22293,997003
3240,7.716049382716049,1019296,22293,997003
3241,7.71366862079605,1018880,22293,996587
3242,7.711289327575571,1018880,22293,996587
3243,7.708911501695961,1018880,22293,996587
3244,7.706535141800247,1018880,22293,996587
3245,7.704160246533128,1018880,22293,996587
3246,7.701786814540974,1018880,22293,996587
3247,7.6994148444718205,1018880,22293,996587
3248,7.697044334975369,1018880,22293,996587
3249,7.694675284702986,1018880,22293,996587
3250,7.6923076923076925,1018832,22293,996539
3251,7.689941556444171,1018754,22295,996459
3252,7.687576875768758,1018754,22295,996459
3253,7.685213648939441,1018668,22295,996373
3254,7.682851874615857,1018668,22295,996373
3255,7.680491551459293,1018668,22295,996373
3256,7.678132678132678,1018536,22295,996241
3257,7.675775253300583,1018536,22295,996241
3258,7.673419275629221,1018536,22295,996241
3259,7.671064743786437,1018536,22295,996241
3260,7.668711656441718,1018536,22295,996241
3261,7.666360012266176,1018536,22295,996241
3262,7.664009809932557,1018042,22359,995683
3263,7.661661048115231,1018042,22359,995683
3264,7.659313725490196,1018042,22359,995683
3265,7.656967840735069,1018042,22359,995683
3266,7.654623392529087,1018042,22359,995683
3267,7.6522803795531065,1018042,22359,995683
3268,7.649938800489596,1018042,22359,995683
3269,7.647598654022637,1018042,22359,995683
3270,7.6452599388379205,1017536,22375,995161
3271,7.642922653622746,1017396,21931,995465
3272,7.640586797066015,1017396,21931,995465
3273,7.638252367858234,1016543,21787,994756
3274,7.6359193646915084,1016543,21787,994756
3275,7.633587786259542,1015542,21925,993617
3276,7.631257631257632,1015542,21925,993617
3277,7.628928898382667,1015325,21943,993382
3278,7.62660158633313,1015325,21943,993382
3279,7.624275693809088,1015325,21943,993382
3280,7.621951219512195,1015199,21954,993245
3281,7.619628162145688,1015199,21954,993245
3282,7.617306520414381,1014887,21954,992933
3283,7.614986293024672,1014887,21954,992933
3284,7.612667478684531,1014887,21954,992933
3285,7.610350076103501,1014887,21954,992933
3286,7.608034083992696,1014887,21954,992933
3287,7.605719501064801,1014887,21954,992933
3288,7.603406326034063,1014887,21954,992933
3289,7.601094557616297,1014887,21954,992933
3290,7.598784194528875,1014138,21954,992184
3291,7.596475235490733,1014138,21954,992184
3292,7.594167679222357,1014138,21954,992184
3293,7.591861524445794,1014138,21954,992184
3294,7.589556769884639,1014093,21979,992114
3295,7.587253414264036,1014093,21979,992114
3296,7.584951456310679,1014093,21979,992114
3297,7.582650894752805,1014093,21979,992114
3298,7.580351728320194,1014093,21979,992114
3299,7.578053955744165,1014093,21979,992114
3300,7.575757575757576,1014093,21979,992114
3301,7.57346258709482,1014093,21979,992114
3302,7.571168988491823,1014093,21979,992114
3303,7.568876778686043,1014093,21979,992114
3304,7.566585956416465,1014093,21979,992114
3305,7.564296520423601,1014093,21979,992114
3306,7.562008469449486,1014093,21979,992114
3307,7.559721802237678,1014093,21979,992114
3308,7.557436517533253,1014093,21979,992114
3309,7.555152614082805,1014093,21979,992114
3310,7.552870090634441,1014093,21979,992114
3311,7.5505889459377835,1014093,21979,992114
3312,7.548309178743962,1014093,21979,992114
3313,7.5460307878056145,1013491,21803,991688
3314,7.543753771876886,1013491,21803,991688
3315,7.541478129713424,1013491,21803,991688
3316,7.5392038600723765,1013491,21803,991688
3317,7.5369309617123905,1013491,21803,991688
3318,7.53465943339361,1013491,21803,991688
3319,7.532389273877674,1013479,21715,991764
3320,7.530120481927711,1013245,21703,991542
3321,7.527853056308341,1012850,21703,991147
3322,7.525586995785671,1012850,21703,991147
3323,7.523322299127295,1012850,21703,991147
3324,7.521058965102286,1012789,21672,991117
3325,7.518796992481203,1012696,21672,991024
3326,7.516536380036079,1012696,21672,991024
3327,7.514277126540427,1012696,21672,991024
3328,7.512019230769231,1011656,22120,989536
3329,7.509762691498949,1011656,22120,989536
3330,7.5075075075075075,1011656,22120,989536
3331,7.505253677574302,1011656,22120,989536
3332,7.503001200480192,1011656,22120,989536
3333,7.500750075007501,1011656,22120,989536
3334,7.498500299940012,1011656,22120,989536
3335,7.496251874062969,1011656,22120,989536
3336,7.494004796163069,1011656,22120,989536
3337,7.491759065028469,1011656,22120,989536
3338,7.489514679448772,1011656,22120,989536
3339,7.487271638215034,1011656,22120,989536
3340,7.485029940119761,1011656,22120,989536
3341,7.482789583956899,1011480,22120,989360
3342,7.480550568521843,1011480,22120,989360
3343,7.478312892611427,1011480,22120,989360
3344,7.476076555023924,1010413,22120,988293
3345,7.473841554559043,1010413,22120,988293
3346,7.471607890017932,1010413,22120,988293
3347,7.469375560203167,1010413,22120,988293
3348,7.467144563918757,1010413,22120,988293
3349,7.4649148999701405,1010413,22120,988293
3350,7.462686567164179,1010413,22120,988293
3351,7.460459564309161,1010230,22120,988110
3352,7.458233890214797,1010230,22120,988110
3353,7.456009543692216,1010230,22120,988110
3354,7.4537865235539655,1010066,22035,988031
3355,7.451564828614009,1010066,22035,988031
3356,7.449344457687723,1010066,22035,988031
3357,7.447125409591898,1008481,22035,986446
3358,7.444907683144729,1008481,22035,986446
3359,7.442691277165824,1008481,22035,986446
3360,7.440476190476191,1008481,22035,986446
3361,7.438262421898244,1007014,22035,984979
3362,7.4360499702558,1006962,22011,984951
3363,7.433838834374071,1006962,22011,984951
3364,7.431629013079667,1006962,22011,984951
3365,7.429420505200595,1006962,22011,984951
3366,7.427213309566251,1006962,22011,984951
3367,7.425007425007425,1006962,22011,984951
3368,7.422802850356295,1006962,22011,984951
3369,7.420599584446423,1006962,22011,984951
3370,7.4183976261127595,1004610,22011,982599
3371,7.416196974191634,1004172,22011,982161
3372,7.413997627520759,1004172,22011,982161
3373,7.4117995849392235,1004172,22011,982161
3374,7.409602845287493,1004172,22011,982161
3375,7.407407407407407,1004172,22011,982161
3376,7.4052132701421804,1004172,22011,982161
3377,7.403020432336393,1004172,22011,982161
3378,7.400828892835998,1003479,22011,981468
3379,7.39863865048831,1003479,22011,981468
3380,7.396449704142012,1003479,22011,981468
3381,7.394262052647146,1003479,22011,981468
3382,7.392075694855115,1003479,22011,981468
3383,7.389890629618682,1001386,22011,979375
3384,7.387706855791962,1001386,22011,979375
3385,7.385524372230428,1001386,22011,979375
3386,7.383343177790904,1001297,22009,979288
3387,7.381163271331562,1001297,22009,979288
3388,7.378984651711924,1001297,22009,979288
3389,7.376807317792859,1000709,22009,978700
3390,7.374631268436578,1000709,22009,978700
3391,7.372456502506635,1000709,22009,978700
3392,7.370283018867925,1000709,22009,978700
3393,7.368110816386679,1000709,22009,978700
3394,7.365939893930466,1000709,22009,978700
3395,7.363770250368188,1000709,22009,978700
3396,7.361601884570082,1000709,22009,978700
3397,7.359434795407712,1000709,22009,978700
3398,7.357268981753973,999945,22009,977936
3399,7.355104442483083,999945,22009,977936
3400,7.352941176470588,999945,22009,977936
3401,7.350779182593355,999945,22009,977936
3402,7.348618459729571,999945,22009,977936
3403,7.346459006758742,999801,22009,977792
3404,7.344300822561692,998335,22009,976326
3405,7.342143906020558,998335,22009,976326
3406,7.33998825601879,998335,22009,976326
3407,7.33783387144115,996777,22009,974768
3408,7.335680751173709,996329,21865,974464
3409,7.333528894103843,996329,21865,974464
3410,7.331378299120234,996329,21865,974464
3411,7.32922896511287,996329,21865,974464
3412,7.327080890973036,996329,21865,974464
3413,7.32493407559332,996329,21865,974464
3414,7.322788517867604,996329,21865,974464
3415,7.320644216691069,996329,21865,974464
3416,7.318501170960188,996258,21865,974393
3417,7.316359379572725,996258,21865,974393
3418,7.314218841427736,996258,21865,974393
3419,7.312079555425563,996258,21865,974393
3420,7.309941520467836,996258,21865,974393
3421,7.307804735457468,996258,21865,974393
3422,7.305669199298656,995365,21865,973500
3423,7.303534910896874,995365,21865,973500
3424,7.3014018691588785,995365,21865,973500
3425,7.299270072992701,995141,21925,973216
3426,7.297139521307647,995141,21925,973216
3427,7.295010213014298,995141,21925,973216
3428,7.292882147024504,995141,21925,973216
3429,7.2907553222513855,993028,21925,971103
3430,7.288629737609329,993028,21925,971103
3431,7.28650539201399,993028,21925,971103
3432,7.284382284382285,993033,22213,970820
3433,7.282260413632391,993033,22213,970820
3434,7.2801397786837505,993033,22213,970820
3435,7.27802037845706,993033,22213,970820
3436,7.275902211874272,993033,22213,970820
3437,7.273785277858598,993033,22213,970820
3438,7.271669575334497,993033,22213,970820
3439,7.269555103227683,993033,22213,970820
3440,7.267441860465116,993033,22213,970820
3441,7.265329845975007,993033,22213,970820
3442,7.26321905868681,993033,22213,970820
3443,7.261109497531223,993033,22213,970820
3444,7.259001161440186,993033,22213,970820
3445,7.256894049346879,993033,22213,970820
3446,7.254788160185723,993033,22213,970820
3447,7.25268349289237,993033,22213,970820
3448,7.250580046403712,992992,22213,970779
3449,7.248477819657872,992200,22213,969987
3450,7.246376811594203,992200,22213,969987
3451,7.244277021153289,992200,22213,969987
3452,7.242178447276941,992200,22213,969987
3453,7.2400810889081955,991505,22208,969297
3454,7.2379849449913145,991505,22208,969297
3455,7.23589001447178,991505,22208,969297
3456,7.233796296296297,991505,22208,969297
3457,7.231703789412785,991505,22208,969297
3458,7.2296124927703875,990707,22208,968499
3459,7.227522405319457,990707,22208,968499
3460,7.22543352601156,990707,22208,968499
3461,7.22334585379948,990707,22208,968499
3462,7.221259387637204,990707,22208,968499
3463,7.21917412647993,990707,22208,968499
3464,7.2170900692840645,990707,22208,968499
3465,7.215007215007215,990707,22208,968499
3466,7.212925562608194,990707,22208,968499
3467,7.210845111047015,990707,22208,968499
3468,7.20876585928489,990707,22208,968499
3469,7.206687806284232,989920,22248,967672
3470,7.204610951008646,989920,22248,967672
3471,7.202535292422933,989920,22248,967672
3472,7.200460829493087,989920,22248,967672
3473,7.198387561186294,989920,22248,967672
3474,7.196315486470927,989920,22248,967672
3475,7.194244604316546,989690,22248,967442
3476,7.192174913693901,989016,22248,966768
3477,7.190106413574921,989016,22248,966768
3478,7.18803910293272,989016,22248,966768
3479,7.185972980741592,989016,22248,966768
3480,7.183908045977011,989016,22248,966768
3481,7.181844297615628,989016,22248,966768
3482,7.1797817346352675,989016,22248,966768
3483,7.177720356014929,989016,22248,966768
3484,7.175660160734788,988818,22248,966570
3485,7.173601147776184,988818,22248,966570
3486,7.171543316121629,988818,22248,966570
3487,7.169486664754803,988761,22248,966513
3488,7.16743119266055,988761,22248,966513
3489,7.165376898824878,988761,22248,966513
3490,7.163323782234957,988761,22248,966513
3491,7.161271841879118,988761,22248,966513
3492,7.15922107674685,988761,22248,966513
3493,7.1571714858288,988761,22248,966513
3494,7.1551230681167715,988095,22248,965847
3495,7.15307582260372,988095,22248,965847
3496,7.151029748283753,988095,22248,965847
3497,7.14898484415213,988095,22248,965847
3498,7.14694110920526,988095,22248,965847
3499,7.144898542440697,987480,22279,965201
3500,7.142857142857143,987480,22279,965201
3501,7.140816909454442,987480,22279,965201
3502,7.138777841233581,986704,22311,964393
3503,7.136739937196689,985679,22315,963364
3504,7.134703196347032,985679,22315,963364
3505,7.132667617689016,985679,22315,963364
3506,7.13063320022818,985679,22315,963364
3507,7.1285999429712,985679,22315,963364
3508,7.126567844925884,985679,22315,963364
3509,7.124536905101168,985679,22315,963364
3510,7.122507122507122,985679,22315,963364
3511,7.120478496154941,985679,22315,963364
3512,7.118451025056948,985679,22315,963364
3513,7.116424708226587,985631,22368,963263
3514,7.114399544678429,985631,22368,963263
3515,7.112375533428165,985631,22368,963263
3516,7.1103526734926055,985631,22368,963263
3517,7.108330963889679,985631,22368,963263
3518,7.106310403638431,984603,22355,962248
3519,7.104290991759022,984603,22355,962248
3520,7.1022727272727275,984603,22355,962248
3521,7.100255609201931,984603,22355,962248
3522,7.09823963657013,984603,22355,962248
3523,7.096224808401931,984552,22355,962197
3524,7.094211123723042,984552,22355,962197
3525,7.092198581560283,984552,22355,962197
3526,7.090187180941577,984552,22355,962197
3527,7.088176920895946,984552,22355,962197
3528,7.086167800453515,984384,22355,962029
3529,7.084159818645508,984384,22355,962029
3530,7.0821529745042495,984384,22355,962029
3531,7.080147267063155,984384,22355,962029
3532,7.078142695356738,984384,22355,962029
3533,7.076139258420605,984384,22355,962029
3534,7.074136955291454,984086,22354,961732
3535,7.072135785007072,984086,22354,961732
3536,7.070135746606335,984086,22354,961732
3537,7.068136839129205,984086,22354,961732
3538,7.066139061616733,984086,22354,961732
3539,7.064142413111048,984086,22354,961732
3540,7.062146892655368,984086,22354,961732
3541,7.060152499293984,984086,22354,961732
3542,7.058159232072276,984086,22354,961732
3543,7.056167090036692,984086,22354,961732
3544,7.054176072234763,983999,22354,961645
3545,7.052186177715091,983999,22354,961645
3546,7.050197405527355,983999,22354,961645
3547,7.048209754722301,983999,22354,961645
3548,7.046223224351747,983999,22354,961645
3549,7.044237813468583,983999,22354,961645
3550,7.042253521126761,983999,22354,961645
3551,7.040270346381301,983999,22354,961645
3552,7.038288288288288,983999,22354,961645
3553,7.036307345904869,983999,22354,961645
3554,7.034327518289252,983999,22354,961645
3555,7.032348804500703,983999,22354,961645
3556,7.03037120359955,983311,22649,960662
3557,7.028394714647175,983311,22649,960662
3558,7.026419336706015,983311,22649,960662
3559,7.024445068839562,983311,22649,960662
3560,7.022471910112359,982381,22679,959702
3561,7.020499859590003,982381,22679,959702
3562,7.018528916339135,982297,22737,959560
3563,7.016559079427449,981303,22701,958602
3564,7.014590347923681,981303,22701,958602
3565,7.012622720897616,979900,22701,957199
3566,7.0106561974200785,979900,22701,957199
3567,7.008690776562938,979709,22641,957068
3568,7.006726457399103,979709,22641,957068
3569,7.004763239002521,979709,22641,957068
3570,7.002801120448179,979709,22641,957068
3571,7.0008401008120975,979709,22641,957068
3572,6.998880179171333,977041,22641,954400
3573,6.996921354603974,977041,22641,954400
3574,6.9949636261891435,977041,22641,954400
3575,6.993006993006993,977041,22641,954400
3576,6.991051454138702,973795,22641,951154
3577,6.98909700866648,973795,22641,951154
3578,6.98714365567356,973795,22641,951154
3579,6.985191394244202,973795,22641,951154
3580,6.983240223463687,973795,22641,951154
3581,6.9812901424183185,973795,22641,951154
3582,6.979341150195421,973795,22641,951154
3583,6.977393245883338,973795,22641,951154
3584,6.975446428571429,973795,22641,951154
3585,6.97350069735007,973795,22641,951154
3586,6.971556051310652,973795,22641,951154
3587,6.9696124895455815,973795,22641,951154
3588,6.967670011148272,973795,22641,951154
3589,6.965728615213151,973795,22641,951154
3590,6.963788300835654,972726,22610,950116
3591,6.961849067112225,972726,22610,950116
3592,6.959910913140312,972726,22610,950116
3593,6.957973838018369,972726,22610,950116
3594,6.9560378408458545,972726,22610,950116
3595,6.954102920723226,972597,22610,949987
3596,6.952169076751947,972597,22610,949987
3597,6.950236308034473,972597,22610,949987
3598,6.948304613674264,972597,22610,949987
3599,6.946373992775771,972597,22610,949987
3600,6.944444444444445,972597,22610,949987
3601,6.942515967786726,972597,22610,949987
3602,6.94058856191005,972597,22610,949987
3603,6.938662225922842,972597,22610,949987
3604,6.936736958934517,972597,22610,949987
3605,6.934812760055478,972597,22610,949987
3606,6.932889628397116,972597,22610,949987
3607,6.930967563071805,972597,22610,949987
3608,6.929046563192904,972597,22610,949987
3609,6.927126627874758,972597,22610,949987
3610,6.925207756232687,972597,22610,949987
3611,6.9232899473829965,972597,22610,949987
3612,6.921373200442968,972597,22610,949987
3613,6.919457514530861,972597,22610,949987
3614,6.917542888765911,972597,22610,949987
3615,6.915629322268327,972230,22610,949620
3616,6.913716814159292,972230,22610,949620
3617,6.911805363560962,972230,22610,949620
3618,6.909894969596462,972230,22610,949620
3619,6.907985631389887,972230,22610,949620
3620,6.906077348066298,972230,22610,949620
3621,6.904170118751726,970384,22610,947774
3622,6.902263942573164,968459,22610,945849
3623,6.90035881865857,968459,22610,945849
3624,6.898454746136865,968459,22610,945849
3625,6.896551724137931,968459,22610,945849
3626,6.894649751792609,968459,22610,945849
3627,6.892748828232699,968459,22610,945849
3628,6.890848952590959,968459,22610,945849
3629,6.888950124001102,968459,22610,945849
3630,6.887052341597796,968459,22610,945849
3631,6.885155604516662,967966,22707,945259
3632,6.883259911894273,967966,22707,945259
3633,6.881365262868153,967966,22707,945259
3634,6.879471656576775,967966,22707,945259
3635,6.87757909215956,966929,22698,944231
3636,6.8756875687568755,966929,22698,944231
3637,6.873797085510036,966929,22698,944231
3638,6.871907641561298,966929,22698,944231
3639,6.870019236053861,966929,22698,944231
3640,6.868131868131868,966844,22698,944146
3641,6.866245536940401,966844,22698,944146
3642,6.86436024162548,966844,22698,944146
3643,6.8624759813340654,966844,22698,944146
3644,6.860592755214051,966800,22698,944102
3645,6.858710562414266,966800,22698,944102
3646,6.856829402084476,966800,22698,944102
3647,6.854949273375377,966800,22698,944102
3648,6.853070175438597,966800,22698,944102
3649,6.851192107426693,966800,22698,944102
3650,6.8493150684931505,966800,22698,944102
3651,6.847439057792386,966800,22698,944102
3652,6.8455640744797375,966800,22698,944102
3653,6.84369011771147,966800,22698,944102
3654,6.841817186644773,966800,22698,944102
3655,6.839945280437757,966800,22698,944102
3656,6.838074398249453,966800,22698,944102
3657,6.836204539239814,966800,22698,944102
3658,6.83433570256971,966800,22698,944102
3659,6.832467887400929,966800,22698,944102
3660,6.830601092896175,966800,22698,944102
3661,6.828735318219066,966800,22698,944102
3662,6.826870562534134,966800,22698,944102
3663,6.825006825006825,966800,22698,944102
3664,6.823144104803493,966800,22698,944102
3665,6.8212824010914055,966800,22698,944102
3666,6.819421713038734,966800,22698,944102
3667,6.817562039814562,965038,22698,942340
3668,6.815703380588877,965038,22698,942340
3669,6.8138457345325705,965038,22698,942340
3670,6.8119891008174385,965038,22698,942340
3671,6.810133478616181,965038,22698,942340
3672,6.808278867102397,965038,22698,942340
3673,6.806425265450585,965038,22698,942340
3674,6.804572672836146,965038,22698,942340
3675,6.802721088435374,965038,22698,942340
3676,6.800870511425463,965038,22698,942340
3677,6.799020940984498,965038,22698,942340
3678,6.797172376291463,965038,22698,942340
3679,6.79532481652623,965038,22698,942340
3680,6.793478260869565,965038,22698,942340
3681,6.7916327085031245,965038,22698,942340
3682,6.7897881586094515,965038,22698,942340
3683,6.787944610371979,965038,22698,942340
3684,6.7861020629750275,965038,22698,942340
3685,6.784260515603799,965038,22698,942340
3686,6.782419967444384,965038,22698,942340
3687,6.780580417683754,965038,22698,942340
3688,6.778741865509762,964810,22698,942112
3689,6.776904310111141,964810,22698,942112
3690,6.775067750677507,964810,22698,942112
3691,6.773232186399349,964810,22698,942112
3692,6.771397616468039,964765,22698,942067
3693,6.769564040075819,963886,22698,941188
3694,6.7677314564158095,963886,22698,941188
3695,6.7658998646820026,961531,23286,938245
3696,6.764069264069264,961531,23286,938245
3697,6.76223965377333,961514,23286,938228
3698,6.760411032990806,961514,23286,938228
3699,6.758583400919167,961161,23286,937875
3700,6.756756756756757,960774,23286,937488
3701,6.754931099702783,960774,23286,937488
3702,6.75310642895732,960774,23286,937488
3703,6.751282743721307,960774,23286,937488
3704,6.749460043196544,960404,23349,937055
3705,6.747638326585695,960404,23349,937055
3706,6.745817593092283,960404,23349,937055
3707,6.743997841920691,960404,23349,937055
3708,6.742179072276159,960404,23349,937055
3709,6.740361283364789,960404,23349,937055
3710,6.738544474393531,960404,23349,937055
3711,6.736728644570197,960404,23349,937055
3712,6.734913793103448,960343,23349,936994
3713,6.733099919202801,960343,23349,936994
3714,6.731287022078622,960343,23349,936994
3715,6.7294751009421265,959835,23349,936486
3716,6.727664155005382,959730,23349,936381
3717,6.725854183481302,959730,23349,936381
3718,6.724045185583647,959730,23349,936381
3719,6.7222371605270235,959730,23349,936381
3720,6.720430107526882,959730,23349,936381
3721,6.7186240257995165,959159,23349,935810
3722,6.716818914562063,959159,23349,935810
3723,6.7150147730325,959159,23349,935810
3724,6.713211600429646,959159,23349,935810
3725,6.7114093959731544,959159,23349,935810
3726,6.709608158883521,959159,23349,935810
3727,6.707807888382077,959159,23349,935810
3728,6.706008583690987,959159,23349,935810
3729,6.704210244033253,959159,23349,935810
3730,6.702412868632708,959159,23349,935810
3731,6.700616456714018,959159,23349,935810
3732,6.69882100750268,958249,23349,934900
3733,6.69702652022502,957521,23469,934052
3734,6.695232994108195,957521,23469,934052
3735,6.693440428380187,957521,23469,934052
3736,6.691648822269808,957521,23469,934052
3737,6.68985817500669,957521,23469,934052
3738,6.688068485821295,957521,23469,934052
3739,6.6862797539449055,957521,23469,934052
3740,6.684491978609626,957521,23469,934052
3741,6.682705159048383,957521,23469,934052
3742,6.680919294494923,957510,23408,934102
3743,6.67913438418381,957510,23408,934102
3744,6.677350427350428,957510,23408,934102
3745,6.675567423230975,957510,23408,934102
3746,6.673785371062467,957510,23408,934102
3747,6.6720042700827324,957510,23408,934102
3748,6.670224119530416,957416,23408,934008
3749,6.668444918644972,957416,23408,934008
3750,6.666666666666667,957416,23408,934008
3751,6.664889362836577,957416,23408,934008
3752,6.663113006396588,957416,23408,934008
3753,6.661337596589395,957416,23408,934008
3754,6.659563132658498,957294,23408,933886
3755,6.657789613848203,957294,23408,933886
3756,6.656017039403621,957294,23408,933886
3757,6.654245408570668,957294,23408,933886
3758,6.652474720596062,956919,23408,933511
3759,6.650704974727321,956919,23408,933511
3760,6.648936170212766,956919,23408,933511
3761,6.6471683063015155,956919,23408,933511
3762,6.645401382243487,956919,23408,933511
3763,6.643635397289397,956919,23408,933511
3764,6.641870350690755,956919,23408,933511
3765,6.6401062416998675,956919,23408,933511
3766,6.638343069569835,956745,23408,933337
3767,6.636580833554553,956745,23408,933337
3768,6.634819532908705,956745,23408,933337
3769,6.633059166887769,956745,23408,933337
3770,6.63129973474801,956745,23408,933337
3771,6.629541235746486,956745,23408,933337
3772,6.6277836691410394,956745,23408,933337
3773,6.626027034190299,956745,23408,933337
3774,6.624271330153683,956745,23408,933337
3775,6.622516556291391,956745,23408,933337
3776,6.620762711864407,955763,23316,932447
3777,6.619009796134498,953422,23214,930208
3778,6.617257808364214,952877,23214,929663
3779,6.615506747816883,952877,23214,929663
3780,6.613756613756614,951665,23214,928451
3781,6.612007405448294,950746,23094,927652
3782,6.610259122157588,950746,23094,927652
3783,6.608511763150938,950746,23094,927652
3784,6.606765327695561,950465,23094,927371
3785,6.605019815059445,950465,23094,927371
3786,6.603275224511358,950465,23094,927371
3787,6.601531555320834,950465,23094,927371
3788,6.599788806758184,950465,23094,927371
3789,6.598046978094484,950465,23094,927371
3790,6.596306068601583,950465,23094,927371
3791,6.594566077552097,950152,22674,927478
3792,6.5928270042194095,950152,22674,927478
3793,6.5910888478776695,950152,22674,927478
3794,6.589351607801793,950152,22674,927478
3795,6.587615283267457,950152,22674,927478
3796,6.585879873551106,949429,22941,926488
3797,6.584145377929945,949429,22941,926488
3798,6.582411795681938,949312,22984,926328
3799,6.580679126085812,949200,22977,926223
3800,6.578947368421052,949200,22977,926223
3801,6.5772165219679035,949200,22977,926223
3802,6.575486586007364,948866,22920,925946
3803,6.5737575598211935,946911,22920,923991
3804,6.572029442691903,946806,22949,923857
3805,6.570302233902759,946806,22949,923857
3806,6.568575932737782,946806,22949,923857
3807,6.566850538481744,946806,22949,923857
3808,6.565126050420168,946767,22894,923873
3809,6.563402467839328,946767,22894,923873
3810,6.561679790026247,946714,22894,923820
3811,6.559958016268696,946714,22894,923820
3812,6.558237145855194,946714,22894,923820
3813,6.556517178075007,946714,22894,923820
3814,6.554798112218144,946714,22894,923820
3815,6.553079947575361,946714,22894,923820
3816,6.551362683438155,946714,22894,923820
3817,6.549646319098769,946714,22894,923820
3818,6.5479308538501835,946714,22894,923820
3819,6.546216286986122,946714,22894,923820
3820,6.544502617801047,946714,22894,923820
3821,6.54278984559016,946714,22894,923820
3822,6.541077969649399,946714,22894,923820
3823,6.539366989275438,946714,22894,923820
3824,6.53765690376569,946714,22894,923820
3825,6.5359477124183005,946714,22894,923820
3826,6.5342394145321485,945517,22894,922623
3827,6.532532009406846,945517,22894,922623
3828,6.530825496342738,944481,22894,921587
3829,6.529119874640898,944148,22894,921254
3830,6.527415143603133,944148,22894,921254
3831,6.525711302531976,944148,22894,921254
3832,6.524008350730689,944148,22894,921254
3833,6.522306287503262,944104,22894,921210
3834,6.520605112154408,944104,22894,921210
3835,6.51890482398957,944104,22894,921210
3836,6.517205422314912,944104,22894,921210
3837,6.515506906437321,944104,22894,921210
3838,6.513809275664409,944104,22894,921210
3839,6.512112529304506,944104,22894,921210
3840,6.510416666666667,944104,22894,921210
3841,6.508721687060661,944104,22894,921210
3842,6.507027589796981,944104,22894,921210
3843,6.505334374186833,943323,22894,920429
3844,6.503642039542144,943323,22894,920429
3845,6.501950585175552,943323,22894,920429
3846,6.5002600104004165,943320,22894,920426
3847,6.498570314530803,943320,22894,920426
3848,6.496881496881497,943320,22894,920426
3849,6.495193556767991,943320,22894,920426
3850,6.4935064935064934,943320,22894,920426
3851,6.491820306413919,943106,22891,920215
3852,6.490134994807892,943106,22891,920215
3853,6.488450558006748,943106,22891,920215
3854,6.4867669953295275,943106,22891,920215
3855,6.485084306095979,942756,22793,919963
3856,6.483402489626556,942756,22793,919963
3857,6.481721545242416,942756,22793,919963
3858,6.480041472265422,941674,22793,918881
3859,6.478362270018139,941674,22793,918881
3860,6.476683937823834,941674,22793,918881
3861,6.475006475006475,941674,22793,918881
3862,6.47332988089073,941674,22793,918881
3863,6.471654154801968,941311,22793,918518
3864,6.469979296066253,941311,22793,918518
3865,6.468305304010349,941311,22793,918518
3866,6.466632177961718,941311,22793,918518
3867,6.464959917248513,941311,22793,918518
3868,6.463288521199586,941311,22793,918518
3869,6.461617989144481,941079,22793,918286
3870,6.459948320413437,941079,22793,918286
3871,6.458279514337381,941079,22793,918286
3872,6.456611570247934,941079,22793,918286
3873,6.454944487477408,940902,22793,918109
3874,6.453278265358803,940902,22793,918109
3875,6.451612903225806,940689,22892,917797
3876,6.449948400412796,940689,22892,917797
3877,6.448284756254836,940689,22892,917797
3878,6.446621970087674,940689,22892,917797
3879,6.444960041247744,940689,22892,917797
3880,6.443298969072165,940689,22892,917797
3881,6.441638752898737,940689,22892,917797
3882,6.439979392065945,940689,22892,917797
3883,6.438320885912954,940496,22892,917604
3884,6.436663233779608,940496,22892,917604
3885,6.435006435006435,940496,22892,917604
3886,6.433350488934638,940285,22892,917393
3887,6.4316953949060975,940285,22892,917393
3888,6.4300411522633745,940285,22892,917393
3889,6.428387760349704,940285,22892,917393
3890,6.426735218508997,940072,22892,917180
3891,6.425083526085839,940072,22892,917180
3892,6.423432682425489,940072,22892,917180
3893,6.421782686873876,940072,22892,917180
3894,6.420133538777606,940072,22892,917180
3895,6.418485237483954,940072,22892,917180
3896,6.416837782340862,939173,22892,916281
3897,6.415191172696947,939173,22892,916281
3898,6.413545407901488,939173,22892,916281
3899,6.411900487304437,939173,22892,916281
3900,6.410256410256411,939173,22892,916281
3901,6.40861317610869,938825,22892,915933
3902,6.406970784213224,938825,22892,915933
3903,6.4053292339226235,938825,22892,915933
3904,6.403688524590164,938825,22892,915933
3905,6.402048655569782,938825,22892,915933
3906,6.400409626216078,938825,22892,915933
3907,6.39877143588431,938825,22892,915933
3908,6.397134083930399,938825,22892,915933
3909,6.3954975697109235,938715,22871,915844
3910,6.3938618925831205,938715,22871,915844
3911,6.392227051904884,937406,22871,914535
3912,6.3905930470347645,937406,22871,914535
3913,6.3889598773319705,937406,22871,914535
3914,6.387327542156362,937406,22871,914535
3915,6.385696040868455,937017,22871,914146
3916,6.384065372829418,937017,22871,914146
3917,6.382435537401072,937017,22871,914146
3918,6.380806533945891,935444,22860,912584
3919,6.379178361826996,935444,22860,912584
3920,6.377551020408164,935444,22860,912584
3921,6.375924509053813,935444,22860,912584
3922,6.3742988271290155,935444,22860,912584
3923,6.37267397399949,935444,22860,912584
3924,6.3710499490316,935444,22860,912584
3925,6.369426751592357,935444,22860,912584
3926,6.367804381049414,935254,22910,912344
3927,6.366182836771072,935150,22901,912249
3928,6.364562118126273,935150,22901,912249
3929,6.362942224484602,935150,22901,912249
3930,6.361323155216285,935150,22901,912249
3931,6.359704909692191,935150,22901,912249
3932,6.358087487283825,934881,22825,912056
3933,6.3564708873633355,934881,22825,912056
3934,6.354855109303508,934881,22825,912056
3935,6.353240152477763,934881,22825,912056
3936,6.3516260162601625,934881,22825,912056
3937,6.3500127000254,934721,22791,911930
3938,6.348400203148807,934721,22791,911930
3939,6.346788525006347,934721,22791,911930
3940,6.345177664974619,934721,22791,911930
3941,6.3435676224308555,934721,22791,911930
3942,6.341958396752918,934721,22791,911930
3943,6.3403499873193,934499,22791,911708
3944,6.338742393509127,934499,22791,911708
3945,6.337135614702155,934499,22791,911708
3946,6.3355296502787635,934499,22791,911708
3947,6.333924499619965,934148,22899,911249
3948,6.332320162107396,934148,22899,911249
3949,6.330716637123323,934148,22899,911249
3950,6.329113924050633,931344,22899,908445
3951,6.327512022272843,931344,22899,908445
3952,6.325910931174089,930841,22899,907942
3953,6.324310650139135,930841,22899,907942
3954,6.322711178553364,930841,22899,907942
3955,6.321112515802781,930841,22899,907942
3956,6.319514661274014,930841,22899,907942
3957,6.317917614354309,930841,22899,907942
3958,6.316321374431531,930367,22899,907468
3959,6.314725940894165,930367,22899,907468
3960,6.313131313131313,929684,22899,906785
3961,6.311537490532694,928045,23556,904489
3962,6.309944472488642,928045,23556,904489
3963,6.308352258390109,928045,23556,904489
3964,6.306760847628658,927999,23556,904443
3965,6.305170239596469,927999,23556,904443
3966,6.303580433686334,927999,23556,904443
3967,6.301991429291657,927999,23556,904443
3968,6.300403225806452,927999,23556,904443
3969,6.298815822625347,927999,23556,904443
3970,6.297229219143577,927999,23556,904443
3971,6.295643414756988,927999,23556,904443
3972,6.294058408862035,927999,23556,904443
3973,6.292474200855777,927897,23856,904041
3974,6.290890790135883,927897,23856,904041
3975,6.289308176100629,927696,23856,903840
3976,6.287726358148894,927696,23856,903840
3977,6.286145335680161,927696,23856,903840
3978,6.28456510809452,927696,23856,903840
3979,6.282985674792662,927696,23856,903840
3980,6.28140703517588,927696,23856,903840
3981,6.279829188646069,927696,23856,903840
3982,6.278252134605726,927696,23856,903840
3983,6.276675872457946,927696,23856,903840
3984,6.275100401606426,927696,23856,903840
3985,6.273525721455458,927696,23856,903840
3986,6.271951831409935,927696,23856,903840
3987,6.270378730875345,927696,23856,903840
3988,6.268806419257773,927202,23856,903346
3989,6.267234895963901,927202,23856,903346
3990,6.265664160401003,927202,23856,903346
3991,6.264094211976948,927202,23856,903346
3992,6.2625250501002006,927202,23856,903346
3993,6.260956674179814,927202,23856,903346
3994,6.259389083625438,927202,23856,903346
3995,6.257822277847309,927202,23856,903346
3996,6.256256256256257,927197,23905,903292
3997,6.254691018263697,927197,23905,903292
3998,6.253126563281641,927197,23905,903292
3999,6.25156289072268,927197,23905,903292
4000,6.25,927160,23905,903255
4001,6.248437890527368,926880,23905,902975
4002,6.246876561719141,926880,23905,902975
4003,6.245316012990258,926880,23905,902975
4004,6.243756243756244,926009,23922,902087
4005,6.242197253433209,926009,23922,902087
4006,6.240639041437843,926009,23922,902087
4007,6.239081607187422,924693,23938,900755
4008,6.2375249500998,924693,23938,900755
4009,6.2359690695934145,924693,23938,900755
4010,6.234413965087282,924693,23938,900755
4011,6.232859636000997,924693,23938,900755
4012,6.231306081754735,924693,23938,900755
4013,6.22975330176925,924693,23938,900755
4014,6.22820129546587,924693,23938,900755
4015,6.226650062266501,924693,23938,900755
4016,6.225099601593626,924693,23938,900755
4017,6.223549912870301,924693,23938,900755
4018,6.222000995520159,924693,23938,900755
4019,6.220452848967405,924693,23938,900755
4020,6.218905472636816,924693,23938,900755
4021,6.217358865953742,924693,23938,900755
4022,6.215813028344107,924693,23938,900755
4023,6.214267959234403,924693,23938,900755
4024,6.21272365805169,924693,23938,900755
4025,6.211180124223603,924693,23938,900755
4026,6.209637357178341,924693,23938,900755
4027,6.208095356344673,924693,23938,900755
4028,6.206554121151936,924693,23938,900755
4029,6.205013651030033,924693,23938,900755
4030,6.20347394540943,924693,23938,900755
4031,6.201935003721161,924693,23938,900755
4032,6.200396825396825,924693,23938,900755
4033,6.198859409868584,924021,24012,900009
4034,6.197322756569162,924021,24012,900009
4035,6.195786864931846,924021,24012,900009
4036,6.194251734390486,924021,24012,900009
4037,6.19271736437949,924021,24012,900009
4038,6.191183754333829,923975,24048,899927
4039,6.189650903689032,923975,24048,899927
4040,6.188118811881188,923975,24048,899927
4041,6.186587478346944,923975,24048,899927
4042,6.185056902523503,923975,24048,899927
4043,6.183527083848627,923975,24048,899927
4044,6.181998021760633,923975,24048,899927
4045,6.180469715698393,923975,24048,899927
4046,6.1789421651013345,923975,24048,899927
4047,6.177415369409439,923849,24053,899796
4048,6.175889328063241,923849,24053,899796
4049,6.1743640405038285,922104,24053,898051
4050,6.172839506172839,922104,24053,898051
4051,6.171315724512466,922104,24053,898051
4052,6.169792694965449,922104,24053,898051
4053,6.16827041697508,922104,24053,898051
4054,6.166748889985199,922104,24053,898051
4055,6.165228113440198,922104,24053,898051
4056,6.16370808678501,921564,24023,897541
4057,6.162188809465122,921564,24023,897541
4058,6.160670280926565,921564,24023,897541
4059,6.159152500615916,921564,24023,897541
4060,6.157635467980295,921564,24023,897541
4061,6.156119182467372,921185,24076,897109
4062,6.154603643525357,921185,24076,897109
4063,6.153088850603003,921185,24076,897109
4064,6.1515748031496065,920467,23896,896571
4065,6.150061500615006,920467,23896,896571
4066,6.148548942449582,920467,23896,896571
4067,6.1470371281042535,918713,23800,894913
4068,6.145526057030482,917736,23800,893936
4069,6.144015728680265,917736,23800,893936
4070,6.142506142506143,917736,23800,893936
4071,6.140997297961189,916025,23800,892225
4072,6.139489194499018,915882,23960,891922
4073,6.137981831573779,915882,23960,891922
4074,6.1364752086401575,915882,23960,891922
4075,6.134969325153374,915882,23960,891922
4076,6.133464180569185,915882,23960,891922
4077,6.131959774343881,915882,23960,891922
4078,6.1304561059342815,915882,23960,891922
4079,6.128953174797744,914867,23955,890912
4080,6.127450980392157,914867,23955,890912
4081,6.1259495221759375,914867,23955,890912
4082,6.124448799608035,914867,23955,890912
4083,6.12294881214793,914867,23955,890912
4084,6.121449559255632,914867,23955,890912
4085,6.119951040391677,914698,23960,890738
4086,6.1184532550171316,914698,23960,890738
4087,6.116956202593589,914698,23960,890738
4088,6.1154598825831705,914698,23960,890738
4089,6.113964294448521,913289,23960,889329
4090,6.112469437652812,913289,23960,889329
4091,6.1109753116597405,912958,23960,888998
4092,6.109481915933529,912958,23960,888998
4093,6.10798924993892,912958,23960,888998
4094,6.106497313141182,912932,23960,888972
4095,6.105006105006105,912932,23960,888972
4096,6.103515625,912932,23960,888972
4097,6.102025872589699,912191,23960,888231
4098,6.100536847242557,912191,23960,888231
4099,6.099048548426445,912191,23960,888231
4100,6.097560975609756,912033,23609,888424
4101,6.0960741282613995,911845,23529,888316
4102,6.094588005850804,911845,23529,888316
4103,6.093102607847916,911845,23529,888316
4104,6.091617933723197,911301,23529,887772
4105,6.090133982947624,910325,23529,886796
4106,6.088650754992694,910325,23529,886796
4107,6.087168249330412,910325,23529,886796
4108,6.085686465433301,910325,23529,886796
4109,6.084205402774398,910325,23529,886796
4110,6.082725060827251,910325,23529,886796
4111,6.0812454390659205,910325,23529,886796
4112,6.07976653696498,909603,23549,886054
4113,6.078288353999514,909461,23549,885912
4114,6.076810889645114,909461,23549,885912
4115,6.075334143377885,908104,23549,884555
4116,6.073858114674441,908104,23549,884555
4117,6.072382803011902,908104,23549,884555
4118,6.070908207867897,908104,23549,884555
4119,6.069434328720563,908104,23549,884555
4120,6.067961165048544,908104,23549,884555
4121,6.066488716330988,905929,23549,882380
4122,6.06501698204755,905929,23549,882380
4123,6.06354596167839,905929,23549,882380
4124,6.062075654704171,905929,23549,882380
4125,6.0606060606060606,905929,23549,882380
4126,6.059137178865729,905929,23549,882380
4127,6.05766900896535,905714,23549,882165
4128,6.0562015503875966,905714,23549,882165
4129,6.054734802615646,905714,23549,882165
4130,6.053268765133172,905714,23549,882165
4131,6.051803437424352,905714,23549,882165
4132,6.050338818973863,905714,23549,882165
4133,6.0488749092668765,905714,23549,882165
4134,6.047411707789066,905714,23549,882165
4135,6.045949214026602,904747,23549,881198
4136,6.044487427466151,904381,23549,880832
4137,6.043026347594876,904381,23549,880832
4138,6.041565973900435,904381,23549,880832
4139,6.040106305870983,904381,23549,880832
4140,6.038647342995169,904381,23549,880832
4141,6.037189084762135,904135,23646,880489
4142,6.035731530661516,904135,23646,880489
4143,6.034274680183442,904135,23646,880489
4144,6.032818532818533,904135,23646,880489
4145,6.031363088057901,904135,23646,880489
4146,6.02990834539315,904135,23646,880489
4147,6.028454304316373,904135,23646,880489
4148,6.0270009643201545,904135,23646,880489
4149,6.025548324897565,904135,23646,880489
4150,6.024096385542169,904135,23646,880489
4151,6.022645145748013,904135,23646,880489
4152,6.021194605009634,904135,23646,880489
4153,6.019744762822056,904135,23646,880489
4154,6.018295618680789,904135,23646,880489
4155,6.016847172081829,904135,23646,880489
4156,6.015399422521655,904135,23646,880489
4157,6.013952369497233,904135,23646,880489
4158,6.012506012506012,904135,23646,880489
4159,6.011060351045924,904135,23646,880489
4160,6.009615384615385,904135,23646,880489
4161,6.00817111271329,904135,23646,880489
4162,6.00672753483902,904135,23646,880489
4163,6.005284650492434,903655,23646,880009
4164,6.003842459173871,903655,23646,880009
4165,6.002400960384153,903478,23646,879832
4166,6.00096015362458,903478,23646,879832
4167,5.999520038396928,903100,23664,879436
4168,5.998080614203455,903100,23664,879436
4169,5.9966418805468935,902911,23655,879256
4170,5.995203836930456,902859,23655,879204
4171,5.993766482857827,902859,23655,879204
4172,5.992329817833173,902859,23655,879204
4173,5.990893841361131,902859,23655,879204
4174,5.989458552946814,902859,23655,879204
4175,5.9880239520958085,902859,23655,879204
4176,5.986590038314176,902859,23655,879204
4177,5.985156811108451,902859,23655,879204
4178,5.983724269985639,902859,23655,879204
4179,5.982292414453219,902859,23655,879204
4180,5.980861244019139,902859,23655,879204
4181,5.97943075819182,902859,23655,879204
4182,5.978000956480153,902859,23655,879204
4183,5.976571838393498,902859,23655,879204
4184,5.975143403441683,902614,23591,879023
4185,5.973715651135006,902045,23591,878454
4186,5.972288580984233,902045,23591,878454
4187,5.970862192500597,901845,23591,878254
4188,5.969436485195797,901845,23591,878254
4189,5.9680114585820006,901845,23591,878254
4190,5.966587112171838,901845,23591,878254
4191,5.965163445478406,901845,23591,878254
4192,5.963740458015267,901845,23591,878254
4193,5.962318149296446,901845,23591,878254
4194,5.960896518836433,901845,23591,878254
4195,5.959475566150179,901845,23591,878254
4196,5.958055290753098,901845,23591,878254
4197,5.9566356921610675,901533,23591,877942
4198,5.955216769890424,901533,23591,877942
4199,5.953798523457966,900658,23639,877019
4200,5.9523809523809526,900658,23639,877019
4201,5.950964056177101,900658,23639,877019
4202,5.949547834364588,900658,23639,877019
4203,5.948132286462051,898529,23151,875378
4204,5.946717411988582,898529,23151,875378
4205,5.945303210463734,898529,23151,875378
4206,5.943889681407513,898529,23151,875378
4207,5.942476824340385,898529,23151,875378
4208,5.94106463878327,898529,23151,875378
4209,5.939653124257544,898304,23253,875051
4210,5.938242280285036,898304,23253,875051
4211,5.936832106388032,898213,23307,874906
4212,5.935422602089269,898213,23307,874906
4213,5.9340137669119395,898213,23307,874906
4214,5.932605600379687,898213,23307,874906
4215,5.931198102016608,898213,23307,874906
4216,5.9297912713472485,898061,23308,874753
4217,5.9283851078966086,898061,23308,874753
4218,5.926979611190138,898061,23308,874753
4219,5.925574780753733,898061,23308,874753
4220,5.924170616113744,898061,23308,874753
4221,5.922767116796967,897921,22873,875048
4222,5.921364282330649,897921,22873,875048
4223,5.919962112242482,897921,22873,875048
4224,5.918560606060606,897921,22873,875048
4225,5.9171597633136095,897921,22873,875048
4226,5.915759583530526,897921,22873,875048
4227,5.914360066240833,895787,22873,872914
4228,5.912961210974456,894190,22873,871317
4229,5.911563017261764,894192,23129,871063
4230,5.91016548463357,894192,23129,871063
4231,5.90876861262113,893238,23129,870109
4232,5.9073724007561434,893238,23129,870109
4233,5.905976848570754,893238,23129,870109
4234,5.904581955597544,893238,23129,870109
4235,5.903187721369539,893238,23129,870109
4236,5.901794145420208,893238,23129,870109
4237,5.900401227283456,893238,23129,870109
4238,5.899008966493629,893238,23129,870109
4239,5.897617362585516,893238,23129,870109
4240,5.89622641509434,893238,23129,870109
4241,5.894836123555765,893238,23129,870109
4242,5.893446487505893,892822,23161,869661
4243,5.8920575064812635,892822,23161,869661
4244,5.89066918001885,892822,23161,869661
4245,5.889281507656066,892822,23161,869661
4246,5.887894488930758,892452,23184,869268
4247,5.88650812338121,892452,23184,869268
4248,5.885122410546139,892452,23184,869268
4249,5.883737349964697,892326,23175,869151
4250,5.882352941176471,892326,23175,869151
4251,5.8809691837214775,892326,23175,869151
4252,5.87958607714017,892326,23175,869151
4253,5.87820362097343,892326,23175,869151
4254,5.876821814762576,892326,23175,869151
4255,5.875440658049354,892326,23175,869151
4256,5.87406015037594,891953,23244,868709
4257,5.872680291284943,891953,23244,868709
4258,5.871301080319399,891953,23244,868709
4259,5.869922517022776,891953,23244,868709
4260,5.868544600938967,891953,23244,868709
4261,5.867167331612298,890780,23216,867564
4262,5.865790708587517,890780,23216,867564
4263,5.864414731409806,890780,23216,867564
4264,5.863039399624766,890731,23216,867515
4265,5.861664712778429,890731,23216,867515
4266,5.860290670417252,890731,23216,867515
4267,5.858917272088118,890669,23239,867430
4268,5.857544517338332,890669,23239,867430
4269,5.856172405715625,888778,23239,865539
4270,5.85480093676815,888778,23239,865539
4271,5.853430110044486,888691,22915,865776
4272,5.852059925093633,888691,22915,865776
4273,5.850690381465013,888691,22915,865776
4274,5.84932147870847,888554,22869,865685
4275,5.847953216374269,888554,22869,865685
4276,5.846585594013097,888554,22869,865685
4277,5.845218611176058,888554,22869,865685
4278,5.84385226741468,888554,22869,865685
4279,5.842486562280906,888554,22869,865685
4280,5.841121495327103,886450,22767,863683
4281,5.83975706610605,886450,22767,863683
4282,5.838393274170948,886450,22767,863683
4283,5.837030119075415,886287,22768,863519
4284,5.835667600373482,886287,22768,863519
4285,5.834305717619603,886157,22956,863201
4286,5.832944470368642,886157,22956,863201
4287,5.831583858175881,886157,22956,863201
4288,5.830223880597015,886157,22956,863201
4289,5.828864537188156,886157,22956,863201
4290,5.827505827505828,886157,22956,863201
4291,5.826147751106968,886157,22956,863201
4292,5.824790307548929,886157,22956,863201
4293,5.823433496389471,886157,22956,863201
4294,5.822077317186772,886033,22908,863125
4295,5.820721769499418,886033,22908,863125
4296,5.8193668528864055,886033,22908,863125
4297,5.818012566907145,886033,22908,863125
4298,5.8166589111214515,886033,22908,863125
4299,5.815305885089556,886033,22908,863125
4300,5.813953488372093,886033,22908,863125
4301,5.812601720530109,886033,22908,863125
4302,5.8112505811250585,886033,22908,863125
4303,5.809900069718801,886033,22908,863125
4304,5.808550185873606,886033,22908,863125
4305,5.807200929152149,886033,22908,863125
4306,5.80585229911751,884334,22908,861426
4307,5.804504295333179,884334,22908,861426
4308,5.8031569173630455,884334,22908,861426
4309,5.801810164771409,884334,22908,861426
4310,5.800464037122969,884334,22908,861426
4311,5.799118533982835,884334,22908,861426
4312,5.797773654916512,884334,22908,861426
4313,5.796429399489914,884119,22908,861211
4314,5.795085767269356,884119,22908,861211
4315,5.793742757821553,884119,22908,861211
4316,5.792400370713624,884119,22908,861211
4317,5.791058605513088,883236,22782,860454
4318,5.789717461787864,883236,22782,860454
4319,5.788376939106275,883236,22782,860454
4320,5.787037037037037,883236,22782,860454
4321,5.785697755149271,881517,22782,858735
4322,5.784359093012494,881517,22782,858735
4323,5.783021050196623,881517,22782,858735
4324,5.78168362627197,881517,22782,858735
4325,5.780346820809249,881517,22782,858735
4326,5.779010633379565,881517,22782,858735
4327,5.777675063554426,881505,22411,859094
4328,5.77634011090573,881505,22411,859094
4329,5.775005775005775,880720,22693,858027
4330,5.773672055427252,880720,22693,858027
4331,5.772338951743246,880720,22693,858027
4332,5.77100646352724,880591,22405,858186
4333,5.769674590353104,880591,22405,858186
4334,5.7683433317951085,880591,22405,858186
4335,5.767012687427912,880564,22399,858165
4336,5.765682656826568,880564,22399,858165
4337,5.76435323956652,880564,22399,858165
4338,5.763024435223605,880564,22399,858165
4339,5.7616962433740495,879526,22469,857057
4340,5.76036866359447,879526,22469,857057
4341,5.7590416954618755,879526,22469,857057
4342,5.757715338553662,879526,22469,857057
4343,5.756389592447617,879526,22469,857057
4344,5.755064456721915,876767,22422,854345
4345,5.7537399309551205,876767,22422,854345
4346,5.752416014726185,876767,22422,854345
4347,5.751092707614447,876767,22422,854345
4348,5.749770009199632,876767,22422,854345
4349,5.748447919061853,876767,22422,854345
4350,5.747126436781609,876767,22422,854345
4351,5.745805561939784,876767,22422,854345
4352,5.744485294117647,876767,22422,854345
4353,5.743165632896853,875437,22422,853015
4354,5.741846577859439,875412,22422,852990
4355,5.7405281285878305,875412,22422,852990
4356,5.73921028466483,875412,22422,852990
4357,5.737893045673629,875412,22422,852990
4358,5.736576411197797,875412,22422,852990
4359,5.735260380821289,875412,22422,852990
4360,5.73394495412844,875412,22422,852990
4361,5.732630130703967,875412,22422,852990
4362,5.731315910132967,875412,22422,852990
4363,5.730002292000917,875412,22422,852990
4364,5.728689275893675,875412,22422,852990
4365,5.72737686139748,875412,22422,852990
4366,5.726065048098946,875412,22422,852990
4367,5.72475383558507,875412,22422,852990
4368,5.7234432234432235,875412,22422,852990
4369,5.722133211261158,875412,22422,852990
4370,5.720823798627002,875412,22422,852990
4371,5.719514985129261,875230,22422,852808
4372,5.718206770356816,872348,22608,849740
4373,5.716899153898925,872348,22608,849740
4374,5.715592135345222,872348,22608,849740
4375,5.714285714285714,872348,22608,849740
4376,5.712979890310786,872348,22608,849740
4377,5.711674663011195,872348,22608,849740
4378,5.710370031978072,872348,22608,849740
4379,5.709065996802923,872348,22608,849740
4380,5.707762557077626,872348,22608,849740
4381,5.70645971239443,872348,22608,849740
4382,5.70515746234596,872348,22608,849740
4383,5.703855806525211,872348,22608,849740
4384,5.702554744525547,872348,22608,849740
4385,5.701254275940707,872348,22608,849740
4386,5.699954400364797,871360,22632,848728
4387,5.6986551173922955,871360,22632,848728
4388,5.697356426618049,871360,22632,848728
4389,5.696058327637275,871360,22632,848728
4390,5.694760820045558,871360,22632,848728
4391,5.693463903438852,871360,22632,848728
4392,5.692167577413479,871360,22632,848728
4393,5.690871841566128,871360,22632,848728
4394,5.689576695493855,871360,22632,848728
4395,5.688282138794084,871360,22632,848728
4396,5.686988171064604,871360,22632,848728
4397,5.685694791903571,871340,22653,848687
4398,5.684402000909504,871340,22653,848687
4399,5.683109797681291,871340,22653,848687
4400,5.681818181818182,871340,22653,848687
4401,5.680527152919791,871340,22653,848687
4402,5.679236710586097,870731,22709,848022
4403,5.677946854417443,870731,22709,848022
4404,5.676657584014532,868867,22709,846158
4405,5.675368898978434,868867,22709,846158
4406,5.674080798910577,868867,22709,846158
4407,5.672793283412752,868867,22709,846158
4408,5.671506352087114,868637,22709,845928
4409,5.670220004536176,868637,22709,845928
4410,5.668934240362812,868637,22709,845928
4411,5.667649059170256,868637,22709,845928
4412,5.666364460562104,868637,22709,845928
4413,5.665080444142307,868637,22709,845928
4414,5.663797009515179,868637,22709,845928
4415,5.662514156285391,868637,22709,845928
4416,5.661231884057971,868637,22709,845928
4417,5.659950192438306,867299,22709,844590
4418,5.658669081032142,867210,22709,844501
4419,5.657388549445576,867210,22709,844501
4420,5.656108597285068,867032,22709,844323
4421,5.654829224157431,867032,22709,844323
4422,5.653550429669832,867032,22709,844323
4423,5.652272213429799,867032,22709,844323
4424,5.650994575045208,867032,22709,844323
4425,5.649717514124294,867032,22709,844323
4426,5.648441030275644,867032,22709,844323
4427,5.647165123108199,867032,22709,844323
4428,5.645889792231256,867032,22709,844323
4429,5.644615037254459,867032,22709,844323
4430,5.643340857787811,867032,22709,844323
4431,5.642067253441661,867032,22709,844323
4432,5.640794223826715,867032,22709,844323
4433,5.639521768554027,867032,22709,844323
4434,5.638249887235002,867032,22709,844323
4435,5.636978579481398,867032,22709,844323
4436,5.63570784490532,867032,22709,844323
4437,5.634437683119224,867032,22709,844323
4438,5.633168093735917,867032,22709,844323
4439,5.631899076368551,866358,22709,843649
4440,5.63063063063063,866358,22709,843649
4441,5.629362756136006,866358,22709,843649
4442,5.628095452498874,866270,22409,843861
4443,5.626828719333783,866270,22409,843861
4444,5.625562556255626,864239,22560,841679
4445,5.62429696287964,864239,22560,841679
4446,5.623031938821413,864239,22560,841679
4447,5.621767483696875,864239,22560,841679
4448,5.620503597122302,864239,22560,841679
4449,5.619240278714318,864239,22560,841679
4450,5.617977528089888,864239,22560,841679
4451,5.616715344866322,864239,22560,841679
4452,5.615453728661276,864239,22560,841679
4453,5.6141926790927466,864239,22560,841679
4454,5.612932195779075,864239,22560,841679
4455,5.611672278338945,862548,22515,840033
4456,5.6104129263913824,862548,22515,840033
4457,5.609154139555755,860951,22515,838436
4458,5.607895917451772,860951,22515,838436
4459,5.606638259699484,860720,22515,838205
4460,5.605381165919282,860720,22515,838205
4461,5.604124635731899,860720,22515,838205
4462,5.602868668758404,860720,22515,838205
4463,5.601613264620211,860681,22515,838166
4464,5.600358422939068,860681,22515,838166
4465,5.599104143337066,860681,22515,838166
4466,5.597850425436632,860681,22515,838166
4467,5.596597268860533,860681,22515,838166
4468,5.595344673231871,860681,22515,838166
4469,5.5940926381740885,860681,22515,838166
4470,5.592841163310962,860681,22515,838166
4471,5.591590248266607,860681,22515,838166
4472,5.590339892665474,860681,22515,838166
4473,5.58909009613235,860681,22515,838166
4474,5.587840858292356,860681,22515,838166
4475,5.58659217877095,860681,22515,838166
4476,5.5853440571939235,860681,22515,838166
4477,5.584096493187403,860681,22515,838166
4478,5.582849486377847,860681,22515,838166
4479,5.5816030363920515,860681,22515,838166
4480,5.580357142857143,860681,22515,838166
4481,5.57911180540058,860681,22515,838166
4482,5.577867023650156,860681,22515,838166
4483,5.576622797233995,860681,22515,838166
4484,5.575379125780553,860681,22515,838166
4485,5.574136008918618,860681,22515,838166
4486,5.572893446277307,860681,22515,838166
4487,5.571651437486071,860681,22515,838166
4488,5.570409982174688,860681,22515,838166
4489,5.569169079973268,860681,22515,838166
4490,5.567928730512249,858599,23371,835228
4491,5.566688933422401,858599,23371,835228
4492,5.565449688334818,858599,23371,835228
4493,5.564210994880926,858599,23371,835228
4494,5.562972852692479,858599,23371,835228
4495,5.561735261401557,858599,23371,835228
4496,5.56049822064057,858599,23371,835228
4497,5.55926173004225,858599,23371,835228
4498,5.558025789239662,858599,23371,835228
4499,5.556790397866193,858478,23451,835027
4500,5.555555555555555,858478,23451,835027
4501,5.554321261941791,858478,23451,835027
4502,5.553087516659263,858478,23451,835027
4503,5.55185431934266,857634,23451,834183
4504,5.550621669626998,857634,23451,834183
4505,5.549389567147614,857634,23451,834183
4506,5.548158011540169,857359,23211,834148
4507,5.546927002440648,856158,23271,832887
4508,5.545696539485359,856158,23271,832887
4509,5.544466622310933,856158,23271,832887
4510,5.5432372505543235,856158,23271,832887
4511,5.5420084238528045,856158,23271,832887
4512,5.540780141843972,856158,23271,832887
4513,5.539552404165743,855196,23299,831897
4514,5.538325210456358,855196,23299,831897
4515,5.537098560354374,855196,23299,831897
4516,5.535872453498671,855196,23299,831897
4517,5.534646889528448,855196,23299,831897
4518,5.533421868083223,855196,23299,831897
4519,5.532197388802833,855196,23299,831897
4520,5.530973451327434,855196,23299,831897
4521,5.529750055297501,855196,23299,831897
4522,5.5285272003538255,855196,23299,831897
4523,5.527304886137519,855196,23299,831897
4524,5.526083112290009,855196,23299,831897
4525,5.524861878453039,855196,23299,831897
4526,5.52364118426867,855063,23202,831861
4527,5.52242102937928,855063,23202,831861
4528,5.521201413427562,855063,23202,831861
4529,5.5199823360565246,855063,23202,831861
4530,5.518763796909492,855063,23202,831861
4531,5.517545795630104,855063,23202,831861
4532,5.516328331862312,855063,23202,831861
4533,5.515111405250386,855005,23202,831803
4534,5.513895015438906,855005,23202,831803
4535,5.512679162072767,855005,23202,831803
4536,5.511463844797178,855005,23202,831803
4537,5.5102490632576595,855005,23202,831803
4538,5.509034817100044,855005,23202,831803
4539,5.5078211059704785,855005,23202,831803
4540,5.506607929515418,855005,23202,831803
4541,5.505395287381634,855005,23202,831803
4542,5.504183179216204,853856,23202,830654
4543,5.50297160466652,853192,23202,829990
4544,5.501760563380282,853192,23202,829990
4545,5.5005500550055,853192,23202,829990
4546,5.499340079190497,853192,23202,829990
4547,5.498130635583902,853192,23202,829990
4548,5.496921723834652,853192,23202,829990
4549,5.495713343591998,853192,23202,829990
4550,5.4945054945054945,853192,23202,829990
4551,5.4932981762250055,853192,23202,829990
4552,5.492091388400703,853134,23202,829932
4553,5.490885130683066,852609,23160,829449
4554,5.489679402722881,852609,23160,829449
4555,5.48847420417124,852609,23160,829449
4556,5.487269534679544,852609,23160,829449
4557,5.486065393899495,852609,23160,829449
4558,5.484861781483106,852609,23160,829449
4559,5.483658697082694,852609,23160,829449
4560,5.482456140350878,852609,23160,829449
4561,5.481254110940583,852609,23160,829449
4562,5.480052608505042,852609,23160,829449
4563,5.478851632697786,852609,23160,829449
4564,5.4776511831726555,849847,23160,826687
4565,5.47645125958379,849847,23160,826687
4566,5.475251861585633,849604,23160,826444
4567,5.474052988832932,849604,23160,826444
4568,5.472854640980736,849604,23160,826444
4569,5.471656817684395,849604,23160,826444
4570,5.470459518599562,849270,23160,826110
4571,5.469262743382192,849270,23160,826110
4572,5.468066491688539,849270,23160,826110
4573,5.466870763175159,849111,23160,825951
4574,5.465675557498907,849111,23160,825951
4575,5.46448087431694,849111,23160,825951
4576,5.463286713286713,849111,23160,825951
4577,5.462093074065982,849111,23160,825951
4578,5.4608999563128,849111,23160,825951
4579,5.459707359685521,849111,23160,825951
4580,5.458515283842795,849111,23160,825951
4581,5.457323728443571,849111,23160,825951
4582,5.456132693147097,849111,23160,825951
4583,5.454942177612917,849111,23160,825951
4584,5.453752181500873,849111,23160,825951
4585,5.452562704471101,849111,23160,825951
4586,5.451373746184038,849111,23160,825951
4587,5.450185306300415,849111,23160,825951
4588,5.448997384481255,849111,23160,825951
4589,5.447809980387884,849111,23160,825951
4590,5.446623093681917,849111,23160,825951
4591,5.445436724025267,849111,23160,825951
4592,5.444250871080139,848207,23240,824967
4593,5.443065534509035,848207,23240,824967
4594,5.44188071397475,847224,23270,823954
4595,5.44069640914037,847224,23270,823954
4596,5.439512619669277,847027,22886,824141
4597,5.438329345225147,847027,22886,824141
4598,5.437146585471944,847027,22886,824141
4599,5.435964340073929,847027,22886,824141
4600,5.434782608695652,847027,22886,824141
4601,5.4336013910019565,847027,22886,824141
4602,5.4324206866579745,847027,22886,824141
4603,5.431240495329133,847027,22886,824141
4604,5.430060816681147,847027,22886,824141
4605,5.4288816503800215,847027,22886,824141
4606,5.427702996092054,847027,22886,824141
4607,5.426524853483829,847027,22886,824141
4608,5.425347222222222,847027,22886,824141
4609,5.424170101974398,847027,22886,824141
4610,5.422993492407809,847027,22886,824141
4611,5.421817393190198,847027,22886,824141
4612,5.420641803989592,847027,22886,824141
4613,5.4194667244743115,847027,22886,824141
4614,5.418292154312961,843413,22886,820527
4615,5.417118093174431,843106,22886,820220
4616,5.415944540727903,843106,22886,820220
4617,5.4147714966428415,843106,22886,820220
4618,5.413598960589,842883,22926,819957
4619,5.412426932236415,842883,22926,819957
4620,5.411255411255412,842883,22926,819957
4621,5.410084397316598,842883,22926,819957
4622,5.4089138900908695,842883,22926,819957
4623,5.407743889249405,842871,22748,820123
4624,5.406574394463668,842871,22748,820123
4625,5.405405405405405,842871,22748,820123
4626,5.40423692174665,842871,22748,820123
4627,5.403068943159715,842871,22748,820123
4628,5.4019014693172,842871,22748,820123
4629,5.4007344998919855,842871,22748,820123
4630,5.399568034557236,842871,22748,820123
4631,5.398402072986396,842871,22748,820123
4632,5.397236614853195,842871,22748,820123
4633,5.396071659831643,842871,22748,820123
4634,5.394907207596029,842871,22748,820123
4635,5.393743257820928,842871,22748,820123
4636,5.392579810181191,842759,22748,820011
4637,5.391416864351951,842759,22748,820011
4638,5.390254420008624,842759,22748,820011
4639,5.389092476826902,842759,22748,820011
4640,5.387931034482759,842759,22748,820011
4641,5.386770092652446,842759,22748,820011
4642,5.385609651012494,842759,22748,820011
4643,5.384449709239716,842759,22748,820011
4644,5.383290267011197,842759,22748,820011
4645,5.382131324004305,842759,22748,820011
4646,5.380972879896685,842759,22748,820011
4647,5.379814934366258,842759,22748,820011
4648,5.378657487091222,842759,22748,820011
4649,5.377500537750054,842759,22748,820011
4650,5.376344086021505,842710,22715,819995
4651,5.375188131584605,842710,22715,819995
4652,5.374032674118658,842710,22715,819995
4653,5.372877713303245,842710,22715,819995
4654,5.3717232488182205,842710,22715,819995
4655,5.370569280343717,842710,22715,819995
4656,5.369415807560137,842710,22715,819995
4657,5.368262830148164,842710,22715,819995
4658,5.367110347788751,842710,22715,819995
4659,5.365958360163125,842710,22715,819995
4660,5.364806866952789,842710,22715,819995
4661,5.363655867839519,842710,22715,819995
4662,5.362505362505362,842495,22715,819780
4663,5.36135535063264,842495,22715,819780
4664,5.360205831903945,842495,22715,819780
4665,5.359056806002144,842495,22715,819780
4666,5.357908272610373,842495,22715,819780
4667,5.356760231412042,842495,22715,819780
4668,5.355612682090832,842495,22715,819780
4669,5.354465624330691,842495,22715,819780
4670,5.353319057815845,842495,22715,819780
4671,5.352172982230786,842495,22715,819780
4672,5.351027397260274,842332,22715,819617
4673,5.349882302589343,842332,22715,819617
4674,5.348737697903295,842332,22715,819617
4675,5.347593582887701,842332,22715,819617
4676,5.3464499572284,842332,22715,819617
4677,5.345306820611503,842332,22715,819617
4678,5.344164172723386,842332,22715,819617
4679,5.343022013250694,842332,22715,819617
4680,5.3418803418803416,842332,22715,819617
4681,5.340739158299509,842332,22715,819617
4682,5.339598462195643,842332,22715,819617
4683,5.3384582532564595,842332,22715,819617
4684,5.33731853116994,842332,22715,819617
4685,5.336179295624333,838634,22715,815919
4686,5.335040546308152,838634,22715,815919
4687,5.333902282910177,838634,22715,815919
4688,5.332764505119454,838634,22715,815919
4689,5.3316272126252935,837939,22715,815224
4690,5.330490405117271,837939,22715,815224
4691,5.329354082285227,837939,22715,815224
4692,5.328218243819267,837939,22715,815224
4693,5.327082889409759,837939,22715,815224
4694,5.325948018747337,837939,22715,815224
4695,5.324813631522897,837939,22715,815224
4696,5.3236797274275975,837939,22715,815224
4697,5.322546306152864,836898,22718,814180
4698,5.321413367390379,836898,22718,814180
4699,5.320280910832092,836898,22718,814180
4700,5.319148936170213,836898,22718,814180
4701,5.318017443097213,836898,22718,814180
4702,5.316886431305828,836898,22718,814180
4703,5.31575590048905,836898,22718,814180
4704,5.3146258503401365,836898,22718,814180
4705,5.313496280552604,836898,22718,814180
4706,5.31236719082023,836703,22718,813985
4707,5.311238580837051,836703,22718,813985
4708,5.310110450297366,836703,22718,813985
4709,5.308982798895731,836703,22718,813985
4710,5.307855626326964,836703,22718,813985
4711,5.306728932286139,836703,22718,813985
4712,5.305602716468591,836703,22718,813985
4713,5.304476978569913,836703,22718,813985
4714,5.303351718285957,836703,22718,813985
4715,5.302226935312832,836703,22718,813985
4716,5.301102629346905,836703,22718,813985
4717,5.2999788000848,836703,22718,813985
4718,5.2988554472234,836646,22718,813928
4719,5.297732570459843,836646,22718,813928
4720,5.296610169491525,836646,22718,813928
4721,5.295488244016099,836646,22718,813928
4722,5.29436679373147,836646,22718,813928
4723,5.293245818335803,836646,22718,813928
4724,5.292125317527519,836489,22714,813775
4725,5.291005291005291,836489,22714,813775
4726,5.289885738468049,836489,22714,813775
4727,5.288766659614978,836489,22714,813775
4728,5.287648054145516,836489,22714,813775
4729,5.2865299217593575,836489,22714,813775
4730,5.2854122621564485,836456,22829,813627
4731,5.28429507503699,836456,22829,813627
4732,5.283178360101437,836456,22829,813627
4733,5.282062117050496,836456,22829,813627
4734,5.280946345585129,836456,22829,813627
4735,5.279831045406547,835581,22829,812752
4736,5.278716216216216,835581,22829,812752
4737,5.277601857715854,835581,22829,812752
4738,5.276487969607429,834868,22835,812033
4739,5.275374551593163,834868,22835,812033
4740,5.274261603375527,834868,22835,812033
4741,5.2731491246572455,834868,22835,812033
4742,5.27203711514129,834868,22835,812033
4743,5.270925574530888,834868,22835,812033
4744,5.269814502529511,834868,22835,812033
4745,5.268703898840885,834345,22835,811510
4746,5.267593763168985,834345,22835,811510
4747,5.266484095218033,834345,22835,811510
4748,5.265374894692502,834345,22835,811510
4749,5.264266161297115,834345,22835,811510
4750,5.2631578947368425,832949,22892,810057
4751,5.262050094716901,832949,22892,810057
4752,5.260942760942761,832949,22892,810057
4753,5.259835893120135,832949,22892,810057
4754,5.258729490954985,832949,22892,810057
4755,5.257623554153523,832949,22892,810057
4756,5.256518082422204,832949,22892,810057
4757,5.2554130754677315,832949,22892,810057
4758,5.254308532997058,832949,22892,810057
4759,5.253204454717378,832949,22892,810057
4760,5.2521008403361344,832949,22892,810057
4761,5.250997689561016,832949,22892,810057
4762,5.249895002099958,832949,22892,810057
4763,5.248792777661138,832949,22892,810057
4764,5.247691015952981,832949,22892,810057
4765,5.246589716684155,832125,22876,809249
4766,5.245488879563576,832125,22876,809249
4767,5.244388504300399,832125,22889,809236
4768,5.243288590604027,832125,22889,809236
4769,5.242189138184106,832125,22889,809236
4770,5.241090146750524,832125,22889,809236
4771,5.239991616013414,832042,22889,809153
4772,5.238893545683152,832042,22889,809153
4773,5.237795935470354,832042,22889,809153
4774,5.236698785085882,832042,22889,809153
4775,5.2356020942408374,832042,22889,809153
4776,5.234505862646566,832042,22889,809153
4777,5.233410090014654,832042,22889,809153
4778,5.232314776056928,832042,22889,809153
4779,5.231219920485457,832042,22889,809153
4780,5.2301255230125525,832042,22889,809153
4781,5.229031583350763,832042,22889,809153
4782,5.227938101212882,832042,22889,809153
4783,5.226845076311938,832042,22889,809153
4784,5.225752508361204,832042,22889,809153
4785,5.2246603970741905,832042,22889,809153
4786,5.223568742164647,832042,22889,809153
4787,5.222477543346564,832042,22889,809153
4788,5.221386800334169,832042,22889,809153
4789,5.220296512841929,831916,22889,809027
4790,5.219206680584551,831916,22889,809027
4791,5.218117303276978,831916,22889,809027
4792,5.217028380634391,831916,22889,809027
4793,5.215939912372209,831916,22889,809027
4794,5.214851898206091,831841,22889,808952
4795,5.213764337851929,831841,22889,808952
4796,5.212677231025855,831841,22889,808952
4797,5.211590577444236,831841,22889,808952
4798,5.2105043768236765,831841,22889,808952
4799,5.209418628881017,831841,22889,808952
4800,5.208333333333333,831841,22889,808952
4801,5.207248489897938,831841,22889,808952
4802,5.206164098292378,831562,22889,808673
4803,5.205080158234437,831562,22889,808673
4804,5.203996669442131,831562,22889,808673
4805,5.202913631633715,831562,22889,808673
4806,5.201831044527673,831562,22889,808673
4807,5.200748907842729,831562,22889,808673
4808,5.199667221297837,831161,22671,808490
4809,5.198585984612185,831126,22671,808455
4810,5.197505197505198,831126,22671,808455
4811,5.196424859696529,831126,22671,808455
4812,5.195344970906068,829914,22671,807243
4813,5.194265530853937,829914,22671,807243
4814,5.19318653926049,829914,22671,807243
4815,5.192107995846314,829914,22671,807243
4816,5.191029900332226,829800,22749,807051
4817,5.189952252439277,829800,22749,807051
4818,5.1888750518887505,829800,22749,807051
4819,5.187798298402158,829800,22749,807051
4820,5.186721991701245,829800,22749,807051
4821,5.185646131507986,827109,22749,804360
4822,5.184570717544587,827109,22749,804360
4823,5.183495749533486,827109,22749,804360
4824,5.182421227197347,827109,22749,804360
4825,5.181347150259067,826870,22749,804121
4826,5.180273518441774,826870,22749,804121
4827,5.179200331468821,826870,22749,804121
4828,5.178127589063794,824469,22749,801720
4829,5.177055290950507,824469,22749,801720
4830,5.175983436853002,824469,22749,801720
4831,5.17491202649555,824469,22749,801720
4832,5.173841059602649,824469,22749,801720
4833,5.172770535899027,824469,22749,801720
4834,5.17170045510964,824469,22749,801720
4835,5.170630816959669,824469,22749,801720
4836,5.169561621174524,824262,22749,801513
4837,5.168492867479843,824262,22749,801513
4838,5.167424555601488,824262,22749,801513
4839,5.1663566852655505,824262,22749,801513
4840,5.1652892561983474,823756,22749,801007
4841,5.16422226812642,823756,22749,801007
4842,5.163155720776539,823756,22749,801007
4843,5.162089613875697,823756,22749,801007
4844,5.161023947151115,823756,22749,801007
4845,5.159958720330238,823756,22749,801007
4846,5.158893933140734,823756,22749,801007
4847,5.157829585310501,823756,22749,801007
4848,5.156765676567657,823756,22749,801007
4849,5.1557022066405445,823756,22749,801007
4850,5.154639175257732,823672,22749,800923
4851,5.153576582148011,823672,22749,800923
4852,5.152514427040396,823672,22749,800923
4853,5.151452709664126,822071,22569,799502
4854,5.150391429748661,822071,22569,799502
4855,5.1493305870236865,822071,22569,799502
4856,5.14827018121911,822071,22569,799502
4857,5.147210212065061,822071,22569,799502
4858,5.14615067929189,822071,22569,799502
4859,5.145091582630171,822071,22569,799502
4860,5.1440329218107,822071,22569,799502
4861,5.142974696564493,822071,22569,799502
4862,5.1419169066227886,822071,22569,799502
4863,5.140859551717047,822032,22569,799463
4864,5.139802631578948,821747,22569,799178
4865,5.138746145940391,821747,22569,799178
4866,5.137690094533498,821747,22569,799178
4867,5.1366344770906105,821312,22569,798743
4868,5.135579293344289,821312,22569,798743
4869,5.134524543027315,821312,22569,798743
4870,5.13347022587269,821312,22569,798743
4871,5.132416341613632,821312,22569,798743
4872,5.1313628899835795,821312,22569,798743
4873,5.130309870716191,821312,22569,798743
4874,5.129257283545343,819984,22569,797415
4875,5.128205128205129,819984,22569,797415
4876,5.12715340442986,819984,22569,797415
4877,5.12610211195407,819984,22569,797415
4878,5.125051250512505,819984,22569,797415
4879,5.1240008198401314,819984,22569,797415
4880,5.122950819672131,819984,22569,797415
4881,5.121901249743905,819984,22569,797415
4882,5.120852109791069,819984,22569,797415
4883,5.119803399549458,819984,22569,797415
4884,5.118755118755119,819984,22569,797415
4885,5.117707267144319,819984,22569,797415
4886,5.116659844453541,819984,22569,797415
4887,5.11561285041948,819984,22569,797415
4888,5.114566284779051,819572,22461,797111
4889,5.11352014726938,819572,22461,797111
4890,5.112474437627812,819572,22461,797111
4891,5.111429155591903,819572,22461,797111
4892,5.110384300899428,819572,22461,797111
4893,5.109339873288371,819333,22416,796917
4894,5.108295872496935,819333,22416,796917
4895,5.107252298263535,819333,22416,796917
4896,5.106209150326797,819333,22416,796917
4897,5.105166428425567,819333,22416,796917
4898,5.104124132298898,819333,22416,796917
4899,5.103082261686058,818443,22416,796027
4900,5.1020408163265305,818443,22416,796027
4901,5.100999795960008,818443,22416,796027
4902,5.099959200326397,818443,22416,796027
4903,5.098919029165817,818443,22416,796027
4904,5.097879282218597,818443,22416,796027
4905,5.096839959225281,818060,22284,795776
4906,5.095801059926621,818060,22284,795776
4907,5.094762584063583,818060,22284,795776
4908,5.093724531377343,818013,22284,795729
4909,5.092686901609289,818013,22284,795729
4910,5.091649694501018,816986,22284,794702
4911,5.09061290979434,816986,22284,794702
4912,5.08957654723127,816986,22284,794702
4913,5.08854060655404,816986,22284,794702
4914,5.087505087505088,816986,22284,794702
4915,5.0864699898270604,816986,22284,794702
4916,5.085435313262815,816986,22284,794702
4917,5.08440105755542,816783,22456,794327
4918,5.08336722244815,816783,22456,794327
4919,5.082333807684488,816783,22456,794327
4920,5.08130081300813,816783,22456,794327
4921,5.080268238162975,816754,22389,794365
4922,5.079236082893133,816754,22389,794365
4923,5.078204346942921,816754,22389,794365
4924,5.077173030056865,816754,22389,794365
4925,5.0761421319796955,816754,22389,794365
4926,5.075111652456354,816754,22389,794365
4927,5.074081591231987,816754,22389,794365
4928,5.0730519480519485,816754,22389,794365
4929,5.0720227226617975,816754,22389,794365
4930,5.070993914807302,816754,22389,794365
4931,5.069965524234435,816754,22389,794365
4932,5.068937550689376,816746,22392,794354
4933,5.067909993918508,816024,22325,793699
4934,5.066882853668424,816024,22325,793699
4935,5.065856129685917,816024,22325,793699
4936,5.06482982171799,816024,22325,793699
4937,5.063803929511849,816024,22325,793699
4938,5.0627784528149045,816024,22325,793699
4939,5.061753391374772,816024,22325,793699
4940,5.060728744939271,816024,22325,793699
4941,5.059704513256426,816024,22325,793699
4942,5.058680696074464,816024,22325,793699
4943,5.0576572931418164,816024,22325,793699
4944,5.05663430420712,816024,22325,793699
4945,5.055611729019211,816024,22325,793699
4946,5.054589567327133,816024,22325,793699
4947,5.053567818880129,816024,22325,793699
4948,5.052546483427648,816024,22325,793699
4949,5.0515255607193374,815991,22261,793730
4950,5.05050505050505,815991,22261,793730
4951,5.049484952534842,815991,22261,793730
4952,5.048465266558966,815991,22261,793730
4953,5.047445992327882,815991,22261,793730
4954,5.0464271295922485,815991,22261,793730
4955,5.045408678102926,815786,22261,793525
4956,5.044390637610976,815786,22261,793525
4957,5.043373007867662,815489,22261,793228
4958,5.0423557886244454,815203,22325,792878
4959,5.04133897963299,815203,22325,792878
4960,5.040322580645161,814714,22325,792389
4961,5.0393065914130215,814714,22325,792389
4962,5.038291011688835,813762,22545,791217
4963,5.037275841225066,813762,22545,791217
4964,5.036261079774375,813762,22545,791217
4965,5.0352467270896275,813762,22545,791217
4966,5.034232782923882,813762,22545,791217
4967,5.0332192470304005,813762,22545,791217
4968,5.032206119162641,813762,22545,791217
4969,5.031193399074261,813762,22545,791217
4970,5.030181086519114,813762,22545,791217
4971,5.029169181251257,813762,22545,791217
4972,5.02815768302494,813763,22545,791218
4973,5.027146591594611,813763,22545,791218
4974,5.026135906714917,813763,22545,791218
4975,5.025125628140704,813763,22545,791218
4976,5.02411575562701,813763,22545,791218
4977,5.023106288929074,813763,22545,791218
4978,5.02209722780233,813763,22545,791218
4979,5.0210885720024105,813763,22545,791218
4980,5.020080321285141,813763,22545,791218
4981,5.019072475406545,813763,22545,791218
4982,5.018065034122842,813763,22545,791218
4983,5.017057997190448,813763,22545,791218
4984,5.016051364365971,813763,22545,791218
4985,5.015045135406218,813763,22545,791218
4986,5.014039310068191,813763,22545,791218
4987,5.013033888109083,813763,22545,791218
4988,5.012028869286287,813763,22545,791218
4989,5.0110242533573865,813763,22545,791218
4990,5.01002004008016,813763,22545,791218
4991,5.009016229212583,813763,22545,791218
4992,5.00801282051282,813763,22545,791218
4993,5.007009813739235,813763,22545,791218
4994,5.006007208650381,812401,22545,789856
4995,5.005005005005005,812401,22545,789856
4996,5.00400320256205,812401,22545,789856
4997,5.003001801080648,812401,22545,789856
4998,5.002000800320128,812401,22545,789856
4999,5.001000200040008,812401,22545,789856
5000,5,812401,22545,789856
5001,4.999000199960008,812401,22545,789856
5002,4.998000799680128,812401,22545,789856
5003,4.997001798920648,812401,22545,789856
5004,4.996003197442047,812401,22545,789856
5005,4.995004995004995,812401,22545,789856
5006,4.994007191370356,812401,22545,789856
5007,4.993009786299181,812401,22545,789856
5008,4.992012779552716,812401,22545,789856
5009,4.991016170892394,811916,22545,789371
5010,4.990019960079841,811916,22545,789371
5011,4.989024146876871,811916,22545,789371
5012,4.988028731045491,811916,22545,789371
5013,4.987033712347896,811916,22545,789371
5014,4.98603909054647,811902,22545,789357
5015,4.985044865403789,811902,22545,789357
5016,4.984051036682616,811902,22545,789357
5017,4.983057604145904,811902,22545,789357
5018,4.982064567556796,811902,22545,789357
5019,4.981071926678621,811902,22545,789357
5020,4.9800796812749,811902,22545,789357
5021,4.979087831109341,811698,22545,789153
5022,4.978096375945838,811698,22545,789153
5023,4.977105315548477,811440,22545,788895
5024,4.976114649681529,811440,22545,788895
5025,4.975124378109452,811440,22545,788895
5026,4.974134500596896,811440,22545,788895
5027,4.973145016908693,811384,22545,788839
5028,4.972155926809865,811384,22545,788839
5029,4.971167230065619,811384,22545,788839
5030,4.970178926441352,811384,22545,788839
5031,4.969191015702644,811384,22545,788839
5032,4.968203497615263,811384,22545,788839
5033,4.967216371945162,811384,22545,788839
5034,4.966229638458483,811384,22545,788839
5035,4.965243296921549,811384,22545,788839
5036,4.964257347100873,811384,22545,788839
5037,4.963271788763152,811384,22545,788839
5038,4.962286621675268,811384,22545,788839
5039,4.961301845604287,811384,22545,788839
5040,4.9603174603174605,811384,22545,788839
5041,4.959333465582226,811384,22545,788839
5042,4.958349861166204,811384,22545,788839
5043,4.9573666468372,811384,22545,788839
5044,4.956383822363204,811384,22545,788839
5045,4.955401387512389,811384,22545,788839
5046,4.954419342053112,811384,22545,788839
5047,4.953437685753913,811384,22545,788839
5048,4.952456418383518,811384,22545,788839
5049,4.951475539710834,811384,22545,788839
5050,4.9504950495049505,811384,22545,788839
5051,4.949514947535142,811384,22545,788839
5052,4.948535233570863,811384,22545,788839
5053,4.947555907381753,811384,22545,788839
5054,4.9465769687376335,811311,22564,788747
5055,4.945598417408506,811229,22564,788665
5056,4.944620253164557,811229,22564,788665
5057,4.9436424757761515,810806,22453,788353
5058,4.942665085013839,810767,22453,788314
5059,4.941688080648349,810767,22453,788314
5060,4.940711462450593,810627,22465,788162
5061,4.939735230191662,810627,22465,788162
5062,4.938759383642829,810627,22465,788162
5063,4.937783922575548,810627,22465,788162
5064,4.936808846761453,810627,22465,788162
5065,4.935834155972359,810627,22465,788162
5066,4.934859849980261,810627,22465,788162
5067,4.9338859285573315,810627,22465,788162
5068,4.932912391475927,810627,22465,788162
5069,4.931939238508582,810627,22465,788162
5070,4.930966469428008,810627,22465,788162
5071,4.929994084007099,810627,22465,788162
5072,4.929022082018927,808616,22465,786151
5073,4.928050463236744,808575,22221,786354
5074,4.927079227433977,808575,22221,786354
5075,4.926108374384237,808575,22221,786354
5076,4.925137903861308,808575,22221,786354
5077,4.924167815639157,808575,22221,786354
5078,4.923198109491926,808575,22221,786354
5079,4.922228785193936,808575,22221,786354
5080,4.921259842519685,808575,22221,786354
5081,4.920291281243849,808575,22221,786354
5082,4.919323101141283,808575,22221,786354
5083,4.918355301987016,808575,22221,786354
5084,4.917387883556255,808575,22221,786354
5085,4.916420845624385,808575,22221,786354
5086,4.915454187966968,808575,22221,786354
5087,4.914487910359741,808575,22221,786354
5088,4.913522012578617,808449,22203,786246
5089,4.912556494399686,808449,22203,786246
5090,4.911591355599215,808449,22203,786246
5091,4.9106265959536435,807879,22203,785676
5092,4.9096622152395915,807879,22203,785676
5093,4.90869821323385,807879,22203,785676
5094,4.907734589713388,807879,22203,785676
5095,4.906771344455349,807879,22203,785676
5096,4.9058084772370485,807879,22203,785676
5097,4.904845987835982,807879,22203,785676
5098,4.903883876029815,807858,22203,785655
5099,4.902922141596392,807858,22203,785655
5100,4.901960784313726,807858,22203,785655
5101,4.900999803960008,807858,22203,785655
5102,4.900039200313603,807858,22203,785655
5103,4.899078973153047,807858,22203,785655
5104,4.898119122257054,807858,22203,785655
5105,4.897159647404505,807858,22203,785655
5106,4.896200548374462,807812,22203,785609
5107,4.895241824946153,807812,22203,785609
5108,4.894283476898982,807812,22203,785609
5109,4.893325504012527,807812,22203,785609
5110,4.892367906066537,807812,22203,785609
5111,4.891410682840931,807812,22203,785609
5112,4.890453834115806,807812,22203,785609
5113,4.8894973596714255,807812,22203,785609
5114,4.888541259288228,807812,22203,785609
5115,4.887585532746823,807812,22203,785609
5116,4.886630179827991,807812,22203,785609
5117,4.885675200312683,807812,22203,785609
5118,4.884720593982024,807194,22027,785167
5119,4.883766360617308,807194,22027,785167
5120,4.8828125,807194,22027,785167
5121,4.881859011911736,806245,22011,784234
5122,4.880905896134323,806245,22011,784234
5123,4.879953152449737,806245,22011,784234
5124,4.8790007806401245,806245,22011,784234
5125,4.878048780487805,806245,22011,784234
5126,4.8770971517752635,806245,22011,784234
5127,4.876145894285157,806245,22011,784234
5128,4.875195007800312,806245,22011,784234
5129,4.874244492103724,806245,22011,784234
5130,4.8732943469785575,804699,22011,782688
5131,4.872344572208147,804699,22011,782688
5132,4.871395167575994,804699,22011,782688
5133,4.87044613286577,804568,22011,782557
5134,4.869497467861317,804568,22011,782557
5135,4.868549172346641,804568,22011,782557
5136,4.867601246105919,804125,22011,782114
5137,4.866653688923496,804125,22011,782114
5138,4.865706500583885,804125,22011,782114
5139,4.864759680871765,804125,22011,782114
5140,4.863813229571984,804125,22011,782114
5141,4.862867146469559,804125,22011,782114
5142,4.8619214313496695,803775,22119,781656
5143,4.860976083997667,803775,22119,781656
5144,4.8600311041990665,803775,22119,781656
5145,4.859086491739553,803775,22119,781656
5146,4.858142246404975,802891,22119,780772
5147,4.857198367981348,802891,22119,780772
5148,4.856254856254856,802891,22119,780772
5149,4.855311711011847,802891,22119,780772
5150,4.854368932038835,802891,22119,780772
5151,4.8534265191225,802088,22071,780017
5152,4.85248447204969,802088,22071,780017
5153,4.851542790607414,802088,22071,780017
5154,4.850601474582848,802088,22071,780017
5155,4.849660523763337,802088,22071,780017
5156,4.848719937936385,801413,22071,779342
5157,4.847779716889664,801413,22071,779342
5158,4.846839860411012,801413,22071,779342
5159,4.845900368288428,801413,22071,779342
5160,4.844961240310077,801413,22071,779342
5161,4.84402247626429,801413,22071,779342
5162,4.843084075939558,801413,22071,779342
5163,4.84214603912454,801413,22071,779342
5164,4.841208365608056,801413,22071,779342
5165,4.84027105517909,801413,22071,779342
5166,4.83933410762679,801413,22071,779342
5167,4.838397522740468,801143,22121,779022
5168,4.837461300309598,801143,22121,779022
5169,4.836525440123815,801143,22121,779022
5170,4.835589941972921,801143,22121,779022
5171,4.834654805646877,801143,22121,779022
5172,4.833720030935808,801143,22121,779022
5173,4.832785617630002,801096,22121,778975
5174,4.831851565519907,801096,22121,778975
5175,4.830917874396135,801096,22121,778975
5176,4.829984544049459,801096,22121,778975
5177,4.829051574270813,801096,22121,778975
5178,4.828118964851294,801096,22121,778975
5179,4.827186715582159,801096,22121,778975
5180,4.826254826254826,801096,22121,778975
5181,4.825323296660876,801096,22121,778975
5182,4.824392126592049,801096,22121,778975
5183,4.823461315840247,800402,22316,778086
5184,4.822530864197531,800402,22316,778086
5185,4.821600771456123,800402,22316,778086
5186,4.820671037408407,798889,22316,776573
5187,4.819741661846925,798889,22316,776573
5188,4.818812644564379,798889,22316,776573
5189,4.817883985353633,798889,22316,776573
5190,4.8169556840077075,798889,22316,776573
5191,4.816027740319784,798889,22316,776573
5192,4.815100154083205,798889,22316,776573
5193,4.814172925091469,798889,22316,776573
5194,4.813246053138236,798889,22316,776573
5195,4.8123195380173245,798889,22316,776573
5196,4.81139337952271,798889,22316,776573
5197,4.810467577448528,798889,22316,776573
5198,4.8095421315890725,798889,22316,776573
5199,4.808617041738796,798889,22316,776573
5200,4.8076923076923075,798889,22316,776573
5201,4.806767929244376,798349,22316,776033
5202,4.805843906189927,798341,22316,776025
5203,4.804920238324044,798341,22316,776025
5204,4.803996925441968,798341,22316,776025
5205,4.803073967339097,798341,22316,776025
5206,4.802151363810987,798341,22316,776025
5207,4.801229114653351,798341,22316,776025
5208,4.800307219662058,798341,22316,776025
5209,4.799385678633135,798341,22316,776025
5210,4.798464491362764,798341,22316,776025
5211,4.797543657647284,797886,22316,775570
5212,4.796623177283193,797886,22316,775570
5213,4.79570305006714,797886,22316,775570
5214,4.794783275795934,797886,22316,775570
5215,4.793863854266539,797886,22316,775570
5216,4.792944785276074,797886,22316,775570
5217,4.792026068621813,797886,22316,775570
5218,4.791107704101188,797886,22316,775570
5219,4.790189691511784,797886,22316,775570
5220,4.789272030651341,797886,22316,775570
5221,4.788354721317755,797822,22316,775506
5222,4.787437763309077,797165,22316,774849
5223,4.786521156423511,797165,22316,774849
5224,4.785604900459418,797165,22316,774849
5225,4.784688995215311,797165,22316,774849
5226,4.783773440489858,797091,22516,774575
5227,4.782858236081882,797091,22516,774575
5228,4.781943381790359,797091,22516,774575
5229,4.781028877414419,797091,22516,774575
5230,4.780114722753346,797091,22516,774575
5231,4.779200917606576,797091,22516,774575
5232,4.7782874617737,797091,22516,774575
5233,4.777374355054462,797091,22516,774575
5234,4.776461597248758,797091,22516,774575
5235,4.775549188156638,797091,22516,774575
5236,4.774637127578304,797091,22516,774575
5237,4.773725415314111,797091,22516,774575
5238,4.772814051164566,797091,22516,774575
5239,4.771903034930331,797091,22516,774575
5240,4.770992366412214,797091,22516,774575
5241,4.770082045411181,797091,22516,774575
5242,4.769172071728348,797091,22516,774575
5243,4.768262445164982,797091,22516,774575
5244,4.767353165522502,797091,22516,774575
5245,4.7664442326024785,797049,22516,774533
5246,4.765535646206634,797049,22516,774533
5247,4.76462740613684,796401,22516,773885
5248,4.763719512195122,796353,22516,773837
5249,4.762811964183654,796353,22516,773837
5250,4.761904761904762,796353,22516,773837
5251,4.760997905160922,796353,22516,773837
5252,4.76009139375476,796353,22516,773837
5253,4.759185227489054,796353,22516,773837
5254,4.75827940616673,796353,22516,773837
5255,4.757373929590866,796353,22516,773837
5256,4.756468797564688,796353,22516,773837
5257,4.7555640098915735,796353,22516,773837
5258,4.7546595663750475,796353,22516,773837
5259,4.753755466818787,796353,22516,773837
5260,4.752851711026616,796353,22516,773837
5261,4.7519482988025095,796353,22516,773837
5262,4.751045229950589,795789,22516,773273
5263,4.750142504275129,795789,22516,773273
5264,4.749240121580547,795789,22516,773273
5265,4.748338081671415,794428,22548,771880
5266,4.74743638435245,794103,22496,771607
5267,4.746535029428517,794103,22496,771607
5268,4.745634016704631,794103,22496,771607
5269,4.7447333459859555,794103,22496,771607
5270,4.743833017077799,793795,22701,771094
5271,4.742933029785619,793795,22701,771094
5272,4.742033383915023,793795,22701,771094
5273,4.741134079271762,793795,22701,771094
5274,4.740235115661736,793795,22701,771094
5275,4.739336492890995,793795,22701,771094
5276,4.7384382107657315,793795,22701,771094
5277,4.737540269092287,793795,22701,771094
5278,4.736642667677151,793795,22701,771094
5279,4.735745406326956,793795,22701,771094
5280,4.734848484848484,791722,22701,769021
5281,4.733951903048665,791722,22701,769021
5282,4.73305566073457,791722,22701,769021
5283,4.73215975771342,791169,22599,768570
5284,4.7312641937925815,791169,22599,768570
5285,4.7303689687795645,791169,22599,768570
5286,4.729474082482028,791169,22599,768570
5287,4.728579534707774,791169,22599,768570
5288,4.72768532526475,791169,22599,768570
5289,4.726791453961051,791169,22599,768570
5290,4.725897920604915,791169,22599,768570
5291,4.725004725004725,791128,22689,768439
5292,4.72411186696901,791128,22689,768439
5293,4.7232193463064425,791032,22689,768343
5294,4.722327162825841,791029,22689,768340
5295,4.721435316336166,791029,22689,768340
5296,4.720543806646526,791029,22689,768340
5297,4.719652633566169,791029,22689,768340
5298,4.718761796904492,791029,22689,768340
5299,4.717871296471032,791029,22689,768340
5300,4.716981132075472,790852,22689,768163
5301,4.716091303527636,790852,22689,768163
5302,4.715201810637495,790852,22689,768163
5303,4.714312653215162,790852,22689,768163
5304,4.71342383107089,790852,22689,768163
5305,4.71253534401508,790852,22689,768163
5306,4.711647191858273,790852,22689,768163
5307,4.710759374411155,790852,22689,768163
5308,4.709871891484552,790852,22689,768163
5309,4.708984742889433,790852,22689,768163
5310,4.708097928436912,790750,22689,768061
5311,4.707211447938241,790750,22689,768061
5312,4.706325301204819,790750,22689,768061
5313,4.705439488048183,790750,22689,768061
5314,4.704554008280015,790750,22689,768061
5315,4.703668861712136,790750,22689,768061
5316,4.702784048156508,790750,22689,768061
5317,4.70189956742524,790750,22689,768061
5318,4.7010154193305755,790750,22689,768061
5319,4.700131603684903,789914,22706,767208
5320,4.6992481203007515,789914,22706,767208
5321,4.698364968990791,789914,22706,767208
5322,4.697482149567832,789914,22706,767208
5323,4.696599661844824,789914,22706,767208
5324,4.695717505634861,788859,22706,766153
5325,4.694835680751174,788859,22706,766153
5326,4.693954187007135,788859,22706,766153
5327,4.693073024216257,788859,22706,766153
5328,4.692192192192192,788859,22706,766153
5329,4.6913116907487336,788859,22706,766153
5330,4.690431519699812,788859,22706,766153
5331,4.689551678859501,787573,22743,764830
5332,4.688672168042011,787573,22743,764830
5333,4.687792987061691,787573,22743,764830
5334,4.6869141357330335,787573,22743,764830
5335,4.686035613870666,787573,22743,764830
5336,4.685157421289356,787573,22743,764830
5337,4.68427955780401,787573,22743,764830
5338,4.683402023229674,787573,22743,764830
5339,4.682524817381532,787573,22743,764830
5340,4.681647940074907,786758,22743,764015
5341,4.6807713911252575,786573,22743,763830
5342,4.679895170348185,786573,22743,763830
5343,4.679019277559424,786442,22743,763699
5344,4.67814371257485,786442,22743,763699
5345,4.677268475210477,786442,22743,763699
5346,4.676393565282454,786442,22743,763699
5347,4.67551898260707,786442,22743,763699
5348,4.674644727000748,786442,22743,763699
5349,4.673770798280052,786442,22743,763699
5350,4.672897196261682,785781,22743,763038
5351,4.6720239207624745,785781,22743,763038
5352,4.671150971599402,785781,22743,763038
5353,4.670278348589576,785781,22743,763038
5354,4.669406051550243,785781,22743,763038
5355,4.6685340802987865,785781,22743,763038
5356,4.667662434652726,785781,22743,763038
5357,4.666791114429718,785781,22743,763038
5358,4.665920119447555,785781,22743,763038
5359,4.665049449524165,785781,22743,763038
5360,4.664179104477612,785781,22743,763038
5361,4.663309084126096,785781,22743,763038
5362,4.662439388287952,785781,22743,763038
5363,4.661570016781652,785781,22743,763038
5364,4.660700969425801,785781,22743,763038
5365,4.659832246039143,785781,22743,763038
5366,4.658963846440551,785781,22743,763038
5367,4.65809577044904,785781,22743,763038
5368,4.657228017883756,785781,22743,763038
5369,4.656360588563978,785781,22743,763038
5370,4.655493482309125,785781,22743,763038
5371,4.6546266989387455,785781,22743,763038
5372,4.6537602382725245,785781,22743,763038
5373,4.652894100130281,785781,22743,763038
5374,4.652028284331969,785781,22743,763038
5375,4.651162790697675,785781,22743,763038
5376,4.650297619047619,785781,22743,763038
5377,4.649432769202157,785781,22743,763038
5378,4.648568240981778,785781,22743,763038
5379,4.647704034207102,785781,22743,763038
5380,4.646840148698884,785767,22743,763024
5381,4.645976584278015,785767,22743,763024
5382,4.645113340765515,785767,22743,763024
5383,4.644250417982538,785767,22743,763024
5384,4.643387815750372,785767,22743,763024
5385,4.642525533890437,785567,22743,762824
5386,4.641663572224285,785567,22743,762824
5387,4.640801930573603,784527,22743,761784
5388,4.639940608760208,784527,22743,761784
5389,4.63907960660605,784527,22743,761784
5390,4.638218923933209,784527,22743,761784
5391,4.637358560563903,784204,22743,761461
5392,4.636498516320475,784204,22743,761461
5393,4.6356387910254035,784204,22743,761461
5394,4.6347793845012975,784204,22743,761461
5395,4.633920296570899,784204,22743,761461
5396,4.633061527057079,784204,22743,761461
5397,4.632203075782843,784204,22743,761461
5398,4.631344942571323,784204,22743,761461
5399,4.630487127245786,784204,22743,761461
5400,4.62962962962963,784204,22743,761461
5401,4.62877244954638,784204,22743,761461
5402,4.627915586819697,784031,22773,761258
5403,4.627059041273367,783934,22773,761161
5404,4.62620281273131,783859,22717,761142
5405,4.6253469010175765,783859,22717,761142
5406,4.624491305956345,783859,22717,761142
5407,4.6236360273719255,783859,22717,761142
5408,4.622781065088757,783859,22717,761142
5409,4.621926418931411,783859,22717,761142
5410,4.621072088724584,783859,22717,761142
5411,4.620218074293106,783859,22717,761142
5412,4.619364375461936,783859,22717,761142
5413,4.618510992056161,783859,22717,761142
5414,4.617657923900998,782084,22717,759367
5415,4.616805170821792,782084,22717,759367
5416,4.6159527326440175,782084,22717,759367
5417,4.615100609193281,782084,22717,759367
5418,4.614248800295312,782084,22717,759367
5419,4.613397305775973,781794,22717,759077
5420,4.612546125461255,781794,22717,759077
5421,4.6116952591772735,781794,22717,759077
5422,4.610844706750276,781794,22717,759077
5423,4.609994468006638,781681,22717,758964
5424,4.609144542772861,781681,22717,758964
5425,4.608294930875576,781681,22717,758964
5426,4.607445632141541,781681,22717,758964
5427,4.606596646397642,781145,22713,758432
5428,4.6057479734708915,781145,22713,758432
5429,4.604899613188432,781145,22713,758432
5430,4.6040515653775325,780022,22713,757309
5431,4.603203829865587,780022,22713,757309
5432,4.6023564064801175,780022,22713,757309
5433,4.601509295048776,780022,22713,757309
5434,4.600662495399337,780022,22713,757309
5435,4.599816007359705,780022,22713,757309
5436,4.59896983075791,780022,22713,757309
5437,4.598123965422108,780022,22713,757309
5438,4.597278411180581,780022,22713,757309
5439,4.596433167861739,780022,22713,757309
5440,4.595588235294118,780022,22713,757309
5441,4.5947436133063775,780022,22713,757309
5442,4.593899301727306,780022,22713,757309
5443,4.593055300385816,780022,22713,757309
5444,4.592211609110948,780022,22713,757309
5445,4.591368227731864,779566,22713,756853
5446,4.590525156077855,779566,22713,756853
5447,4.589682393978337,779566,22713,756853
5448,4.588839941262849,779566,22713,756853
5449,4.587997797761057,779566,22713,756853
5450,4.587155963302752,779508,22727,756781
5451,4.58631443771785,779508,22727,756781
5452,4.58547322083639,779508,22727,756781
5453,4.584632312488538,779508,22727,756781
5454,4.583791712504584,779508,22727,756781
5455,4.582951420714941,779508,22727,756781
5456,4.5821114369501466,779508,22727,756781
5457,4.581271761040865,779110,22727,756383
5458,4.580432392817882,779110,22727,756383
5459,4.5795933321121085,779110,22727,756383
5460,4.5787545787545785,779110,22727,756383
5461,4.577916132576451,778909,22727,756182
5462,4.577077993409008,778909,22727,756182
5463,4.576240161083653,778909,22727,756182
5464,4.575402635431918,778909,22727,756182
5465,4.574565416285453,778909,22727,756182
5466,4.573728503476033,778909,22727,756182
5467,4.572891896835559,778909,22727,756182
5468,4.57205559619605,778909,22727,756182
5469,4.571219601389651,778909,22727,756182
5470,4.570383912248629,778909,22727,756182
5471,4.569548528605374,778352,22727,755625
5472,4.568713450292398,778352,22727,755625
5473,4.567878677142335,778352,22727,755625
5474,4.567044208987943,778352,22727,755625
5475,4.566210045662101,778352,22727,755625
5476,4.565376186997809,778352,22727,755625
5477,4.56454263282819,778086,22727,755359
5478,4.563709382986492,778086,22727,755359
5479,4.562876437306078,778086,22727,755359
5480,4.562043795620438,778086,22727,755359
5481,4.561211457763182,778086,22727,755359
5482,4.560379423568041,778086,22727,755359
5483,4.559547692868867,778086,22727,755359
5484,4.558716265499635,778086,22727,755359
5485,4.557885141294439,778086,22727,755359
5486,4.557054320087495,778086,22727,755359
5487,4.5562238017131405,778086,22727,755359
5488,4.555393586005831,778086,22727,755359
5489,4.554563672800146,778086,22727,755359
5490,4.553734061930784,778086,22727,755359
5491,4.552904753232562,778086,22727,755359
5492,4.552075746540423,778086,22727,755359
5493,4.551247041689423,778086,22727,755359
5494,4.550418638514743,778086,22727,755359
5495,4.549590536851683,778086,22727,755359
5496,4.548762736535663,778086,22727,755359
5497,4.5479352374022195,778086,22727,755359
5498,4.547108039287013,778086,22727,755359
5499,4.546281142025823,778086,22727,755359
5500,4.545454545454546,778086,22727,755359
5501,4.5446282494091985,778086,22727,755359
5502,4.543802253725918,778086,22727,755359
5503,4.54297655824096,778086,22727,755359
5504,4.542151162790698,778086,22727,755359
5505,4.541326067211626,778086,22727,755359
5506,4.540501271340356,778086,22727,755359
5507,4.539676775013619,778086,22727,755359
5508,4.538852578068265,778086,22727,755359
5509,4.5380286803412595,778086,22727,755359
5510,4.537205081669692,778086,22727,755359
5511,4.536381781890764,777846,22727,755119
5512,4.5355587808418,777846,22727,755119
5513,4.53473607836024,777846,22727,755119
5514,4.5339136742836414,777846,22727,755119
5515,4.533091568449683,777846,22727,755119
5516,4.532269760696157,777846,22727,755119
5517,4.531448250860975,777846,22727,755119
5518,4.530627038782168,777846,22727,755119
5519,4.52980612429788,777846,22727,755119
5520,4.528985507246377,777846,22727,755119
5521,4.528165187466039,777846,22727,755119
5522,4.527345164795364,777846,22727,755119
5523,4.526525439072968,775767,22727,753040
5524,4.525706010137582,775767,22727,753040
5525,4.524886877828054,775767,22727,753040
5526,4.524068041983352,775767,22727,753040
5527,4.523249502442555,775767,22727,753040
5528,4.522431259044862,775767,22727,753040
5529,4.521613311629589,775767,22727,753040
5530,4.520795660036167,775767,22727,753040
5531,4.51997830410414,774783,22727,752056
5532,4.5191612436731745,774783,22727,752056
5533,4.518344478583047,774783,22727,752056
5534,4.517528008673653,774783,22727,752056
5535,4.5167118337850045,774783,22727,752056
5536,4.515895953757226,774783,22727,752056
5537,4.515080368430558,774783,22727,752056
5538,4.5142650776453594,774783,22727,752056
5539,4.513450081242102,774783,22727,752056
5540,4.512635379061372,774783,22727,752056
5541,4.511820970943873,774783,22727,752056
5542,4.511006856730422,774783,22727,752056
5543,4.510193036261952,774783,22727,752056
5544,4.509379509379509,774783,22727,752056
5545,4.508566275924256,774783,22727,752056
5546,4.507753335737468,774783,22727,752056
5547,4.506940688660538,774783,22727,752056
5548,4.506128334534967,774783,22727,752056
5549,4.505316273202379,774783,22727,752056
5550,4.504504504504505,774724,22727,751997
5551,4.503693028283192,774724,22727,751997
5552,4.502881844380403,774724,22727,751997
5553,4.502070952638213,774724,22727,751997
5554,4.501260352898812,774724,22727,751997
5555,4.5004500450045,774724,22727,751997
5556,4.499640028797696,774724,22727,751997
5557,4.498830304120928,774724,22727,751997
5558,4.49802087081684,774724,22727,751997
5559,4.497211728728188,774724,22727,751997
5560,4.496402877697841,774724,22727,751997
5561,4.4955943175687825,774724,22727,751997
5562,4.494786048184107,774458,22657,751801
5563,4.493978069387022,774458,22657,751801
5564,4.493170381020848,773672,22894,750778
5565,4.492362982929021,773672,22894,750778
5566,4.491555874955084,773672,22894,750778
5567,4.490749056942698,771846,22966,748880
5568,4.489942528735632,771846,22966,748880
5569,4.48913629017777,771846,22966,748880
5570,4.488330341113106,771846,22966,748880
5571,4.4875246813857474,771846,22966,748880
5572,4.486719310839914,771846,22966,748880
5573,4.485914229319936,771846,22966,748880
5574,4.485109436670255,771746,22993,748753
5575,4.484304932735426,771690,22993,748697
5576,4.483500717360115,771045,22993,748052
5577,4.482696790389098,771045,22993,748052
5578,4.481893151667264,771045,22993,748052
5579,4.481089801039613,771045,22993,748052
5580,4.480286738351254,769719,23131,746588
5581,4.479483963447411,769719,23131,746588
5582,4.478681476173414,769719,23131,746588
5583,4.477879276374709,769719,23131,746588
5584,4.477077363896848,769719,23131,746588
5585,4.476275738585497,769719,23131,746588
5586,4.47547440028643,769719,23131,746588
5587,4.474673348845534,769719,23131,746588
5588,4.473872584108805,769719,23131,746588
5589,4.4730721059223475,769719,23131,746588
5590,4.47227191413238,769719,23131,746588
5591,4.471472008585226,769719,23131,746588
5592,4.470672389127325,769719,23131,746588
5593,4.469873055605221,769719,23131,746588
5594,4.46907400786557,769318,23131,746187
5595,4.468275245755138,769243,23131,746112
5596,4.4674767691208,769243,23131,746112
5597,4.466678577809541,769243,23131,746112
5598,4.465880671668453,769243,23131,746112
5599,4.46508305054474,769243,23131,746112
5600,4.464285714285714,769243,23131,746112
5601,4.463488662738797,769243,23131,746112
5602,4.462691895751517,768821,23067,745754
5603,4.461895413171515,768821,23067,745754
5604,4.461099214846538,768821,23067,745754
5605,4.460303300624442,768821,23067,745754
5606,4.459507670353193,768821,23067,745754
5607,4.458712323880863,768821,23067,745754
5608,4.457917261055635,768821,23067,745754
5609,4.457122481725798,768821,23067,745754
5610,4.45632798573975,768821,23067,745754
5611,4.455533772945999,768821,23067,745754
5612,4.454739843193157,768075,23019,745056
5613,4.453946196329948,768075,23019,745056
5614,4.453152832205201,766443,23019,743424
5615,4.452359750667854,766443,23019,743424
5616,4.451566951566951,766443,23019,743424
5617,4.450774434751647,766443,23019,743424
5618,4.4499822000712,766443,23019,743424
5619,4.449190247374978,766443,23019,743424
5620,4.448398576512456,766443,23019,743424
5621,4.447607187333214,766443,23019,743424
5622,4.446816079686944,766443,23019,743424
5623,4.446025253423439,765539,23019,742520
5624,4.445234708392603,765539,23019,742520
5625,4.444444444444445,765539,23019,742520
5626,4.443654461429079,765539,23019,742520
5627,4.44286475919673,764748,23019,741729
5628,4.442075337597726,764748,23019,741729
5629,4.441286196482501,764714,23019,741695
5630,4.440497335701599,764714,23019,741695
5631,4.439708755105665,764714,23019,741695
5632,4.438920454545454,764714,23019,741695
5633,4.438132433871827,764571,23019,741552
5634,4.437344692935747,764571,23019,741552
5635,4.436557231588288,764571,23019,741552
5636,4.435770049680625,764571,23019,741552
5637,4.434983147064041,764571,23019,741552
5638,4.434196523589925,764571,23019,741552
5639,4.433410179109771,764571,23019,741552
5640,4.432624113475177,764571,23019,741552
5641,4.431838326537848,764571,23019,741552
5642,4.431052818149593,764571,23019,741552
5643,4.430267588162325,764571,23019,741552
5644,4.429482636428065,764571,23019,741552
5645,4.428697962798937,764571,23019,741552
5646,4.427913567127169,764571,23019,741552
5647,4.427129449265096,764571,23019,741552
5648,4.426345609065156,764571,23019,741552
5649,4.42556204637989,764571,23019,741552
5650,4.424778761061947,764571,23019,741552
5651,4.423995752964077,764571,23019,741552
5652,4.423213021939136,764571,23019,741552
5653,4.422430567840085,764571,23019,741552
5654,4.4216483905199855,764571,23019,741552
5655,4.420866489832007,764120,23029,741091
5656,4.42008486562942,764120,23029,741091
5657,4.4193035177656,763096,23029,740067
5658,4.418522446094026,763096,23029,740067
5659,4.4177416504682805,763096,23029,740067
5660,4.41696113074205,763096,23029,740067
5661,4.416180886769122,763096,23029,740067
5662,4.415400918403391,763053,23029,740024
5663,4.414621225498852,763053,23029,740024
5664,4.413841807909605,763053,23029,740024
5665,4.41306266548985,763053,23029,740024
5666,4.412283798093894,763053,23029,740024
5667,4.411505205576143,763053,23029,740024
5668,4.410726887791108,763053,23029,740024
5669,4.409948844593402,763053,23029,740024
5670,4.409171075837743,763053,23029,740024
5671,4.408393581378945,762922,23034,739888
5672,4.407616361071932,762922,23034,739888
5673,4.406839414771726,762922,23034,739888
5674,4.406062742333451,762922,23034,739888
5675,4.405286343612334,762922,23034,739888
5676,4.404510218463707,762922,23034,739888
5677,4.403734366742998,762832,23034,739798
5678,4.4029587883057415,761494,23034,738460
5679,4.402183483007572,761494,23034,738460
5680,4.401408450704225,760489,22947,737542
5681,4.4006336912515405,760489,22947,737542
5682,4.399859204505455,760489,22947,737542
5683,4.399084990322013,760489,22947,737542
5684,4.398311048557354,760489,22947,737542
5685,4.397537379067722,760489,22947,737542
5686,4.396763981709462,760489,22947,737542
5687,4.395990856339019,760489,22947,737542
5688,4.39521800281294,760489,22947,737542
5689,4.394445420987871,760489,22947,737542
5690,4.393673110720562,759638,22947,736691
5691,4.392901071867861,759638,22947,736691
5692,4.392129304286718,759638,22947,736691
5693,4.391357807834182,759638,22947,736691
5694,4.390586582367404,759638,22947,736691
5695,4.389815627743634,759638,22947,736691
5696,4.389044943820225,759638,22947,736691
5697,4.388274530454625,759638,22947,736691
5698,4.3875043875043875,759638,22947,736691
5699,4.386734514827163,759638,22947,736691
5700,4.385964912280702,759638,22947,736691
5701,4.385195579722856,759638,22947,736691
5702,4.384426517011575,759638,22947,736691
5703,4.38365772400491,759638,22947,736691
5704,4.38288920056101,759638,22947,736691
5705,4.382120946538125,759638,22947,736691
5706,4.381352961794602,759638,22947,736691
5707,4.380585246188891,759638,22947,736691
5708,4.379817799579538,759107,22967,736140
5709,4.379050621825188,759107,22967,736140
5710,4.378283712784588,759107,22967,736140
5711,4.377517072316582,757088,22967,734121
5712,4.3767507002801125,757088,22967,734121
5713,4.37598459653422,757088,22967,734121
5714,4.375218760938047,757088,22967,734121
5715,4.374453193350831,757088,22967,734121
5716,4.37368789363191,756976,22967,734009
5717,4.3729228616407205,756976,22967,734009
5718,4.372158097236796,756976,22967,734009
5719,4.371393600279769,756979,22967,734012
5720,4.370629370629371,756979,22967,734012
5721,4.369865408145429,756979,22967,734012
5722,4.369101712687871,756979,22967,734012
5723,4.368338284116722,755994,22888,733106
5724,4.367575122292103,755994,22888,733106
5725,4.366812227074236,754827,22888,731939
5726,4.366049598323437,754827,22888,731939
5727,4.365287235900122,754827,22888,731939
5728,4.364525139664805,754827,22888,731939
5729,4.363763309478094,754827,22888,731939
5730,4.363001745200698,754827,22888,731939
5731,4.362240446693422,754827,22888,731939
5732,4.361479413817166,751932,22888,729044
5733,4.360718646432932,751932,22888,729044
5734,4.359958144401814,751932,22888,729044
5735,4.3591979075850045,751932,22888,729044
5736,4.358437935843794,751932,22888,729044
5737,4.357678229039568,751932,22888,729044
5738,4.35691878703381,751932,22888,729044
5739,4.356159609688099,751932,22888,729044
5740,4.355400696864112,751932,22888,729044
5741,4.35464204842362,751932,22888,729044
5742,4.3538836642284915,751932,22888,729044
5743,4.353125544140693,751932,22888,729044
5744,4.352367688022284,750996,22888,728108
5745,4.351610095735422,750996,22888,728108
5746,4.35085276714236,750839,22888,727951
5747,4.350095702105446,750839,22888,727951
5748,4.349338900487126,750839,22888,727951
5749,4.348582362149939,750839,22888,727951
5750,4.3478260869565215,750839,22888,727951
5751,4.347070074769605,750839,22888,727951
5752,4.346314325452017,750839,22888,727951
5753,4.345558838866678,750825,22888,727937
5754,4.344803614876607,750431,22888,727543
5755,4.344048653344918,750431,22888,727543
5756,4.343293954134816,750431,22888,727543
5757,4.342539517109605,750431,22888,727543
5758,4.341785342132685,750431,22888,727543
5759,4.341031429067546,750431,22888,727543
5760,4.340277777777778,750431,22888,727543
5761,4.339524388127061,750327,22876,727451
5762,4.338771259979174,749607,22867,726740
5763,4.338018393197987,749607,22867,726740
5764,4.337265787647467,749607,22867,726740
5765,4.336513443191674,749607,22867,726740
5766,4.335761359694763,749607,22867,726740
5767,4.335009537020982,749607,22867,726740
5768,4.334257975034674,749607,22867,726740
5769,4.333506673600278,749607,22867,726740
5770,4.332755632582322,749607,22867,726740
5771,4.332004851845434,749607,22867,726740
5772,4.331254331254331,749607,22867,726740
5773,4.330504070673826,749607,22867,726740
5774,4.329754069968826,749607,22867,726740
5775,4.329004329004329,749607,22867,726740
5776,4.32825484764543,749607,22867,726740
5777,4.327505625757314,749607,22867,726740
5778,4.326756663205261,749403,22531,726872
5779,4.326007959854646,749164,22490,726674
5780,4.325259515570934,749164,22490,726674
5781,4.324511330219686,749164,22490,726674
5782,4.323763403666551,749164,22490,726674
5783,4.323015735777278,749164,22490,726674
5784,4.322268326417704,749164,22490,726674
5785,4.32152117545376,749164,22490,726674
5786,4.3207742827514695,749164,22490,726674
5787,4.320027648176948,749164,22490,726674
5788,4.319281271596406,749164,22490,726674
5789,4.318535152876144,749164,22490,726674
5790,4.317789291882556,748714,22490,726224
5791,4.317043688482127,748714,22490,726224
5792,4.316298342541437,748714,22490,726224
5793,4.3155532539271535,748299,22490,725809
5794,4.314808422506041,748299,22490,725809
5795,4.3140638481449525,748299,22490,725809
5796,4.313319530710835,748299,22490,725809
5797,4.312575470070726,748299,22490,725809
5798,4.311831666091756,748299,22490,725809
5799,4.311088118641145,748299,22490,725809
5800,4.310344827586207,747511,22970,724541
5801,4.3096017927943455,747259,22778,724481
5802,4.308859014133057,747259,22778,724481
5803,4.30811649146993,747259,22778,724481
5804,4.30737422467264,747259,22778,724481
5805,4.306632213608958,745261,22674,722587
5806,4.305890458146744,744674,22674,722000
5807,4.305148958153952,744674,22674,722000
5808,4.304407713498622,744674,22674,722000
5809,4.30366672404889,744674,22674,722000
5810,4.3029259896729775,744674,22674,722000
5811,4.302185510239202,744674,22674,722000
5812,4.301445285615967,744674,22674,722000
5813,4.30070531567177,744674,22674,722000
5814,4.299965600275198,744674,22674,722000
5815,4.299226139294927,744674,22674,722000
5816,4.298486932599725,744674,22674,722000
5817,4.29774798005845,744674,22674,722000
5818,4.297009281540048,744674,22674,722000
5819,4.296270836913559,744674,22674,722000
5820,4.29553264604811,744674,22674,722000
5821,4.294794708812919,744674,22674,722000
5822,4.294057025077293,744674,22674,722000
5823,4.29331959471063,744674,22674,722000
5824,4.292582417582418,744674,22674,722000
5825,4.291845493562231,744674,22674,722000
5826,4.291108822519739,744674,22674,722000
5827,4.290372404324695,744462,22674,721788
5828,4.289636238846946,744462,22674,721788
5829,4.2889003259564245,744462,22674,721788
5830,4.288164665523156,744141,22766,721375
5831,4.287429257417252,743748,22732,721016
5832,4.286694101508917,743748,22732,721016
5833,4.285959197668438,743748,22732,721016
5834,4.285224545766198,743748,22732,721016
5835,4.284490145672665,743748,22732,721016
5836,4.283755997258396,743748,22732,721016
5837,4.283022100394038,743684,22732,720952
5838,4.282288454950326,743684,22732,720952
5839,4.281555060798082,743684,22732,720952
5840,4.280821917808219,743684,22732,720952
5841,4.280089025851738,743684,22732,720952
5842,4.279356384799726,743684,22732,720952
5843,4.278623994523361,743684,22732,720952
5844,4.277891854893908,743684,22732,720952
5845,4.277159965782721,743684,22732,720952
5846,4.276428327061239,743684,22732,720952
5847,4.2756969386009915,743684,22732,720952
5848,4.2749658002735975,743684,22732,720952
5849,4.274234911950761,743684,22732,720952
5850,4.273504273504273,743561,22732,720829
5851,4.272773884806016,743561,22732,720829
5852,4.272043745727956,743561,22732,720829
5853,4.271313856142149,743561,22732,720829
5854,4.270584215920738,743561,22732,720829
5855,4.269854824935952,743561,22732,720829
5856,4.26912568306011,743561,22732,720829
5857,4.268396790165614,743561,22732,720829
5858,4.267668146124957,743517,22732,720785
5859,4.266939750810718,743517,22732,720785
5860,4.266211604095563,743517,22732,720785
5861,4.265483705852244,743517,22732,720785
5862,4.264756055953599,743517,22732,720785
5863,4.264028654272557,743517,22732,720785
5864,4.263301500682128,743517,22732,720785
5865,4.262574595055414,743517,22732,720785
5866,4.261847937265598,743517,22732,720785
5867,4.2611215271859555,743517,22732,720785
5868,4.260395364689844,743517,22732,720785
5869,4.2596694496507075,743517,22732,720785
5870,4.258943781942079,743214,22732,720482
5871,4.258218361437574,743214,22732,720482
5872,4.2574931880108995,743214,22732,720482
5873,4.256768261535842,743214,22732,720482
5874,4.256043581886279,741939,22732,719207
5875,4.25531914893617,741939,22732,719207
5876,4.2545949625595645,741939,22732,719207
5877,4.253871022630594,741939,22732,719207
5878,4.253147329023477,741939,22732,719207
5879,4.252423881612519,741348,22633,718715
5880,4.2517006802721085,740726,22369,718357
5881,4.250977724876722,740726,22369,718357
5882,4.250255015300918,740726,22369,718357
5883,4.249532551419344,740726,22369,718357
5884,4.24881033310673,740726,22369,718357
5885,4.248088360237893,740726,22369,718357
5886,4.247366632687734,740726,22369,718357
5887,4.246645150331238,740726,22369,718357
5888,4.2459239130434785,740726,22369,718357
5889,4.24520292069961,740726,22369,718357
5890,4.244482173174872,740726,22369,718357
5891,4.243761670344593,740726,22369,718357
5892,4.243041412084182,740726,22369,718357
5893,4.242321398269133,740726,22369,718357
5894,4.241601628775025,740726,22369,718357
5895,4.2408821034775235,740272,22369,717903
5896,4.240162822252374,740272,22369,717903
5897,4.239443784975411,739662,22369,717293
5898,4.23872499152255,739662,22369,717293
5899,4.238006441769792,739662,22369,717293
5900,4.237288135593221,739662,22369,717293
5901,4.236570072869005,739662,22369,717293
5902,4.235852253473399,739586,22369,717217
5903,4.235134677282738,739586,22369,717217
5904,4.234417344173441,739586,22369,717217
5905,4.233700254022016,739586,22369,717217
5906,4.232983406705046,739400,22390,717010
5907,4.232266802099204,739400,22390,717010
5908,4.231550440081246,739400,22390,717010
5909,4.230834320528008,739400,22390,717010
5910,4.230118443316413,739400,22390,717010
5911,4.2294028083234645,738461,21088,717373
5912,4.2286874154262515,738461,21088,717373
5913,4.227972264501945,738461,21088,717373
5914,4.227257355427798,738461,21088,717373
5915,4.22654268808115,738461,21088,717373
5916,4.2258282623394186,738461,21088,717373
5917,4.225114078080108,738461,21088,717373
5918,4.2244001351808045,738461,21088,717373
5919,4.223686433519176,738461,21088,717373
5920,4.222972972972973,737602,21154,716448
5921,4.222259753420031,737602,21154,716448
5922,4.221546774738264,737602,21154,716448
5923,4.220834036805673,737602,21154,716448
5924,4.2201215395003375,737602,21154,716448
5925,4.219409282700422,737602,21154,716448
5926,4.218697266284171,737602,21154,716448
5927,4.217985490129914,737357,21154,716203
5928,4.2172739541160595,737357,21154,716203
5929,4.2165626581210995,737357,21154,716203
5930,4.2158516020236085,737357,21154,716203
5931,4.215140785702243,737320,21119,716201
5932,4.214430209035738,737320,21119,716201
5933,4.213719871902916,737320,21119,716201
5934,4.213009774182676,737008,21096,715912
5935,4.212299915754001,737008,21096,715912
5936,4.211590296495957,737008,21096,715912
5937,4.210880916287687,737008,21096,715912
5938,4.21017177500842,737008,21096,715912
5939,4.209462872537464,737008,21096,715912
5940,4.2087542087542085,737008,21096,715912
5941,4.208045783538125,737008,21096,715912
5942,4.207337596768765,737008,21096,715912
5943,4.2066296483257615,737008,21096,715912
5944,4.205921938088829,737008,21096,715912
5945,4.205214465937763,737008,21096,715912
5946,4.204507231752439,737008,21096,715912
5947,4.203800235412813,737008,21096,715912
5948,4.203093476798924,737008,21096,715912
5949,4.202386955790889,737008,21096,715912
5950,4.201680672268908,737008,21096,715912
5951,4.200974626113259,737008,21096,715912
5952,4.200268817204301,737008,21096,715912
5953,4.1995632454224765,737008,21096,715912
5954,4.198857910648304,736794,21063,715731
5955,4.198152812762385,736794,21063,715731
5956,4.197447951645399,736794,21063,715731
5957,4.19674332717811,736794,21063,715731
5958,4.196038939241356,736794,21063,715731
5959,4.195334787716059,736794,21063,715731
5960,4.194630872483222,736794,21063,715731
5961,4.193927193423922,736794,21063,715731
5962,4.193223750419322,736794,21063,715731
5963,4.192520543350662,736794,21063,715731
5964,4.1918175720992625,736794,21063,715731
5965,4.191114836546522,736794,21063,715731
5966,4.190412336573919,736794,21063,715731
5967,4.189710072063013,736794,21063,715731
5968,4.189008042895442,736794,21063,715731
5969,4.188306248952923,736794,21063,715731
5970,4.187604690117253,735974,21063,714911
5971,4.186903366270307,735974,21063,714911
5972,4.186202277294039,735974,21063,714911
5973,4.185501423070484,735974,21063,714911
5974,4.184800803481754,735974,21063,714911
5975,4.184100418410042,735974,21063,714911
5976,4.183400267737617,735974,21063,714911
5977,4.1827003513468295,735974,21063,714911
5978,4.182000669120107,735974,21063,714911
5979,4.1813012209399565,735974,21063,714911
5980,4.1806020066889635,735974,21063,714911
5981,4.179903026249791,735444,21063,714381
5982,4.179204279505182,735444,21063,714381
5983,4.178505766337958,735444,21063,714381
5984,4.177807486631016,735444,21063,714381
5985,4.177109440267335,735444,21063,714381
5986,4.17641162712997,735444,21063,714381
5987,4.175714047102055,735444,21063,714381
5988,4.1750167000668,735444,21063,714381
5989,4.174319585907497,735444,21063,714381
5990,4.173622704507513,735444,21063,714381
5991,4.172926055750292,735444,21063,714381
5992,4.172229639519359,735444,21063,714381
5993,4.171533455698315,735444,21063,714381
5994,4.170837504170837,735066,20946,714120
5995,4.170141784820684,735066,20946,714120
5996,4.169446297531688,735066,20946,714120
5997,4.16875104218776,735066,20946,714120
5998,4.168056018672891,735066,20946,714120
5999,4.1673612268711455,734969,20946,714023
6000,4.166666666666667,734969,20946,714023
6001,4.165972337943676,734969,20946,714023
6002,4.1652782405864714,734969,20946,714023
6003,4.164584374479427,734541,20826,713715
6004,4.1638907395069955,734541,20826,713715
6005,4.163197335553705,734472,20539,713933
6006,4.162504162504162,734472,20539,713933
6007,4.16181122024305,734403,20539,713864
6008,4.161118508655126,734403,20539,713864
6009,4.1604260276252285,734403,20539,713864
6010,4.159733777038269,734403,20539,713864
6011,4.159041756779238,734403,20539,713864
6012,4.1583499667332005,734403,20539,713864
6013,4.157658406785298,734403,20539,713864
6014,4.156967076820751,734238,20541,713697
6015,4.156275976724855,734238,20541,713697
6016,4.155585106382978,734238,20541,713697
6017,4.154894465680572,734238,20541,713697
6018,4.1542040545031576,734238,20541,713697
6019,4.153513872736335,734238,20541,713697
6020,4.152823920265781,734238,20541,713697
6021,4.152134196977246,734238,20541,713697
6022,4.151444702756559,734127,20541,713586
6023,4.150755437489623,734127,20541,713586
6024,4.150066401062417,734127,20541,713586
6025,4.149377593360996,734127,20541,713586
6026,4.14868901427149,734127,20541,713586
6027,4.148000663680106,734127,20541,713586
6028,4.147312541473125,734127,20541,713586
6029,4.146624647536905,734127,20541,713586
6030,4.1459369817578775,734127,20541,713586
6031,4.14524954402255,734127,20541,713586
6032,4.144562334217507,734127,20541,713586
6033,4.143875352229405,734127,20541,713586
6034,4.143188597944978,734127,20541,713586
6035,4.142502071251036,734127,20541,713586
6036,4.14181577203446,734127,20541,713586
6037,4.141129700182209,734127,20541,713586
6038,4.140443855581318,734127,20541,713586
6039,4.139758238118894,734127,20541,713586
6040,4.139072847682119,734127,20541,713586
6041,4.138387684158252,734127,20541,713586
6042,4.137702747434624,734127,20541,713586
6043,4.137018037398643,734127,20541,713586
6044,4.1363335539377895,734127,20541,713586
6045,4.1356492969396195,734127,20541,713586
6046,4.134965266291763,734127,20541,713586
6047,4.134281461881925,734085,20541,713544
6048,4.133597883597884,734085,20541,713544
6049,4.132914531327492,734085,20541,713544
6050,4.132231404958677,734085,20541,713544
6051,4.131548504379442,734085,20541,713544
6052,4.130865829477859,733984,20541,713443
6053,4.130183380142078,733984,20541,713443
6054,4.129501156260324,733984,20541,713443
6055,4.1288191577208915,733984,20541,713443
6056,4.128137384412153,732329,20541,711788
6057,4.127455836222553,732329,20541,711788
6058,4.1267745130406075,732329,20541,711788
6059,4.12609341475491,732329,20541,711788
6060,4.125412541254126,732329,20541,711788
6061,4.1247318924269925,732220,20541,711679
6062,4.124051468162323,732220,20541,711679
6063,4.123371268349002,732220,20541,711679
6064,4.12269129287599,732220,20541,711679
6065,4.122011541632316,732220,20541,711679
6066,4.121332014507089,732220,20541,711679
6067,4.120652711389484,732220,20541,711679
6068,4.119973632168755,732220,20541,711679
6069,4.119294776734223,732220,20541,711679
6070,4.118616144975288,732220,20541,711679
6071,4.11793773678142,732220,20541,711679
6072,4.117259552042161,732220,20541,711679
6073,4.116581590647127,732220,20541,711679
6074,4.115903852486006,732220,20541,711679
6075,4.11522633744856,732220,20541,711679
6076,4.114549045424622,732220,20541,711679
6077,4.113871976304098,732220,20541,711679
6078,4.113195129976966,732220,20541,711679
6079,4.112518506333278,732220,20541,711679
6080,4.1118421052631575,732220,20541,711679
6081,4.1111659266568,732220,20541,711679
6082,4.110489970404473,732220,20541,711679
6083,4.109814236396515,732220,20541,711679
6084,4.10913872452334,731253,20345,710908
6085,4.108463434675431,726168,20345,705823
6086,4.107788366743345,726168,20345,705823
6087,4.10711352061771,726168,20345,705823
6088,4.106438896189225,726168,20345,705823
6089,4.105764493348661,726168,20345,705823
6090,4.105090311986864,726168,20345,705823
6091,4.104416351994747,725724,20345,705379
6092,4.103742613263296,725724,20345,705379
6093,4.103069095683571,725724,20345,705379
6094,4.102395799146701,725724,20345,705379
6095,4.1017227235438884,725724,20345,705379
6096,4.101049868766404,725724,20345,705379
6097,4.100377234705593,725724,20345,705379
6098,4.09970482125287,725724,20345,705379
6099,4.099032628299721,725724,20345,705379
6100,4.098360655737705,725724,20345,705379
6101,4.097688903458449,725724,20345,705379
6102,4.097017371353655,725724,20345,705379
6103,4.096346059315091,725724,20345,705379
6104,4.095674967234601,725724,20345,705379
6105,4.095004095004095,725724,20345,705379
6106,4.094333442515558,725724,20345,705379
6107,4.093663009661045,725724,20345,705379
6108,4.092992796332679,725598,20345,705253
6109,4.092322802422655,725598,20345,705253
6110,4.091653027823241,725598,20345,705253
6111,4.090983472426771,725598,20345,705253
6112,4.090314136125654,725598,20345,705253
6113,4.089645018812367,725598,20345,705253
6114,4.088976120379457,725598,20345,705253
6115,4.088307440719542,725598,20345,705253
6116,4.087638979725311,725387,20347,705040
6117,4.086970737289521,725387,20347,705040
6118,4.086302713305002,725387,20347,705040
6119,4.085634907664651,725387,20347,705040
6120,4.084967320261438,725387,20347,705040
6121,4.084299950988401,725387,20347,705040
6122,4.0836327997386475,725387,20347,705040
6123,4.082965866405357,725387,20347,705040
6124,4.082299150881776,725387,20347,705040
6125,4.081632653061225,725387,20347,705040
6126,4.0809663728370875,725387,20347,705040
6127,4.080300310102824,725387,20347,705040
6128,4.079634464751958,725009,20367,704642
6129,4.078968836678087,725009,20367,704642
6130,4.078303425774878,725009,20367,704642
6131,4.077638231936063,725009,20367,704642
6132,4.076973255055447,724186,20415,703771
6133,4.076308495026904,724186,20415,703771
6134,4.075643951744375,724186,20415,703771
6135,4.074979625101874,724186,20415,703771
6136,4.074315514993481,724186,20415,703771
6137,4.073651621313346,724186,20415,703771
6138,4.0729879439556855,724186,20415,703771
6139,4.072324482814791,724186,20415,703771
6140,4.071661237785016,724186,20415,703771
6141,4.0709982087607886,724186,20415,703771
6142,4.070335395636601,724186,20415,703771
6143,4.069672798307016,724186,20415,703771
6144,4.069010416666667,724057,20103,703954
6145,4.068348250610252,724057,20103,703954
6146,4.067686300032541,723111,20255,702856
6147,4.067024564828372,723111,20255,702856
6148,4.066363044892648,723111,20255,702856
6149,4.065701740120344,723111,20255,702856
6150,4.065040650406504,723111,20255,702856
6151,4.064379775646237,723111,20255,702856
6152,4.06371911573472,722653,20255,702398
6153,4.063058670567203,722653,20255,702398
6154,4.062398440038999,722653,20255,702398
6155,4.061738424045491,722653,20255,702398
6156,4.061078622482131,722569,20255,702314
6157,4.060419035244437,722569,20255,702314
6158,4.059759662227996,722569,20255,702314
6159,4.059100503328462,722569,20255,702314
6160,4.058441558441558,722569,20255,702314
6161,4.0577828274630745,722569,20255,702314
6162,4.057124310288867,722569,20255,702314
6163,4.056466006814863,722569,20255,702314
6164,4.055807916937054,721957,20287,701670
6165,4.0551500405515,721957,20287,701670
6166,4.05449237755433,721957,20287,701670
6167,4.053834927841739,721957,20287,701670
6168,4.053177691309987,721957,20287,701670
6169,4.052520667855406,721957,20287,701670
6170,4.051863857374392,721957,20287,701670
6171,4.05120725976341,721957,20287,701670
6172,4.050550874918989,721957,20287,701670
6173,4.049894702737729,721957,20287,701670
6174,4.049238743116294,721957,20287,701670
6175,4.048582995951417,721714,20317,701397
6176,4.0479274611398965,721428,20317,701111
6177,4.047272138578598,720527,20317,700210
6178,4.046617028164454,719937,20263,699674
6179,4.045962129794465,719937,20263,699674
6180,4.0453074433656955,719937,20263,699674
6181,4.044652968775279,719937,20263,699674
6182,4.043998705920414,719937,20263,699674
6183,4.043344654698367,719937,20263,699674
6184,4.042690815006468,719937,20263,699674
6185,4.042037186742118,719937,20263,699674
6186,4.04138376980278,719937,20263,699674
6187,4.040730564085987,719937,20263,699674
6188,4.040077569489334,719937,20263,699674
6189,4.039424785910486,719937,20263,699674
6190,4.038772213247173,719937,20263,699674
6191,4.038119851397189,719937,20263,699674
6192,4.037467700258398,719937,20263,699674
6193,4.036815759728726,719937,20263,699674
6194,4.036164029706168,719937,20263,699674
6195,4.035512510088782,719937,20263,699674
6196,4.034861200774693,719937,20263,699674
6197,4.034210101662095,719937,20263,699674
6198,4.033559212649242,719937,20263,699674
6199,4.0329085336344574,719937,20263,699674
6200,4.032258064516129,719812,20263,699549
6201,4.031607805192711,719812,20263,699549
6202,4.030957755562722,719812,20263,699549
6203,4.030307915524746,718354,20228,698126
6204,4.029658284977434,718354,20228,698126
6205,4.0290088638195005,718354,20228,698126
6206,4.028359651949726,718354,20228,698126
6207,4.0277106492669565,718354,20228,698126
6208,4.027061855670103,718354,20228,698126
6209,4.026413271058141,717346,20228,697118
6210,4.025764895330113,717346,20228,697118
6211,4.0251167283851235,717346,20228,697118
6212,4.024468770122344,717346,20228,697118
6213,4.0238210204410105,717346,20228,697118
6214,4.023173479240425,717346,20228,697118
6215,4.022526146419952,717346,20228,697118
6216,4.0218790218790215,717346,20228,697118
6217,4.0212321055171305,717346,20228,697118
6218,4.0205853972338375,717252,20228,697024
6219,4.019938896928767,717252,20228,697024
6220,4.019292604501608,717252,20228,697024
6221,4.018646519852114,717252,20228,697024
6222,4.018000642880103,717252,20228,697024
6223,4.017354973485457,717252,20228,697024
6224,4.0167095115681235,717252,20228,697024
6225,4.016064257028113,717252,20228,697024
6226,4.0154192097655,717252,20228,697024
6227,4.014774369680424,717252,20228,697024
6228,4.014129736673089,717252,20228,697024
6229,4.013485310643763,717252,20228,697024
6230,4.012841091492777,716656,20228,696428
6231,4.012197079120527,716656,20228,696428
6232,4.011553273427471,716656,20228,696428
6233,4.010909674314134,716656,20228,696428
6234,4.010266281681104,716656,20228,696428
6235,4.0096230954290295,715347,20226,695121
6236,4.008980115458628,715347,20226,695121
6237,4.008337341670675,715347,20226,695121
6238,4.007694773966015,715347,20226,695121
6239,4.007052412245552,715347,20226,695121
6240,4.006410256410256,715347,20226,695121
6241,4.00576830636116,715347,20226,695121
6242,4.005126561999359,715347,20226,695121
6243,4.004485023226013,715249,20211,695038
6244,4.003843689942345,715249,20211,695038
6245,4.00320256204964,715249,20211,695038
6246,4.002561639449247,715249,20211,695038
6247,4.00192092204258,715053,20185,694868
6248,4.001280409731114,715053,20185,694868
6249,4.000640102416386,715053,20185,694868
6250,4,715053,20185,694868
6251,3.9993601023836187,713785,20185,693600
6252,3.99872040946897,713785,20185,693600
6253,3.998080921157844,712955,20185,692770
6254,3.9974416373520945,712955,20185,692770
6255,3.9968025579536373,711790,20185,691605
6256,3.99616368286445,710906,20219,690687
6257,3.995525011986575,710906,20219,690687
6258,3.9948865452221156,710011,20216,689795
6259,3.9942482824732384,710011,20216,689795
6260,3.9936102236421727,709945,20216,689729
6261,3.992972368631209,709945,20216,689729
6262,3.992334717342702,709945,20216,689729
6263,3.9916972696790674,709945,20216,689729
6264,3.9910600255427844,709945,20216,689729
6265,3.9904229848363926,709945,20216,689729
6266,3.989786147462496,709945,20216,689729
6267,3.9891495133237593,709945,20216,689729
6268,3.98851308232291,709955,20216,689739
6269,3.9878768543627374,709955,20216,689739
6270,3.9872408293460926,709955,20216,689739
6271,3.986605007175889,709955,20216,689739
6272,3.985969387755102,709955,20216,689739
6273,3.9853339709867686,709955,20216,689739
6274,3.9846987567739878,709812,20123,689689
6275,3.9840637450199203,709812,20123,689689
6276,3.9834289356277885,709812,20123,689689
6277,3.982794328500876,709812,20123,689689
6278,3.9821599235425293,709812,20123,689689
6279,3.9815257206561556,709812,20123,689689
6280,3.9808917197452227,709744,20338,689406
6281,3.980257920713262,709744,20338,689406
6282,3.979624323463865,709431,20338,689093
6283,3.9789909279006843,709431,20338,689093
6284,3.9783577339274347,709431,20338,689093
6285,3.977724741447892,708658,20331,688327
6286,3.9770919503658924,708658,20331,688327
6287,3.9764593605853347,708658,20331,688327
6288,3.975826972010178,708658,20331,688327
6289,3.975194784544443,708658,20331,688327
6290,3.97456279809221,708658,20331,688327
6291,3.973931012557622,708658,20331,688327
6292,3.9732994278448825,708522,20335,688187
6293,3.9726680438582553,708522,20335,688187
6294,3.9720368605020653,708522,20335,688187
6295,3.971405877680699,708522,20335,688187
6296,3.9707750952986025,708522,20335,688187
6297,3.9701445132602826,708522,20335,688187
6298,3.969514131470308,708191,20335,687856
6299,3.968883949833307,708191,20335,687856
6300,3.9682539682539684,707102,20335,686767
6301,3.9676241866370416,707102,20335,686767
6302,3.9669946048873372,706956,20364,686592
6303,3.9663652229097255,706956,20364,686592
6304,3.965736040609137,706057,20304,685753
6305,3.965107057890563,706057,20304,685753
6306,3.964478274659055,706057,20304,685753
6307,3.9638496908197243,706057,20304,685753
6308,3.9632213062777426,706057,20304,685753
6309,3.962593120938342,706057,20304,685753
6310,3.9619651347068148,706057,20304,685753
6311,3.961337347488512,706057,20304,685753
6312,3.9607097591888465,706057,20304,685753
6313,3.96008236971329,706057,20304,685753
6314,3.959455178967374,706057,20304,685753
6315,3.9588281868566906,706057,20304,685753
6316,3.9582013932868905,706057,20304,685753
6317,3.9575747981636855,706057,20304,685753
6318,3.9569484013928458,706057,20304,685753
6319,3.9563222028802025,703317,20220,683097
6320,3.9556962025316458,703317,20220,683097
6321,3.9550704002531245,703317,20220,683097
6322,3.9544447959506486,703317,20220,683097
6323,3.9538193895302864,703317,20220,683097
6324,3.9531941808981657,703317,20220,683097
6325,3.952569169960474,703317,20220,683097
6326,3.951944356623459,703310,20197,683113
6327,3.951319740793425,703310,20197,683113
6328,3.9506953223767383,703310,20197,683113
6329,3.950071101279823,703310,20197,683113
6330,3.949447077409163,703310,20197,683113
6331,3.9488232506713,703310,20197,683113
6332,3.9481996209728365,703310,20197,683113
6333,3.9475761882204328,703310,20197,683113
6334,3.9469529523208084,703310,20197,683113
6335,3.946329913180742,703310,20197,683113
6336,3.9457070707070705,703310,20197,683113
6337,3.9450844248066907,703310,20197,683113
6338,3.9444619753865573,703310,20197,683113
6339,3.9438397223536836,703310,20197,683113
6340,3.943217665615142,703310,20197,683113
6341,3.942595805078063,703310,20197,683113
6342,3.9419741406496374,703310,20197,683113
6343,3.941352672237112,703101,20161,682940
6344,3.940731399747793,703101,20161,682940
6345,3.9401103230890464,703101,20161,682940
6346,3.939489442168295,703101,20161,682940
6347,3.9388687568930205,703101,20161,682940
6348,3.9382482671707626,703101,20161,682940
6349,3.9376279729091195,703101,20161,682940
6350,3.937007874015748,702903,20177,682726
6351,3.9363879703983624,702844,20177,682667
6352,3.9357682619647356,702844,20177,682667
6353,3.935148748622698,702844,20177,682667
6354,3.9345294302801386,702844,20177,682667
6355,3.933910306845004,702315,20177,682138
6356,3.9332913782252987,702315,20177,682138
6357,3.9326726443290863,702315,20177,682138
6358,3.9320541050644855,702315,20177,682138
6359,3.931435760339676,702315,20177,682138
6360,3.930817610062893,702315,20177,682138
6361,3.9301996541424304,702315,20177,682138
6362,3.9295818924866395,702315,20177,682138
6363,3.928964325003929,702315,20177,682138
6364,3.9283469516027654,702315,20177,682138
6365,3.927729772191673,701659,20177,681482
6366,3.9271127866792335,698267,20177,678090
6367,3.926495994974085,698267,20177,678090
6368,3.9258793969849246,698267,20177,678090
6369,3.9252629926205054,698267,20177,678090
6370,3.924646781789639,698267,20177,678090
6371,3.9240307644011927,697741,19889,677852
6372,3.923414940364093,697741,19889,677852
6373,3.9227993095873215,697741,19889,677852
6374,3.9221838719799185,697741,19889,677852
6375,3.9215686274509802,697741,19889,677852
6376,3.920953575909661,697741,19889,677852
6377,3.920338717265172,697741,19889,677852
6378,3.9197240514267797,697368,19819,677549
6379,3.9191095783038095,697368,19819,677549
6380,3.9184952978056424,697368,19819,677549
6381,3.9178812098417177,697368,19819,677549
6382,3.917267314321529,697368,19819,677549
6383,3.9166536111546293,697368,19819,677549
6384,3.9160401002506267,697179,19411,677768
6385,3.9154267815191854,697179,19411,677768
6386,3.914813654870028,697179,19411,677768
6387,3.9142007202129325,697179,19411,677768
6388,3.913587977457733,696999,19411,677588
6389,3.9129754265143215,696999,19411,677588
6390,3.912363067292645,696999,19411,677588
6391,3.911750899702707,695879,19411,676468
6392,3.911138923654568,695185,18995,676190
6393,3.910527139058345,695185,18995,676190
6394,3.90991554582421,691928,18995,672933
6395,3.9093041438623923,691928,18995,672933
6396,3.908692933083177,691928,18995,672933
6397,3.908081913396905,691928,18995,672933
6398,3.9074710847139733,691928,18995,672933
6399,3.906860446944835,688767,18995,669772
6400,3.90625,688767,18995,669772
6401,3.905639743790033,688767,18995,669772
6402,3.9050296782255547,688767,18995,669772
6403,3.904419803217242,688767,18995,669772
6404,3.9038101186758274,688767,18995,669772
6405,3.9032006245121,688767,18995,669772
6406,3.902591320636903,688767,18995,669772
6407,3.901982206961136,688767,18995,669772
6408,3.9013732833957553,688767,18995,669772
6409,3.900764549851771,687928,18827,669101
6410,3.9001560062402496,686854,18827,668027
6411,3.899547652472313,686854,18827,668027
6412,3.8989394884591393,686854,18827,668027
6413,3.89833151411196,686854,18827,668027
6414,3.897723729342064,686854,18827,668027
6415,3.897116134060795,686854,18827,668027
6416,3.896508728179551,686854,18827,668027
6417,3.8959015116097864,686854,18827,668027
6418,3.8952944842630104,686854,18827,668027
6419,3.894687646050787,686854,18827,668027
6420,3.8940809968847354,686854,18827,668027
6421,3.89347453667653,686854,18827,668027
6422,3.892868265337901,686854,18827,668027
6423,3.892262182780632,686854,18827,668027
6424,3.891656288916563,686854,18827,668027
6425,3.8910505836575875,686854,18827,668027
6426,3.890445066915655,686854,18827,668027
6427,3.8898397386027694,686854,18827,668027
6428,3.8892345986309893,686854,18827,668027
6429,3.888629646912428,686854,18827,668027
6430,3.8880248833592534,686854,18827,668027
6431,3.8874203078836884,686854,18827,668027
6432,3.88681592039801,686854,18827,668027
6433,3.88621172081455,686854,18827,668027
6434,3.885607709045695,686854,18827,668027
6435,3.885003885003885,686590,18827,667763
6436,3.884400248601616,686590,18827,667763
6437,3.883796799751437,686590,18827,667763
6438,3.883193538365952,685743,18797,666946
6439,3.8825904643578197,685743,18797,666946
6440,3.8819875776397517,685743,18797,666946
6441,3.881384878124515,685743,18797,666946
6442,3.8807823657249303,685743,18797,666946
6443,3.8801800403538724,685743,18797,666946
6444,3.8795779019242707,685743,18797,666946
6445,3.878975950349108,685743,18797,666946
6446,3.878374185541421,685743,18797,666946
6447,3.8777726074143013,685743,18797,666946
6448,3.8771712158808933,685743,18797,666946
6449,3.876570010854396,685743,18797,666946
6450,3.875968992248062,685743,18797,666946
6451,3.8753681599751975,685125,18797,666328
6452,3.874767513949163,685125,18797,666328
6453,3.874167054083372,685009,18797,666212
6454,3.8735667802912923,685009,18797,666212
6455,3.8729666924864445,684197,18797,665400
6456,3.872366790582404,684197,18797,665400
6457,3.8717670744927983,684197,18797,665400
6458,3.87116754413131,684197,18797,665400
6459,3.870568199411674,684197,18797,665400
6460,3.869969040247678,684197,18797,665400
6461,3.869370066553165,684197,18797,665400
6462,3.8687712782420305,683846,18797,665049
6463,3.868172675228222,683846,18797,665049
6464,3.867574257425743,683846,18797,665049
6465,3.8669760247486464,683606,18797,664809
6466,3.8663779771110423,683606,18797,664809
6467,3.8657801144270914,683606,18797,664809
6468,3.865182436611008,683606,18797,664809
6469,3.86458494357706,683606,18797,664809
6470,3.8639876352395675,683606,18797,664809
6471,3.863390511512904,683606,18797,664809
6472,3.862793572311496,683606,18797,664809
6473,3.8621968175498225,683270,18797,664473
6474,3.861600247142416,682355,18797,663558
6475,3.861003861003861,682355,18797,663558
6476,3.8604076590487955,681388,18797,662591
6477,3.85981164119191,681318,18749,662569
6478,3.859215807347947,681318,18749,662569
6479,3.8586201574317025,681318,18749,662569
6480,3.8580246913580245,681318,18749,662569
6481,3.8574294090418144,681318,18749,662569
6482,3.856834310398025,681318,18749,662569
6483,3.856239395341663,681318,18749,662569
6484,3.8556446637877855,681318,18749,662569
6485,3.8550501156515034,680874,18749,662125
6486,3.8544557508479804,680874,18749,662125
6487,3.853861569292431,680874,18749,662125
6488,3.8532675709001234,680874,18749,662125
6489,3.852673755586377,680874,18749,662125
6490,3.852080123266564,680874,18749,662125
6491,3.8514866738561087,680801,18774,662027
6492,3.850893407270487,680801,18774,662027
6493,3.8503003234252273,680495,18774,661721
6494,3.8497074222359102,680495,18774,661721
6495,3.849114703618168,680495,18774,661721
6496,3.8485221674876846,680495,18774,661721
6497,3.847929813760197,680495,18774,661721
6498,3.847337642351493,680495,18774,661721
6499,3.846745653177412,680445,18774,661671
6500,3.8461538461538463,680445,18774,661671
6501,3.845562221196739,680445,18774,661671
6502,3.8449707782220854,680445,18774,661671
6503,3.8443795171459327,680027,18774,661253
6504,3.843788437884379,680027,18774,661253
6505,3.8431975403535743,680027,18774,661253
6506,3.8426068244697205,680027,18774,661253
6507,3.84201629014907,679942,18774,661168
6508,3.8414259373079287,679942,18774,661168
6509,3.8408357658626517,679942,18774,661168
6510,3.8402457757296466,679350,18774,660576
6511,3.8396559668253722,679350,18774,660576
6512,3.839066339066339,679350,18774,660576
6513,3.838476892369108,679350,18774,660576
6514,3.8378876266502915,679350,18774,660576
6515,3.837298541826554,679350,18774,660576
6516,3.8367096378146104,679350,18774,660576
6517,3.836120914531226,679350,18774,660576
6518,3.8355323718932186,679350,18774,660576
6519,3.8349440098174568,679319,18774,660545
6520,3.834355828220859,679319,18774,660545
6521,3.8337678270203956,679319,18774,660545
6522,3.833180006133088,679319,18774,660545
6523,3.832592365476008,679319,18774,660545
6524,3.8320049049662783,679319,18774,660545
6525,3.8314176245210727,679319,18774,660545
6526,3.8308305240576157,679319,18774,660545
6527,3.8302436034931824,679319,18774,660545
6528,3.829656862745098,679319,18774,660545
6529,3.8290703017307397,679319,18774,660545
6530,3.8284839203675345,679319,18774,660545
6531,3.82789771857296,679319,18774,660545
6532,3.8273116962645437,679319,18774,660545
6533,3.826725853359865,679319,18774,660545
6534,3.8261401897765532,679319,18774,660545
6535,3.8255547054322876,679319,18774,660545
6536,3.824969400244798,679319,18774,660545
6537,3.824384274131865,679319,18774,660545
6538,3.8237993270113186,679319,18774,660545
6539,3.8232145588010398,679319,18774,660545
6540,3.8226299694189603,679319,18774,660545
6541,3.822045558783061,679319,18774,660545
6542,3.821461326811373,679319,18774,660545
6543,3.820877273421978,679319,18774,660545
6544,3.8202933985330074,679319,18774,660545
6545,3.819709702062643,679319,18774,660545
6546,3.819126183929117,679319,18774,660545
6547,3.81854284405071,679319,18774,660545
6548,3.8179596823457542,679319,18774,660545
6549,3.8173766987326307,679319,18774,660545
6550,3.816793893129771,679319,18774,660545
6551,3.8162112654556557,679319,18774,660545
6552,3.815628815628816,679319,18774,660545
6553,3.8150465435678313,679319,18774,660545
6554,3.8144644491913335,679319,18774,660545
6555,3.8138825324180017,679319,18774,660545
6556,3.813300793166565,679319,18774,660545
6557,3.812719231355803,679319,18774,660545
6558,3.812137846904544,679319,18774,660545
6559,3.8115566397316663,679319,18774,660545
6560,3.8109756097560976,679319,18774,660545
6561,3.8103947568968146,679319,18774,660545
6562,3.809814081072844,679321,18774,660547
6563,3.8092335822032606,679321,18774,660547
6564,3.8086532602071905,678632,18774,659858
6565,3.808073115003808,678632,18774,659858
6566,3.807493146512336,678632,18774,659858
6567,3.806913354652048,678632,18774,659858
6568,3.8063337393422656,678632,18774,659858
6569,3.8057543005023597,678632,18774,659858
6570,3.8051750380517504,678632,18774,659858
6571,3.8045959519099073,677453,18774,658679
6572,3.804017041996348,677453,18774,658679
6573,3.8034383082306404,677453,18774,658679
6574,3.8028597505324004,677453,18774,658679
6575,3.802281368821293,677453,18774,658679
6576,3.8017031630170317,677453,18774,658679
6577,3.80112513303938,677453,18774,658679
6578,3.8005472788081485,677453,18774,658679
6579,3.799969600243198,677453,18774,658679
6580,3.7993920972644375,677418,18804,658614
6581,3.798814769791825,677373,18804,658569
6582,3.7982376177453663,677373,18804,658569
6583,3.797660641045116,677373,18804,658569
6584,3.7970838396111786,677373,18804,658569
6585,3.7965072133637054,677373,18804,658569
6586,3.795930762222897,677332,18699,658633
6587,3.7953544861090025,677332,18699,658633
6588,3.7947783849423193,677332,18699,658633
6589,3.794202458643193,677332,18699,658633
6590,3.793626707132018,677332,18699,658633
6591,3.793051130329237,677332,18699,658633
6592,3.7924757281553396,677332,18699,658633
6593,3.791900500530866,677332,18699,658633
6594,3.7913254473764026,677332,18699,658633
6595,3.790750568612585,677332,18699,658633
6596,3.790175864160097,677332,18699,658633
6597,3.7896013339396695,677332,18699,658633
6598,3.7890269778720826,677332,18699,658633
6599,3.7884527958781633,677332,18699,658633
6600,3.787878787878788,677332,18699,658633
6601,3.7873049537948797,677332,18699,658633
6602,3.78673129354741,677332,18699,658633
6603,3.786157807057398,675959,18699,657260
6604,3.7855844942459114,675959,18699,657260
6605,3.785011355034065,675959,18699,657260
6606,3.7844383893430216,675959,18699,657260
6607,3.783865597093991,675959,18699,657260
6608,3.7832929782082325,675959,18699,657260
6609,3.782720532607051,675959,18699,657260
6610,3.7821482602118004,675959,18699,657260
6611,3.7815761609438816,675959,18699,657260
6612,3.781004234724743,675959,18699,657260
6613,3.7804324814758807,675959,18699,657260
6614,3.779860901118839,675959,18699,657260
6615,3.7792894935752077,675959,18699,657260
6616,3.7787182587666264,675959,18699,657260
6617,3.77814719661478,675959,18699,657260
6618,3.7775763070414023,675959,18699,657260
6619,3.7770055899682733,675959,18699,657260
6620,3.7764350453172204,675959,18699,657260
6621,3.7758646730101195,675959,18699,657260
6622,3.7752944729688918,675439,18699,656740
6623,3.7747244451155066,675439,18699,656740
6624,3.774154589371981,675328,18964,656364
6625,3.7735849056603774,675272,18964,656308
6626,3.7730153939028073,675272,18964,656308
6627,3.7724460540214273,675272,18964,656308
6628,3.771876885938443,675272,18964,656308
6629,3.771307889576105,675272,18964,656308
6630,3.770739064856712,675272,18964,656308
6631,3.770170411702609,675272,18964,656308
6632,3.7696019300361883,675272,18964,656308
6633,3.7690336197798886,675272,18964,656308
6634,3.7684654808561953,675272,18964,656308
6635,3.7678975131876413,675272,18964,656308
6636,3.767329716696805,675272,18964,656308
6637,3.766762091306313,675272,18964,656308
6638,3.766194636938837,675272,18964,656308
6639,3.765627353517096,675272,18964,656308
6640,3.7650602409638556,675272,18964,656308
6641,3.7644932992019275,675272,18964,656308
6642,3.7639265281541703,675272,18964,656308
6643,3.7633599277434895,675272,18964,656308
6644,3.7627934978928357,675272,18964,656308
6645,3.762227238525207,675272,18964,656308
6646,3.7616611495636474,675272,18964,656308
6647,3.761095230931247,675272,18964,656308
6648,3.760529482551143,675272,18964,656308
6649,3.759963904346518,675272,18964,656308
6650,3.7593984962406015,675272,18964,656308
6651,3.758833258156668,675272,18964,656308
6652,3.7582681900180397,675272,18964,656308
6653,3.7577032917480837,675272,18964,656308
6654,3.7571385632702134,675272,18964,656308
6655,3.756574004507889,675272,18964,656308
6656,3.7560096153846154,675272,18964,656308
6657,3.7554453958239447,675272,18964,656308
6658,3.7548813457494745,675272,18964,656308
6659,3.7543174650848474,675272,18964,656308
6660,3.7537537537537538,675100,19041,656059
6661,3.753190211679928,675100,19041,656059
6662,3.752626838787151,675100,19041,656059
6663,3.7520636349992498,675100,19041,656059
6664,3.751500600240096,675045,19041,656004
6665,3.7509377344336086,675045,19041,656004
6666,3.7503750375037503,675045,19041,656004
6667,3.7498125093745314,675045,19041,656004
6668,3.749250149970006,674942,19300,655642
6669,3.748687959214275,674942,19300,655642
6670,3.7481259370314843,674942,19300,655642
6671,3.747564083345825,674942,19300,655642
6672,3.7470023980815346,674942,19300,655642
6673,3.7464408811628953,674779,19300,655479
6674,3.7458795325142344,674779,19300,655479
6675,3.745318352059925,674779,19300,655479
6676,3.744757339724386,674779,19300,655479
6677,3.7441964954320803,674779,19300,655479
6678,3.743635819107517,674779,19300,655479
6679,3.7430753106752506,674779,19300,655479
6680,3.7425149700598803,674779,19300,655479
6681,3.74195479718605,674779,19300,655479
6682,3.7413947919784496,674779,19300,655479
6683,3.7408349543618136,674779,19300,655479
6684,3.7402752842609215,674779,19300,655479
6685,3.7397157816005984,674779,19300,655479
6686,3.7391564463057136,673643,19330,654313
6687,3.7385972783011816,673643,19330,654313
6688,3.738038277511962,673643,19330,654313
6689,3.7374794438630587,673643,19330,654313
6690,3.7369207772795217,673643,19330,654313
6691,3.7363622776864447,673643,19330,654313
6692,3.735803945008966,673643,19330,654313
6693,3.7352457791722697,673643,19330,654313
6694,3.7346877801015834,673643,19330,654313
6695,3.7341299477221805,673643,19330,654313
6696,3.7335722819593786,673643,19330,654313
6697,3.7330147827385396,673643,19330,654313
6698,3.7324574499850702,673643,19330,654313
6699,3.7319002836244217,673643,19330,654313
6700,3.7313432835820897,673643,19330,654313
6701,3.7307864497836145,673643,19330,654313
6702,3.7302297821545807,673643,19330,654313
6703,3.7296732806206174,673643,19330,654313
6704,3.7291169451073984,673643,19330,654313
6705,3.7285607755406414,673643,19330,654313
6706,3.728004771846108,673643,19330,654313
6707,3.727448933949605,673643,19330,654313
6708,3.7268932617769828,673643,19330,654313
6709,3.726337755254136,673643,19330,654313
6710,3.7257824143070044,673643,19330,654313
6711,3.7252272388615704,673643,19330,654313
6712,3.7246722288438616,673643,19330,654313
6713,3.7241173841799493,673643,19330,654313
6714,3.723562704795949,673643,19330,654313
6715,3.7230081906180192,673643,19330,654313
6716,3.7224538415723645,673643,19330,654313
6717,3.7218996575852317,673643,19330,654313
6718,3.721345638582912,673643,19330,654313
6719,3.7207917844917398,673643,19330,654313
6720,3.7202380952380953,673643,19330,654313
6721,3.7196845707484005,673572,18922,654650
6722,3.719131210949122,673572,18922,654650
6723,3.718578015766771,673572,18922,654650
6724,3.7180249851279,673572,18922,654650
6725,3.717472118959108,673572,18922,654650
6726,3.7169194171870354,673572,18922,654650
6727,3.7163668797383678,672951,18922,654029
6728,3.7158145065398336,672951,18922,654029
6729,3.715262297518205,672951,18922,654029
6730,3.7147102526002973,672951,18922,654029
6731,3.71415837171297,672909,18922,653987
6732,3.7136066547831255,672909,18922,653987
6733,3.7130551017377096,672909,18922,653987
6734,3.7125037125037124,672909,18922,653987
6735,3.7119524870081664,672909,18922,653987
6736,3.7114014251781473,672909,18922,653987
6737,3.7108505269407748,672909,18922,653987
6738,3.7102997922232115,672909,18922,653987
6739,3.7097492209526637,672909,18922,653987
6740,3.7091988130563798,672909,18922,653987
6741,3.7086485684616526,672909,18922,653987
6742,3.708098487095817,672909,18922,653987
6743,3.7075485688862524,672909,18922,653987
6744,3.7069988137603795,672909,18922,653987
6745,3.7064492216456633,672909,18922,653987
6746,3.7058997924696118,672909,18922,653987
6747,3.7053505261597746,672365,18922,653443
6748,3.7048014226437465,672365,18922,653443
6749,3.7042524818491627,672365,18922,653443
6750,3.7037037037037037,672365,18922,653443
6751,3.703155088135091,672001,18949,653052
6752,3.7026066350710902,672001,18949,653052
6753,3.7020583444395085,672001,18949,653052
6754,3.7015102161681965,672001,18949,653052
6755,3.7009622501850483,672001,18949,653052
6756,3.700414446417999,672001,18949,653052
6757,3.699866804795027,672001,18949,653052
6758,3.699319325244155,672001,18949,653052
6759,3.698772007693446,672001,18949,653052
6760,3.698224852071006,672001,18949,653052
6761,3.6976778583049845,672001,18949,653052
6762,3.697131026323573,672001,18949,653052
6763,3.696584356055005,672001,18949,653052
6764,3.6960378474275575,671617,18885,652732
6765,3.695491500369549,671617,18885,652732
6766,3.694945314809341,671617,18885,652732
6767,3.694399290675336,671617,18885,652732
6768,3.693853427895981,671617,18885,652732
6769,3.693307726399764,671617,18885,652732
6770,3.692762186115214,671617,18885,652732
6771,3.6922168069709054,671617,18885,652732
6772,3.691671588895452,671617,18885,652732
6773,3.6911265318175106,671617,18885,652732
6774,3.690581635665781,671617,18885,652732
6775,3.690036900369004,668785,18885,649900
6776,3.689492325855962,668785,18885,649900
6777,3.6889479120554816,668785,18885,649900
6778,3.6884036588964295,668785,18885,649900
6779,3.687859566307715,668785,18885,649900
6780,3.687315634218289,668785,18885,649900
6781,3.686771862557145,668785,18885,649900
6782,3.6862282512533175,668785,18885,649900
6783,3.685684800235884,668785,18885,649900
6784,3.6851415094339623,668785,18885,649900
6785,3.6845983787767134,668785,18885,649900
6786,3.6840554081933394,668785,18885,649900
6787,3.683512597613084,668785,18885,649900
6788,3.682969946965233,668785,18885,649900
6789,3.6824274561791133,668785,18885,649900
6790,3.681885125184094,668785,18885,649900
6791,3.6813429539095863,668785,18885,649900
6792,3.680800942285041,668785,18885,649900
6793,3.680259090239953,668785,18885,649900
6794,3.679717397703856,668785,18885,649900
6795,3.679175864606328,668785,18885,649900
6796,3.6786344908769864,668785,18885,649900
6797,3.6780932764454906,668785,18885,649900
6798,3.6775522212415415,668785,18885,649900
6799,3.6770113251948815,668785,18885,649900
6800,3.676470588235294,668785,18885,649900
6801,3.6759300102926042,668265,18887,649378
6802,3.6753895912966774,668265,18887,649378
6803,3.6748493311774215,668265,18887,649378
6804,3.6743092298647855,668265,18887,649378
6805,3.673769287288758,668265,18887,649378
6806,3.673229503379371,667691,18887,648804
6807,3.672689878066696,667691,18887,648804
6808,3.672150411280846,667691,18887,648804
6809,3.6716111029519753,667691,18887,648804
6810,3.671071953010279,667691,18887,648804
6811,3.670532961385993,667691,18887,648804
6812,3.669994128009395,667691,18887,648804
6813,3.6694554528108028,667691,18887,648804
6814,3.668916935720575,667691,18887,648804
6815,3.668378576669112,667691,18887,648804
6816,3.6678403755868545,667691,18887,648804
6817,3.6673023324042835,666963,18887,648076
6818,3.6667644470519214,666963,18887,648076
6819,3.6662267194603313,666963,18887,648076
6820,3.665689149560117,666963,18887,648076
6821,3.6651517372819233,666963,18887,648076
6822,3.664614482556435,666963,18887,648076
6823,3.664077385314378,666963,18887,648076
6824,3.663540445486518,666963,18887,648076
6825,3.663003663003663,666656,18983,647673
6826,3.66246703779666,666656,18983,647673
6827,3.6619305697963966,666656,18983,647673
6828,3.661394258933802,666656,18983,647673
6829,3.660858105139845,666656,18983,647673
6830,3.6603221083455346,666656,18983,647673
6831,3.6597862684819207,666656,18983,647673
6832,3.659250585480094,666656,18983,647673
6833,3.658715059271184,666656,18983,647673
6834,3.6581796897863623,666656,18983,647673
6835,3.6576444769568397,666656,18983,647673
6836,3.657109420713868,666656,18983,647673
6837,3.656574520988738,665553,18983,646570
6838,3.6560397777127815,665553,18983,646570
6839,3.655505190817371,665553,18983,646570
6840,3.654970760233918,665553,18983,646570
6841,3.6544364858938754,665553,18983,646570
6842,3.653902367728734,665553,18983,646570
6843,3.6533684056700277,665553,18983,646570
6844,3.652834599649328,665553,18983,646570
6845,3.652300949598247,665553,18983,646570
6846,3.651767455448437,665553,18983,646570
6847,3.6512341171315903,665553,18983,646570
6848,3.6507009345794392,665553,18983,646570
6849,3.6501679077237554,665553,18983,646570
6850,3.6496350364963503,665553,18983,646570
6851,3.6491023208290763,665553,18983,646570
6852,3.6485697606538237,665553,18983,646570
6853,3.6480373559025243,665553,18983,646570
6854,3.647505106507149,665553,18983,646570
6855,3.6469730123997084,665553,18983,646570
6856,3.646441073512252,665553,18983,646570
6857,3.6459092897768706,665553,18983,646570
6858,3.6453776611256927,665126,18983,646143
6859,3.644846187490888,665126,18983,646143
6860,3.6443148688046647,665126,18983,646143
6861,3.6437837049992714,665126,18983,646143
6862,3.643252696006995,665126,18983,646143
6863,3.6427218417601632,665126,18983,646143
6864,3.6421911421911424,665126,18983,646143
6865,3.641660597232338,665126,18983,646143
6866,3.6411302068161957,665126,18983,646143
6867,3.6405999708752,665126,18983,646143
6868,3.6400698893418753,665126,18983,646143
6869,3.6395399621487843,664935,18983,645952
6870,3.63901018922853,664935,18983,645952
6871,3.6384805705137535,664935,18983,645952
6872,3.637951105937136,664935,18983,645952
6873,3.6374217954313983,664935,18983,645952
6874,3.636892638929299,664935,18983,645952
6875,3.6363636363636362,664935,18983,645952
6876,3.6358347876672483,664935,18983,645952
6877,3.6353060927730114,664935,18983,645952
6878,3.6347775516138414,664935,18983,645952
6879,3.6342491641226924,664885,18983,645902
6880,3.633720930232558,664885,18983,645902
6881,3.6331928498764716,664885,18983,645902
6882,3.6326649229875034,664885,18983,645902
6883,3.632137149498765,664885,18983,645902
6884,3.631609529343405,664885,18983,645902
6885,3.6310820624546114,664885,18983,645902
6886,3.6305547487656114,664885,18983,645902
6887,3.6300275882096704,664885,18983,645902
6888,3.629500580720093,664885,18983,645902
6889,3.628973726230222,664885,18983,645902
6890,3.6284470246734397,664885,18983,645902
6891,3.6279204759831662,664885,18983,645902
6892,3.6273940800928615,664885,18983,645902
6893,3.626867836936022,664885,18983,645902
6894,3.626341746446185,664885,18983,645902
6895,3.625815808556925,664885,18983,645902
6896,3.625290023201856,664885,18983,645902
6897,3.6247643903146294,664885,18983,645902
6898,3.624238909828936,664885,18983,645902
6899,3.623713581678504,664885,18983,645902
6900,3.6231884057971016,664885,18983,645902
6901,3.6226633821185334,664885,18983,645902
6902,3.6221385105766446,664885,18983,645902
6903,3.6216137911053163,664885,18983,645902
6904,3.6210892236384704,664885,18983,645902
6905,3.620564808110065,664885,18983,645902
6906,3.6200405444540977,664885,18983,645902
6907,3.619516432604604,664885,18983,645902
6908,3.6189924724956573,664885,18983,645902
6909,3.618468664061369,664885,18983,645902
6910,3.61794500723589,664885,18983,645902
6911,3.6174215019534075,664885,18983,645902
6912,3.6168981481481484,664885,18983,645902
6913,3.6163749457543757,664885,18983,645902
6914,3.6158518947063927,664885,18983,645902
6915,3.6153289949385394,664704,18986,645718
6916,3.6148062463851938,664704,18986,645718
6917,3.614283648980772,664704,18986,645718
6918,3.6137612026597283,664704,18986,645718
6919,3.6132389073565543,664704,18986,645718
6920,3.61271676300578,664704,18986,645718
6921,3.612194769541974,664704,18986,645718
6922,3.61167292689974,664312,18986,645326
6923,3.6111512350137223,664312,18986,645326
6924,3.610629693818602,664312,18986,645326
6925,3.6101083032490973,664312,18986,645326
6926,3.609587063239965,664312,18986,645326
6927,3.6090659737259996,663585,18986,644599
6928,3.6085450346420322,663585,18986,644599
6929,3.6080242459229326,663585,18986,644599
6930,3.6075036075036073,663585,18986,644599
6931,3.6069831193190014,663585,18986,644599
6932,3.606462781304097,663585,18986,644599
6933,3.6059425933939133,663585,18986,644599
6934,3.6054225555235075,663585,18986,644599
6935,3.604902667627974,663585,18986,644599
6936,3.604382929642445,663585,18986,644599
6937,3.60386334150209,663585,18986,644599
6938,3.603343903142116,663585,18986,644599
6939,3.602824614497766,663585,18986,644599
6940,3.602305475504323,663433,19054,644379
6941,3.601786486097104,663433,19054,644379
6942,3.6012676462114666,663433,19054,644379
6943,3.600748955782803,663433,19054,644379
6944,3.6002304147465436,663433,19054,644379
6945,3.599712023038157,663433,19054,644379
6946,3.599193780593147,663433,19054,644379
6947,3.5986756873470562,663433,19054,644379
6948,3.5981577432354634,663433,19054,644379
6949,3.5976399481939847,663433,19054,644379
6950,3.597122302158273,663433,19054,644379
6951,3.5966048050640196,663433,19054,644379
6952,3.5960874568469503,663433,19054,644379
6953,3.5955702574428305,663433,19054,644379
6954,3.5950532067874605,663219,19054,644165
6955,3.5945363048166787,663219,19054,644165
6956,3.59401955146636,663219,19054,644165
6957,3.5935029466724164,663219,19054,644165
6958,3.592986490370796,663219,19054,644165
6959,3.592470182497485,663219,19054,644165
6960,3.5919540229885056,663219,19054,644165
6961,3.5914380117799167,663047,19063,643984
6962,3.590922148807814,663047,19063,643984
6963,3.59040643400833,663047,19063,643984
6964,3.5898908673176337,663047,19063,643984
6965,3.589375448671931,663047,19063,643984
6966,3.5888601780074647,663047,19063,643984
6967,3.588345055260514,663047,19063,643984
6968,3.587830080367394,663047,19063,643984
6969,3.5873152532644568,663047,19063,643984
6970,3.586800573888092,663047,19063,643984
6971,3.586286042174724,663047,19063,643984
6972,3.5857716580608145,663047,19063,643984
6973,3.5852574214828623,663047,19063,643984
6974,3.5847433323774016,663047,19063,643984
6975,3.5842293906810037,663047,19063,643984
6976,3.583715596330275,663047,19063,643984
6977,3.5832019492618605,663047,19063,643984
6978,3.582688449412439,663047,19063,643984
6979,3.5821750967187276,663047,19063,643984
6980,3.5816618911174785,663047,19063,643984
6981,3.5811488325454808,663047,19063,643984
6982,3.580635920939559,663047,19063,643984
6983,3.5801231562365747,663047,19063,643984
6984,3.579610538373425,663047,19063,643984
6985,3.5790980672870436,662980,19063,643917
6986,3.5785857429144,662474,19063,643411
6987,3.5780735651925,662474,19063,643411
6988,3.5775615340583857,662474,19063,643411
6989,3.577049649449134,662474,19063,643411
6990,3.57653791130186,662474,19063,643411
6991,3.576026319553712,662474,19063,643411
6992,3.5755148741418763,662474,19063,643411
6993,3.575003575003575,662474,19063,643411
6994,3.574492422076065,662474,19063,643411
6995,3.5739814152966405,662474,19063,643411
6996,3.57347055460263,662466,19122,643344
6997,3.572959839931399,662466,19122,643344
6998,3.5724492712203486,662466,19122,643344
6999,3.5719388484069152,662466,19122,643344
7000,3.5714285714285716,662466,19122,643344
7001,3.570918440222825,662466,19122,643344
7002,3.570408454727221,662466,19122,643344
7003,3.5698986148793375,662466,19122,643344
7004,3.5693889206167904,662466,19122,643344
7005,3.5688793718772307,660100,19122,640978
7006,3.5683699685983443,659162,19214,639948
7007,3.5678607107178535,658019,19214,638805
7008,3.567351598173516,658019,19214,638805
7009,3.5668426309031247,658019,19214,638805
7010,3.566333808844508,658019,19214,638805
7011,3.56582513193553,658019,19214,638805
7012,3.56531660011409,657747,19214,638533
7013,3.5648082133181234,657747,19214,638533
7014,3.5642999714856,657747,19214,638533
7015,3.563791874554526,657747,19214,638533
7016,3.563283922462942,657747,19214,638533
7017,3.562776115148924,657747,19214,638533
7018,3.562268452550584,657747,19214,638533
7019,3.5617609346060695,657747,19214,638533
7020,3.561253561253561,657747,19214,638533
7021,3.5607463324312776,656478,19214,637264
7022,3.5602392480774707,656478,19214,637264
7023,3.5597323081304286,656478,19214,637264
7024,3.559225512528474,656478,19214,637264
7025,3.5587188612099645,656478,19214,637264
7026,3.5582123541132935,656297,19214,637083
7027,3.5577059911768893,656297,19214,637083
7028,3.5571997723392146,654932,19462,635470
7029,3.5566936975387677,654932,19462,635470
7030,3.5561877667140824,654932,19462,635470
7031,3.5556819798037265,654932,19462,635470
7032,3.5551763367463027,654932,19462,635470
7033,3.554670837480449,654932,19462,635470
7034,3.5541654819448394,654932,19462,635470
7035,3.5536602700781805,654932,19462,635470
7036,3.5531552018192154,654932,19462,635470
7037,3.5526502771067214,654932,19462,635470
7038,3.552145495879511,654932,19462,635470
7039,3.551640858076431,654932,19462,635470
7040,3.5511363636363638,654859,19456,635403
7041,3.5506320124982245,654812,19456,635356
7042,3.5501278046009657,654812,19456,635356
7043,3.549623739883572,654727,19456,635271
7044,3.549119818285065,654727,19456,635271
7045,3.5486160397444997,654727,19456,635271
7046,3.5481124042009653,654727,19456,635271
7047,3.547608911593586,654727,19456,635271
7048,3.547105561861521,654727,19456,635271
7049,3.5466023549439636,654727,19456,635271
7050,3.5460992907801416,654727,19456,635271
7051,3.545596369309318,654727,19456,635271
7052,3.5450935904707883,654727,19456,635271
7053,3.5445909542038847,654727,19456,635271
7054,3.544088460447973,654727,19456,635271
7055,3.5435861091424523,654517,19391,635126
7056,3.5430839002267573,654517,19391,635126
7057,3.542581833640357,654517,19391,635126
7058,3.542079909322754,654481,19391,635090
7059,3.5415781272134863,654481,19391,635090
7060,3.5410764872521248,654481,19391,635090
7061,3.540574989378275,654481,19391,635090
7062,3.5400736335315774,654481,19391,635090
7063,3.539572419651706,654481,19391,635090
7064,3.539071347678369,654481,19391,635090
7065,3.538570417551309,654481,19391,635090
7066,3.5380696292103027,654481,19391,635090
7067,3.5375689825951606,654481,19391,635090
7068,3.537068477645727,654481,19391,635090
7069,3.5365681143018817,654481,19391,635090
7070,3.536067892503536,654481,19391,635090
7071,3.5355678121906378,654481,19391,635090
7072,3.5350678733031673,654481,19391,635090
7073,3.5345680757811397,654481,19391,635090
7074,3.5340684195646026,654481,19391,635090
7075,3.5335689045936394,654481,19391,635090
7076,3.5330695308083664,654434,19391,635043
7077,3.5325702981489333,654246,19496,634750
7078,3.532071206555524,654246,19496,634750
7079,3.5315722559683573,654033,19496,634537
7080,3.531073446327684,654033,19496,634537
7081,3.530574777573789,654033,19496,634537
7082,3.530076249646992,654033,19496,634537
7083,3.5295778624876464,654033,19496,634537
7084,3.529079616036138,654033,19496,634537
7085,3.5285815102328866,654033,19496,634537
7086,3.528083545018346,654033,19496,634537
7087,3.527585720333004,654033,19496,634537
7088,3.5270880361173815,654033,19496,634537
7089,3.5265904923120326,654033,19496,634537
7090,3.5260930888575457,653884,19469,634415
7091,3.5255958256945426,653884,19469,634415
7092,3.5250987027636773,653884,19469,634415
7093,3.524601720005639,653884,19469,634415
7094,3.5241048773611503,653884,19469,634415
7095,3.5236081747709656,653884,19469,634415
7096,3.5231116121758737,653776,19469,634307
7097,3.522615189516697,653776,19469,634307
7098,3.5221189067342915,653776,19469,634307
7099,3.521622763769545,653776,19469,634307
7100,3.5211267605633805,653776,19469,634307
7101,3.5206308970567526,653776,19469,634307
7102,3.5201351731906505,653776,19469,634307
7103,3.519639588906096,653776,19469,634307
7104,3.519144144144144,653776,19469,634307
7105,3.518648838845883,653776,19469,634307
7106,3.5181536729524345,651309,19469,631840
7107,3.517658646404953,651309,19469,631840
7108,3.517163759144626,651260,19469,631791
7109,3.516669011112674,651260,19469,631791
7110,3.5161744022503516,651260,19469,631791
7111,3.515679932498945,651260,19469,631791
7112,3.515185601799775,651260,19469,631791
7113,3.5146914100941937,651260,19469,631791
7114,3.5141973573235874,651260,19469,631791
7115,3.5137034434293746,650922,19469,631453
7116,3.5132096683530074,650922,19469,631453
7117,3.51271603203597,650872,19469,631403
7118,3.512222534419781,650872,19469,631403
7119,3.5117291754459896,650872,19469,631403
7120,3.5112359550561796,650872,19469,631403
7121,3.510742873191967,650872,19469,631403
7122,3.5102499297950014,650872,19469,631403
7123,3.5097571248069634,650872,19469,631403
7124,3.5092644581695676,650872,19469,631403
7125,3.508771929824561,650776,19467,631309
7126,3.5082795397137243,650776,19467,631309
7127,3.507787287778869,650776,19467,631309
7128,3.5072951739618405,650776,19467,631309
7129,3.506803198204517,650776,19467,631309
7130,3.506311360448808,650776,19467,631309
7131,3.5058196606366567,650695,19467,631228
7132,3.5053280987100393,650695,19467,631228
7133,3.504836674610963,650695,19467,631228
7134,3.504345388281469,650695,19467,631228
7135,3.50385423966363,650695,19467,631228
7136,3.5033632286995515,650695,19467,631228
7137,3.502872355331372,650695,19467,631228
7138,3.5023816195012607,650695,19467,631228
7139,3.5018910211514216,650695,19467,631228
7140,3.5014005602240896,650695,19467,631228
7141,3.500910236661532,650695,19467,631228
7142,3.5004200504060488,650695,19467,631228
7143,3.499930001399972,650695,19467,631228
7144,3.4994400895856663,650695,19467,631228
7145,3.4989503149055285,650695,19467,631228
7146,3.498460677301987,650573,19469,631104
7147,3.497971176717504,650573,19469,631104
7148,3.4974818130945717,650573,19469,631104
7149,3.496992586375717,650573,19469,631104
7150,3.4965034965034967,649182,19469,629713
7151,3.4960145434205008,649182,19469,629713
7152,3.495525727069351,649182,19469,629713
7153,3.495037047392702,649182,19469,629713
7154,3.49454850433324,649182,19469,629713
7155,3.4940600978336827,649182,19469,629713
7156,3.49357182783678,649182,19469,629713
7157,3.493083694285315,648926,19469,629457
7158,3.492595697122101,648926,19469,629457
7159,3.4921078362899847,648926,19469,629457
7160,3.4916201117318435,647717,19469,628248
7161,3.491132523390588,647717,19469,628248
7162,3.4906450712091592,647717,19469,628248
7163,3.490157755130532,647543,19085,628458
7164,3.4896705750977106,647543,19085,628458
7165,3.4891835310537336,647543,19085,628458
7166,3.488696622941669,647279,19085,628194
7167,3.488209850704618,647279,19085,628194
7168,3.4877232142857144,647279,19085,628194
7169,3.4872367136281213,647279,19085,628194
7170,3.486750348675035,647279,19085,628194
7171,3.4862641193696833,647279,19085,628194
7172,3.485778025655326,647279,19085,628194
7173,3.4852920674752546,647279,19085,628194
7174,3.4848062447727908,647279,19085,628194
7175,3.484320557491289,647279,19085,628194
7176,3.483835005574136,647279,19085,628194
7177,3.4833495889647486,647279,19085,628194
7178,3.4828643076065755,647279,19085,628194
7179,3.482379161443098,647279,19085,628194
7180,3.481894150417827,647260,19085,628175
7181,3.481409274474307,647260,19085,628175
7182,3.4809245335561125,647260,19085,628175
7183,3.4804399276068496,647260,19085,628175
7184,3.479955456570156,647260,19085,628175
7185,3.4794711203897006,647260,19085,628175
7186,3.4789869190091847,647260,19085,628175
7187,3.478502852372339,647260,19085,628175
7188,3.4780189204229273,646856,19085,627771
7189,3.4775351231047433,646856,19085,627771
7190,3.477051460361613,646856,19085,627771
7191,3.476567932137394,646856,19085,627771
7192,3.4760845383759733,646510,19081,627429
7193,3.4756012790212707,646510,19081,627429
7194,3.4751181540172364,646510,19081,627429
7195,3.4746351633078527,646510,19081,627429
7196,3.474152306837132,646510,19081,627429
7197,3.4736695845491177,646510,19081,627429
7198,3.4731869963878856,646510,19081,627429
7199,3.4727045422975413,646510,19081,627429
7200,3.4722222222222223,645835,19079,626756
7201,3.4717400361060964,645825,18982,626843
7202,3.471257983893363,645825,18982,626843
7203,3.470776065528252,645825,18982,626843
7204,3.470294280955025,645825,18982,626843
7205,3.4698126301179735,645825,18982,626843
7206,3.469331112961421,645825,18982,626843
7207,3.468849729429721,645825,18982,626843
7208,3.4683684794672587,645825,18982,626843
7209,3.4678873630184492,645825,18982,626843
7210,3.467406380027739,645825,18982,626843
7211,3.4669255304396063,645825,18982,626843
7212,3.466444814198558,645825,18982,626843
7213,3.4659642312491337,645825,18982,626843
7214,3.4654837815359025,645825,18982,626843
7215,3.465003465003465,645825,18982,626843
7216,3.464523281596452,643844,19066,624778
7217,3.464043231259526,643844,19066,624778
7218,3.463563313937379,643061,19089,623972
7219,3.4630835295747335,643061,19089,623972
7220,3.4626038781163433,641910,19167,622743
7221,3.4621243595069937,641910,19167,622743
7222,3.4616449736914983,641221,19322,621899
7223,3.461165720614703,641221,19322,621899
7224,3.460686600221484,641221,19322,621899
7225,3.4602076124567476,641221,19322,621899
7226,3.4597287572654305,641221,19322,621899
7227,3.4592500345925004,641221,19322,621899
7228,3.4587714443829554,641221,19322,621899
7229,3.458292986581823,641221,19322,621899
7230,3.4578146611341634,641221,19322,621899
7231,3.457336467985064,641221,19322,621899
7232,3.456858407079646,641221,19322,621899
7233,3.4563804783630583,641221,19322,621899
7234,3.455902681780481,641221,19322,621899
7235,3.455425017277125,641221,19322,621899
7236,3.454947484798231,641221,19322,621899
7237,3.45447008428907,641221,19322,621899
7238,3.4539928156949435,641221,19322,621899
7239,3.4535156789611823,641221,19322,621899
7240,3.453038674033149,641076,19322,621754
7241,3.4525618008562353,641076,19322,621754
7242,3.452085059375863,641076,19322,621754
7243,3.4516084495374844,641076,19322,621754
7244,3.451131971286582,641076,19322,621754
7245,3.450655624568668,641076,19322,621754
7246,3.450179409329285,641076,19322,621754
7247,3.449703325514006,641076,19322,621754
7248,3.4492273730684326,641076,19322,621754
7249,3.4487515519381984,641076,19322,621754
7250,3.4482758620689653,641076,19322,621754
7251,3.4478003034064266,641076,19322,621754
7252,3.4473248758963044,640755,19322,621433
7253,3.4468495794843514,640755,19322,621433
7254,3.4463744141163497,640755,19322,621433
7255,3.4458993797381114,640755,19322,621433
7256,3.4454244762954795,640755,19322,621433
7257,3.4449497037343253,640697,19288,621409
7258,3.444475062000551,640384,19288,621096
7259,3.444000551040088,640184,19288,620896
7260,3.443526170798898,640050,19273,620777
7261,3.443051921222972,638781,19261,619520
7262,3.442577802258331,638781,19261,619520
7263,3.4421038138510256,638781,19261,619520
7264,3.4416299559471364,638781,19261,619520
7265,3.4411562284927735,638781,19261,619520
7266,3.4406826314340764,638781,19261,619520
7267,3.440209164717215,638781,19261,619520
7268,3.4397358282883874,638781,19261,619520
7269,3.439262622093823,638781,19261,619520
7270,3.43878954607978,638781,19261,619520
7271,3.438316600192546,638781,19261,619520
7272,3.4378437843784377,638781,19261,619520
7273,3.437371098583803,638781,19261,619520
7274,3.436898542755018,638781,19261,619520
7275,3.4364261168384878,638781,19261,619520
7276,3.435953820780649,638781,19261,619520
7277,3.435481654527965,638781,19261,619520
7278,3.4350096180269305,638781,19261,619520
7279,3.434537711224069,638781,19261,619520
7280,3.434065934065934,638781,19261,619520
7281,3.4335942864991074,638781,19261,619520
7282,3.4331227684702004,638781,19261,619520
7283,3.4326513799258547,638262,19261,619001
7284,3.43218012081274,638262,19261,619001
7285,3.4317089910775564,638262,19261,619001
7286,3.4312379906670327,638262,19261,619001
7287,3.4307671195279266,638262,19261,619001
7288,3.4302963776070254,638262,19261,619001
7289,3.4298257648511457,638262,19261,619001
7290,3.429355281207133,638262,19261,619001
7291,3.4288849266218624,638262,19261,619001
7292,3.428414701042238,637986,19101,618885
7293,3.4279446044151927,637986,19101,618885
7294,3.4274746366876885,637414,18891,618523
7295,3.427004797806717,637414,18891,618523
7296,3.4265350877192984,637414,18891,618523
7297,3.4260655063724816,637414,18891,618523
7298,3.4255960537133463,637414,18891,618523
7299,3.4251267296889987,637414,18891,618523
7300,3.4246575342465753,637356,18891,618465
7301,3.424188467333242,637356,18891,618465
7302,3.423719528896193,637356,18891,618465
7303,3.423250718882651,637356,18891,618465
7304,3.4227820372398687,637356,18891,618465
7305,3.4223134839151266,637356,18891,618465
7306,3.421845058855735,637356,18891,618465
7307,3.4213767620090323,637356,18891,618465
7308,3.4209085933223866,637356,18891,618465
7309,3.420440552743193,637356,18891,618465
7310,3.4199726402188784,637356,18891,618465
7311,3.419504855696895,637356,18891,618465
7312,3.4190371991247264,637356,18891,618465
7313,3.418569670449884,637356,18891,618465
7314,3.418102269619907,637356,18891,618465
7315,3.417634996582365,637356,18891,618465
7316,3.417167851284855,637356,18891,618465
7317,3.4167008336750033,637356,18891,618465
7318,3.4162339437004645,637356,18891,618465
7319,3.415767181308922,637356,18891,618465
7320,3.4153005464480874,637356,18891,618465
7321,3.4148340390657013,637356,18891,618465
7322,3.414367659109533,637356,18891,618465
7323,3.4139014065273794,637356,18891,618465
7324,3.413435281267067,637356,18891,618465
7325,3.4129692832764507,637356,18891,618465
7326,3.4125034125034124,637356,18891,618465
7327,3.4120376688958647,637356,18891,618465
7328,3.4115720524017465,637356,18891,618465
7329,3.411106562969027,637356,18891,618465
7330,3.4106412005457027,637356,18891,618465
7331,3.410175965079798,637356,18891,618465
7332,3.409710856519367,637356,18891,618465
7333,3.4092458748124916,637356,18891,618465
7334,3.408781019907281,636588,18513,618075
7335,3.408316291751875,636588,18513,618075
7336,3.4078516902944385,636588,18513,618075
7337,3.4073872154831677,636588,18513,618075
7338,3.4069228672662852,636588,18513,618075
7339,3.4064586455920427,636576,18513,618063
7340,3.4059945504087192,636576,18513,618063
7341,3.4055305816646233,636576,18513,618063
7342,3.4050667393080905,636576,18513,618063
7343,3.4046030232874847,636576,18513,618063
7344,3.4041394335511983,636576,18513,618063
7345,3.4036759700476513,636550,18513,618037
7346,3.4032126327252925,636377,18513,617864
7347,3.402749421532598,636377,18513,617864
7348,3.402286336418073,636377,18513,617864
7349,3.401823377330249,636377,18513,617864
7350,3.401360544217687,636377,18513,617864
7351,3.4008978370289755,636377,18513,617864
7352,3.4004352557127313,636377,18513,617864
7353,3.3999728002175984,636375,18513,617862
7354,3.399510470492249,636375,18513,617862
7355,3.399048266485384,636375,18513,617862
7356,3.3985861881457313,636375,18513,617862
7357,3.398124235422047,636375,18513,617862
7358,3.397662408263115,636375,18513,617862
7359,3.3972007066177468,635808,18460,617348
7360,3.3967391304347827,635808,18460,617348
7361,3.3962776796630894,635290,18467,616823
7362,3.3958163542515623,635290,18467,616823
7363,3.395355154149124,635290,18467,616823
7364,3.3948940793047258,635290,18467,616823
7365,3.3944331296673456,635290,18467,616823
7366,3.3939723051859896,635290,18467,616823
7367,3.393511605809692,635290,18467,616823
7368,3.3930510314875137,633088,18415,614673
7369,3.392590582168544,633088,18415,614673
7370,3.3921302578018997,632366,18387,613979
7371,3.391670058336725,632366,18387,613979
7372,3.391209983722192,632366,18387,613979
7373,3.3907500339075005,632366,18387,613979
7374,3.390290208841877,632366,18387,613979
7375,3.389830508474576,632366,18387,613979
7376,3.389370932754881,632366,18387,613979
7377,3.3889114816320998,632366,18387,613979
7378,3.3884521550555706,632366,18387,613979
7379,3.387992952974658,631928,18387,613541
7380,3.3875338753387534,631875,18387,613488
7381,3.387074922097277,631875,18387,613488
7382,3.3866160931996747,631875,18387,613488
7383,3.386157388595422,631875,18387,613488
7384,3.3856988082340194,631875,18387,613488
7385,3.3852403520649967,631875,18387,613488
7386,3.3847820200379095,631875,18387,613488
7387,3.384323812102342,631875,18387,613488
7388,3.3838657282079048,631875,18387,613488
7389,3.383407768304236,631875,18387,613488
7390,3.3829499323410013,631875,18387,613488
7391,3.3824922202678933,631875,18387,613488
7392,3.382034632034632,631875,18387,613488
7393,3.3815771675909643,631875,18387,613488
7394,3.381119826886665,631875,18387,613488
7395,3.3806626098715347,631875,18387,613488
7396,3.380205516495403,631875,18387,613488
7397,3.3797485467081247,631875,18387,613488
7398,3.3792917004595835,631875,18387,613488
7399,3.378834977699689,631875,18387,613488
7400,3.3783783783783785,631875,18387,613488
7401,3.3779219024456153,631875,18387,613488
7402,3.3774655498513915,631875,18387,613488
7403,3.377009320545725,631875,18387,613488
7404,3.37655321447866,631875,18387,613488
7405,3.37609723160027,631875,18387,613488
7406,3.3756413718606537,631875,18387,613488
7407,3.3751856352099368,631875,18387,613488
7408,3.374730021598272,631402,18915,612487
7409,3.3742745309758404,631402,18915,612487
7410,3.3738191632928474,631402,18915,612487
7411,3.373363918499528,631402,18915,612487
7412,3.3729087965461413,631402,18915,612487
7413,3.372453797382976,631402,18915,612487
7414,3.3719989209603454,631402,18915,612487
7415,3.3715441672285906,631402,18915,612487
7416,3.3710895361380797,631402,18915,612487
7417,3.3706350276392074,631402,18915,612487
7418,3.3701806416823943,631402,18915,612487
7419,3.369726378218089,631402,18915,612487
7420,3.3692722371967654,631402,18915,612487
7421,3.368818218568926,631402,18915,612487
7422,3.3683643222850983,631402,18915,612487
7423,3.3679105482958374,631402,18915,612487
7424,3.367456896551724,631402,18915,612487
7425,3.367003367003367,631402,18915,612487
7426,3.3665499596014006,631402,18915,612487
7427,3.366096674296486,631402,18915,612487
7428,3.365643511039311,631402,18915,612487
7429,3.3651904697805897,631402,18915,612487
7430,3.3647375504710633,631402,18915,612487
7431,3.364284753061499,631402,18915,612487
7432,3.363832077502691,631402,18915,612487
7433,3.3633795237454596,631402,18915,612487
7434,3.362927091740651,631402,18915,612487
7435,3.3624747814391394,631402,18915,612487
7436,3.3620225927918237,631249,18915,612334
7437,3.3615705257496304,631249,18915,612334
7438,3.3611185802635117,631241,18915,612326
7439,3.3606667562844468,631241,18915,612326
7440,3.360215053763441,631241,18915,612326
7441,3.3597634726515255,631241,18915,612326
7442,3.3593120128997582,631241,18915,612326
7443,3.3588606744592235,631241,18915,612326
7444,3.3584094572810317,631241,18915,612326
7445,3.3579583613163195,631241,18915,612326
7446,3.35750738651625,631241,18915,612326
7447,3.3570565328320128,631241,18915,612326
7448,3.356605800214823,631241,18915,612326
7449,3.3561551886159218,631241,18915,612326
7450,3.3557046979865772,631241,18915,612326
7451,3.3552543282780833,631241,18915,612326
7452,3.3548040794417604,631241,18915,612326
7453,3.354353951428955,631241,18915,612326
7454,3.3539039441910385,631241,18915,612326
7455,3.35345405767941,631241,18915,612326
7456,3.3530042918454934,631241,18915,612326
7457,3.35255464664074,631241,18915,612326
7458,3.3521051220166265,631241,18915,612326
7459,3.351655717924655,631241,18915,612326
7460,3.351206434316354,631241,18915,612326
7461,3.3507572711432783,631241,18915,612326
7462,3.350308228357009,631241,18915,612326
7463,3.3498593059091517,631241,18915,612326
7464,3.34941050375134,631241,18915,612326
7465,3.348961821835231,631241,18915,612326
7466,3.34851326011251,631241,18915,612326
7467,3.348064818534887,631241,18915,612326
7468,3.3476164970540974,631241,18915,612326
7469,3.3471682956219038,631241,18915,612326
7470,3.3467202141900936,631241,18915,612326
7471,3.3462722527104805,631241,18915,612326
7472,3.345824411134904,631241,18915,612326
7473,3.3453766894152284,631241,18915,612326
7474,3.344929087503345,631241,18915,612326
7475,3.3444816053511706,631241,18915,612326
7476,3.3440342429106473,631241,18915,612326
7477,3.3435870001337435,631241,18915,612326
7478,3.3431398769724527,631241,18915,612326
7479,3.342692873378794,631241,18915,612326
7480,3.342245989304813,630958,18915,612043
7481,3.34179922470258,630958,18915,612043
7482,3.3413525795241914,630958,18915,612043
7483,3.340906053721769,630958,18915,612043
7484,3.3404596472474615,630958,18915,612043
7485,3.3400133600534403,630958,18915,612043
7486,3.339567192091905,630958,18915,612043
7487,3.3391211433150794,630958,18915,612043
7488,3.338675213675214,630958,18915,612043
7489,3.3382294031245827,630958,18915,612043
7490,3.3377837116154874,630958,18915,612043
7491,3.3373381391002535,630958,18915,612043
7492,3.3368926855312333,630958,18915,612043
7493,3.3364473508608032,630958,18915,612043
7494,3.3360021350413662,630958,18915,612043
7495,3.33555703802535,630958,18915,612043
7496,3.335112059765208,630958,18915,612043
7497,3.334667200213419,630958,18915,612043
7498,3.334222459322486,630958,18915,612043
7499,3.333777837044939,630958,18915,612043
7500,3.3333333333333335,630958,18915,612043
7501,3.332888948140248,630958,18915,612043
7502,3.3324446814182886,630958,18915,612043
7503,3.3320005331200853,630958,18915,612043
7504,3.331556503198294,630958,18915,612043
7505,3.331112591605596,630958,18915,612043
7506,3.3306687982946976,630837,18915,611922
7507,3.3302251232183298,630837,18915,611922
7508,3.329781566329249,630837,18915,611922
7509,3.329338127580237,630837,18915,611922
7510,3.3288948069241013,630837,18915,611922
7511,3.328451604313673,630837,18915,611922
7512,3.3280085197018106,630837,18915,611922
7513,3.327565553041395,629286,18915,610371
7514,3.327122704285334,629286,18915,610371
7515,3.32667997338656,629286,18915,610371
7516,3.326237360298031,629286,18915,610371
7517,3.3257948649727287,629286,18915,610371
7518,3.3253524873636606,629286,18915,610371
7519,3.3249102274238598,629286,18915,610371
7520,3.324468085106383,629286,18915,610371
7521,3.3240260603643135,629286,18915,610371
7522,3.3235841531507577,629286,18915,610371
7523,3.323142363418849,629286,18915,610371
7524,3.3227006911217436,629286,18915,610371
7525,3.3222591362126246,629286,18915,610371
7526,3.3218176986446983,628549,18915,609634
7527,3.321376378371197,628549,18915,609634
7528,3.3209351753453773,628549,18915,609634
7529,3.320494089520521,628549,18915,609634
7530,3.3200531208499338,628549,18915,609634
7531,3.319612269286947,628549,18915,609634
7532,3.3191715347849176,628549,18915,609634
7533,3.3187309172972257,628549,18915,609634
7534,3.3182904167772764,628549,18915,609634
7535,3.3178500331785004,628138,18915,609223
7536,3.3174097664543525,628138,18915,609223
7537,3.3169696165583122,628138,18915,609223
7538,3.3165295834438844,628138,18915,609223
7539,3.3160896670645976,628138,18915,609223
7540,3.315649867374005,628138,18915,609223
7541,3.3152101843256863,628138,18915,609223
7542,3.314770617873243,628138,18915,609223
7543,3.3143311679703036,628138,18915,609223
7544,3.3138918345705197,628138,18915,609223
7545,3.313452617627568,628138,18915,609223
7546,3.3130135170951496,628138,18915,609223
7547,3.3125745329269907,628138,18915,609223
7548,3.3121356650768417,628138,18915,609223
7549,3.311696913498477,628138,18915,609223
7550,3.3112582781456954,628138,18915,609223
7551,3.3108197589723214,628138,18915,609223
7552,3.3103813559322033,628138,18915,609223
7553,3.3099430689792135,628138,18915,609223
7554,3.309504898067249,628138,18915,609223
7555,3.3090668431502315,628138,18915,609223
7556,3.308628904182107,628138,18915,609223
7557,3.308191081116845,628138,18915,609223
7558,3.3077533739084415,628138,18915,609223
7559,3.3073157825109143,627733,18915,608818
7560,3.306878306878307,627453,18915,608538
7561,3.3064409469646874,627453,18915,608538
7562,3.306003702724147,627453,18915,608538
7563,3.3055665741108027,627453,18915,608538
7564,3.305129561078794,627453,18915,608538
7565,3.3046926635822866,627453,18915,608538
7566,3.304255881575469,627453,18915,608538
7567,3.3038192150125547,627453,18915,608538
7568,3.3033826638477803,627453,18915,608538
7569,3.3029462280354074,627453,18915,608538
7570,3.3025099075297226,627453,18915,608538
7571,3.302073702285035,627453,18915,608538
7572,3.301637612255679,627453,18915,608538
7573,3.3012016373960122,627453,18915,608538
7574,3.300765777660417,627453,18915,608538
7575,3.3003300330033003,627453,18915,608538
7576,3.299894403379092,627453,18915,608538
7577,3.2994588887422465,627453,18915,608538
7578,3.299023489047242,627453,18915,608538
7579,3.2985882042485817,627453,18915,608538
7580,3.2981530343007917,627453,18915,608538
7581,3.2977179791584224,627453,18915,608538
7582,3.2972830387760483,627453,18915,608538
7583,3.2968482131082686,627453,18915,608538
7584,3.2964135021097047,627413,18915,608498
7585,3.2959789057350033,627413,18915,608498
7586,3.2955444239388347,627413,18915,608498
7587,3.295110056675893,627413,18915,608498
7588,3.2946758039008963,627413,18915,608498
7589,3.294241665568586,627085,18699,608386
7590,3.2938076416337285,627085,18699,608386
7591,3.293373732051113,627085,18699,608386
7592,3.292939936775553,627085,18699,608386
7593,3.292506255761886,627085,18699,608386
7594,3.2920726889649723,626241,18756,607485
7595,3.291639236339697,626241,18756,607485
7596,3.291205897840969,626241,18756,607485
7597,3.29077267342372,626241,18756,607485
7598,3.290339563042906,626241,18756,607485
7599,3.289906566653507,626241,18756,607485
7600,3.289473684210526,626241,18756,607485
7601,3.289040915668991,626073,18795,607278
7602,3.2886082609839518,626073,18795,607278
7603,3.2881757201104826,626073,18795,607278
7604,3.287743293003682,626073,18795,607278
7605,3.287310979618672,626073,18795,607278
7606,3.2868787799105967,626073,18795,607278
7607,3.286446693834626,626073,18795,607278
7608,3.2860147213459516,625880,18798,607082
7609,3.2855828623997896,625880,18798,607082
7610,3.2851511169513796,625880,18798,607082
7611,3.2847194849559846,625880,18798,607082
7612,3.284287966368891,624875,19182,605693
7613,3.2838565611454094,624875,19182,605693
7614,3.283425269240872,624860,19157,605703
7615,3.2829940906106367,624860,19157,605703
7616,3.282563025210084,624860,19157,605703
7617,3.2821320729946173,624860,19157,605703
7618,3.281701233919664,624860,19157,605703
7619,3.2812705079406745,624860,19157,605703
7620,3.2808398950131235,624860,19157,605703
7621,3.2804093950925077,624600,19065,605535
7622,3.279979008134348,624600,19065,605535
7623,3.2795487340941887,624169,18749,605420
7624,3.279118572927597,624169,18749,605420
7625,3.278688524590164,624169,18749,605420
7626,3.2782585890375033,624169,18749,605420
7627,3.2778287662252525,624169,18749,605420
7628,3.277399056109072,624169,18749,605420
7629,3.2769694586446456,624169,18749,605420
7630,3.2765399737876804,624169,18749,605420
7631,3.2761106014939063,624169,18749,605420
7632,3.2756813417190775,624097,18749,605348
7633,3.2752521944189703,624097,18749,605348
7634,3.2748231595493844,624097,18749,605348
7635,3.2743942370661427,624097,18749,605348
7636,3.2739654269250917,624097,18749,605348
7637,3.2735367290821005,624097,18749,605348
7638,3.273108143493061,624097,18749,605348
7639,3.2726796701138894,624097,18749,605348
7640,3.2722513089005236,623672,18749,604923
7641,3.2718230598089257,623672,18749,604923
7642,3.27139492279508,623672,18749,604923
7643,3.270966897814994,623672,18749,604923
7644,3.2705389848246993,623672,18749,604923
7645,3.2701111837802483,623672,18749,604923
7646,3.269683494637719,623672,18749,604923
7647,3.2692559173532105,623672,18749,604923
7648,3.268828451882845,623672,18749,604923
7649,3.268401098182769,623672,18749,604923
7650,3.2679738562091503,623672,18749,604923
7651,3.2675467259181805,623672,18749,604923
7652,3.2671197072660743,623672,18749,604923
7653,3.2666928002090683,623672,18749,604923
7654,3.266266004703423,623672,18749,604923
7655,3.2658393207054215,623672,18749,604923
7656,3.265412748171369,623612,18749,604863
7657,3.2649862870575945,623612,18749,604863
7658,3.264559937320449,622535,18724,603811
7659,3.2641336989163077,622535,18724,603811
7660,3.2637075718015667,622535,18724,603811
7661,3.263281555932646,622535,18724,603811
7662,3.262855651265988,622535,18724,603811
7663,3.2624298577580584,622535,18724,603811
7664,3.2620041753653446,622535,18724,603811
7665,3.2615786040443573,622535,18724,603811
7666,3.261153143751631,622535,18724,603811
7667,3.26072779444372,622535,18724,603811
7668,3.260302556077204,622535,18724,603811
7669,3.2598774286086845,622535,18724,603811
7670,3.259452411994785,622535,18724,603811
7671,3.2590275061921523,622535,18724,603811
7672,3.258602711157456,622535,18724,603811
7673,3.258178026847387,622535,18724,603811
7674,3.2577534532186605,622237,18724,603513
7675,3.257328990228013,622237,18724,603513
7676,3.2569046378322044,622237,18724,603513
7677,3.256480395988016,622237,18724,603513
7678,3.256056264652253,622237,18724,603513
7679,3.255632243781742,622237,18724,603513
7680,3.2552083333333335,622237,18724,603513
7681,3.254784533263898,622237,18724,603513
7682,3.2543608435303306,622190,18724,603466
7683,3.2539372640895485,622190,18724,603466
7684,3.2535137948984905,622190,18724,603466
7685,3.2530904359141184,622190,18724,603466
7686,3.2526671870934165,622190,18724,603466
7687,3.2522440483933917,622190,18724,603466
7688,3.251821019771072,622190,18724,603466
7689,3.2513981011835087,622190,18724,603466
7690,3.250975292587776,622190,18724,603466
7691,3.25055259394097,622190,18724,603466
7692,3.2501300052002082,622190,18724,603466
7693,3.249707526322631,622190,18724,603466
7694,3.2492851572654016,622151,18724,603427
7695,3.248862897985705,620893,18700,602193
7696,3.2484407484407485,620893,18700,602193
7697,3.2480187085877614,620893,18700,602193
7698,3.2475967783839956,620893,18700,602193
7699,3.2471749577867257,620893,18700,602193
7700,3.2467532467532467,620784,18700,602084
7701,3.2463316452408777,620784,18700,602084
7702,3.2459101532069594,620784,18700,602084
7703,3.2454887706088535,620784,18700,602084
7704,3.245067497403946,620784,18700,602084
7705,3.244646333549643,620784,18700,602084
7706,3.244225279003374,620784,18700,602084
7707,3.24380433372259,620784,18700,602084
7708,3.2433834976647637,620784,18700,602084
7709,3.242962770787391,620784,18700,602084
7710,3.2425421530479897,620784,18700,602084
7711,3.242121644404098,620784,18700,602084
7712,3.241701244813278,620784,18700,602084
7713,3.241280954233113,620784,18700,602084
7714,3.240860772621208,620784,18700,602084
7715,3.240440699935191,620784,18700,602084
7716,3.240020736132711,620784,18700,602084
7717,3.2396008811714396,620784,18700,602084
7718,3.2391811350090696,620784,18700,602084
7719,3.2387614976033166,620784,18700,602084
7720,3.238341968911917,620784,18700,602084
7721,3.2379225488926306,620784,18700,602084
7722,3.2375032375032373,620784,18700,602084
7723,3.237084034701541,619839,18652,601187
7724,3.236664940445365,619839,18652,601187
7725,3.236245954692557,619839,18652,601187
7726,3.235827077400984,619839,18652,601187
7727,3.235408308528536,619839,18652,601187
7728,3.2349896480331264,619839,18652,601187
7729,3.2345710958726874,619839,18652,601187
7730,3.2341526520051747,619839,18652,601187
7731,3.2337343163885657,616398,18652,597746
7732,3.233316088980859,616398,18652,597746
7733,3.232897969740075,616398,18652,597746
7734,3.2324799586242565,616398,18652,597746
7735,3.2320620555914674,616398,18652,597746
7736,3.231644260599793,616398,18652,597746
7737,3.2312265736073416,615699,18763,596936
7738,3.2308089945722407,615666,18763,596903
7739,3.2303915234526426,615666,18763,596903
7740,3.2299741602067185,615625,18763,596862
7741,3.2295569047926627,615625,18763,596862
7742,3.2291397571686904,615625,18763,596862
7743,3.228722717293039,615625,18763,596862
7744,3.228305785123967,615625,18763,596862
7745,3.2278889606197545,615625,18763,596862
7746,3.227472243738704,615625,18763,596862
7747,3.2270556344391377,615539,18763,596776
7748,3.2266391326794013,615539,18763,596776
7749,3.2262227384178606,615539,18763,596776
7750,3.225806451612903,615539,18763,596776
7751,3.225390272222939,615539,18763,596776
7752,3.224974200206398,615539,18763,596776
7753,3.2245582355217337,615539,18763,596776
7754,3.224142378127418,615539,18763,596776
7755,3.223726627981947,615539,18763,596776
7756,3.223310985043837,615539,18763,596776
7757,3.2228954492716255,615539,18763,596776
7758,3.222480020623872,615539,18763,596776
7759,3.2220646990591573,615539,18763,596776
7760,3.2216494845360826,615539,18763,596776
7761,3.2212343770132716,615539,18763,596776
7762,3.2208193764493687,615539,18763,596776
7763,3.22040448280304,615539,18763,596776
7764,3.2199896960329726,615539,18763,596776
7765,3.219575016097875,615539,18763,596776
7766,3.219160442956477,615539,18763,596776
7767,3.2187459765675293,615539,18763,596776
7768,3.218331616889804,615539,18763,596776
7769,3.2179173638820955,615145,18763,596382
7770,3.2175032175032174,615145,18763,596382
7771,3.217089177712006,614923,18775,596148
7772,3.216675244467319,614923,18775,596148
7773,3.216261417728033,614669,18775,595894
7774,3.2158476974530488,614669,18775,595894
7775,3.215434083601286,614669,18775,595894
7776,3.2150205761316872,614669,18775,595894
7777,3.2146071750032146,614669,18775,595894
7778,3.214193880174852,614669,18775,595894
7779,3.2137806916056046,614669,18775,595894
7780,3.2133676092544987,614669,18775,595894
7781,3.2129546330805807,614669,18775,595894
7782,3.2125417630429194,614669,18775,595894
7783,3.212128999100604,614669,18775,595894
7784,3.2117163412127443,614669,18775,595894
7785,3.2113037893384715,613723,18758,594965
7786,3.210891343436938,613723,18758,594965
7787,3.2104790034673174,613448,18758,594690
7788,3.210066769388803,613448,18758,594690
7789,3.2096546411606113,613448,18758,594690
7790,3.209242618741977,613448,18758,594690
7791,3.2088307020921576,613448,18758,594690
7792,3.208418891170431,613448,18758,594690
7793,3.2080071859360966,613448,18758,594690
7794,3.2075955863484733,613448,18758,594690
7795,3.207184092366902,613448,18758,594690
7796,3.206772703950744,613448,18758,594690
7797,3.206361421059382,612341,18784,593557
7798,3.2059502436522185,612341,18784,593557
7799,3.205539171688678,612131,18784,593347
7800,3.2051282051282053,612131,18784,593347
7801,3.204717343930265,612131,18784,593347
7802,3.204306588054345,612131,18784,593347
7803,3.203895937459951,612131,18784,593347
7804,3.203485392106612,611915,18793,593122
7805,3.2030749519538757,611915,18793,593122
7806,3.2026646169613118,611915,18793,593122
7807,3.2022543870885105,611915,18793,593122
7808,3.201844262295082,611915,18793,593122
7809,3.201434242540658,611915,18793,593122
7810,3.201024327784891,611800,18793,593007
7811,3.2006145179874537,611800,18793,593007
7812,3.200204813108039,611800,18793,593007
7813,3.1997952131063614,611800,18793,593007
7814,3.199385717942155,610704,19326,591378
7815,3.198976327575176,610704,19326,591378
7816,3.1985670419651995,610704,19326,591378
7817,3.1981578610720227,610704,19326,591378
7818,3.1977487848554618,610704,19326,591378
7819,3.197339813275355,610704,19326,591378
7820,3.1969309462915603,610704,19326,591378
7821,3.196522183863956,610704,19326,591378
7822,3.196113525952442,610704,19326,591378
7823,3.1957049725169373,610704,19326,591378
7824,3.1952965235173822,610704,19326,591378
7825,3.194888178913738,610704,19326,591378
7826,3.1944799386659852,610704,19326,591378
7827,3.1940718027341255,607126,19326,587800
7828,3.193663771078181,607126,19326,587800
7829,3.1932558436581937,606521,19326,587195
7830,3.1928480204342273,606521,19326,587195
7831,3.1924403013663643,606521,19326,587195
7832,3.192032686414709,606521,19326,587195
7833,3.1916251755393845,606521,19326,587195
7834,3.191217768700536,606521,19326,587195
7835,3.190810465858328,606313,19326,586987
7836,3.1904032669729454,606313,19326,586987
7837,3.1899961720045935,606313,19326,586987
7838,3.189589180913498,606313,19326,586987
7839,3.1891822936599055,606313,19326,586987
7840,3.188775510204082,606313,19326,586987
7841,3.188368830506313,606251,19326,586925
7842,3.1879622545269064,606251,19326,586925
7843,3.187555782226189,606251,19326,586925
7844,3.1871494135645078,606251,19326,586925
7845,3.186743148502231,606251,19326,586925
7846,3.186336986999745,606251,19326,586925
7847,3.185930929017459,606251,19326,586925
7848,3.1855249745158,606251,19326,586925
7849,3.1851191234552174,606251,19326,586925
7850,3.1847133757961785,606251,19326,586925
7851,3.184307731499172,605394,19324,586070
7852,3.183902190524707,605394,19324,586070
7853,3.183496752833312,605394,19324,586070
7854,3.183091418385536,604904,19324,585580
7855,3.1826861871419476,604904,19324,585580
7856,3.1822810590631363,604904,19324,585580
7857,3.181876034109711,604904,19324,585580
7858,3.181471112242301,604904,19324,585580
7859,3.181066293421555,604904,19324,585580
7860,3.1806615776081424,604519,19324,585195
7861,3.1802569647627528,604519,19324,585195
7862,3.1798524548460954,604519,19324,585195
7863,3.1794480478188984,604519,19324,585195
7864,3.1790437436419126,604519,19324,585195
7865,3.178639542275906,604519,19324,585195
7866,3.1782354436816678,604519,19324,585195
7867,3.1778314478200076,603263,19378,583885
7868,3.177427554651754,603263,19378,583885
7869,3.177023764137756,603263,19378,583885
7870,3.1766200762388817,603263,19378,583885
7871,3.176216490916021,603132,19378,583754
7872,3.1758130081300813,603132,19378,583754
7873,3.1754096278419914,603132,19378,583754
7874,3.1750063500127,603132,19378,583754
7875,3.1746031746031744,602985,19378,583607
7876,3.1742001015744035,602985,19378,583607
7877,3.173797130887394,602985,19378,583607
7878,3.1733942625031735,602985,19378,583607
7879,3.1729914963827897,602985,19378,583607
7880,3.1725888324873095,602985,19378,583607
7881,3.17218627077782,602985,19378,583607
7882,3.1717838112154277,602985,19378,583607
7883,3.1713814537612586,602985,19378,583607
7884,3.170979198376459,602985,19378,583607
7885,3.170577045022194,602985,19378,583607
7886,3.17017499365965,602985,19378,583607
7887,3.169773044250032,602985,19378,583607
7888,3.1693711967545637,602985,19378,583607
7889,3.1689694511344912,602985,19378,583607
7890,3.1685678073510775,602985,19378,583607
7891,3.168166265365606,602985,19378,583607
7892,3.1677648251393817,602985,19378,583607
7893,3.167363486633726,602985,19378,583607
7894,3.1669622498099823,602985,19378,583607
7895,3.1665611146295123,602985,19378,583607
7896,3.166160081053698,602985,19378,583607
7897,3.1657591490439407,602985,19378,583607
7898,3.1653583185616614,602985,19378,583607
7899,3.1649575895682998,602905,19378,583527
7900,3.1645569620253164,602419,19378,583041
7901,3.1641564358941907,602419,19378,583041
7902,3.1637560111364214,602419,19378,583041
7903,3.1633556877135267,602419,19378,583041
7904,3.1629554655870447,602419,19378,583041
7905,3.1625553447185326,602419,19378,583041
7906,3.1621553250695675,602144,19378,582766
7907,3.1617554066017455,602144,19378,582766
7908,3.161355589276682,602144,19378,582766
7909,3.1609558730560123,602144,19378,582766
7910,3.1605562579013906,602144,19378,582766
7911,3.160156743774491,602144,19378,582766
7912,3.159757330637007,602144,19378,582766
7913,3.159358018450651,602144,19378,582766
7914,3.1589588071771546,602144,19378,582766
7915,3.158559696778269,602144,19378,582766
7916,3.1581606872157657,602144,19378,582766
7917,3.157761778451434,602144,19378,582766
7918,3.1573629704470827,601918,19378,582540
7919,3.156964263164541,601918,19378,582540
7920,3.1565656565656566,601918,19378,582540
7921,3.1561671506122964,601918,19378,582540
7922,3.155768745266347,601918,19378,582540
7923,3.1553704404897136,601918,19378,582540
7924,3.154972236244321,601918,19378,582540
7925,3.1545741324921135,601918,19378,582540
7926,3.1541761291950543,601918,19378,582540
7927,3.1537782263151257,601918,19378,582540
7928,3.153380423814329,601918,19378,582540
7929,3.1529827216546855,601918,19378,582540
7930,3.1525851197982346,601918,19378,582540
7931,3.152187618207036,600848,19373,581475
7932,3.151790216843167,600848,19373,581475
7933,3.1513929156687257,600848,19373,581475
7934,3.1509957146458283,600557,19422,581135
7935,3.15059861373661,600557,19422,581135
7936,3.150201612903226,600557,19422,581135
7937,3.149804712107849,600557,19422,581135
7938,3.1494079113126734,600557,19422,581135
7939,3.1490112104799093,600557,19422,581135
7940,3.1486146095717884,600557,19422,581135
7941,3.1482181085505605,600557,19422,581135
7942,3.147821707378494,600557,19422,581135
7943,3.1474254060178772,600557,19422,581135
7944,3.1470292044310173,600557,19422,581135
7945,3.146633102580239,600557,19422,581135
7946,3.1462371004278884,600557,19422,581135
7947,3.145841197936328,600557,19422,581135
7948,3.1454453950679415,600344,19342,581002
7949,3.1450496917851303,600344,19342,581002
7950,3.1446540880503147,600344,19342,581002
7951,3.144258583825934,600344,19342,581002
7952,3.143863179074447,600344,19342,581002
7953,3.1434678737583304,600344,19342,581002
7954,3.1430726678400807,600344,19342,581002
7955,3.1426775612822127,600344,19342,581002
7956,3.14228255404726,600344,19342,581002
7957,3.1418876460977754,600344,19342,581002
7958,3.141492837396331,600344,19342,581002
7959,3.141098127905516,600344,19342,581002
7960,3.14070351758794,600344,19342,581002
7961,3.1403090064062305,600344,19342,581002
7962,3.1399145943230344,600344,19342,581002
7963,3.1395202813010172,600344,19342,581002
7964,3.139126067302863,600344,19342,581002
7965,3.138731952291274,600344,19342,581002
7966,3.138337936228973,600344,19342,581002
7967,3.1379440190786996,600344,19342,581002
7968,3.137550200803213,600344,19342,581002
7969,3.1371564813652904,600344,19342,581002
7970,3.136762860727729,600344,19342,581002
7971,3.1363693388533433,600344,19342,581002
7972,3.1359759157049676,600344,19342,581002
7973,3.1355825912454534,600344,19342,581002
7974,3.1351893654376726,600344,19342,581002
7975,3.134796238244514,600344,19342,581002
7976,3.1344032096288865,600344,19342,581002
7977,3.134010279553717,600344,19342,581002
7978,3.1336174479819503,600344,19342,581002
7979,3.133224714876551,600344,19342,581002
7980,3.1328320802005014,600344,19342,581002
7981,3.1324395439168025,600344,19342,581002
7982,3.132047105988474,600341,19342,580999
7983,3.1316547663785546,600341,19342,580999
7984,3.1312625250501003,600341,19342,580999
7985,3.1308703819661865,600219,19342,580877
7986,3.130478337089907,600219,19342,580877
7987,3.1300863903843745,600080,19342,580738
7988,3.129694541812719,600080,19342,580738
7989,3.1293027913380898,600080,19342,580738
7990,3.1289111389236544,600080,19342,580738
7991,3.128519584532599,599049,19376,579673
7992,3.1281281281281283,599049,19376,579673
7993,3.127736769673464,599049,19376,579673
7994,3.1273455091318487,599049,19376,579673
7995,3.1269543464665417,599049,19376,579673
7996,3.1265632816408204,598172,19376,578796
7997,3.126172314617982,598054,19376,578678
7998,3.12578144536134,598054,19376,578678
7999,3.125390673834229,598054,19376,578678
8000,3.125,598054,19376,578678
8001,3.1246094238220223,598054,19376,578678
8002,3.124218945263684,598054,19376,578678
8003,3.123828564288392,598054,19376,578678
8004,3.1234382808595704,598054,19376,578678
8005,3.1230480949406623,598054,19376,578678
8006,3.122658006495129,598054,19376,578678
8007,3.1222680154864495,598054,19376,578678
8008,3.121878121878122,598054,19376,578678
8009,3.121488325633662,598054,19376,578678
8010,3.1210986267166043,598054,19376,578678
8011,3.1207090250905005,598054,19376,578678
8012,3.1203195207189216,598054,19376,578678
8013,3.1199301135654562,598054,19376,578678
8014,3.119540803593711,598054,19376,578678
8015,3.119151590767311,598014,19376,578638
8016,3.1187624750499,598014,19376,578638
8017,3.118373456405139,598014,19376,578638
8018,3.1179845347967072,597632,19376,578256
8019,3.117595710188303,597415,19376,578039
8020,3.117206982543641,597415,19376,578039
8021,3.1168183518264554,597301,19376,577925
8022,3.1164298180004986,597301,19376,577925
8023,3.11604138102954,597301,19376,577925
8024,3.1156530408773677,597301,19376,577925
8025,3.115264797507788,597301,19376,577925
8026,3.114876650884625,597301,19376,577925
8027,3.1144886009717205,597301,19376,577925
8028,3.114100647732935,597301,19376,577925
8029,3.113712791132146,597301,19376,577925
8030,3.1133250311332503,597301,19376,577925
8031,3.112937367700162,597217,19376,577841
8032,3.112549800796813,597217,19376,577841
8033,3.112162330387153,597217,19376,577841
8034,3.1117749564351507,597217,19376,577841
8035,3.1113876789047916,597217,19376,577841
8036,3.1110004977600796,597217,19376,577841
8037,3.1106134129650367,597217,19376,577841
8038,3.1102264244837023,597217,19376,577841
8039,3.109839532280134,597217,19376,577841
8040,3.109452736318408,597217,19376,577841
8041,3.1090660365626164,596794,19340,577454
8042,3.108679432976871,596794,19340,577454
8043,3.1082929255253013,596794,19340,577454
8044,3.1079065141720537,596794,19340,577454
8045,3.107520198881293,596794,19340,577454
8046,3.1071339796172013,596584,19340,577244
8047,3.106747856343979,596584,19340,577244
8048,3.106361829025845,596584,19340,577244
8049,3.1059758976270344,596584,19340,577244
8050,3.1055900621118013,596584,19340,577244
8051,3.105204322444417,596584,19340,577244
8052,3.1048186785891705,596584,19340,577244
8053,3.104433130510369,596584,19340,577244
8054,3.1040476781723365,596584,19340,577244
8055,3.1036623215394163,596335,19340,576995
8056,3.103277060575968,596335,19340,576995
8057,3.1028918952463695,596335,19340,576995
8058,3.1025068255150163,596335,19340,576995
8059,3.102121851346321,596335,19340,576995
8060,3.101736972704715,596335,19340,576995
8061,3.1013521895546456,596335,19340,576995
8062,3.1009675018605805,596335,19340,576995
8063,3.1005829095870023,596335,19340,576995
8064,3.1001984126984126,596335,19340,576995
8065,3.0998140111593306,596335,19340,576995
8066,3.099429704934292,596335,19340,576995
8067,3.099045493987852,596335,19340,576995
8068,3.098661378284581,596217,19340,576877
8069,3.0982773577890694,596217,19340,576877
8070,3.097893432465923,596217,19340,576877
8071,3.097509602279767,596217,19340,576877
8072,3.097125867195243,596217,19340,576877
8073,3.09674222717701,596217,19340,576877
8074,3.096358682189745,596217,19340,576877
8075,3.0959752321981426,596217,19340,576877
8076,3.0955918771669144,596217,19340,576877
8077,3.09520861706079,596217,19340,576877
8078,3.094825451844516,596217,19340,576877
8079,3.0944423814828568,596217,19340,576877
8080,3.094059405940594,596217,19340,576877
8081,3.093676525182527,596217,19340,576877
8082,3.093293739173472,596217,19340,576877
8083,3.092911047878263,596217,19340,576877
8084,3.0925284512617517,596217,19340,576877
8085,3.0921459492888066,596217,19340,576877
8086,3.0917635419243137,596217,19340,576877
8087,3.0913812291331766,596217,19340,576877
8088,3.0909990108803167,596217,19340,576877
8089,3.0906168871306714,596217,19340,576877
8090,3.0902348578491967,596217,19340,576877
8091,3.089852923000865,596217,19340,576877
8092,3.0894710825506673,596217,19340,576877
8093,3.0890893364636107,596217,19340,576877
8094,3.0887076847047195,596217,19340,576877
8095,3.0883261272390365,596217,19340,576877
8096,3.0879446640316206,595999,19446,576553
8097,3.0875632950475485,595999,19446,576553
8098,3.0871820202519142,595999,19446,576553
8099,3.0868008396098285,595999,19446,576553
8100,3.0864197530864197,595999,19446,576553
8101,3.086038760646834,595999,19446,576553
8102,3.085657862256233,595999,19446,576553
8103,3.0852770578797974,595999,19446,576553
8104,3.0848963474827245,595999,19446,576553
8105,3.0845157310302285,595999,19446,576553
8106,3.08413520848754,595999,19446,576553
8107,3.0837547798199085,595999,19446,576553
8108,3.0833744449925997,595891,19830,576061
8109,3.0829942039708964,595891,19830,576061
8110,3.082614056720099,595891,19830,576061
8111,3.0822340032055235,595891,19830,576061
8112,3.081854043392505,595891,19830,576061
8113,3.0814741772463945,595875,19830,576045
8114,3.081094404732561,595875,19830,576045
8115,3.0807147258163896,595875,19830,576045
8116,3.0803351404632826,595875,19830,576045
8117,3.0799556486386597,595875,19830,576045
8118,3.079576250307958,595875,19830,576045
8119,3.07919694543663,595875,19830,576045
8120,3.0788177339901477,595875,19830,576045
8121,3.0784386159339983,595848,19864,575984
8122,3.078059591233686,595848,19864,575984
8123,3.0776806598547335,595848,19864,575984
8124,3.0773018217626786,595848,19864,575984
8125,3.076923076923077,595848,19864,575984
8126,3.0765444253015013,595848,19864,575984
8127,3.0761658668635414,595535,19864,575671
8128,3.0757874015748032,595535,19864,575671
8129,3.07540902940091,595535,19864,575671
8130,3.075030750307503,595535,19864,575671
8131,3.0746525642602385,595535,19864,575671
8132,3.074274471224791,595535,19864,575671
8133,3.0738964711668513,595449,19864,575585
8134,3.0735185640521268,595449,19864,575585
8135,3.073140749846343,595449,19864,575585
8136,3.072763028515241,595402,19864,575538
8137,3.072385400024579,595297,19879,575418
8138,3.0720078643401325,595297,19879,575418
8139,3.071630421427694,595297,19879,575418
8140,3.0712530712530715,595297,19879,575418
8141,3.0708758137820906,595297,19879,575418
8142,3.0704986489805943,595297,19879,575418
8143,3.070121576814442,595297,19879,575418
8144,3.069744597249509,595297,19879,575418
8145,3.0693677102516883,595297,19879,575418
8146,3.0689909157868893,595297,19879,575418
8147,3.0686142138210384,593397,19879,573518
8148,3.0682376043200787,593397,19879,573518
8149,3.067861087249969,593397,19879,573518
8150,3.067484662576687,593397,19879,573518
8151,3.067108330266225,593397,19879,573518
8152,3.0667320902845927,593397,19879,573518
8153,3.066355942597817,593397,19879,573518
8154,3.0659798871719404,593397,19879,573518
8155,3.065603923973023,593397,19879,573518
8156,3.0652280529671407,593397,19879,573518
8157,3.0648522741203874,593397,19879,573518
8158,3.064476587398872,593397,19879,573518
8159,3.0641009927687217,593397,19879,573518
8160,3.0637254901960786,593397,19879,573518
8161,3.063350079647102,593397,19879,573518
8162,3.0629747610879687,593397,19879,573518
8163,3.0625995344848707,593397,19879,573518
8164,3.0622243998040175,593397,19879,573518
8165,3.061849357011635,593397,19879,573518
8166,3.061474406073965,593397,19879,573518
8167,3.061099546957267,593397,19879,573518
8168,3.060724779627816,593397,19879,573518
8169,3.0603501040519037,593397,19879,573518
8170,3.0599755201958385,593397,19879,573518
8171,3.0596010280259454,593397,19879,573518
8172,3.0592266275085658,593397,19879,573518
8173,3.0588523186100574,592523,19979,572544
8174,3.0584781012967945,592433,19979,572454
8175,3.058103975535168,592433,19979,572454
8176,3.0577299412915853,592433,19979,572454
8177,3.057355998532469,592433,19979,572454
8178,3.0569821472242604,592433,19979,572454
8179,3.056608387333415,592166,19926,572240
8180,3.056234718826406,592166,19926,572240
8181,3.0558611416697223,592166,19926,572240
8182,3.0554876558298703,592166,19926,572240
8183,3.0551142612733715,592166,19926,572240
8184,3.0547409579667644,592166,19926,572240
8185,3.0543677458766036,592085,19899,572186
8186,3.05399462496946,591492,19899,571593
8187,3.0536215952119212,591492,19899,571593
8188,3.053248656570591,591492,19899,571593
8189,3.0528758090120895,591341,19899,571442
8190,3.0525030525030523,591341,19899,571442
8191,3.0521303870101333,591341,19899,571442
8192,3.0517578125,591341,19899,571442
8193,3.0513853289393387,590288,19274,571014
8194,3.0510129362948497,590288,19274,571014
8195,3.050640634533252,590288,19274,571014
8196,3.0502684236212785,590288,19274,571014
8197,3.04989630352568,590288,19274,571014
8198,3.0495242742132227,590288,19274,571014
8199,3.0491523356506893,590288,19274,571014
8200,3.048780487804878,590288,19274,571014
8201,3.0484087306426044,589959,19274,570685
8202,3.0480370641306997,589959,19274,570685
8203,3.047665488236011,589959,19274,570685
8204,3.047294002925402,589959,19274,570685
8205,3.0469226081657528,589959,19274,570685
8206,3.046551303923958,589959,19274,570685
8207,3.0461800901669305,589959,19274,570685
8208,3.0458089668615984,589767,19274,570493
8209,3.0454379339749056,589767,19274,570493
8210,3.045066991473812,589767,19274,570493
8211,3.0446961393252954,589767,19274,570493
8212,3.044325377496347,589767,19274,570493
8213,3.0439547059539755,589767,19274,570493
8214,3.043584124665206,589767,19274,570493
8215,3.0432136335970785,589767,19274,570493
8216,3.0428432327166504,589767,19274,570493
8217,3.0424729219909943,589767,19274,570493
8218,3.042102701387199,589767,19274,570493
8219,3.041732570872369,589767,19274,570493
8220,3.0413625304136254,589761,19274,570487
8221,3.040992579978105,589761,19274,570487
8222,3.0406227195329603,589761,19274,570487
8223,3.0402529490453607,589761,19274,570487
8224,3.03988326848249,589761,19274,570487
8225,3.0395136778115504,589761,19274,570487
8226,3.039144176999757,589761,19274,570487
8227,3.038774766014343,589460,19274,570186
8228,3.038405444822557,589460,19274,570186
8229,3.0380362133916634,589295,19274,570021
8230,3.0376670716889427,589295,19274,570021
8231,3.037298019681691,589295,19274,570021
8232,3.0369290573372205,589295,19274,570021
8233,3.0365601846228594,589295,19274,570021
8234,3.036191401505951,589295,19274,570021
8235,3.0358227079538556,589295,19274,570021
8236,3.0354541039339487,589295,19274,570021
8237,3.0350855894136215,589295,19274,570021
8238,3.0347171643602815,589295,19274,570021
8239,3.034348828741352,589295,19274,570021
8240,3.033980582524272,589295,19274,570021
8241,3.0336124256764956,589295,19274,570021
8242,3.033244358165494,589295,19274,570021
8243,3.032876379958753,589295,19274,570021
8244,3.032508491023775,589295,19274,570021
8245,3.0321406913280775,589295,19274,570021
8246,3.031772980839195,588872,19274,569598
8247,3.0314053595246757,588872,19274,569598
8248,3.0310378273520855,588872,19274,569598
8249,3.030670384289005,588872,19274,569598
8250,3.0303030303030303,587317,19274,568043
8251,3.0299357653617744,587317,19274,568043
8252,3.0295685894328646,587317,19274,568043
8253,3.029201502483945,587317,19274,568043
8254,3.028834504482675,587317,19274,568043
8255,3.0284675953967293,587317,19274,568043
8256,3.0281007751937983,587317,19274,568043
8257,3.027734043841589,587317,19274,568043
8258,3.027367401307823,587317,19274,568043
8259,3.0270008475602372,587317,19274,568043
8260,3.026634382566586,587317,19274,568043
8261,3.0262680062946377,587317,19274,568043
8262,3.025901718712176,587317,19274,568043
8263,3.0255355197870024,587317,19274,568043
8264,3.0251694094869315,587317,19274,568043
8265,3.0248033877797944,587317,19274,568043
8266,3.0244374546334383,587317,19274,568043
8267,3.024071610015725,587317,19274,568043
8268,3.023705853894533,587317,19274,568043
8269,3.0233401862377556,586802,19274,567528
8270,3.022974607013301,586802,19274,567528
8271,3.0226091161890944,586802,19274,567528
8272,3.0222437137330753,586802,19274,567528
8273,3.0218783996131995,586802,19274,567528
8274,3.021513173797438,586802,19274,567528
8275,3.0211480362537766,586802,19274,567528
8276,3.0207829869502176,586802,19274,567528
8277,3.020418025854778,586802,19274,567528
8278,3.0200531529354917,586802,19274,567528
8279,3.0196883681604056,586802,19274,567528
8280,3.0193236714975846,586802,19274,567528
8281,3.018959062915107,586802,19274,567528
8282,3.0185945423810674,586802,19274,567528
8283,3.018230109863576,586802,19274,567528
8284,3.017865765330758,586802,19274,567528
8285,3.017501508750754,586802,19274,567528
8286,3.017137340091721,586802,19274,567528
8287,3.0167732593218295,586802,19274,567528
8288,3.0164092664092665,586802,19274,567528
8289,3.0160453613222344,586802,19274,567528
8290,3.0156815440289506,586802,19274,567528
8291,3.015317814497648,586802,19274,567528
8292,3.014954172696575,586802,19274,567528
8293,3.014590618593995,586802,19274,567528
8294,3.0142271521581865,586802,19274,567528
8295,3.013863773357444,586802,19274,567528
8296,3.0135004821600773,586802,19274,567528
8297,3.01313727853441,586802,19274,567528
8298,3.0127741624487827,586802,19274,567528
8299,3.012411133871551,586802,19274,567528
8300,3.0120481927710845,586802,19274,567528
8301,3.011685339115769,586802,19274,567528
8302,3.0113225728740063,586802,19274,567528
8303,3.0109598940142117,586802,19274,567528
8304,3.010597302504817,586219,19214,567005
8305,3.0102347983142685,586219,19214,567005
8306,3.009872381411028,586219,19214,567005
8307,3.0095100517635727,586026,19214,566812
8308,3.0091478093403947,586026,19214,566812
8309,3.0087856541100013,586026,19214,566812
8310,3.0084235860409145,586026,19214,566812
8311,3.0080616051016724,586026,19214,566812
8312,3.0076997112608277,586026,19214,566812
8313,3.007337904486948,586026,19214,566812
8314,3.0069761847486167,586026,19214,566812
8315,3.006614552014432,586026,19214,566812
8316,3.006253006253006,585910,19214,566696
8317,3.005891547432969,585910,19214,566696
8318,3.005530175522962,585910,19214,566696
8319,3.0051688904916456,585910,19214,566696
8320,3.0048076923076925,585910,19214,566696
8321,3.004446580939791,585910,19214,566696
8322,3.004085556356645,585910,19214,566696
8323,3.0037246185269733,585910,19214,566696
8324,3.00336376741951,585910,19214,566696
8325,3.003003003003003,585910,19214,566696
8326,3.002642325246217,585758,19214,566544
8327,3.0022817341179295,585758,19214,566544
8328,3.0019212295869355,585758,19214,566544
8329,3.0015608116220434,585758,19214,566544
8330,3.0012004801920766,585758,19214,566544
8331,3.0008402352658745,585758,19214,566544
8332,3.00048007681229,585758,19214,566544
8333,3.000120004800192,585758,19214,566544
8334,2.999760019198464,585758,19214,566544
8335,2.9994001199760048,585758,19214,566544
8336,2.9990403071017275,585758,19214,566544
8337,2.99868058054456,585758,19214,566544
8338,2.9983209402734468,585758,19214,566544
8339,2.997961386257345,585758,19214,566544
8340,2.997601918465228,585758,19214,566544
8341,2.997242536866083,585758,19214,566544
8342,2.9968832414289137,585758,19214,566544
8343,2.9965240321227378,585758,19214,566544
8344,2.9961649089165867,585758,19214,566544
8345,2.995805871779509,585758,19214,566544
8346,2.9954469206805654,585482,18995,566487
8347,2.9950880555888344,584595,18995,565600
8348,2.994729276473407,584595,18995,565600
8349,2.9943705833033896,584595,18995,565600
8350,2.9940119760479043,584595,18995,565600
8351,2.9936534546760867,584595,18995,565600
8352,2.993295019157088,584595,18995,565600
8353,2.9929366694600743,584595,18995,565600
8354,2.9925784055542257,584595,18995,565600
8355,2.9922202274087373,584595,18995,565600
8356,2.9918621349928194,584595,18995,565600
8357,2.991504128275697,584595,18995,565600
8358,2.9911462072266093,584595,18995,565600
8359,2.9907883718148103,584595,18995,565600
8360,2.9904306220095696,584595,18995,565600
8361,2.99007295778017,584595,18995,565600
8362,2.98971537909591,584595,18995,565600
8363,2.989357885926103,584595,18995,565600
8364,2.9890004782400763,584595,18995,565600
8365,2.9886431560071727,584595,18995,565600
8366,2.988285919196749,584595,18995,565600
8367,2.9879287677781763,584595,18995,565600
8368,2.9875717017208414,584595,18995,565600
8369,2.987214720994145,584595,18995,565600
8370,2.986857825567503,583677,18995,564682
8371,2.986501015410345,583677,18995,564682
8372,2.9861442904921165,583677,18995,564682
8373,2.9857876507822763,583677,18995,564682
8374,2.9854310962502986,583677,18995,564682
8375,2.985074626865672,583541,18985,564556
8376,2.9847182425978986,583541,18985,564556
8377,2.9843619434164976,583541,18985,564556
8378,2.9840057292910003,583541,18985,564556
8379,2.9836496001909536,583541,18985,564556
8380,2.983293556085919,583445,18985,564460
8381,2.982937596945472,583445,18985,564460
8382,2.982581722739203,583445,18985,564460
8383,2.9822259334367174,583445,18985,564460
8384,2.9818702290076335,583445,18985,564460
8385,2.9815146094215863,583445,18985,564460
8386,2.981159074648223,582443,18985,563458
8387,2.9808036246572076,582443,18985,563458
8388,2.9804482594182167,582443,18985,563458
8389,2.9800929789009416,582443,18985,563458
8390,2.9797377830750893,582443,18985,563458
8391,2.97938267191038,582443,18985,563458
8392,2.979027645376549,582443,18985,563458
8393,2.978672703443346,582443,18985,563458
8394,2.9783178460805337,582443,18985,563458
8395,2.9779630732578917,582443,18985,563458
8396,2.977608384945212,582443,18985,563458
8397,2.977253781112302,582443,18985,563458
8398,2.976899261728983,582443,18985,563458
8399,2.976544826765091,581884,18985,562899
8400,2.9761904761904763,581884,18985,562899
8401,2.975836209975003,581884,18985,562899
8402,2.9754820280885506,581884,18985,562899
8403,2.9751279305010114,581884,18985,562899
8404,2.974773917182294,581884,18985,562899
8405,2.97441998810232,581884,18985,562899
8406,2.9740661432310254,581884,18985,562899
8407,2.973712382538361,581884,18985,562899
8408,2.973358705994291,581884,18985,562899
8409,2.9730051135687954,581884,18985,562899
8410,2.972651605231867,581884,18985,562899
8411,2.9722981809535134,581884,18985,562899
8412,2.9719448407037565,581884,18985,562899
8413,2.971591584452633,581884,18985,562899
8414,2.9712384121701927,581884,18985,562899
8415,2.9708853238265003,581884,18985,562899
8416,2.970532319391635,581884,18985,562899
8417,2.9701793988356897,581697,18985,562712
8418,2.969826562128772,581697,18985,562712
8419,2.9694738092410025,581697,18985,562712
8420,2.969121140142518,581697,18985,562712
8421,2.9687685548034675,581697,18985,562712
8422,2.968416053194016,581697,18985,562712
8423,2.9680636352843406,581697,18985,562712
8424,2.9677113010446345,581697,18985,562712
8425,2.9673590504451037,581697,18985,562712
8426,2.9670068834559697,581697,18985,562712
8427,2.9666548000474666,581697,18985,562712
8428,2.9663028001898435,581697,18985,562712
8429,2.9659508838533633,581697,18985,562712
8430,2.965599051008304,581697,18985,562712
8431,2.9652473016249554,581697,18985,562712
8432,2.9648956356736242,581697,18985,562712
8433,2.9645440531246297,581697,18985,562712
8434,2.9641925539483043,579863,18985,560878
8435,2.963841138114997,579863,18985,560878
8436,2.963489805595069,578533,18985,559548
8437,2.9631385563588952,578533,18985,559548
8438,2.9627873903768664,578533,18985,559548
8439,2.9624363076193863,578533,18985,559548
8440,2.962085308056872,578533,18985,559548
8441,2.961734391659756,578533,18985,559548
8442,2.9613835583984836,578533,18985,559548
8443,2.9610328082435156,578533,18985,559548
8444,2.9606821411653246,578533,18985,559548
8445,2.960331557134399,578533,18985,559548
8446,2.959981056121241,578533,18985,559548
8447,2.9596306380963657,578533,18985,559548
8448,2.959280303030303,578533,18985,559548
8449,2.958930050893597,578533,18985,559548
8450,2.9585798816568047,578533,18985,559548
8451,2.958229795290498,578533,18985,559548
8452,2.957879791765263,578533,18985,559548
8453,2.9575298710516975,578533,18985,559548
8454,2.9571800331204163,578533,18985,559548
8455,2.9568302779420463,578085,18985,559100
8456,2.956480605487228,578085,18985,559100
8457,2.956131015726617,578085,18985,559100
8458,2.955781508630882,578085,18985,559100
8459,2.9554320841707056,578085,18985,559100
8460,2.955082742316785,578085,18985,559100
8461,2.95473348303983,578085,18985,559100
8462,2.954384306310565,577614,18729,558885
8463,2.954035212099728,577614,18729,558885
8464,2.9536862003780717,577614,18729,558885
8465,2.9533372711163617,577614,18729,558885
8466,2.952988424285377,577614,18729,558885
8467,2.9526396598559113,577614,18729,558885
8468,2.952290977798772,577614,18729,558885
8469,2.9519423780847798,577614,18729,558885
8470,2.9515938606847696,577571,18736,558835
8471,2.9512454255695904,577571,18736,558835
8472,2.950897072710104,577571,18736,558835
8473,2.9505488020771864,577571,18736,558835
8474,2.950200613641728,577571,18736,558835
8475,2.949852507374631,577571,18736,558835
8476,2.9495044832468147,577571,18736,558835
8477,2.9491565412292085,577344,18696,558648
8478,2.948808681292758,577344,18696,558648
8479,2.948460903408421,577344,18696,558648
8480,2.94811320754717,577344,18696,558648
8481,2.9477655936799905,577344,18696,558648
8482,2.9474180617778827,577344,18696,558648
8483,2.947070611811859,577344,18696,558648
8484,2.9467232437529467,577344,18696,558648
8485,2.946375957572186,577117,18765,558352
8486,2.9460287532406317,577117,18765,558352
8487,2.945681630729351,577117,18765,558352
8488,2.945334590009425,577117,18765,558352
8489,2.9449876310519496,577117,18765,558352
8490,2.944640753828033,577117,18765,558352
8491,2.9442939583087977,577117,18765,558352
8492,2.943947244465379,577117,18765,558352
8493,2.9436006122689276,577117,18765,558352
8494,2.943254061690605,577117,18765,558352
8495,2.942907592701589,577117,18765,558352
8496,2.9425612052730696,577117,18765,558352
8497,2.9422148993762502,577117,18765,558352
8498,2.9418686749823486,577117,18765,558352
8499,2.9415225320625957,577117,18765,558352
8500,2.9411764705882355,577117,18765,558352
8501,2.940830490530526,577117,18765,558352
8502,2.9404845918607387,577117,18765,558352
8503,2.940138774550159,576867,18537,558330
8504,2.939793038570085,576867,18537,558330
8505,2.9394473838918285,576867,18537,558330
8506,2.939101810486715,576867,18537,558330
8507,2.9387563183260843,575784,18537,557247
8508,2.938410907381288,575784,18537,557247
8509,2.9380655776236924,575784,18537,557247
8510,2.937720329024677,575784,18537,557247
8511,2.937375161555634,575592,18537,557055
8512,2.93703007518797,575592,18537,557055
8513,2.936685069893105,575592,18537,557055
8514,2.9363401456424714,575592,18537,557055
8515,2.935995302407516,575592,18537,557055
8516,2.9356505401596995,575592,18537,557055
8517,2.9353058588704943,575592,18537,557055
8518,2.934961258511388,575592,18537,557055
8519,2.9346167390538795,575592,18537,557055
8520,2.9342723004694835,575592,18537,557055
8521,2.9339279427297265,575592,18537,557055
8522,2.933583665806149,575592,18537,557055
8523,2.933239469670304,575592,18537,557055
8524,2.9328953542937586,575592,18537,557055
8525,2.932551319648094,575592,18537,557055
8526,2.932207365704903,575592,18537,557055
8527,2.931863492435792,575592,18537,557055
8528,2.931519699812383,575434,18420,557014
8529,2.931175987806308,575434,18420,557014
8530,2.9308323563892147,575434,18420,557014
8531,2.9304888055327627,575434,18420,557014
8532,2.930145335208626,575434,18420,557014
8533,2.929801945388492,575434,18420,557014
8534,2.929458636044059,575434,18420,557014
8535,2.9291154071470418,575434,18420,557014
8536,2.928772258669166,575434,18420,557014
8537,2.9284291905821718,575434,18420,557014
8538,2.9280862028578123,574750,18318,556432
8539,2.9277432954678533,574750,18318,556432
8540,2.927400468384075,574750,18318,556432
8541,2.9270577215782696,574750,18318,556432
8542,2.926715055022243,574750,18318,556432
8543,2.9263724686878145,574750,18318,556432
8544,2.9260299625468167,574750,18318,556432
8545,2.925687536571094,574750,18318,556432
8546,2.9253451907325063,574673,18318,556355
8547,2.925002925002925,574004,18327,555677
8548,2.924660739354235,574004,18327,555677
8549,2.9243186337583342,574004,18327,555677
8550,2.9239766081871346,573473,18198,555275
8551,2.9236346626125598,573473,18198,555275
8552,2.9232927970065483,573473,18198,555275
8553,2.9229510113410497,573473,18198,555275
8554,2.922609305588029,573473,18198,555275
8555,2.922267679719462,573473,18198,555275
8556,2.92192613370734,573473,18198,555275
8557,2.921584667523665,573473,18198,555275
8558,2.921243281140453,573473,18198,555275
8559,2.920901974529735,573473,18198,555275
8560,2.9205607476635516,573473,18198,555275
8561,2.9202196005139585,573473,18198,555275
8562,2.919878533053025,573473,18198,555275
8563,2.919537545252832,573403,18176,555227
8564,2.919196637085474,573403,18176,555227
8565,2.918855808523059,573403,18176,555227
8566,2.9185150595377074,573403,18176,555227
8567,2.9181743901015524,573403,18176,555227
8568,2.917833800186741,573403,18176,555227
8569,2.9174932897654333,573403,18176,555227
8570,2.9171528588098017,573403,18176,555227
8571,2.9168125072920312,573403,18176,555227
8572,2.916472235184321,573403,18176,555227
8573,2.9161320424588824,573403,18176,555227
8574,2.9157919290879404,573403,18176,555227
8575,2.9154518950437316,573403,18176,555227
8576,2.9151119402985075,573403,18176,555227
8577,2.9147720648245308,573403,18176,555227
8578,2.914432268594078,573403,18176,555227
8579,2.9140925515794383,573403,18176,555227
8580,2.913752913752914,573403,18176,555227
8581,2.9134133550868198,573403,18176,555227
8582,2.913073875553484,573403,18176,555227
8583,2.9127344751252475,573403,18176,555227
8584,2.9123951537744643,573403,18176,555227
8585,2.9120559114735003,572396,18162,554234
8586,2.9117167481947357,572396,18162,554234
8587,2.9113776639105624,572396,18162,554234
8588,2.911038658593386,572396,18162,554234
8589,2.9106997322156247,572396,18162,554234
8590,2.910360884749709,572396,18162,554234
8591,2.910022116168083,572396,18162,554234
8592,2.9096834264432028,572396,18162,554234
8593,2.9093448155475388,572396,18162,554234
8594,2.9090062834535724,572396,18162,554234
8595,2.908667830133799,572396,18162,554234
8596,2.9083294555607258,571990,18162,553828
8597,2.9079911597068744,571990,18162,553828
8598,2.907652942544778,571990,18162,553828
8599,2.9073148040469823,571990,18162,553828
8600,2.9069767441860463,571941,18162,553779
8601,2.9066387629345427,571941,18162,553779
8602,2.9063008602650546,571941,18162,553779
8603,2.90596303615018,571941,18162,553779
8604,2.9056252905625293,571941,18162,553779
8605,2.905287623474724,571941,18162,553779
8606,2.9049500348594006,571941,18162,553779
8607,2.9046125246892065,571941,18162,553779
8608,2.904275092936803,571941,18162,553779
8609,2.9039377395748636,571941,18162,553779
8610,2.9036004645760745,571941,18162,553779
8611,2.9032632679131343,571941,18162,553779
8612,2.902926149558755,571941,18162,553779
8613,2.9025891094856613,571941,18162,553779
8614,2.9022521476665895,571941,18162,553779
8615,2.901915264074289,571941,18162,553779
8616,2.9015784586815228,571941,18162,553779
8617,2.9012417314610652,571941,18162,553779
8618,2.9009050823857043,571941,18162,553779
8619,2.90056851142824,571941,18162,553779
8620,2.9002320185614847,571376,18126,553250
8621,2.8998956037582646,571376,18126,553250
8622,2.8995592669914174,571376,18126,553250
8623,2.8992230082337933,571376,18126,553250
8624,2.898886827458256,571376,18126,553250
8625,2.898550724637681,570786,18126,552660
8626,2.898214699744957,570786,18126,552660
8627,2.897878752752985,570786,18126,552660
8628,2.897542883634678,570786,18126,552660
8629,2.897207092362962,570786,18126,552660
8630,2.8968713789107765,570786,18126,552660
8631,2.896535743251072,570786,18126,552660
8632,2.896200185356812,570786,18126,552660
8633,2.895864705200973,570786,18126,552660
8634,2.895529302756544,570786,18126,552660
8635,2.895193977996526,570516,18126,552390
8636,2.894858730893932,570516,18126,552390
8637,2.89452356142179,570516,18126,552390
8638,2.8941884695531375,570516,18126,552390
8639,2.8938534552610258,570516,18126,552390
8640,2.8935185185185186,570516,18126,552390
8641,2.893183659298692,570516,18126,552390
8642,2.8928488775746355,570516,18126,552390
8643,2.8925141733194493,570516,18126,552390
8644,2.892179546506247,570157,18126,552031
8645,2.891844997108155,570157,18126,552031
8646,2.8915105250983113,570157,18126,552031
8647,2.891176130449867,570157,18126,552031
8648,2.890841813135985,570157,18126,552031
8649,2.8905075731298417,570040,18126,551914
8650,2.8901734104046244,570040,18126,551914
8651,2.8898393249335337,570040,18126,551914
8652,2.8895053166897826,570040,18126,551914
8653,2.8891713856465966,570040,18126,551914
8654,2.888837531777213,570040,18126,551914
8655,2.8885037550548818,570040,18126,551914
8656,2.888170055452865,570040,18126,551914
8657,2.887836432944438,568584,18124,550460
8658,2.8875028875028876,568558,18124,550434
8659,2.8871694191015127,568558,18124,550434
8660,2.886836027713626,568558,18124,550434
8661,2.8865027133125505,568445,18124,550321
8662,2.886169475871623,568445,18124,550321
8663,2.8858363153641924,567673,18115,549558
8664,2.88550323176362,567673,18115,549558
8665,2.8851702250432774,567673,18115,549558
8666,2.884837295176552,567673,18115,549558
8667,2.884504442136841,567673,18115,549558
8668,2.8841716658975542,567673,18115,549558
8669,2.8838389664321142,567673,18115,549558
8670,2.883506343713956,567673,18115,549558
8671,2.8831737977165264,567673,18115,549558
8672,2.882841328413284,567673,18115,549558
8673,2.8825089357777007,567673,18115,549558
8674,2.88217661978326,567673,18115,549558
8675,2.881844380403458,567673,18115,549558
8676,2.8815122176118027,567641,18122,549519
8677,2.881180131381814,567641,18122,549519
8678,2.8808481216870248,567295,18122,549173
8679,2.8805161885009793,567295,18122,549173
8680,2.880184331797235,567295,18122,549173
8681,2.8798525515493605,567295,18122,549173
8682,2.8795208477309377,567295,18122,549173
8683,2.8791892203155593,567295,18122,549173
8684,2.878857669276831,567295,18122,549173
8685,2.8785261945883707,567295,18122,549173
8686,2.8781947962238084,567295,18122,549173
8687,2.877863474156786,567295,18122,549173
8688,2.8775322283609577,567295,18122,549173
8689,2.8772010588099897,567295,18122,549173
8690,2.8768699654775602,567295,18122,549173
8691,2.8765389483373607,566798,18122,548676
8692,2.8762080073630925,566798,18122,548676
8693,2.8758771425284713,566798,18122,548676
8694,2.8755463538072235,566798,18122,548676
8695,2.875215641173088,566798,18122,548676
8696,2.874885004599816,566798,18122,548676
8697,2.8745544440611703,566798,18122,548676
8698,2.8742239595309265,566798,18122,548676
8699,2.8738935509828716,566798,18122,548676
8700,2.8735632183908044,566798,18122,548676
8701,2.873232961728537,566798,18122,548676
8702,2.872902780969892,566798,18122,548676
8703,2.872572676088705,566798,18122,548676
8704,2.8722426470588234,566798,18122,548676
8705,2.8719126938541066,566798,18122,548676
8706,2.8715828164484263,566798,18122,548676
8707,2.8712530148156654,566798,18122,548676
8708,2.8709232889297196,566798,18122,548676
8709,2.8705936387644964,566798,18122,548676
8710,2.8702640642939152,566798,18122,548676
8711,2.869934565491907,566798,18122,548676
8712,2.869605142332415,566798,18122,548676
8713,2.869275794789395,566798,18122,548676
8714,2.8689465228368145,566798,18122,548676
8715,2.8686173264486516,566798,18122,548676
8716,2.8682882055988985,566798,18122,548676
8717,2.8679591602615577,566798,18122,548676
8718,2.8676301904106447,566798,18122,548676
8719,2.867301296020186,566798,18122,548676
8720,2.86697247706422,566798,18122,548676
8721,2.8666437335167987,566798,18122,548676
8722,2.8663150653519835,566798,18122,548676
8723,2.8659864725438498,566798,18122,548676
8724,2.8656579550664834,566798,18122,548676
8725,2.865329512893983,566704,18122,548582
8726,2.8650011460004583,566704,18122,548582
8727,2.864672854360032,566704,18122,548582
8728,2.8643446379468376,566704,18122,548582
8729,2.864016496735021,566704,18122,548582
8730,2.86368843069874,566704,18122,548582
8731,2.8633604398121637,566704,18122,548582
8732,2.863032524049473,566704,18122,548582
8733,2.862704683384862,566704,18122,548582
8734,2.862376917792535,566704,18122,548582
8735,2.862049227246709,566704,18122,548582
8736,2.8617216117216118,566704,18122,548582
8737,2.8613940711914845,566704,18122,548582
8738,2.861066605630579,566704,18122,548582
8739,2.8607392150131594,566704,18122,548582
8740,2.860411899313501,566704,18122,548582
8741,2.8600846585058917,566704,18122,548582
8742,2.8597574925646305,566240,18122,548118
8743,2.8594304014640284,566240,18122,548118
8744,2.859103385178408,566240,18122,548118
8745,2.858776443682104,566240,18122,548118
8746,2.8584495769494627,566240,18122,548118
8747,2.858122784954842,566240,18122,548118
8748,2.857796067672611,566240,18122,548118
8749,2.8574694250771517,566240,18122,548118
8750,2.857142857142857,566240,18122,548118
8751,2.856816363844132,566240,18122,548118
8752,2.856489945155393,566240,18122,548118
8753,2.856163601051068,566240,18122,548118
8754,2.8558373315055974,566240,18122,548118
8755,2.8555111364934325,566240,18122,548118
8756,2.855185015989036,566240,18122,548118
8757,2.854858969966884,566240,18122,548118
8758,2.8545329984014614,566240,18122,548118
8759,2.854207101267268,566240,18122,548118
8760,2.853881278538813,566240,18122,548118
8761,2.8535555301906177,566240,18122,548118
8762,2.853229856197215,566240,18122,548118
8763,2.852904256533151,566240,18122,548118
8764,2.85257873117298,566145,18122,548023
8765,2.852253280091272,566145,18122,548023
8766,2.8519279032626055,566145,18122,548023
8767,2.851602600661572,566145,18122,548023
8768,2.8512773722627736,566145,18122,548023
8769,2.8509522180408258,566145,18122,548023
8770,2.8506271379703536,566145,18122,548023
8771,2.8503021320259947,566145,18122,548023
8772,2.8499772001823986,566145,18122,548023
8773,2.8496523424142253,565225,18122,547103
8774,2.8493275586961477,565225,18122,547103
8775,2.849002849002849,565225,18122,547103
8776,2.8486782133090247,565225,18122,547103
8777,2.8483536515893815,565225,18122,547103
8778,2.8480291638186377,565225,18122,547103
8779,2.847704749971523,565225,18122,547103
8780,2.847380410022779,564507,18122,546385
8781,2.8470561439471584,564507,18122,546385
8782,2.846731951719426,564507,18122,546385
8783,2.846407833314357,564507,18122,546385
8784,2.8460837887067396,564507,18122,546385
8785,2.8457598178713717,564507,18122,546385
8786,2.845435920783064,564507,18122,546385
8787,2.845112097416638,564507,18122,546385
8788,2.8447883477469276,564507,18122,546385
8789,2.844464671748777,564507,18122,546385
8790,2.844141069397042,564507,18122,546385
8791,2.8438175406665906,564507,18122,546385
8792,2.843494085532302,564507,18122,546385
8793,2.8431707039690663,564507,18122,546385
8794,2.8428473959517855,564507,18122,546385
8795,2.8425241614553722,564507,18122,546385
8796,2.842201000454752,564368,18122,546246
8797,2.841877912924861,564368,18122,546246
8798,2.8415548988406454,564368,18122,546246
8799,2.8412319581770658,564368,18122,546246
8800,2.840909090909091,564368,18122,546246
8801,2.8405862970117033,564368,18122,546246
8802,2.8402635764598956,564368,18122,546246
8803,2.839940929228672,564368,18122,546246
8804,2.8396183552930485,564368,18122,546246
8805,2.8392958546280522,564368,18122,546246
8806,2.8389734272087215,564368,18122,546246
8807,2.8386510730101056,564368,18122,546246
8808,2.838328792007266,564368,18122,546246
8809,2.8380065841752753,564368,18122,546246
8810,2.837684449489217,564368,18122,546246
8811,2.837362387924186,564368,18122,546246
8812,2.8370403994552884,564368,18122,546246
8813,2.8367184840576423,564368,18122,546246
8814,2.836396641706376,564368,18122,546246
8815,2.836074872376631,564368,18122,546246
8816,2.835753176043557,564368,18122,546246
8817,2.8354315526823184,564368,18122,546246
8818,2.835110002268088,564368,18122,546246
8819,2.8347885247760516,564368,18122,546246
8820,2.834467120181406,564368,18122,546246
8821,2.834145788459358,564368,18122,546246
8822,2.833824529585128,564272,18025,546247
8823,2.833503343533945,564272,18025,546247
8824,2.833182230281052,564272,18025,546247
8825,2.8328611898016995,564272,18025,546247
8826,2.8325402220711533,564272,18025,546247
8827,2.832219327064688,564272,18025,546247
8828,2.8318985047575893,564272,18025,546247
8829,2.8315777551251555,564272,18025,546247
8830,2.8312570781426953,564272,18025,546247
8831,2.830936473785528,564272,18025,546247
8832,2.8306159420289854,564272,18025,546247
8833,2.8302954828484093,564272,18025,546247
8834,2.829975096219153,564272,18025,546247
8835,2.829654782116582,564272,18025,546247
8836,2.829334540516071,564272,18025,546247
8837,2.8290143713930065,564272,18025,546247
8838,2.828694274722788,564272,18025,546247
8839,2.828374250480824,564272,18025,546247
8840,2.828054298642534,564272,18025,546247
8841,2.8277344191833502,564272,18025,546247
8842,2.8274146120787154,564272,18025,546247
8843,2.8270948773040825,564272,18025,546247
8844,2.826775214834916,564065,18025,546040
8845,2.826455624646693,564065,18025,546040
8846,2.8261361067148996,564065,18025,546040
8847,2.8258166610150335,564065,18025,546040
8848,2.825497287522604,564065,18025,546040
8849,2.825177986213131,564065,18025,546040
8850,2.824858757062147,564065,18025,546040
8851,2.8245396000451928,564065,18025,546040
8852,2.824220515137822,564065,18025,546040
8853,2.823901502315599,564065,18025,546040
8854,2.8235825615540997,564065,18025,546040
8855,2.82326369282891,564065,18025,546040
8856,2.822944896115628,564065,18025,546040
8857,2.822626171389861,564065,18025,546040
8858,2.8223075186272295,564065,18025,546040
8859,2.821988937803364,564065,18025,546040
8860,2.8216704288939054,564065,18025,546040
8861,2.8213519918745065,564065,18025,546040
8862,2.8210336267208307,564065,18025,546040
8863,2.8207153334085526,564065,18025,546040
8864,2.8203971119133575,564065,18025,546040
8865,2.820078962210942,564065,18025,546040
8866,2.8197608842770134,564065,18025,546040
8867,2.81944287808729,563605,17840,545765
8868,2.819124943617501,563605,17840,545765
8869,2.818807080843387,563605,17840,545765
8870,2.818489289740699,563605,17840,545765
8871,2.818171570285199,563605,17840,545765
8872,2.81785392245266,563605,17840,545765
8873,2.817536346218866,563605,17840,545765
8874,2.817218841559612,562903,17552,545351
8875,2.816901408450704,562903,17552,545351
8876,2.8165840468679586,562731,17552,545179
8877,2.816266756787203,562731,17552,545179
8878,2.8159495381842756,562731,17552,545179
8879,2.8156323910350265,562731,17552,545179
8880,2.815315315315315,562167,17552,544615
8881,2.8149983110010135,562167,17552,544615
8882,2.814681378068003,562167,17552,544615
8883,2.814364516492176,562167,17552,544615
8884,2.814047726249437,562148,17552,544596
8885,2.8137310073157007,562148,17552,544596
8886,2.8134143596668917,562148,17552,544596
8887,2.813097783278947,562148,17552,544596
8888,2.812781278127813,562148,17552,544596
8889,2.8124648441894475,562148,17552,544596
8890,2.81214848143982,562148,17552,544596
8891,2.8118321898549095,562148,17552,544596
8892,2.8115159694107064,562148,17552,544596
8893,2.8111998200832113,562148,17552,544596
8894,2.8108837418484374,562148,17552,544596
8895,2.810567734682406,562148,17552,544596
8896,2.810251798561151,562062,17580,544482
8897,2.809935933460717,562062,17580,544482
8898,2.809620139357159,562062,17580,544482
8899,2.809304416226542,561689,17555,544134
8900,2.808988764044944,561689,17555,544134
8901,2.808673182788451,561689,17555,544134
8902,2.808357672433161,561689,17555,544134
8903,2.8080422329551835,561689,17555,544134
8904,2.807726864330638,561689,17555,544134
8905,2.807411566535654,561689,17555,544134
8906,2.8070963395463733,561689,17555,544134
8907,2.806781183338947,561689,17555,544134
8908,2.8064660978895377,561689,17555,544134
8909,2.806151083174318,561689,17555,544134
8910,2.8058361391694726,561689,17555,544134
8911,2.805521265851195,561689,17555,544134
8912,2.8052064631956912,561689,17555,544134
8913,2.8048917311791763,561689,17555,544134
8914,2.8045770697778774,561689,17555,544134
8915,2.8042624789680315,561689,17555,544134
8916,2.803947958725886,561689,17555,544134
8917,2.8036335090277,561689,17555,544134
8918,2.803319129849742,561689,17555,544134
8919,2.8030048211682925,561689,17555,544134
8920,2.802690582959641,561689,17555,544134
8921,2.8023764152000896,561689,17555,544134
8922,2.8020623178659494,561689,17555,544134
8923,2.8017482909335425,561689,17555,544134
8924,2.801434334379202,561689,17555,544134
8925,2.8011204481792715,561689,17555,544134
8926,2.8008066323101053,561689,17555,544134
8927,2.8004928867480676,560449,17558,542891
8928,2.800179211469534,560449,17558,542891
8929,2.7998656064508904,560449,17558,542891
8930,2.799552071668533,560449,17558,542891
8931,2.7992386070988693,559659,17593,542066
8932,2.798925212718316,559659,17593,542066
8933,2.7986118885033022,559659,17593,542066
8934,2.7982986344302665,559659,17593,542066
8935,2.7979854504756574,559659,17593,542066
8936,2.7976723366159355,559659,17593,542066
8937,2.797359292827571,559659,17593,542066
8938,2.7970463190870443,559659,17593,542066
8939,2.7967334153708467,559659,17593,542066
8940,2.796420581655481,559659,17593,542066
8941,2.7961078179174588,559659,17593,542066
8942,2.7957951241333037,559659,17593,542066
8943,2.7954825002795483,559659,17593,542066
8944,2.795169946332737,559659,17593,542066
8945,2.7948574622694244,559234,17493,541741
8946,2.794545048066175,558634,17493,541141
8947,2.794232703699564,558634,17493,541141
8948,2.793920429146178,558634,17493,541141
8949,2.793608224382613,558634,17493,541141
8950,2.793296089385475,558634,17493,541141
8951,2.792984024131382,558634,17493,541141
8952,2.7926720285969617,558634,17493,541141
8953,2.7923601027588516,558634,17493,541141
8954,2.7920482465937013,558634,17493,541141
8955,2.7917364600781687,558634,17493,541141
8956,2.7914247431889234,558634,17493,541141
8957,2.791113095902646,558634,17493,541141
8958,2.7908015181960257,558634,17493,541141
8959,2.790490010045764,558634,17493,541141
8960,2.7901785714285716,558634,17493,541141
8961,2.7898672023211697,558634,17493,541141
8962,2.78955590270029,558634,17493,541141
8963,2.7892446725426754,558634,17493,541141
8964,2.788933511825078,558634,17493,541141
8965,2.788622420524261,558634,17493,541141
8966,2.7883113986169974,558532,17493,541039
8967,2.7880004460800714,558532,17493,541039
8968,2.7876895628902765,558532,17493,541039
8969,2.7873787490244175,558532,17493,541039
8970,2.787068004459309,558532,17493,541039
8971,2.7867573291717758,558532,17493,541039
8972,2.7864467231386536,558532,17493,541039
8973,2.786136186336788,558532,17493,541039
8974,2.7858257187430353,558139,17387,540752
8975,2.785515320334262,558139,17387,540752
8976,2.785204991087344,558139,17387,540752
8977,2.784894730979169,558139,17387,540752
8978,2.784584539986634,558139,17387,540752
8979,2.7842744180866466,558139,17387,540752
8980,2.7839643652561246,558139,17387,540752
8981,2.7836543814719965,558139,17387,540752
8982,2.7833444667112004,557814,17387,540427
8983,2.7830346209506844,557814,17387,540427
8984,2.782724844167409,557799,17499,540300
8985,2.782415136338342,557799,17499,540300
8986,2.782105497440463,557704,17499,540205
8987,2.781795927450762,557704,17499,540205
8988,2.7814864263462393,557704,17499,540205
8989,2.781176994103905,557704,17499,540205
8990,2.7808676307007785,557704,17499,540205
8991,2.7805583361138915,557524,17512,540012
8992,2.780249110320285,557524,17512,540012
8993,2.7799399532970086,557524,17512,540012
8994,2.779630865021125,557524,17512,540012
8995,2.7793218454697053,557524,17512,540012
8996,2.779012894619831,557524,17512,540012
8997,2.778704012448594,557524,17512,540012
8998,2.7783951989330964,556888,17512,539376
8999,2.77808645405045,556888,17512,539376
9000,2.7777777777777777,556888,17512,539376
9001,2.777469170092212,556888,17512,539376
9002,2.7771606309708954,556888,17512,539376
9003,2.776852160390981,556888,17512,539376
9004,2.7765437583296313,556888,17512,539376
9005,2.77623542476402,556888,17512,539376
9006,2.77592715967133,556888,17512,539376
9007,2.7756189630287555,556888,17512,539376
9008,2.775310834813499,556888,17512,539376
9009,2.775002775002775,556888,17512,539376
9010,2.774694783573807,556888,17512,539376
9011,2.7743868605038284,556888,17512,539376
9012,2.7740790057700844,556888,17512,539376
9013,2.773771219349828,556888,17512,539376
9014,2.773463501220324,556888,17512,539376
9015,2.7731558513588466,556888,17512,539376
9016,2.7728482697426795,556888,17512,539376
9017,2.7725407563491182,556888,17512,539376
9018,2.7722333111554667,556888,17512,539376
9019,2.77192593413904,556888,17512,539376
9020,2.7716186252771617,556888,17512,539376
9021,2.7713113845471677,556888,17512,539376
9022,2.7710042119264022,556888,17512,539376
9023,2.7706971073922197,556888,17512,539376
9024,2.770390070921986,556888,17512,539376
9025,2.770083102493075,556362,17512,538850
9026,2.7697762020828716,556362,17512,538850
9027,2.7694693696687716,556362,17512,538850
9028,2.769162605228179,556362,17512,538850
9029,2.768855908738509,556362,17512,538850
9030,2.768549280177187,556362,17512,538850
9031,2.7682427195216475,556229,17512,538717
9032,2.7679362267493355,556229,17512,538717
9033,2.7676298018377063,556229,17512,538717
9034,2.767323444764224,556229,17512,538717
9035,2.7670171555063643,556229,17512,538717
9036,2.7667109340416114,556229,17512,538717
9037,2.7664047803474605,556113,17512,538601
9038,2.7660986944014163,556113,17512,538601
9039,2.7657926761809937,556113,17512,538601
9040,2.765486725663717,556113,17512,538601
9041,2.765180842827121,556113,17512,538601
9042,2.7648750276487504,556113,17512,538601
9043,2.7645692801061594,556113,17512,538601
9044,2.7642636001769127,556113,17512,538601
9045,2.7639579878385847,556113,17512,538601
9046,2.7636524430687595,556113,17512,538601
9047,2.7633469658450314,556113,17512,538601
9048,2.7630415561450046,556113,17512,538601
9049,2.7627362139462925,556113,17512,538601
9050,2.7624309392265194,556113,17512,538601
9051,2.762125731963319,556113,17512,538601
9052,2.761820592134335,556113,17512,538601
9053,2.761515519717221,556113,17512,538601
9054,2.76121051468964,556113,17512,538601
9055,2.7609055770292654,556113,17512,538601
9056,2.760600706713781,556113,17512,538601
9057,2.7602959037208787,556113,17512,538601
9058,2.7599911680282623,556113,17512,538601
9059,2.759686499613644,556113,17512,538601
9060,2.759381898454746,556113,17512,538601
9061,2.7590773645293014,556113,17512,538601
9062,2.758772897815052,556113,17512,538601
9063,2.7584684982897496,556113,17512,538601
9064,2.758164165931156,556112,17512,538600
9065,2.7578599007170435,556112,17512,538600
9066,2.757555702625193,556112,17512,538600
9067,2.757251571633396,556112,17512,538600
9068,2.756947507719453,556112,17512,538600
9069,2.7566435108611755,556112,17512,538600
9070,2.7563395810363835,556112,17512,538600
9071,2.756035718222908,556112,17512,538600
9072,2.755731922398589,556112,17512,538600
9073,2.755428193541276,556112,17512,538600
9074,2.7551245316288298,556112,17512,538600
9075,2.7548209366391183,556112,17512,538600
9076,2.754517408550022,556112,17512,538600
9077,2.754213947339429,556112,17512,538600
9078,2.7539105529852392,556112,17512,538600
9079,2.7536072254653594,556112,17512,538600
9080,2.753303964757709,556112,17512,538600
9081,2.7530007708402158,556112,17512,538600
9082,2.752697643690817,555326,17501,537825
9083,2.75239458328746,555326,17501,537825
9084,2.752091589608102,555326,17501,537825
9085,2.7517886626307098,555326,17501,537825
9086,2.75148580233326,555326,17501,537825
9087,2.7511830086937383,555326,17501,537825
9088,2.750880281690141,555326,17501,537825
9089,2.750577621300473,555326,17501,537825
9090,2.75027502750275,555326,17501,537825
9091,2.749972500274997,555326,17501,537825
9092,2.7496700395952485,555326,17501,537825
9093,2.7493676454415485,555326,17501,537825
9094,2.749065317791951,555326,17501,537825
9095,2.748763056624519,555326,17501,537825
9096,2.748460861917326,555326,17501,537825
9097,2.7481587336484554,555326,17501,537825
9098,2.747856671795999,555326,17501,537825
9099,2.747554676338059,555326,17501,537825
9100,2.7472527472527473,555326,17501,537825
9101,2.746950884518185,555326,17501,537825
9102,2.7466490881125027,555326,17501,537825
9103,2.7463473580138418,555326,17501,537825
9104,2.7460456942003515,555326,17501,537825
9105,2.745744096650192,555326,17501,537825
9106,2.745442565341533,555326,17501,537825
9107,2.745141100252553,555326,17501,537825
9108,2.7448397013614403,555326,17501,537825
9109,2.7445383686463938,555326,17501,537825
9110,2.74423710208562,555303,17501,537802
9111,2.7439359016573373,555303,17501,537802
9112,2.743634767339772,555303,17501,537802
9113,2.74333369911116,555303,17501,537802
9114,2.7430326969497476,555303,17501,537802
9115,2.7427317608337907,555303,17501,537802
9116,2.742430890741553,555303,17501,537802
9117,2.7421300866513105,555303,17501,537802
9118,2.741829348541347,555180,17488,537692
9119,2.741528676389955,555180,17488,537692
9120,2.741228070175439,555180,17488,537692
9121,2.74092752987611,554930,17505,537425
9122,2.7406270554702914,554930,17505,537425
9123,2.740326646936315,554930,17505,537425
9124,2.740026304252521,554930,17505,537425
9125,2.73972602739726,554930,17505,537425
9126,2.739425816348893,554930,17505,537425
9127,2.7391256710857896,554930,17505,537425
9128,2.7388255915863278,554930,17505,537425
9129,2.738525577828897,554930,17505,537425
9130,2.738225629791895,554930,17505,537425
9131,2.737925747453729,554930,17505,537425
9132,2.7376259307928166,554930,17505,537425
9133,2.7373261797875834,554930,17505,537425
9134,2.737026494416466,554930,17505,537425
9135,2.736726874657909,554930,17505,537425
9136,2.736427320490368,554930,17505,537425
9137,2.736127831892306,554930,17505,537425
9138,2.7358284088421976,554930,17505,537425
9139,2.735529051318525,554930,17505,537425
9140,2.735229759299781,554930,17505,537425
9141,2.734930532764468,554930,17505,537425
9142,2.734631371691096,554930,17505,537425
9143,2.7343322760581867,554930,17505,537425
9144,2.7340332458442695,554930,17505,537425
9145,2.733734281027884,554930,17505,537425
9146,2.7334353815875794,554930,17505,537425
9147,2.733136547501913,554930,17505,537425
9148,2.7328377787494533,554930,17505,537425
9149,2.732539075308777,554930,17505,537425
9150,2.73224043715847,554930,17505,537425
9151,2.731941864277128,554930,17505,537425
9152,2.7316433566433567,554930,17505,537425
9153,2.7313449142357697,553916,17564,536352
9154,2.731046537032991,553916,17564,536352
9155,2.7307482250136537,553916,17564,536352
9156,2.7304499781564,553916,17564,536352
9157,2.7301517964398823,553916,17564,536352
9158,2.7298536798427606,553916,17564,536352
9159,2.7295556283437055,553916,17564,536352
9160,2.7292576419213974,553916,17564,536352
9161,2.7289597205545246,553854,17676,536178
9162,2.7286618642217855,553854,17676,536178
9163,2.728364072901888,553854,17676,536178
9164,2.7280663465735486,553854,17676,536178
9165,2.727768685215494,553854,17676,536178
9166,2.7274710888064586,553854,17676,536178
9167,2.7271735573251883,553543,17692,535851
9168,2.7268760907504364,553543,17692,535851
9169,2.7265786890609665,553543,17692,535851
9170,2.7262813522355507,553543,17692,535851
9171,2.7259840802529713,553543,17692,535851
9172,2.725686873092019,553543,17692,535851
9173,2.7253897307314947,553543,17692,535851
9174,2.7250926531502073,553543,17692,535851
9175,2.7247956403269753,553543,17692,535851
9176,2.7244986922406276,553543,17692,535851
9177,2.724201808870001,553512,17692,535820
9178,2.723904990193942,553512,17692,535820
9179,2.723608236191306,553512,17692,535820
9180,2.7233115468409586,553512,17692,535820
9181,2.723014922121773,553512,17692,535820
9182,2.7227183620126336,553512,17692,535820
9183,2.722421866492432,553512,17692,535820
9184,2.7221254355400695,553512,17692,535820
9185,2.721829069134458,553512,17692,535820
9186,2.7215327672545175,553512,17692,535820
9187,2.721236529879177,553512,17692,535820
9188,2.720940356987375,553512,17692,535820
9189,2.7206442485580586,553239,17692,535547
9190,2.720348204570185,553239,17692,535547
9191,2.72005222500272,553239,17692,535547
9192,2.7197563098346387,552788,17692,535096
9193,2.7194604590449254,552788,17692,535096
9194,2.7191646726125733,552788,17692,535096
9195,2.718868950516585,552788,17692,535096
9196,2.718573292735972,552788,17692,535096
9197,2.7182776992497555,552788,17692,535096
9198,2.7179821700369646,552788,17692,535096
9199,2.717686705076639,552788,17692,535096
9200,2.717391304347826,552788,17692,535096
9201,2.7170959678295836,552788,17692,535096
9202,2.7168006955009782,552788,17692,535096
9203,2.7165054873410845,552788,17692,535096
9204,2.7162103433289873,552788,17692,535096
9205,2.7159152634437804,552788,17692,535096
9206,2.7156202476645666,552788,17692,535096
9207,2.7153252959704575,552788,17692,535096
9208,2.7150304083405734,552788,17692,535096
9209,2.714735584754045,552718,17692,535026
9210,2.7144408251900107,552718,17692,535026
9211,2.7141461296276193,552718,17692,535026
9212,2.713851498046027,552718,17692,535026
9213,2.7135569304244003,552718,17692,535026
9214,2.7132624267419145,552718,17692,535026
9215,2.7129679869777537,552718,17692,535026
9216,2.712673611111111,552718,17692,535026
9217,2.712379299121189,552718,17692,535026
9218,2.712085050987199,552718,17692,535026
9219,2.711790866688361,552718,17692,535026
9220,2.7114967462039044,552718,17692,535026
9221,2.711202689513068,552718,17692,535026
9222,2.710908696595099,552718,17692,535026
9223,2.710614767429253,552679,17692,534987
9224,2.710320901994796,552679,17692,534987
9225,2.710027100271003,552527,17692,534835
9226,2.7097333622371558,552527,17692,534835
9227,2.709439687872548,552023,17692,534331
9228,2.7091460771564804,552023,17692,534331
9229,2.708852530068263,552023,17692,534331
9230,2.7085590465872156,552023,17692,534331
9231,2.708265626692666,552023,17692,534331
9232,2.7079722703639515,552023,17692,534331
9233,2.707678977580418,551964,17756,534208
9234,2.7073857483214208,551964,17756,534208
9235,2.707092582566324,551964,17756,534208
9236,2.7067994802945,551896,17756,534140
9237,2.7065064414853306,551896,17756,534140
9238,2.7062134661182076,551896,17756,534140
9239,2.7059205541725295,551896,17756,534140
9240,2.705627705627706,551896,17756,534140
9241,2.7053349204631534,551896,17756,534140
9242,2.705042198658299,551896,17756,534140
9243,2.7047495401925783,551896,17756,534140
9244,2.7044569450454348,551896,17756,534140
9245,2.7041644131963225,551896,17756,534140
9246,2.7038719446247024,551896,17756,534140
9247,2.7035795393100464,551896,17756,534140
9248,2.703287197231834,551896,17756,534140
9249,2.7029949183695536,551896,17756,534140
9250,2.7027027027027026,551896,17756,534140
9251,2.702410550210788,551643,17789,533854
9252,2.702118460873325,551643,17789,533854
9253,2.7018264346698366,551643,17789,533854
9254,2.7015344715798575,551643,17789,533854
9255,2.7012425715829282,551643,17789,533854
9256,2.7009507346586,551643,17789,533854
9257,2.700658960786432,551577,17821,533756
9258,2.7003672499459928,551577,17821,533756
9259,2.7000756021168595,551577,17821,533756
9260,2.699784017278618,551577,17821,533756
9261,2.699492495410863,551577,17821,533756
9262,2.699201036493198,550910,17821,533089
9263,2.698909640505236,550910,17821,533089
9264,2.6986183074265977,550910,17821,533089
9265,2.698327037236913,550910,17821,533089
9266,2.6980358299158214,550910,17821,533089
9267,2.6977446854429696,550910,17821,533089
9268,2.6974536037980146,550910,17821,533089
9269,2.6971625849606213,550643,17556,533087
9270,2.696871628910464,550643,17556,533087
9271,2.696580735627225,550643,17556,533087
9272,2.6962899050905955,550643,17556,533087
9273,2.695999137280276,550643,17556,533087
9274,2.6957084321759757,550643,17556,533087
9275,2.6954177897574123,550643,17556,533087
9276,2.695127210004312,550643,17556,533087
9277,2.6948366928964105,550643,17556,533087
9278,2.694546238413451,550643,17556,533087
9279,2.694255846535187,550643,17556,533087
9280,2.6939655172413794,550643,17556,533087
9281,2.6936752505117982,550643,17556,533087
9282,2.693385046326223,550643,17556,533087
9283,2.6930949046644406,550643,17556,533087
9284,2.692804825506247,550298,17556,532742
9285,2.6925148088314486,550298,17556,532742
9286,2.692224854619858,550298,17556,532742
9287,2.6919349628512976,550298,17556,532742
9288,2.6916451335055984,550298,17556,532742
9289,2.691355366562601,549413,17556,531857
9290,2.6910656620021527,549413,17556,531857
9291,2.6907760198041113,549413,17556,531857
9292,2.6904864399483426,549413,17556,531857
9293,2.690196922414721,549413,17556,531857
9294,2.689907467183129,549413,17556,531857
9295,2.6896180742334588,549413,17556,531857
9296,2.689328743545611,549413,17556,531857
9297,2.6890394750994946,549413,17556,531857
9298,2.688750268875027,549413,17556,531857
9299,2.6884611248521346,549413,17556,531857
9300,2.6881720430107525,549413,17556,531857
9301,2.6878830233308246,549413,17556,531857
9302,2.6875940657923025,549413,17556,531857
9303,2.6873051703751476,549413,17556,531857
9304,2.687016337059329,549413,17556,531857
9305,2.6867275658248255,548248,17556,530692
9306,2.6864388566516224,548248,17556,530692
9307,2.6861502095197163,548191,17556,530635
9308,2.6858616244091102,548191,17556,530635
9309,2.685573101299817,548191,17556,530635
9310,2.6852846401718584,548191,17556,530635
9311,2.684996241005263,548191,17556,530635
9312,2.6847079037800685,548191,17556,530635
9313,2.6844196284763235,548191,17556,530635
9314,2.684131415074082,548029,17556,530473
9315,2.6838432635534084,548029,17556,530473
9316,2.6835551738943755,548029,17556,530473
9317,2.6832671460770636,548029,17556,530473
9318,2.6829791800815626,548029,17556,530473
9319,2.682691275887971,548029,17556,530473
9320,2.6824034334763946,548029,17556,530473
9321,2.68211565282695,548029,17556,530473
9322,2.6818279339197595,548029,17556,530473
9323,2.6815402767349568,548029,17556,530473
9324,2.681252681252681,548006,17620,530386
9325,2.680965147453083,548006,17620,530386
9326,2.68067767531632,548006,17620,530386
9327,2.680390264822558,548006,17620,530386
9328,2.6801029159519727,548006,17620,530386
9329,2.6798156286847465,548006,17620,530386
9330,2.679528403001072,548006,17620,530386
9331,2.679241238881149,548006,17620,530386
9332,2.6789541363051863,548006,17620,530386
9333,2.678667095253402,548006,17620,530386
9334,2.678380115706021,548006,17620,530386
9335,2.678093197643278,548006,17620,530386
9336,2.677806341045416,548006,17620,530386
9337,2.677519545892685,548006,17620,530386
9338,2.6772328121653457,548006,17620,530386
9339,2.6769461398436665,548006,17620,530386
9340,2.6766595289079227,548006,17620,530386
9341,2.676372979338401,548006,17620,530386
9342,2.676086491115393,548006,17620,530386
9343,2.6758000642192017,548006,17620,530386
9344,2.675513698630137,548006,17620,530386
9345,2.675227394328518,548006,17620,530386
9346,2.6749411512946715,548006,17620,530386
9347,2.6746549695089334,548006,17620,530386
9348,2.6743688489516475,548006,17620,530386
9349,2.6740827896031663,548006,17620,530386
9350,2.6737967914438503,548006,17620,530386
9351,2.673510854454069,548006,17620,530386
9352,2.6732249786142,548006,17620,530386
9353,2.6729391639046294,548006,17620,530386
9354,2.6726534103057515,548006,17620,530386
9355,2.672367717797969,547878,17620,530258
9356,2.672082086361693,547575,17620,529955
9357,2.671796515977343,547575,17620,529955
9358,2.671511006625347,547213,17512,529701
9359,2.6712255582861415,547213,17512,529701
9360,2.6709401709401708,546955,17481,529474
9361,2.670654844567888,546955,17481,529474
9362,2.6703695791497544,546955,17481,529474
9363,2.6700843746662395,546955,17481,529474
9364,2.6697992310978216,546955,17481,529474
9365,2.6695141484249865,546955,17481,529474
9366,2.6692291266282298,546955,17481,529474
9367,2.6689441656880537,546955,17481,529474
9368,2.66865926558497,546955,17481,529474
9369,2.6683744262994984,546938,17481,529457
9370,2.6680896478121663,546938,17481,529457
9371,2.667804930103511,546938,17481,529457
9372,2.667520273154076,546938,17481,529457
9373,2.667235676944415,546938,17481,529457
9374,2.6669511414550886,546938,17481,529457
9375,2.6666666666666665,546938,17481,529457
9376,2.666382252559727,546938,17481,529457
9377,2.6660978991148556,546938,17481,529457
9378,2.6658136063126467,546938,17481,529457
9379,2.665529374133703,546938,17481,529457
9380,2.6652452025586353,546778,17502,529276
9381,2.6649610915680633,546778,17502,529276
9382,2.6646770411426135,546778,17502,529276
9383,2.6643930512629224,546778,17502,529276
9384,2.6641091219096333,546778,17502,529276
9385,2.6638252530633992,546778,17502,529276
9386,2.6635414447048795,546778,17502,529276
9387,2.663257696814744,546778,17502,529276
9388,2.6629740093736687,546778,17502,529276
9389,2.662690382362339,546778,17502,529276
9390,2.6624068157614484,546778,17502,529276
9391,2.6621233095516983,546778,17502,529276
9392,2.6618398637137988,546778,17502,529276
9393,2.661556478228468,546778,17502,529276
9394,2.661273153076432,546778,17502,529276
9395,2.660989888238425,546778,17502,529276
9396,2.6607066836951896,546778,17502,529276
9397,2.6604235394274767,546778,17502,529276
9398,2.660140455416046,546778,17502,529276
9399,2.659857431641664,546778,17502,529276
9400,2.6595744680851063,546778,17502,529276
9401,2.6592915647271567,546778,17502,529276
9402,2.6590087215486067,546778,17502,529276
9403,2.658725938530256,546778,17502,529276
9404,2.658443215652914,546778,17502,529276
9405,2.658160552897395,546778,17502,529276
9406,2.657877950244525,546778,17502,529276
9407,2.6575954076751356,546778,17502,529276
9408,2.6573129251700682,546778,17502,529276
9409,2.657030502710171,546778,17502,529276
9410,2.656748140276302,546778,17502,529276
9411,2.6564658378493253,546778,17502,529276
9412,2.656183595410115,546778,17502,529276
9413,2.6559014129395515,546778,17502,529276
9414,2.6556192904185254,546778,17502,529276
9415,2.655337227827934,546778,17502,529276
9416,2.655055225148683,546778,17502,529276
9417,2.6547732823616865,546724,17502,529222
9418,2.6544913994478656,546724,17502,529222
9419,2.6542095763881517,546724,17502,529222
9420,2.653927813163482,546724,17502,529222
9421,2.653646109754803,546724,17502,529222
9422,2.6533644661430693,546724,17502,529222
9423,2.6530828823092434,546724,17502,529222
9424,2.6528013582342953,546724,17502,529222
9425,2.6525198938992043,546724,17502,529222
9426,2.6522384892849566,546724,17502,529222
9427,2.651957144372547,546724,17502,529222
9428,2.6516758591429785,546724,17502,529222
9429,2.6513946335772616,544803,17642,527161
9430,2.651113467656416,544803,17642,527161
9431,2.6508323613614677,544803,17642,527161
9432,2.6505513146734523,544803,17642,527161
9433,2.6502703275734123,544803,17642,527161
9434,2.6499894000424,544803,17642,527161
9435,2.649708532061473,544803,17642,527161
9436,2.6494277236117,544803,17642,527161
9437,2.6491469746741547,544424,17558,526866
9438,2.6488662852299214,543990,17558,526432
9439,2.6485856552600913,543990,17558,526432
9440,2.6483050847457625,543990,17558,526432
9441,2.6480245736680437,543990,17558,526432
9442,2.6477441220080493,543362,17586,525776
9443,2.6474637297469026,543362,17586,525776
9444,2.647183396865735,543362,17586,525776
9445,2.6469031233456857,543362,17586,525776
9446,2.6466229091679017,543362,17586,525776
9447,2.6463427543135385,543362,17586,525776
9448,2.6460626587637597,543362,17586,525776
9449,2.6457826224997354,543362,17586,525776
9450,2.6455026455026456,543362,17586,525776
9451,2.645222727753677,543362,17586,525776
9452,2.6449428692340247,543362,17586,525776
9453,2.6446630699248916,543362,17586,525776
9454,2.644383329807489,543362,17586,525776
9455,2.6441036488630356,543362,17586,525776
9456,2.643824027072758,543362,17586,525776
9457,2.6435444644178916,543362,17586,525776
9458,2.6432649608796788,543362,17586,525776
9459,2.64298551643937,543362,17586,525776
9460,2.6427061310782243,543362,17586,525776
9461,2.6424268047775077,543362,17586,525776
9462,2.642147537518495,543362,17586,525776
9463,2.6418683292824685,543362,17586,525776
9464,2.6415891800507185,543039,17586,525453
9465,2.641310089804543,543039,17586,525453
9466,2.641031058525248,543039,17586,525453
9467,2.6407520861941483,543039,17586,525453
9468,2.6404731727925643,543039,17586,525453
9469,2.640194318301827,543039,17586,525453
9470,2.6399155227032733,543039,17586,525453
9471,2.6396367859782495,543039,17586,525453
9472,2.639358108108108,543039,17586,525453
9473,2.639079489074211,543039,17586,525453
9474,2.638800928857927,542373,17586,524787
9475,2.638522427440633,542373,17586,524787
9476,2.6382439848037147,540876,17612,523264
9477,2.6379656009285637,540876,17612,523264
9478,2.6376872757965817,540876,17612,523264
9479,2.637409009389176,540876,17612,523264
9480,2.6371308016877637,540876,17612,523264
9481,2.6368526526737686,540876,17612,523264
9482,2.6365745623286228,540876,17612,523264
9483,2.6362965306337656,540652,17612,523040
9484,2.636018557570645,540652,17612,523040
9485,2.635740643120717,540652,17612,523040
9486,2.635462787265444,540652,17612,523040
9487,2.635184989986297,540652,17612,523040
9488,2.6349072512647553,540652,17612,523040
9489,2.6346295710823058,540652,17612,523040
9490,2.6343519494204424,540652,17612,523040
9491,2.634074386260668,540652,17612,523040
9492,2.6337968815844923,540652,17612,523040
9493,2.633519435373433,540652,17612,523040
9494,2.6332420476090164,538156,17612,520544
9495,2.6329647182727753,538156,17612,520544
9496,2.632687447346251,538156,17612,520544
9497,2.632410234810993,538156,17612,520544
9498,2.6321330806485577,538156,17612,520544
9499,2.6318559848405094,538156,17612,520544
9500,2.6315789473684212,538156,17612,520544
9501,2.6313019682138723,538156,17612,520544
9502,2.6310250473584507,538156,17612,520544
9503,2.6307481847837524,538156,17612,520544
9504,2.6304713804713806,538156,17612,520544
9505,2.6301946344029457,537802,17612,520190
9506,2.6299179465600675,537277,17652,519625
9507,2.6296413169243715,537146,17732,519414
9508,2.6293647454774924,537146,17732,519414
9509,2.6290882322010725,537146,17732,519414
9510,2.6288117770767614,537146,17732,519414
9511,2.628535380086216,537146,17732,519414
9512,2.628259041211102,537146,17732,519414
9513,2.6279827604330914,537146,17732,519414
9514,2.6277065377338658,537146,17732,519414
9515,2.627430373095113,537108,17480,519628
9516,2.627154266498529,537108,17480,519628
9517,2.626878217925817,537108,17480,519628
9518,2.626602227358689,537108,17480,519628
9519,2.6263262947788633,537108,17480,519628
9520,2.6260504201680672,537108,17480,519628
9521,2.625774603508035,537108,17480,519628
9522,2.625498844780508,536746,17473,519273
9523,2.6252231439672373,536746,17473,519273
9524,2.624947501049979,536746,17473,519273
9525,2.6246719160104988,536746,17473,519273
9526,2.624396388830569,536746,17473,519273
9527,2.62412091949197,536746,17473,519273
9528,2.6238455079764904,536746,17473,519273
9529,2.623570154265925,536746,17473,519273
9530,2.6232948583420774,536746,17473,519273
9531,2.623019620186759,536746,17473,519273
9532,2.622744439781788,536746,17473,519273
9533,2.62246931710899,536746,17473,519273
9534,2.6221942521501993,536746,17473,519273
9535,2.6219192448872577,536746,17473,519273
9536,2.6216442953020134,536746,17473,519273
9537,2.621369403376324,536746,17473,519273
9538,2.621094569092053,536746,17473,519273
9539,2.6208197924310723,536746,17473,519273
9540,2.620545073375262,536746,17473,519273
9541,2.6202704119065086,536746,17473,519273
9542,2.619995808006707,536746,17473,519273
9543,2.6197212616577596,536746,17473,519273
9544,2.619446772841576,536746,17473,519273
9545,2.6191723415400734,536746,17473,519273
9546,2.618897967735177,536746,17473,519273
9547,2.6186236514088197,536746,17473,519273
9548,2.618349392542941,536746,17473,519273
9549,2.618075191119489,536746,17473,519273
9550,2.6178010471204187,536746,17473,519273
9551,2.6175269605276936,536746,17473,519273
9552,2.617252931323283,536746,17473,519273
9553,2.616978959489166,536746,17473,519273
9554,2.616705045007327,536746,17473,519273
9555,2.6164311878597593,536746,17473,519273
9556,2.616157388028464,536746,17473,519273
9557,2.6158836454954484,536329,17473,518856
9558,2.6156099602427285,536329,17473,518856
9559,2.6153363322523275,536329,17473,518856
9560,2.6150627615062763,536329,17473,518856
9561,2.614789247986612,536329,17473,518856
9562,2.6145157916753816,536329,17473,518856
9563,2.6142423925546376,536329,17473,518856
9564,2.613969050606441,536329,17473,518856
9565,2.6136957658128592,536329,17473,518856
9566,2.613422538155969,536329,17473,518856
9567,2.613149367617853,536284,17473,518811
9568,2.612876254180602,536284,17473,518811
9569,2.612603197826314,536284,17473,518811
9570,2.6123301985370952,536284,17473,518811
9571,2.612057256295058,536284,17473,518811
9572,2.6117843710823236,536284,17473,518811
9573,2.6115115428810194,536284,17473,518811
9574,2.611238771673282,536284,17473,518811
9575,2.6109660574412534,536284,17473,518811
9576,2.6106934001670843,536284,17473,518811
9577,2.610420799832933,536284,17473,518811
9578,2.6101482564209646,536284,17473,518811
9579,2.609875769913352,536284,17473,518811
9580,2.6096033402922756,536284,17473,518811
9581,2.6093309675399228,536284,17473,518811
9582,2.609058651638489,536284,17473,518811
9583,2.608786392570176,536152,17473,518679
9584,2.6085141903171953,535907,17473,518434
9585,2.6082420448617634,535907,17473,518434
9586,2.6079699561861047,534924,17461,517463
9587,2.6076979242724523,534924,17461,517463
9588,2.6074259491030456,534924,17461,517463
9589,2.6071540306601313,534924,17461,517463
9590,2.6068821689259645,534924,17461,517463
9591,2.606610363882807,534924,17461,517463
9592,2.6063386155129273,534924,17461,517463
9593,2.606066923798603,534363,17461,516902
9594,2.605795288722118,534363,17461,516902
9595,2.6055237102657633,534363,17461,516902
9596,2.6052521884118383,534363,17461,516902
9597,2.6049807231426487,533132,17461,515671
9598,2.6047093144405085,533132,17461,515671
9599,2.6044379622877383,533132,17461,515671
9600,2.6041666666666665,533132,17461,515671
9601,2.603895427559629,533132,17461,515671
9602,2.603624244948969,533132,17461,515671
9603,2.6033531188170365,533132,17461,515671
9604,2.603082049146189,533132,17461,515671
9605,2.6028110359187924,533132,17461,515671
9606,2.6025400791172184,533132,17461,515671
9607,2.602269178723847,533132,17461,515671
9608,2.6019983347210656,533012,17349,515663
9609,2.6017275470912686,533012,17349,515663
9610,2.6014568158168574,533012,17349,515663
9611,2.6011861408802415,533012,17349,515663
9612,2.6009155222638367,532490,17349,515141
9613,2.600644959950068,532490,17349,515141
9614,2.6003744539213645,532490,17349,515141
9615,2.6001040041601664,532490,17349,515141
9616,2.5998336106489184,532490,17349,515141
9617,2.599563273370074,532490,17349,515141
9618,2.5992929923060926,532490,17349,515141
9619,2.599022767439443,532490,17349,515141
9620,2.598752598752599,532490,17349,515141
9621,2.598482486228043,532490,17349,515141
9622,2.5982124298482643,532490,17349,515141
9623,2.59794242959576,532490,17349,515141
9624,2.597672485453034,532490,17349,515141
9625,2.5974025974025974,532490,17349,515141
9626,2.5971327654269687,532490,17349,515141
9627,2.5968629895086734,532490,17349,515141
9628,2.596593269630245,532490,17349,515141
9629,2.5963236057742236,532490,17349,515141
9630,2.596053997923157,532490,17349,515141
9631,2.595784446059599,532490,17349,515141
9632,2.595514950166113,532490,17349,515141
9633,2.595245510225267,532490,17349,515141
9634,2.5949761262196387,532490,17349,515141
9635,2.5947067981318113,532490,17349,515141
9636,2.5944375259443753,532490,17349,515141
9637,2.5941683096399295,532490,17349,515141
9638,2.593899149201079,532490,17349,515141
9639,2.593630044610437,532490,17349,515141
9640,2.5933609958506225,532490,17349,515141
9641,2.593092002904263,532490,17349,515141
9642,2.592823065753993,532490,17349,515141
9643,2.5925541843824536,532490,17349,515141
9644,2.5922853587722936,532490,17349,515141
9645,2.592016588906169,532490,17349,515141
9646,2.591747874766743,532490,17349,515141
9647,2.591479216336685,532490,17349,515141
9648,2.5912106135986734,532490,17349,515141
9649,2.5909420665353924,532490,17349,515141
9650,2.5906735751295336,532490,17349,515141
9651,2.5904051393637966,532490,17349,515141
9652,2.590136759220887,532490,17349,515141
9653,2.589868434683518,532490,17349,515141
9654,2.5896001657344105,532490,17349,515141
9655,2.589331952356292,531430,17349,514081
9656,2.589063794531897,531430,17349,514081
9657,2.588795692243968,531430,17349,514081
9658,2.5885276454752537,531430,17349,514081
9659,2.5882596542085103,531430,17349,514081
9660,2.587991718426501,531430,17349,514081
9661,2.5877238381119967,531430,17349,514081
9662,2.587456013247775,531430,17349,514081
9663,2.58718824381662,531430,17349,514081
9664,2.5869205298013247,531430,17349,514081
9665,2.586652871184687,531430,17349,514081
9666,2.5863852679495136,531430,17349,514081
9667,2.586117720078618,531430,17349,514081
9668,2.58585022755482,531430,17349,514081
9669,2.5855827903609474,531430,17349,514081
9670,2.5853154084798344,531430,17349,514081
9671,2.5850480818943233,531345,17349,513996
9672,2.584780810587262,531345,17349,513996
9673,2.5845135945415074,528665,17349,511316
9674,2.5842464337399216,528562,17349,511213
9675,2.5839793281653747,528562,17349,511213
9676,2.583712277800744,528562,17349,511213
9677,2.583445282628914,528562,17349,511213
9678,2.5831783426327752,528562,17349,511213
9679,2.582911457795227,528562,17349,511213
9680,2.5826446280991737,528562,17349,511213
9681,2.5823778535275284,528562,17349,511213
9682,2.58211113406321,528562,17349,511213
9683,2.581844469689146,528562,17349,511213
9684,2.5815778603882693,528562,17349,511213
9685,2.581311306143521,528562,17349,511213
9686,2.5810448069378484,528562,17349,511213
9687,2.5807783627542067,528562,17349,511213
9688,2.5805119735755575,527911,17349,510562
9689,2.5802456393848696,527911,17349,510562
9690,2.579979360165119,527911,17349,510562
9691,2.579713135899288,527911,17349,510562
9692,2.579446966570367,527911,17349,510562
9693,2.5791808521613535,527911,17349,510562
9694,2.5789147926552505,527911,17349,510562
9695,2.5786487880350695,527911,17349,510562
9696,2.5783828382838285,527911,17349,510562
9697,2.578116943384552,527911,17349,510562
9698,2.5778511033202722,527911,17349,510562
9699,2.5775853180740285,527911,17349,510562
9700,2.577319587628866,527911,17349,510562
9701,2.5770539119678384,527911,17349,510562
9702,2.5767882910740054,527911,17349,510562
9703,2.576522724930434,526313,17349,508964
9704,2.576257213520198,526313,17349,508964
9705,2.575991756826378,526313,17349,508964
9706,2.575726354832063,526269,17463,508806
9707,2.5754610075203463,526269,17463,508806
9708,2.5751957148743303,526269,17463,508806
9709,2.574930476877124,526269,17463,508806
9710,2.5746652935118433,526269,17463,508806
9711,2.5744001647616104,526269,17463,508806
9712,2.574135090609555,526269,17463,508806
9713,2.573870071038814,526269,17463,508806
9714,2.5736051060325305,526269,17463,508806
9715,2.573340195573855,526269,17463,508806
9716,2.573075339645945,526269,17463,508806
9717,2.572810538231965,526269,17463,508806
9718,2.5725457913150853,526269,17463,508806
9719,2.5722810988784857,526269,17463,508806
9720,2.57201646090535,526269,17463,508806
9721,2.5717518773788703,526269,17463,508806
9722,2.5714873482822465,526269,17463,508806
9723,2.5712228735986837,526269,17463,508806
9724,2.5709584533113943,526269,17463,508806
9725,2.570694087403599,526269,17463,508806
9726,2.5704297758585235,525438,17464,507974
9727,2.5701655186594015,525438,17464,507974
9728,2.569901315789474,525438,17464,507974
9729,2.5696371672319867,525438,17464,507974
9730,2.5693730729701953,525438,17464,507974
9731,2.56910903298736,525438,17464,507974
9732,2.568845047266749,525438,17464,507974
9733,2.5685811157916367,525438,17464,507974
9734,2.5683172385453052,525438,17464,507974
9735,2.568053415511043,525438,17464,507974
9736,2.5677896466721446,525438,17464,507974
9737,2.5675259320119133,525438,17464,507974
9738,2.5672622715136577,525438,17464,507974
9739,2.566998665160694,525438,17464,507974
9740,2.566735112936345,525438,17464,507974
9741,2.56647161482394,525438,17464,507974
9742,2.566208170806816,525438,17464,507974
9743,2.565944780868316,525357,17544,507813
9744,2.5656814449917897,525357,17544,507813
9745,2.565418163160595,525357,17544,507813
9746,2.5651549353580956,525357,17544,507813
9747,2.5648917615676616,525357,17544,507813
9748,2.5646286417726714,524681,17544,507137
9749,2.5643655759565083,524681,17544,507137
9750,2.5641025641025643,524681,17544,507137
9751,2.5638396061942363,524681,17544,507137
9752,2.56357670221493,524176,17544,506632
9753,2.563313852148057,524176,17544,506632
9754,2.563051055977035,524176,17544,506632
9755,2.5627883136852896,524176,17544,506632
9756,2.5625256252562525,524176,17544,506632
9757,2.5622629906733625,524176,17544,506632
9758,2.5620004099200657,524176,17544,506632
9759,2.5617378829798136,524176,17544,506632
9760,2.5614754098360657,524176,17544,506632
9761,2.5612129904722876,524176,17544,506632
9762,2.5609506248719525,524176,17544,506632
9763,2.5606883130185394,524176,17544,506632
9764,2.5604260548955344,524176,17544,506632
9765,2.5601638504864312,524176,17544,506632
9766,2.559901699774729,524176,17544,506632
9767,2.5596396027439337,524176,17544,506632
9768,2.5593775593775594,524176,17544,506632
9769,2.559115569659126,523039,17544,505495
9770,2.5588536335721597,523039,17544,505495
9771,2.5585917511001943,523039,17544,505495
9772,2.5583299222267706,523039,17544,505495
9773,2.5580681469354345,523039,17544,505495
9774,2.55780642520974,523039,17544,505495
9775,2.557544757033248,523039,17544,505495
9776,2.5572831423895255,523039,17544,505495
9777,2.5570215812621457,523039,17544,505495
9778,2.55676007363469,522314,17544,504770
9779,2.5564986194907453,522314,17544,504770
9780,2.556237218813906,522314,17544,504770
9781,2.5559758715877723,522314,17544,504770
9782,2.5557145777959516,522314,17544,504770
9783,2.5554533374220587,522314,17544,504770
9784,2.555192150449714,522314,17544,504770
9785,2.5549310168625445,522314,17544,504770
9786,2.5546699366441854,522314,17544,504770
9787,2.554408909778277,522314,17544,504770
9788,2.5541479362484676,522314,17544,504770
9789,2.5538870160384106,522314,17544,504770
9790,2.5536261491317673,522314,17544,504770
9791,2.553365335512205,522314,17544,504770
9792,2.5531045751633985,522314,17544,504770
9793,2.552843868069029,522314,17544,504770
9794,2.5525832142127833,522314,17544,504770
9795,2.5523226135783563,522314,17544,504770
9796,2.552062066149449,522314,17544,504770
9797,2.551801571909768,522314,17544,504770
9798,2.551541130843029,522314,17544,504770
9799,2.5512807429329523,522314,17544,504770
9800,2.5510204081632653,522314,17544,504770
9801,2.5507601265177025,522314,17544,504770
9802,2.550499897980004,522314,17544,504770
9803,2.5502397225339184,522314,17544,504770
9804,2.5499796001631987,522314,17544,504770
9805,2.5497195308516063,522314,17544,504770
9806,2.5494595145829084,522314,17544,504770
9807,2.549199551340879,522314,17544,504770
9808,2.5489396411092984,521790,17756,504034
9809,2.5486797838719544,521790,17756,504034
9810,2.5484199796126403,521790,17756,504034
9811,2.5481602283151563,521790,17756,504034
9812,2.5479005299633104,521790,17756,504034
9813,2.547640884540915,521790,17756,504034
9814,2.5473812920317913,521790,17756,504034
9815,2.547121752419766,521790,17756,504034
9816,2.5468622656886715,521790,17756,504034
9817,2.546602831822349,521790,17756,504034
9818,2.5463434508046445,521790,17756,504034
9819,2.5460841226194115,521790,17756,504034
9820,2.545824847250509,521790,17756,504034
9821,2.5455656246818044,521790,17756,504034
9822,2.54530645489717,521790,17756,504034
9823,2.5450473378804848,521790,17756,504034
9824,2.544788273615635,521790,17756,504034
9825,2.544529262086514,521790,17756,504034
9826,2.54427030327702,521790,17756,504034
9827,2.5440113971710594,521661,17756,503905
9828,2.543752543752544,521661,17756,503905
9829,2.543493743005392,521661,17756,503905
9830,2.5432349949135302,521661,17756,503905
9831,2.542976299460889,521661,17756,503905
9832,2.5427176566314076,521661,17756,503905
9833,2.5424590664090307,521661,17756,503905
9834,2.54220052877771,521661,17756,503905
9835,2.541942043721403,521661,17756,503905
9836,2.541683611224075,521661,17756,503905
9837,2.541425231269696,521661,17756,503905
9838,2.541166903842244,521661,17756,503905
9839,2.540908628925704,521661,17756,503905
9840,2.540650406504065,521661,17756,503905
9841,2.540392236561325,521661,17756,503905
9842,2.5401341190814875,521661,17756,503905
9843,2.5398760540485625,521661,17756,503905
9844,2.5396180414465666,521661,17756,503905
9845,2.5393600812595225,521626,17756,503870
9846,2.5391021734714605,521626,17756,503870
9847,2.538844318066416,521626,17756,503870
9848,2.5385865150284324,521626,17756,503870
9849,2.5383287643415575,521626,17756,503870
9850,2.5380710659898478,521626,17756,503870
9851,2.5378134199573648,521626,17756,503870
9852,2.537555826228177,521626,17756,503870
9853,2.5372982847863597,521626,17756,503870
9854,2.5370407956159937,521626,17756,503870
9855,2.536783358701167,521626,17756,503870
9856,2.5365259740259742,521626,17756,503870
9857,2.5362686415745155,521626,17756,503870
9858,2.5360113613308988,521562,17787,503775
9859,2.5357541332792373,521562,17787,503775
9860,2.535496957403651,521562,17787,503775
9861,2.535239833688267,521562,17787,503775
9862,2.5349827621172176,521562,17787,503775
9863,2.5347257426746426,521562,17787,503775
9864,2.534468775344688,521562,17787,503775
9865,2.534211860111505,521562,17787,503775
9866,2.533954996959254,521562,17787,503775
9867,2.533698185872099,521562,17787,503775
9868,2.533441426834212,521562,17787,503775
9869,2.53318471982977,521562,17787,503775
9870,2.5329280648429586,521562,17787,503775
9871,2.532671461857968,521562,17787,503775
9872,2.532414910858995,521422,17787,503635
9873,2.532158411830244,521422,17787,503635
9874,2.5319019647559244,521422,17787,503635
9875,2.5316455696202533,521422,17787,503635
9876,2.5313892264074522,521422,17787,503635
9877,2.5311329351017515,521422,17787,503635
9878,2.530876695687386,521422,17787,503635
9879,2.530620508148598,521422,17787,503635
9880,2.5303643724696356,521422,17787,503635
9881,2.5301082886347537,521422,17787,503635
9882,2.529852256628213,521422,17787,503635
9883,2.529596276434281,521422,17787,503635
9884,2.529340348037232,521422,17787,503635
9885,2.5290844714213456,521422,17787,503635
9886,2.5288286465709082,521422,17787,503635
9887,2.5285728734702135,521422,17787,503635
9888,2.52831715210356,519379,17787,501592
9889,2.528061482455253,519379,17787,501592
9890,2.5278058645096055,519379,17787,501592
9891,2.5275502982509352,519379,17787,501592
9892,2.5272947836635664,519379,17787,501592
9893,2.5270393207318307,519379,17787,501592
9894,2.5267839094400646,519379,17787,501592
9895,2.526528549772612,519379,17787,501592
9896,2.526273241713824,519379,17787,501592
9897,2.526017985248055,519379,17787,501592
9898,2.5257627803596687,519379,17787,501592
9899,2.5255076270330337,519379,17787,501592
9900,2.525252525252525,519379,17787,501592
9901,2.524997475002525,519379,17787,501592
9902,2.524742476267421,519379,17787,501592
9903,2.5244875290316067,519379,17787,501592
9904,2.524232633279483,519379,17787,501592
9905,2.523977788995457,519379,17787,501592
9906,2.523722996163941,519379,17787,501592
9907,2.523468254769355,519379,17787,501592
9908,2.5232135647961242,519379,17787,501592
9909,2.522958926228681,519379,17787,501592
9910,2.522704339051463,519379,17787,501592
9911,2.5224498032489153,519379,17787,501592
9912,2.522195318805488,519379,17787,501592
9913,2.521940885705639,519379,17787,501592
9914,2.521686503933831,519379,17787,501592
9915,2.5214321734745337,519379,17787,501592
9916,2.5211778943122227,519379,17787,501592
9917,2.5209236664313805,519379,17787,501592
9918,2.520669489816495,519379,17787,501592
9919,2.5204153644520617,519379,17787,501592
9920,2.5201612903225805,519379,17787,501592
9921,2.519907267412559,519379,17787,501592
9922,2.5196532957065108,519379,17787,501592
9923,2.519399375188955,519318,17787,501531
9924,2.5191455058444174,519318,17787,501531
9925,2.5188916876574305,519318,17787,501531
9926,2.518637920612533,519318,17787,501531
9927,2.518384204694268,519318,17787,501531
9928,2.5181305398871876,519079,17462,501617
9929,2.5178769261758487,519079,17462,501617
9930,2.5176233635448138,519079,17462,501617
9931,2.5173698519786525,519079,17462,501617
9932,2.517116391461941,519079,17462,501617
9933,2.516862981979261,519079,17462,501617
9934,2.5166096235152002,519079,17462,501617
9935,2.5163563160543534,519079,17462,501617
9936,2.5161030595813205,519079,17462,501617
9937,2.5158498540807086,518512,17462,501050
9938,2.5155966995371304,518512,17462,501050
9939,2.515343595935205,518512,17462,501050
9940,2.515090543259557,518512,17462,501050
9941,2.5148375414948196,518512,17462,501050
9942,2.5145845906256286,518512,17462,501050
9943,2.5143316906366286,518354,17462,500892
9944,2.51407884151247,518354,17462,500892
9945,2.513826043237808,518354,17462,500892
9946,2.5135732957973054,518354,17462,500892
9947,2.5133205991756307,518354,17462,500892
9948,2.5130679533574587,518354,17462,500892
9949,2.51281535832747,518354,17462,500892
9950,2.512562814070352,518354,17462,500892
9951,2.512310320570797,518354,17462,500892
9952,2.512057877813505,518354,17462,500892
9953,2.511805485783181,518354,17462,500892
9954,2.511553144464537,518354,17462,500892
9955,2.5113008538422905,518354,17462,500892
9956,2.511048613901165,518354,17462,500892
9957,2.5107964246258914,518354,17462,500892
9958,2.5105442860012053,518354,17462,500892
9959,2.5102921980118484,518354,17462,500892
9960,2.5100401606425704,518354,17462,500892
9961,2.5097881738781247,518354,17462,500892
9962,2.5095362377032724,518354,17462,500892
9963,2.5092843521027803,518354,17462,500892
9964,2.509032517061421,518260,17465,500795
9965,2.5087807325639737,518260,17465,500795
9966,2.508528998595224,518260,17465,500795
9967,2.5082773151399618,518260,17465,500795
9968,2.5080256821829856,518260,17465,500795
9969,2.5077740997090983,518260,17465,500795
9970,2.507522567703109,517912,17465,500447
9971,2.5072710861498346,517912,17465,500447
9972,2.5070196550340955,517912,17465,500447
9973,2.50676827434072,517912,17465,500447
9974,2.5065169440545416,515347,17465,497882
9975,2.506265664160401,515347,17465,497882
9976,2.5060144346431437,515347,17465,497882
9977,2.5057632554876217,515347,17465,497882
9978,2.5055121266786933,515347,17465,497882
9979,2.5052610482012225,515347,17465,497882
9980,2.50501002004008,515347,17465,497882
9981,2.5047590421801424,515347,17465,497882
9982,2.5045081146062915,515347,17465,497882
9983,2.504257237303416,515347,17465,497882
9984,2.50400641025641,515347,17465,497882
9985,2.5037556334501754,515347,17465,497882
9986,2.5035049068696176,514985,17465,497520
9987,2.5032542304996497,514985,17465,497520
9988,2.5030036043251904,514985,17465,497520
9989,2.5027530283311643,514985,17465,497520
9990,2.5025025025025025,514985,17465,497520
9991,2.502252026824142,514985,17465,497520
9992,2.502001601281025,514985,17465,497520
9993,2.5017512258581007,514985,17465,497520
9994,2.501500900540324,514985,17465,497520
9995,2.5012506253126565,514933,17519,497414
9996,2.501000400160064,514647,17519,497128
9997,2.50075022506752,514647,17519,497128
9998,2.500500100020004,513733,17498,496235
9999,2.5002500250025004,513733,17498,496235
10000,2.5,513733,17498,496235
10001,2.4997500249975,513733,17498,496235
10002,2.499500099980004,513733,17498,496235
10003,2.49925022493252,513733,17498,496235
10004,2.499000399840064,513733,17498,496235
10005,2.498750624687656,513733,17498,496235
10006,2.498500899460324,513537,17498,496039
10007,2.4982512241431,513537,17498,496039
10008,2.4980015987210233,513537,17498,496039
10009,2.497752023179139,513537,17498,496039
10010,2.4975024975024973,513537,17498,496039
10011,2.497253021676156,513537,17498,496039
10012,2.497003595685178,513537,17498,496039
10013,2.496754219514631,512741,17498,495243
10014,2.4965048931495906,512741,17498,495243
10015,2.4962556165751373,512741,17498,495243
10016,2.496006389776358,512741,17498,495243
10017,2.495757212738345,512741,17498,495243
10018,2.495508085446197,512741,17498,495243
10019,2.4952590078850183,512741,17498,495243
10020,2.4950099800399204,512741,17498,495243
10021,2.4947610018960185,512741,17498,495243
10022,2.4945120734384356,512741,17498,495243
10023,2.4942631946522997,512741,17498,495243
10024,2.4940143655227454,512741,17498,495243
10025,2.493765586034913,512741,17498,495243
10026,2.493516856173948,512741,17498,495243
10027,2.4932681759250026,511912,17498,494414
10028,2.493019545273235,511912,17498,494414
10029,2.492770964203809,511912,17498,494414
10030,2.4925224327018944,511912,17498,494414
10031,2.4922739507526668,511912,17498,494414
10032,2.492025518341308,511912,17498,494414
10033,2.491777135453005,511912,17498,494414
10034,2.491528802072952,511912,17498,494414
10035,2.4912805181863478,511912,17498,494414
10036,2.491032283778398,511827,17498,494329
10037,2.490784098834313,511827,17498,494329
10038,2.4905359633393105,511827,17498,494329
10039,2.4902878772786132,511827,17498,494329
10040,2.49003984063745,511827,17498,494329
10041,2.4897918534010555,511827,17498,494329
10042,2.4895439155546706,511732,17498,494234
10043,2.4892960270835407,511732,17498,494234
10044,2.489048187972919,511732,17498,494234
10045,2.4888003982080638,511732,17498,494234
10046,2.4885526577742385,511732,17498,494234
10047,2.4883049666567136,511732,17498,494234
10048,2.4880573248407645,511732,17498,494234
10049,2.487809732311673,511732,17498,494234
10050,2.487562189054726,511732,17498,494234
10051,2.4873146950552183,511732,17498,494234
10052,2.487067250298448,511732,17498,494234
10053,2.4868198547697205,511732,17498,494234
10054,2.4865725084543464,511732,17498,494234
10055,2.486325211337643,511732,17498,494234
10056,2.4860779634049326,511732,17498,494234
10057,2.4858307646415434,511732,17498,494234
10058,2.4855836150328097,511732,17498,494234
10059,2.485336514564072,511732,17498,494234
10060,2.485089463220676,511732,17498,494234
10061,2.4848424609879736,511732,17498,494234
10062,2.484595507851322,511732,17498,494234
10063,2.4843486037960845,511732,17498,494234
10064,2.4841017488076313,511732,17498,494234
10065,2.483854942871336,511732,17498,494234
10066,2.483608185972581,511732,17498,494234
10067,2.483361478096752,511732,17498,494234
10068,2.4831148192292414,511732,17498,494234
10069,2.4828682093554475,511732,17498,494234
10070,2.4826216484607744,511732,17498,494234
10071,2.4823751365306324,511732,17498,494234
10072,2.4821286735504366,511732,17498,494234
10073,2.481882259505609,511732,17498,494234
10074,2.481635894381576,511209,17498,493711
10075,2.4813895781637716,511209,17498,493711
10076,2.481143310837634,511209,17498,493711
10077,2.4808970923886076,511209,17498,493711
10078,2.4806509228021434,511209,17498,493711
10079,2.480404802063697,511209,17498,493711
10080,2.4801587301587302,511209,17498,493711
10081,2.479912707072711,511209,17498,493711
10082,2.479666732791113,511209,17498,493711
10083,2.479420807299415,511209,17498,493711
10084,2.479174930583102,511049,17498,493551
10085,2.478929102627665,511049,17498,493551
10086,2.4786833234186,510716,17498,493218
10087,2.4784375929414098,510716,17498,493218
10088,2.478191911181602,510716,17498,493218
10089,2.47794627812469,510702,17517,493185
10090,2.4777006937561943,510702,17517,493185
10091,2.4774551580616393,510702,17517,493185
10092,2.477209671026556,510702,17517,493185
10093,2.476964232636481,510702,17517,493185
10094,2.4767188428769566,510702,17517,493185
10095,2.4764735017335315,510702,17517,493185
10096,2.476228209191759,510702,17517,493185
10097,2.475982965237199,510702,17517,493185
10098,2.475737769855417,510702,17517,493185
10099,2.4754926230319834,510488,18268,492220
10100,2.4752475247524752,510488,18268,492220
10101,2.475002475002475,510488,18268,492220
10102,2.474757473767571,510488,18268,492220
10103,2.4745125210333563,510488,18268,492220
10104,2.4742676167854314,510488,18268,492220
10105,2.4740227610094014,510380,18268,492112
10106,2.4737779536908766,510380,18268,492112
10107,2.4735331948154746,510380,18268,492112
10108,2.4732884843688168,510380,18268,492112
10109,2.473043822336532,510380,18268,492112
10110,2.472799208704253,510380,18268,492112
10111,2.47255464345762,509748,18258,491490
10112,2.4723101265822787,509748,18258,491490
10113,2.4720656580638782,509655,18215,491440
10114,2.4718212378880757,509655,18215,491440
10115,2.4715768660405337,509655,18215,491440
10116,2.4713325425069197,509655,18215,491440
10117,2.471088267272907,509655,18215,491440
10118,2.4708440403241747,509003,18215,490788
10119,2.4705998616464075,509003,18215,490788
10120,2.4703557312252964,509003,18215,490788
10121,2.4701116490465367,509003,18215,490788
10122,2.469867615095831,509003,18215,490788
10123,2.469623629358886,509003,18215,490788
10124,2.4693796918214144,509003,18215,490788
10125,2.4691358024691357,509003,18215,490788
10126,2.468891961287774,509003,18215,490788
10127,2.468648168263059,509003,18215,490788
10128,2.4684044233807265,509003,18215,490788
10129,2.4681607266265178,509003,18215,490788
10130,2.4679170779861797,509003,18215,490788
10131,2.4676734774454645,509003,18215,490788
10132,2.4674299249901304,509003,18215,490788
10133,2.467186420605941,509003,18215,490788
10134,2.4669429642786658,509003,18215,490788
10135,2.46669955599408,509003,18215,490788
10136,2.4664561957379636,509003,18215,490788
10137,2.4662128834961035,509003,18215,490788
10138,2.465969619254291,509003,18215,490788
10139,2.4657264029983232,508665,18215,490450
10140,2.465483234714004,508665,18215,490450
10141,2.465240114387141,508665,18215,490450
10142,2.4649970420035494,508665,18215,490450
10143,2.4647540175490485,508665,18215,490450
10144,2.4645110410094637,508665,18215,490450
10145,2.464268112370626,508665,18215,490450
10146,2.464025231618372,508665,18215,490450
10147,2.463782398738543,508665,18215,490450
10148,2.4635396137169887,508665,18215,490450
10149,2.4632968765395606,508665,18215,490450
10150,2.4630541871921183,508665,18215,490450
10151,2.462811545660526,508665,18215,490450
10152,2.462568951930654,508665,18215,490450
10153,2.4623264059883776,508665,18215,490450
10154,2.4620839078195784,508665,18215,490450
10155,2.461841457410143,508665,18215,490450
10156,2.461599054745963,508665,18215,490450
10157,2.461356699812937,508665,18215,490450
10158,2.461114392596968,508492,18221,490271
10159,2.460872133083965,508492,18221,490271
10160,2.4606299212598426,508492,18221,490271
10161,2.460387757110521,508492,18221,490271
10162,2.4601456406219246,508492,18221,490271
10163,2.459903571779986,508492,18221,490271
10164,2.4596615505706416,508492,18221,490271
10165,2.459419576979833,508492,18221,490271
10166,2.459177650993508,508492,18221,490271
10167,2.4589357725976195,508492,18221,490271
10168,2.4586939417781273,508492,18221,490271
10169,2.4584521585209953,508492,18221,490271
10170,2.4582104228121926,508492,18221,490271
10171,2.4579687346376953,508492,18221,490271
10172,2.457727093983484,508492,18221,490271
10173,2.457485500835545,508492,18221,490271
10174,2.4572439551798704,508492,18221,490271
10175,2.457002457002457,508492,18221,490271
10176,2.4567610062893084,508492,18221,490271
10177,2.456519603026432,508492,18221,490271
10178,2.456278247199843,508492,18221,490271
10179,2.4560369387955596,508492,18221,490271
10180,2.4557956777996073,508492,18221,490271
10181,2.455554464198016,508492,18221,490271
10182,2.4553132979768217,508492,18221,490271
10183,2.455072179122066,508492,18221,490271
10184,2.4548311076197957,508492,18221,490271
10185,2.454590083456063,508452,18221,490231
10186,2.454349106616925,508452,18221,490231
10187,2.454108177088446,508452,18221,490231
10188,2.453867294856694,508452,18221,490231
10189,2.4536264599077438,508452,18221,490231
10190,2.4533856722276743,508452,18221,490231
10191,2.453144931802571,508452,18221,490231
10192,2.4529042386185242,508452,18221,490231
10193,2.4526635926616307,508452,18221,490231
10194,2.452422993917991,508452,18221,490231
10195,2.4521824423737124,508452,18221,490231
10196,2.4519419380149077,506098,18221,487877
10197,2.4517014808276945,506098,18221,487877
10198,2.451461070798196,506098,18221,487877
10199,2.4512207079125403,506098,18221,487877
10200,2.450980392156863,505962,18221,487741
10201,2.4507401235173023,505962,18221,487741
10202,2.450499901980004,505962,18221,487741
10203,2.4502597275311184,505431,18221,487210
10204,2.4500196001568013,505431,18221,487210
10205,2.449779519843214,505431,18221,487210
10206,2.4495394865765237,505431,18221,487210
10207,2.449299500342902,505431,18221,487210
10208,2.449059561128527,505431,18221,487210
10209,2.448819668919581,505431,18221,487210
10210,2.4485798237022527,505304,18221,487083
10211,2.4483400254627363,505304,18221,487083
10212,2.448100274187231,505304,18221,487083
10213,2.4478605698619407,505304,18221,487083
10214,2.4476209124730763,505304,18221,487083
10215,2.447381302006853,505304,18221,487083
10216,2.447141738449491,505304,18221,487083
10217,2.446902221787217,505304,18221,487083
10218,2.4466627520062634,505304,18221,487083
10219,2.446423329092866,505304,18221,487083
10220,2.4461839530332683,505304,18221,487083
10221,2.445944623813717,504191,18221,485970
10222,2.4457053414204655,504191,18221,485970
10223,2.445466105839773,504191,18221,485970
10224,2.445226917057903,504191,18221,485970
10225,2.444987775061125,504191,18221,485970
10226,2.4447486798357128,504191,18221,485970
10227,2.4445096313679477,504191,18221,485970
10228,2.444270629644114,504191,18221,485970
10229,2.4440316746505033,504191,18221,485970
10230,2.4437927663734116,504191,18221,485970
10231,2.4435539047991397,504191,18221,485970
10232,2.4433150899139955,504191,18221,485970
10233,2.44307632170429,503792,18221,485571
10234,2.4428376001563414,503792,18221,485571
10235,2.442598925256473,503792,18221,485571
10236,2.442360296991012,503792,18221,485571
10237,2.442121715346293,503792,18221,485571
10238,2.441883180308654,503792,18221,485571
10239,2.44164469186444,503257,18349,484908
10240,2.44140625,503257,18349,484908
10241,2.441167854701689,503257,18349,484908
10242,2.440929505955868,503257,18349,484908
10243,2.4406912037489015,503257,18349,484908
10244,2.4404529480671613,503132,18349,484783
10245,2.440214738897023,503132,18349,484783
10246,2.4399765762248684,503132,18349,484783
10247,2.439738460037084,503132,18349,484783
10248,2.4395003903200623,503132,18349,484783
10249,2.439262367060201,503132,18349,484783
10250,2.4390243902439024,503132,18349,484783
10251,2.438786459857575,503132,18349,484783
10252,2.4385485758876317,503132,18349,484783
10253,2.4383107383204914,503132,18349,484783
10254,2.4380729471425786,502519,18349,484170
10255,2.4378352023403216,502519,18349,484170
10256,2.437597503900156,502519,18349,484170
10257,2.437359851808521,502519,18349,484170
10258,2.437122246051862,502519,18349,484170
10259,2.4368846866166294,502519,18349,484170
10260,2.4366471734892787,502519,18349,484170
10261,2.436409706656271,502519,18349,484170
10262,2.4361722861040733,502519,18349,484170
10263,2.4359349118191562,502519,18349,484170
10264,2.435697583787997,502519,18349,484170
10265,2.4354603019970775,502519,18349,484170
10266,2.435223066432885,502519,18349,484170
10267,2.434985877081913,502519,18349,484170
10268,2.4347487339306584,502519,18349,484170
10269,2.434511636965625,502519,18349,484170
10270,2.4342745861733204,502439,18349,484090
10271,2.434037581540259,502439,18349,484090
10272,2.4338006230529596,502439,18349,484090
10273,2.433563710697946,502439,18349,484090
10274,2.433326844461748,502439,18349,484090
10275,2.4330900243309004,502439,18349,484090
10276,2.4328532502919424,499997,18349,481648
10277,2.43261652233142,499997,18349,481648
10278,2.4323798404358823,499997,18349,481648
10279,2.4321432045918865,499997,18349,481648
10280,2.431906614785992,499997,18349,481648
10281,2.431670071004766,499997,18349,481648
10282,2.4314335732347794,499172,18349,480823
10283,2.431197121462608,499172,18349,480823
10284,2.4309607156748347,498791,18349,480442
10285,2.430724355858046,498791,18349,480442
10286,2.4304880419988333,498791,18349,480442
10287,2.430251774083795,498791,18349,480442
10288,2.4300155520995332,498791,18349,480442
10289,2.429779376032656,498791,18349,480442
10290,2.4295432458697763,498791,18349,480442
10291,2.4293071615975124,498791,18349,480442
10292,2.4290711232024873,498791,18349,480442
10293,2.42883513067133,498053,17809,480244
10294,2.428599183990674,498053,17809,480244
10295,2.4283632831471587,498053,17809,480244
10296,2.428127428127428,497785,17809,479976
10297,2.4278916189181317,497785,17809,479976
10298,2.4276558555059236,497785,17809,479976
10299,2.427420137877464,497785,17809,479976
10300,2.4271844660194173,497785,17809,479976
10301,2.4269488399184547,497785,17809,479976
10302,2.42671325956125,497785,17809,479976
10303,2.426477724934485,497785,17809,479976
10304,2.426242236024845,497785,17809,479976
10305,2.42600679281902,497785,17809,479976
10306,2.425771395303707,497785,17809,479976
10307,2.425536043465606,497785,17809,479976
10308,2.425300737291424,497785,17809,479976
10309,2.4250654767678728,497785,17809,479976
10310,2.4248302618816684,497785,17809,479976
10311,2.4245950926195325,497785,17809,479976
10312,2.4243599689681923,497785,17809,479976
10313,2.42412489091438,497785,17809,479976
10314,2.423889858444832,497785,17809,479976
10315,2.423654871546292,497785,17809,479976
10316,2.423419930205506,497435,17800,479635
10317,2.4231850344092276,497435,17800,479635
10318,2.422950184144214,497435,17800,479635
10319,2.4227153793972285,497435,17800,479635
10320,2.4224806201550386,496782,17809,478973
10321,2.4222459064044184,496782,17809,478973
10322,2.422011238132145,496755,17689,479066
10323,2.4217766153250024,496755,17689,479066
10324,2.421542037969779,496755,17689,479066
10325,2.4213075060532687,496755,17689,479066
10326,2.42107301956227,496755,17689,479066
10327,2.4208385784835866,496673,17677,478996
10328,2.420604182804028,496673,17677,478996
10329,2.4203698325104077,496673,17677,478996
10330,2.420135527589545,496673,17677,478996
10331,2.4199012680282643,496625,17677,478948
10332,2.419667053813395,496625,17677,478948
10333,2.419432884931772,496625,17677,478948
10334,2.419198761370234,496625,17677,478948
10335,2.4189646831156266,496579,17677,478902
10336,2.418730650154799,496579,17677,478902
10337,2.4184966624746056,496579,17677,478902
10338,2.4182627200619073,496479,17670,478809
10339,2.418028822903569,496479,17670,478809
10340,2.4177949709864603,496222,17670,478552
10341,2.4175611642974566,496222,17670,478552
10342,2.4173274028234384,496222,17670,478552
10343,2.417093686551291,496222,17670,478552
10344,2.416860015467904,496222,17670,478552
10345,2.416626389560174,496222,17670,478552
10346,2.416392808815001,496222,17670,478552
10347,2.4161592732192907,496222,17670,478552
10348,2.4159257827599534,496222,17670,478552
10349,2.4156923374239057,496222,17670,478552
10350,2.4154589371980677,496222,17670,478552
10351,2.415225582069365,496222,17670,478552
10352,2.4149922720247297,496222,17670,478552
10353,2.4147590070510963,496222,17670,478552
10354,2.4145257871354064,496222,17670,478552
10355,2.4142926122646067,496209,17850,478359
10356,2.414059482425647,496209,17850,478359
10357,2.4138263976054843,496080,17850,478230
10358,2.4135933577910795,496080,17850,478230
10359,2.4133603629693985,496080,17850,478230
10360,2.413127413127413,496080,17850,478230
10361,2.412894508252099,496080,17850,478230
10362,2.412661648330438,496080,17850,478230
10363,2.4124288333494164,496080,17850,478230
10364,2.4121960632960247,496080,17850,478230
10365,2.41196333815726,496080,17850,478230
10366,2.4117306579201236,496080,17850,478230
10367,2.4114980225716214,496080,17850,478230
10368,2.4112654320987654,496080,17850,478230
10369,2.4110328864885715,496080,17850,478230
10370,2.4108003857280615,496080,17850,478230
10371,2.410567929804262,496080,17850,478230
10372,2.4103355187042035,496080,17850,478230
10373,2.4101031524149232,496080,17850,478230
10374,2.4098708309234627,496080,17850,478230
10375,2.4096385542168677,496080,17850,478230
10376,2.4094063222821895,496080,17850,478230
10377,2.4091741351064857,496080,17850,478230
10378,2.4089419926768163,496080,17850,478230
10379,2.4087098949802486,496080,17850,478230
10380,2.4084778420038537,496080,17850,478230
10381,2.4082458337347075,496080,17850,478230
10382,2.408013870159892,496080,17850,478230
10383,2.4077819512664935,496080,17850,478230
10384,2.4075500770416025,496080,17850,478230
10385,2.407318247472316,496080,17850,478230
10386,2.4070864625457347,496080,17850,478230
10387,2.406854722248965,496080,17850,478230
10388,2.406623026569118,496080,17850,478230
10389,2.4063913754933104,496080,17850,478230
10390,2.4061597690086622,496080,17850,478230
10391,2.4059282071023,496080,17850,478230
10392,2.405696689761355,496080,17850,478230
10393,2.4054652169729627,496080,17850,478230
10394,2.405233788724264,496080,17850,478230
10395,2.405002405002405,496080,17850,478230
10396,2.4047710657945363,496080,17850,478230
10397,2.404539771087814,496080,17850,478230
10398,2.404308520869398,496080,17850,478230
10399,2.4040773151264543,496080,17850,478230
10400,2.4038461538461537,495875,17850,478025
10401,2.4036150370156717,495875,17850,478025
10402,2.403383964622188,495875,17850,478025
10403,2.4031529366528885,495875,17850,478025
10404,2.4029219530949635,495875,17850,478025
10405,2.4026910139356077,495875,17850,478025
10406,2.402460119162022,495875,17850,478025
10407,2.4022292687614106,495875,17850,478025
10408,2.401998462720984,495875,17850,478025
10409,2.4017677010279566,495875,17850,478025
10410,2.4015369836695486,495875,17850,478025
10411,2.401306310632984,495875,17850,478025
10412,2.4010756819054935,495875,17850,478025
10413,2.4008450974743107,495875,17850,478025
10414,2.4006145573266755,495875,17850,478025
10415,2.400384061449832,495875,17850,478025
10416,2.400153609831029,495875,17850,478025
10417,2.399923202457521,495754,17894,477860
10418,2.3996928393165673,495754,17894,477860
10419,2.3994625203954314,495754,17894,477860
10420,2.399232245681382,495754,17894,477860
10421,2.3990020151616926,495754,17894,477860
10422,2.398771828823642,495754,17894,477860
10423,2.398541686654514,495579,18008,477571
10424,2.3983115886415964,495579,18008,477571
10425,2.3980815347721824,495579,18008,477571
10426,2.39785152503357,495579,18008,477571
10427,2.397621559413062,495579,18008,477571
10428,2.397391637897967,495579,18008,477571
10429,2.397161760475597,495579,18008,477571
10430,2.3969319271332696,495579,18008,477571
10431,2.396702137858307,495579,18008,477571
10432,2.396472392638037,495579,18008,477571
10433,2.396242691459791,495579,18008,477571
10434,2.3960130343109065,495579,18008,477571
10435,2.3957834211787254,495377,17959,477418
10436,2.395553852050594,495377,17959,477418
10437,2.395324326913864,495377,17959,477418
10438,2.395094845755892,495377,17959,477418
10439,2.394865408564039,495377,17959,477418
10440,2.3946360153256707,495377,17959,477418
10441,2.3944066660281584,495377,17959,477418
10442,2.3941773606588774,495377,17959,477418
10443,2.3939480992052093,495377,17959,477418
10444,2.3937188816545385,495377,17959,477418
10445,2.3934897079942554,495377,17959,477418
10446,2.3932605782117555,495377,17959,477418
10447,2.3930314922944387,495377,17959,477418
10448,2.392802450229709,495377,17959,477418
10449,2.3925734520049766,495377,17959,477418
10450,2.3923444976076556,495377,17959,477418
10451,2.392115587025165,495377,17959,477418
10452,2.391886720244929,494954,17976,476978
10453,2.391657897254377,494954,17976,476978
10454,2.391429118040941,494954,17976,476978
10455,2.391200382592061,494954,17976,476978
10456,2.3909716908951797,494954,17976,476978
10457,2.390743042937745,494954,17976,476978
10458,2.3905144387072097,494954,17976,476978
10459,2.3902858781910314,494954,17976,476978
10460,2.390057361376673,494834,17904,476930
10461,2.3898288882516012,494834,17904,476930
10462,2.389600458803288,494834,17904,476930
10463,2.3893720730192105,494834,17904,476930
10464,2.38914373088685,494834,17904,476930
10465,2.388915432393693,494834,17904,476930
10466,2.388687177527231,494834,17904,476930
10467,2.3884589662749596,494834,17904,476930
10468,2.388230798624379,493858,17952,475906
10469,2.3880026745629954,493858,17952,475906
10470,2.387774594078319,493858,17952,475906
10471,2.3875465571578647,493858,17952,475906
10472,2.387318563789152,493858,17952,475906
10473,2.387090613959706,493858,17952,475906
10474,2.3868627076570554,493858,17952,475906
10475,2.386634844868735,493858,17952,475906
10476,2.386407025582283,493858,17952,475906
10477,2.386179249785244,493858,17952,475906
10478,2.3859515174651653,493858,17952,475906
10479,2.3857238286096,493858,17952,475906
10480,2.385496183206107,493858,17952,475906
10481,2.385268581242248,493858,17952,475906
10482,2.3850410227055905,493858,17952,475906
10483,2.384813507583707,493858,17952,475906
10484,2.384586035864174,493858,17952,475906
10485,2.384358607534573,493858,17952,475906
10486,2.384131222582491,493858,17952,475906
10487,2.3839038809955184,493858,17952,475906
10488,2.383676582761251,493858,17952,475906
10489,2.3834493278672895,493858,17952,475906
10490,2.3832221163012393,493858,17952,475906
10491,2.38299494805071,493858,17952,475906
10492,2.382767823103317,493858,17952,475906
10493,2.382540741446679,493858,17952,475906
10494,2.38231370306842,493711,17952,475759
10495,2.3820867079561694,493711,17952,475759
10496,2.381859756097561,493711,17952,475759
10497,2.3816328474802324,493711,17952,475759
10498,2.381405982091827,493381,17952,475429
10499,2.3811791599199923,493381,17952,475429
10500,2.380952380952381,493381,17952,475429
10501,2.38072564517665,493381,17952,475429
10502,2.380498952580461,493305,17952,475353
10503,2.3802723031514805,493305,17952,475353
10504,2.38004569687738,493305,17952,475353
10505,2.379819133745835,493305,17952,475353
10506,2.379592613744527,493305,17952,475353
10507,2.3793661368611403,493305,17952,475353
10508,2.379139703083365,493305,17952,475353
10509,2.3789133123988964,493305,17952,475353
10510,2.378686964795433,493305,17952,475353
10511,2.3784606602606795,493305,17952,475353
10512,2.378234398782344,493305,17952,475353
10513,2.3780081803481403,493305,17952,475353
10514,2.3777820049457867,493305,17952,475353
10515,2.377555872563005,493305,17952,475353
10516,2.3773297831875237,493305,17952,475353
10517,2.3771037368070744,493305,17952,475353
10518,2.3768777334093936,493305,17952,475353
10519,2.3766517729822225,493136,17952,475184
10520,2.376425855513308,493136,17952,475184
10521,2.3761999809904,493136,17952,475184
10522,2.3759741494012547,493136,17952,475184
10523,2.375748360733631,492224,18108,474116
10524,2.3755226149752944,492224,18108,474116
10525,2.375296912114014,492224,18108,474116
10526,2.3750712521375643,492224,18108,474116
10527,2.3748456350337226,491382,18108,473274
10528,2.3746200607902734,491382,18108,473274
10529,2.3743945293950044,491382,18108,473274
10530,2.3741690408357075,491382,18108,473274
10531,2.3739435951001804,491382,18108,473274
10532,2.373718192176225,491382,18108,473274
10533,2.3734928320516473,491382,18108,473274
10534,2.3732675147142586,491382,18108,473274
10535,2.3730422401518747,491382,18108,473274
10536,2.3728170083523157,491353,18077,473276
10537,2.3725918193034072,491353,18077,473276
10538,2.3723666729929778,491353,18077,473276
10539,2.3721415694088623,491353,18077,473276
10540,2.3719165085388996,491353,18077,473276
10541,2.3716914903709325,491353,18077,473276
10542,2.3714665148928096,491353,18077,473276
10543,2.3712415820923836,491353,18077,473276
10544,2.3710166919575113,491353,18077,473276
10545,2.370791844476055,491353,18077,473276
10546,2.370567039635881,491353,18077,473276
10547,2.3703422774248604,491134,18091,473043
10548,2.370117557830868,491134,18091,473043
10549,2.369892880841786,491134,18091,473043
10550,2.3696682464454977,491134,18091,473043
10551,2.369443654629893,491134,18091,473043
10552,2.3692191053828657,491134,18091,473043
10553,2.368994598692315,491134,18091,473043
10554,2.3687701345461436,491134,18091,473043
10555,2.3685457129322596,491134,18091,473043
10556,2.3683213338385753,491134,18091,473043
10557,2.3680969972530073,491134,18091,473043
10558,2.367872703163478,491134,18091,473043
10559,2.367648451557913,491134,18091,473043
10560,2.367424242424242,491134,18091,473043
10561,2.3672000757504024,491134,18091,473043
10562,2.3669759515243327,491134,18091,473043
10563,2.366751869733977,491134,18091,473043
10564,2.366527830367285,491134,18091,473043
10565,2.36630383341221,491134,18091,473043
10566,2.36607987885671,491134,18091,473043
10567,2.365855966688748,491134,18091,473043
10568,2.3656320968962907,491134,18091,473043
10569,2.36540826946731,491134,18091,473043
10570,2.3651844843897822,491134,18091,473043
10571,2.3649607416516885,491134,18091,473043
10572,2.364737041241014,491134,18091,473043
10573,2.3645133831457485,491134,18091,473043
10574,2.364289767353887,491134,18091,473043
10575,2.3640661938534278,491134,18091,473043
10576,2.363842662632375,491134,18091,473043
10577,2.363619173678737,490520,18091,472429
10578,2.3633957269805257,490520,18091,472429
10579,2.3631723225257586,490520,18091,472429
10580,2.3629489603024574,490520,18091,472429
10581,2.3627256402986485,490225,18049,472176
10582,2.3625023625023625,490225,18049,472176
10583,2.3622791269016346,490225,18049,472176
10584,2.362055933484505,490225,18049,472176
10585,2.3618327822390173,490225,18049,472176
10586,2.3616096731532212,490225,18049,472176
10587,2.3613866062151696,490225,18049,472176
10588,2.3611635814129204,490225,18049,472176
10589,2.360940598734536,490225,18049,472176
10590,2.360717658168083,490225,18049,472176
10591,2.3604947597016332,490225,18049,472176
10592,2.360271903323263,490225,18049,472176
10593,2.3600490890210515,490225,18049,472176
10594,2.3598263167830846,490225,18049,472176
10595,2.359603586597452,490225,18049,472176
10596,2.359380898452246,490225,18049,472176
10597,2.3591582523355665,490225,18049,472176
10598,2.358935648235516,490225,18049,472176
10599,2.358713086140202,490225,18049,472176
10600,2.358490566037736,490225,18049,472176
10601,2.358268087916234,490225,18049,472176
10602,2.358045651763818,490225,18049,472176
10603,2.3578232575686124,490225,18049,472176
10604,2.3576009053187477,490225,18049,472176
10605,2.3573785950023574,490225,18049,472176
10606,2.357156326607581,490225,18049,472176
10607,2.3569341001225608,490224,18092,472132
10608,2.356711915535445,490224,18092,472132
10609,2.356489772834386,490224,18092,472132
10610,2.35626767200754,490224,18092,472132
10611,2.3560456130430687,490224,18092,472132
10612,2.3558235959291367,490224,18092,472132
10613,2.355601620653915,490224,18092,472132
10614,2.3553796872055774,490224,18092,472132
10615,2.3551577955723033,490224,18092,472132
10616,2.354935945742276,490224,18092,472132
10617,2.3547141377036827,490224,18092,472132
10618,2.3544923714447163,490224,18092,472132
10619,2.354270646953574,490224,18092,472132
10620,2.354048964218456,490224,18092,472132
10621,2.353827323227568,490224,18092,472132
10622,2.3536057239691206,488929,18371,470558
10623,2.3533841664313284,488929,18371,470558
10624,2.3531626506024095,488929,18371,470558
10625,2.3529411764705883,488929,18371,470558
10626,2.3527197440240917,488929,18371,470558
10627,2.3524983532511525,488929,18371,470558
10628,2.3522770041400074,488929,18371,470558
10629,2.3520556966788972,488929,18371,470558
10630,2.351834430856068,488929,18371,470558
10631,2.351613206659769,488929,18371,470558
10632,2.351392024078254,488929,18371,470558
10633,2.3511708830997837,488929,18371,470558
10634,2.35094978371262,488929,18371,470558
10635,2.3507287259050305,488929,18371,470558
10636,2.3505077096652878,488929,18371,470558
10637,2.3502867349816676,488929,18371,470558
10638,2.3500658018424514,488929,18371,470558
10639,2.3498449102359245,488929,18371,470558
10640,2.3496240601503757,488929,18371,470558
10641,2.3494032515741003,488929,18371,470558
10642,2.3491824844953957,488929,18371,470558
10643,2.348961758902565,488929,18371,470558
10644,2.348741074783916,488929,18371,470558
10645,2.3485204321277595,488929,18371,470558
10646,2.348299830922412,488929,18371,470558
10647,2.348079271156194,488929,18371,470558
10648,2.3478587528174306,488929,18371,470558
10649,2.3476382758944503,488929,18371,470558
10650,2.347417840375587,488929,18371,470558
10651,2.3471974462491785,488929,18371,470558
10652,2.3469770935035674,488929,18371,470558
10653,2.3467567821271005,488929,18371,470558
10654,2.3465365121081283,488929,18371,470558
10655,2.346316283435007,488929,18371,470558
10656,2.346096096096096,488929,18371,470558
10657,2.3458759500797597,488929,18371,470558
10658,2.3456558453743668,488929,18371,470558
10659,2.34543578196829,488929,18371,470558
10660,2.345215759849906,488929,18371,470558
10661,2.344995779007598,488929,18371,470558
10662,2.3447758394297504,488929,18371,470558
10663,2.3445559411047547,488929,18371,470558
10664,2.3443360840210055,488929,18371,470558
10665,2.344116268166901,488929,18371,470558
10666,2.3438964935308455,488929,18371,470558
10667,2.3436767601012467,488929,18371,470558
10668,2.3434570678665168,488929,18371,470558
10669,2.3432374168150716,488929,18371,470558
10670,2.343017806935333,488929,18371,470558
10671,2.342798238215725,488929,18371,470558
10672,2.342578710644678,488929,18371,470558
10673,2.342359224210625,488929,18371,470558
10674,2.342139778902005,488929,18371,470558
10675,2.34192037470726,488906,18359,470547
10676,2.341701011614837,488906,18359,470547
10677,2.3414816896131874,488906,18359,470547
10678,2.341262408690766,488906,18359,470547
10679,2.341043168836033,488906,18359,470547
10680,2.3408239700374533,488906,18359,470547
10681,2.340604812283494,488906,18359,470547
10682,2.3403856955626288,488906,18359,470547
10683,2.3401666198633344,488906,18359,470547
10684,2.3399475851740923,488906,18359,470547
10685,2.339728591483388,488906,18359,470547
10686,2.339509638779712,488906,18359,470547
10687,2.339290727051558,488906,18359,470547
10688,2.339071856287425,488906,18359,470547
10689,2.338853026475816,488827,18359,470468
10690,2.3386342376052385,488827,18359,470468
10691,2.3384154896642033,488827,18359,470468
10692,2.338196782641227,488827,18359,470468
10693,2.3379781165248295,488827,18359,470468
10694,2.337759491303535,488827,18359,470468
10695,2.337540906965872,488827,18359,470468
10696,2.337322363500374,488827,18359,470468
10697,2.3371038608955783,488827,18359,470468
10698,2.336885399140026,488827,18359,470468
10699,2.3366669782222638,488827,18359,470468
10700,2.336448598130841,488827,18359,470468
10701,2.3362302588543127,488827,18359,470468
10702,2.3360119603812373,488827,18359,470468
10703,2.3357937027001774,488827,18359,470468
10704,2.335575485799701,488827,18359,470468
10705,2.335357309668379,488827,18359,470468
10706,2.335139174294788,488827,18359,470468
10707,2.3349210796675073,487697,19511,468186
10708,2.3347030257751213,487697,19511,468186
10709,2.334485012606219,487697,19511,468186
10710,2.3342670401493932,487697,19511,468186
10711,2.3340491083932404,487697,19511,468186
10712,2.333831217326363,487697,19511,468186
10713,2.333613366937366,487697,19511,468186
10714,2.333395557214859,487697,19511,468186
10715,2.3331777881474567,487697,19511,468186
10716,2.3329600597237774,487697,19511,468186
10717,2.3327423719324436,487697,19511,468186
10718,2.3325247247620826,487697,19511,468186
10719,2.332307118201325,487697,19511,468186
10720,2.332089552238806,487697,19511,468186
10721,2.3318720268631656,487697,19511,468186
10722,2.331654542063048,487697,19511,468186
10723,2.331437097827101,487697,19511,468186
10724,2.331219694143976,487697,19511,468186
10725,2.331002331002331,487697,19511,468186
10726,2.330785008390826,487697,19511,468186
10727,2.3305677262981264,487697,19511,468186
10728,2.3303504847129006,487697,19511,468186
10729,2.330133283623823,487697,19511,468186
10730,2.3299161230195713,487697,19511,468186
10731,2.3296990028888267,487697,19511,468186
10732,2.3294819232202757,487697,19511,468186
10733,2.3292648840026087,486874,19427,467447
10734,2.32904788522452,486874,19427,467447
10735,2.328830926874709,486874,19427,467447
10736,2.328614008941878,486874,19427,467447
10737,2.328397131414734,486874,19427,467447
10738,2.328180294281989,486874,19427,467447
10739,2.327963497532359,486874,19427,467447
10740,2.3277467411545625,486874,19427,467447
10741,2.327530025137324,486717,19389,467328
10742,2.3273133494693727,486717,19389,467328
10743,2.3270967141394396,486717,19389,467328
10744,2.3268801191362622,486717,19389,467328
10745,2.3266635644485807,486717,19389,467328
10746,2.3264470500651404,486717,19389,467328
10747,2.3262305759746904,486717,19389,467328
10748,2.3260141421659846,486717,19389,467328
10749,2.3257977486277794,486717,19389,467328
10750,2.3255813953488373,486717,19389,467328
10751,2.3253650823179237,486717,19389,467328
10752,2.3251488095238093,486717,19389,467328
10753,2.3249325769552684,486717,19389,467328
10754,2.3247163846010785,486671,19392,467279
10755,2.3245002324500232,486671,19392,467279
10756,2.324284120490889,486671,19392,467279
10757,2.324068048712466,486671,19392,467279
10758,2.323852017103551,486671,19392,467279
10759,2.3236360256529416,486671,19392,467279
10760,2.323420074349442,486671,19392,467279
10761,2.3232041631818605,486671,19392,467279
10762,2.3229882921390077,486671,19392,467279
10763,2.3227724612097,486671,19392,467279
10764,2.3225566703827574,486671,19392,467279
10765,2.3223409196470044,486671,19392,467279
10766,2.322125208991269,486671,19392,467279
10767,2.321909538404384,486671,19392,467279
10768,2.321693907875186,486671,19392,467279
10769,2.3214783173925158,486671,19392,467279
10770,2.3212627669452184,486671,19392,467279
10771,2.3210472565221427,486671,19392,467279
10772,2.3208317861121426,486671,19392,467279
10773,2.320616355704075,486671,19392,467279
10774,2.3204009652868014,486671,19392,467279
10775,2.320185614849188,486671,19392,467279
10776,2.319970304380104,486671,19392,467279
10777,2.3197550338684234,486671,19392,467279
10778,2.319539803303025,486671,19392,467279
10779,2.3193246126727898,486671,19392,467279
10780,2.3191094619666046,486671,19392,467279
10781,2.3188943511733604,486671,19392,467279
10782,2.3186792802819514,486671,19392,467279
10783,2.318464249281276,486671,19392,467279
10784,2.3182492581602374,486635,19308,467327
10785,2.3180343069077423,486635,19308,467327
10786,2.3178193955127018,486491,19279,467212
10787,2.3176045239640306,486491,19279,467212
10788,2.3173896922506487,486267,19279,466988
10789,2.317174900361479,486267,19279,466988
10790,2.3169601482854496,486267,19279,466988
10791,2.316745436011491,486207,19279,466928
10792,2.3165307635285397,486124,19279,466845
10793,2.316316130825535,486124,19279,466845
10794,2.3161015378914214,486124,19279,466845
10795,2.3158869847151458,486124,19279,466845
10796,2.3156724712856613,486124,19279,466845
10797,2.3154579975919236,486124,19279,466845
10798,2.315243563622893,486124,19279,466845
10799,2.3150291693675342,486124,19279,466845
10800,2.314814814814815,486124,19279,466845
10801,2.314600499953708,486045,19137,466908
10802,2.31438622477319,486045,19137,466908
10803,2.314171989262242,486045,19137,466908
10804,2.3139577934098483,486045,19137,466908
10805,2.3137436372049978,486045,19137,466908
10806,2.3135295206366835,486045,19137,466908
10807,2.3133154436939023,486045,19137,466908
10808,2.313101406365655,486045,19137,466908
10809,2.312887408640947,486045,19137,466908
10810,2.3126734505087883,486045,19137,466908
10811,2.312459531958191,486045,19137,466908
10812,2.3122456529781723,486045,19137,466908
10813,2.3120318135577547,486045,19137,466908
10814,2.3118180136859627,486045,19137,466908
10815,2.311604253351826,486045,19137,466908
10816,2.3113905325443787,486045,19137,466908
10817,2.311176851252658,486045,19137,466908
10818,2.3109632094657053,486045,19137,466908
10819,2.310749607172567,486045,19137,466908
10820,2.310536044362292,486045,19137,466908
10821,2.310322521023935,486045,19137,466908
10822,2.310109037146553,486045,19137,466908
10823,2.3098955927192093,486045,19137,466908
10824,2.309682187730968,486045,19137,466908
10825,2.3094688221709005,486045,19137,466908
10826,2.3092554960280807,486045,19137,466908
10827,2.3090422092915857,486045,19137,466908
10828,2.308828961950499,486045,19137,466908
10829,2.308615753993905,486045,19137,466908
10830,2.308402585410896,486045,19137,466908
10831,2.308189456190564,486045,19137,466908
10832,2.3079763663220088,486045,19137,466908
10833,2.307763315794332,486045,19137,466908
10834,2.3075503045966403,486045,19137,466908
10835,2.3073373327180433,485931,19095,466836
10836,2.307124400147656,485931,19095,466836
10837,2.3069115068745965,485931,19095,466836
10838,2.3066986528879867,485931,19095,466836
10839,2.3064858381769535,485931,19095,466836
10840,2.3062730627306274,485931,19095,466836
10841,2.3060603265381423,485931,19095,466836
10842,2.3058476295886368,485931,19095,466836
10843,2.305634971871253,485931,19095,466836
10844,2.305422353375138,485931,19095,466836
10845,2.305209774089442,485931,19095,466836
10846,2.304997234003319,485931,19095,466836
10847,2.3047847331059277,485931,19095,466836
10848,2.3045722713864305,485931,19095,466836
10849,2.304359848833994,485931,19095,466836
10850,2.304147465437788,485931,19095,466836
10851,2.303935121186987,485931,19095,466836
10852,2.3037228160707706,485931,19095,466836
10853,2.3035105500783195,485931,19095,466836
10854,2.303298323198821,485931,19095,466836
10855,2.3030861354214647,485931,19095,466836
10856,2.3028739867354457,485931,19095,466836
10857,2.302661877129962,485931,19095,466836
10858,2.302449806594216,485931,19095,466836
10859,2.302237775117414,485688,19095,466593
10860,2.3020257826887662,485688,19095,466593
10861,2.3018138292974863,485688,19095,466593
10862,2.3016019149327933,485688,19095,466593
10863,2.3013900395839086,485688,19095,466593
10864,2.3011782032400587,485685,19095,466590
10865,2.300966405890474,485685,19095,466590
10866,2.300754647524388,485685,19095,466590
10867,2.3005429281310388,485685,19095,466590
10868,2.3003312476996687,485685,19095,466590
10869,2.3001196062195235,485685,19095,466590
10870,2.2999080036798527,485685,19095,466590
10871,2.2996964400699107,485685,19095,466590
10872,2.299484915378955,485685,19095,466590
10873,2.2992734295962474,484745,19134,465611
10874,2.299061982711054,484745,19134,465611
10875,2.2988505747126435,484745,19134,465611
10876,2.2986392055902907,484745,19134,465611
10877,2.298427875333272,484745,19134,465611
10878,2.2982165839308695,484608,19134,465474
10879,2.298005331372369,484608,19134,465474
10880,2.297794117647059,484608,19134,465474
10881,2.297582942744233,484608,19134,465474
10882,2.2973718066531887,484608,19134,465474
10883,2.297160709363227,484608,19134,465474
10884,2.296949650863653,484482,19134,465348
10885,2.296738631143776,484482,19134,465348
10886,2.296527650192908,484482,19134,465348
10887,2.2963167080003672,484482,19134,465348
10888,2.296105804555474,484482,19134,465348
10889,2.2958949398475528,484482,19134,465348
10890,2.295684113865932,484482,19134,465348
10891,2.2954733265999447,484482,19134,465348
10892,2.2952625780389275,484482,19134,465348
10893,2.2950518681722207,484482,19134,465348
10894,2.2948411969891684,484482,19134,465348
10895,2.2946305644791187,484482,19134,465348
10896,2.2944199706314246,484482,19134,465348
10897,2.294209415435441,484482,19134,465348
10898,2.2939988988805284,484482,19134,465348
10899,2.293788420956051,484482,19134,465348
10900,2.293577981651376,484482,19134,465348
10901,2.293367580955876,484482,19134,465348
10902,2.293157218858925,484482,19134,465348
10903,2.2929468953499037,484482,19134,465348
10904,2.292736610418195,484482,19134,465348
10905,2.2925263640531868,484482,19134,465348
10906,2.292316156244269,484482,19134,465348
10907,2.292105986980838,484482,19134,465348
10908,2.291895856252292,484482,19134,465348
10909,2.291685764048034,484482,19134,465348
10910,2.2914757103574703,484482,19134,465348
10911,2.291265695170012,484482,19134,465348
10912,2.2910557184750733,484482,19134,465348
10913,2.2908457802620728,484482,19134,465348
10914,2.2906358805204325,484409,19182,465227
10915,2.2904260192395784,484409,19182,465227
10916,2.290216196408941,484409,19182,465227
10917,2.2900064120179535,484409,19182,465227
10918,2.2897966660560543,484409,19182,465227
10919,2.2895869585126842,484409,19182,465227
10920,2.2893772893772892,484409,19182,465227
10921,2.2891676586393186,484409,19182,465227
10922,2.2889580662882256,484409,19182,465227
10923,2.288748512313467,484409,19182,465227
10924,2.288538996704504,484409,19182,465227
10925,2.288329519450801,484409,19182,465227
10926,2.2881200805418267,484409,19182,465227
10927,2.287910679967054,484409,19182,465227
10928,2.287701317715959,484409,19182,465227
10929,2.287491993778022,484409,19182,465227
10930,2.2872827081427265,484409,19182,465227
10931,2.287073460799561,484409,19182,465227
10932,2.2868642517380167,484409,19182,465227
10933,2.28665508094759,484264,19182,465082
10934,2.2864459484177795,484264,19182,465082
10935,2.286236854138089,484264,19182,465082
10936,2.286027798098025,484264,19182,465082
10937,2.285818780287099,484264,19182,465082
10938,2.2856098006948256,484264,19182,465082
10939,2.285400859310723,484264,19182,465082
10940,2.2851919561243146,484264,19182,465082
10941,2.2849830911251257,484264,19182,465082
10942,2.284774264302687,484264,19182,465082
10943,2.284565475646532,484264,19182,465082
10944,2.284356725146199,484264,19182,465082
10945,2.284148012791229,484264,19182,465082
10946,2.2839393385711677,484264,19182,465082
10947,2.283730702475564,484264,19182,465082
10948,2.2835221044939713,484264,19182,465082
10949,2.2833135446159467,484264,19182,465082
10950,2.2831050228310503,484264,19182,465082
10951,2.2828965391288465,484264,19182,465082
10952,2.2826880934989044,484264,19182,465082
10953,2.282479685930795,484264,19182,465082
10954,2.282271316414095,484040,19180,464860
10955,2.2820629849383844,484040,19180,464860
10956,2.281854691493246,484040,19180,464860
10957,2.2816464360682667,484040,19180,464860
10958,2.281438218653039,484040,19180,464860
10959,2.2812300392371565,484040,19180,464860
10960,2.281021897810219,484040,19180,464860
10961,2.2808137943618285,484040,19180,464860
10962,2.280605728881591,484040,19180,464860
10963,2.2803977013591172,484040,19180,464860
10964,2.2801897117840206,484040,19180,464860
10965,2.279981760145919,484040,19180,464860
10966,2.2797738464344337,484040,19180,464860
10967,2.27956597063919,484040,19180,464860
10968,2.2793581327498176,484040,19180,464860
10969,2.2791503327559486,484040,19180,464860
10970,2.2789425706472195,484040,19180,464860
10971,2.2787348464132715,484040,19180,464860
10972,2.2785271600437476,484040,19180,464860
10973,2.278319511528297,484040,19180,464860
10974,2.2781119008565702,484040,19180,464860
10975,2.277904328018223,484040,19180,464860
10976,2.2776967930029155,484040,19180,464860
10977,2.2774892958003097,483991,19180,464811
10978,2.277281836400073,483991,19180,464811
10979,2.2770744147918753,483991,19180,464811
10980,2.276867030965392,483991,19180,464811
10981,2.2766596849102996,483991,19180,464811
10982,2.276452376616281,483991,19180,464811
10983,2.2762451060730218,483991,19180,464811
10984,2.2760378732702113,483991,19180,464811
10985,2.275830678197542,483991,19180,464811
10986,2.2756235208447113,483875,19392,464483
10987,2.27541640120142,483593,19392,464201
10988,2.2752093192573715,483593,19392,464201
10989,2.275002275002275,483593,19392,464201
10990,2.2747952684258417,483593,19392,464201
10991,2.274588299517787,483593,19392,464201
10992,2.2743813682678313,483593,19392,464201
10993,2.2741744746656964,483593,19392,464201
10994,2.2739676187011097,483593,19392,464201
10995,2.2737608003638017,483593,19392,464201
10996,2.2735540196435067,483593,19392,464201
10997,2.2733472765299627,483593,19392,464201
10998,2.2731405710129113,483593,19392,464201
10999,2.2729339030820985,483593,19392,464201
11000,2.272727272727273,483549,19392,464157
11001,2.2725206799381876,483549,19392,464157
11002,2.2723141247045993,483549,19392,464157
11003,2.2721076070162685,483549,19392,464157
11004,2.271901126862959,483549,19392,464157
11005,2.271694684234439,483549,19392,464157
11006,2.27148827912048,483549,19392,464157
11007,2.2712819115108567,483549,19392,464157
11008,2.271075581395349,483549,19392,464157
11009,2.270869288763739,483549,19392,464157
11010,2.270663033605813,483549,19392,464157
11011,2.2704568159113614,483549,19392,464157
11012,2.270250635670178,483549,19392,464157
11013,2.2700444928720604,483549,19392,464157
11014,2.2698383875068093,483259,19392,463867
11015,2.2696323195642307,483259,19392,463867
11016,2.2694262890341323,483259,19392,463867
11017,2.269220295906327,483259,19392,463867
11018,2.2690143401706298,483259,19392,463867
11019,2.268808421816862,483259,19392,463867
11020,2.268602540834846,483259,19392,463867
11021,2.268396697214409,483259,19392,463867
11022,2.268190890945382,483259,19392,463867
11023,2.2679851220175995,483259,19392,463867
11024,2.2677793904209,483259,19392,463867
11025,2.2675736961451247,483259,19392,463867
11026,2.26736803918012,483259,19392,463867
11027,2.267162419515734,483259,19392,463867
11028,2.2669568371418207,483259,19392,463867
11029,2.2667512920482364,483259,19392,463867
11030,2.2665457842248413,483259,19392,463867
11031,2.2663403136614995,483259,19392,463867
11032,2.2661348803480785,483259,19392,463867
11033,2.2659294842744493,483259,19392,463867
11034,2.2657241254304874,483259,19392,463867
11035,2.2655188038060716,483259,19392,463867
11036,2.265313519391084,483259,19392,463867
11037,2.26510827217541,482959,19192,463767
11038,2.26490306214894,482959,19192,463767
11039,2.264697889301567,482959,19192,463767
11040,2.2644927536231885,482959,19192,463767
11041,2.2642876551037046,482959,19192,463767
11042,2.2640825937330193,482959,19192,463767
11043,2.2638775695010414,482959,19192,463767
11044,2.263672582397682,482959,19192,463767
11045,2.2634676324128566,482812,19192,463620
11046,2.263262719536484,482812,19192,463620
11047,2.2630578437584865,482812,19192,463620
11048,2.262853005068791,482812,19192,463620
11049,2.2626482034573265,482812,19192,463620
11050,2.262443438914027,482812,19192,463620
11051,2.26223871142883,482796,19192,463604
11052,2.262034020991676,482796,19192,463604
11053,2.261829367592509,482796,19192,463604
11054,2.2616247512212775,482796,19192,463604
11055,2.261420171867933,482796,19192,463604
11056,2.261215629522431,482796,19192,463604
11057,2.261011124174731,482796,19192,463604
11058,2.2608066558147946,482796,19192,463604
11059,2.260602224432589,482796,19192,463604
11060,2.2603978300180834,482796,19192,463604
11061,2.260193472561251,482479,19192,463287
11062,2.25998915205207,482479,19192,463287
11063,2.2597848684805206,482479,19192,463287
11064,2.2595806218365873,482479,19192,463287
11065,2.2593764121102575,482479,19192,463287
11066,2.2591722392915234,482479,19192,463287
11067,2.2589681033703806,482479,19192,463287
11068,2.2587640043368267,482479,19192,463287
11069,2.2585599421808653,482479,19192,463287
11070,2.2583559168925023,481922,19192,462730
11071,2.258151928461747,481922,19192,462730
11072,2.257947976878613,481922,19192,462730
11073,2.2577440621331166,481922,19192,462730
11074,2.257540184215279,481922,19192,462730
11075,2.2573363431151243,481922,19192,462730
11076,2.2571325388226797,481922,19192,462730
11077,2.256928771327977,481922,19192,462730
11078,2.256725040621051,481922,19192,462730
11079,2.25652134669194,481672,19192,462480
11080,2.256317689530686,481672,19192,462480
11081,2.256114069127335,481672,19192,462480
11082,2.2559104854719365,481672,19192,462480
11083,2.255706938554543,481673,19192,462481
11084,2.255503428365211,481673,19192,462481
11085,2.2552999548940007,481673,19192,462481
11086,2.255096518130976,481673,19192,462481
11087,2.2548931180662035,481673,19192,462481
11088,2.2546897546897546,481673,19192,462481
11089,2.2544864279917034,481571,19192,462379
11090,2.254283137962128,481571,19192,462379
11091,2.25407988459111,481571,19192,462379
11092,2.253876667868734,481571,19192,462379
11093,2.2536734877850897,481571,19192,462379
11094,2.253470344330269,481571,19192,462379
11095,2.253267237494367,481571,19192,462379
11096,2.2530641672674836,481571,19192,462379
11097,2.2528611336397226,481571,19192,462379
11098,2.2526581366011893,481524,18976,462548
11099,2.2524551761419946,481416,18976,462440
11100,2.2522522522522523,481416,18976,462440
11101,2.252049364922079,481416,18976,462440
11102,2.251846514141596,481416,18976,462440
11103,2.2516436999009275,481416,18976,462440
11104,2.2514409221902016,481416,18976,462440
11105,2.25123818099955,481135,18971,462164
11106,2.2510354763191067,480976,18971,462005
11107,2.2508328081390117,480976,18971,462005
11108,2.250630176449406,480976,18971,462005
11109,2.2504275812404355,480976,18971,462005
11110,2.25022502250225,480976,18971,462005
11111,2.2500225002250023,480976,18971,462005
11112,2.249820014398848,480976,18971,462005
11113,2.249617565013948,480976,18971,462005
11114,2.249415152060464,480976,18971,462005
11115,2.249212775528565,480976,18971,462005
11116,2.24901043540842,480976,18971,462005
11117,2.248808131690204,480976,18971,462005
11118,2.248605864364094,480976,18971,462005
11119,2.2484036334202715,480976,18971,462005
11120,2.2482014388489207,480976,18971,462005
11121,2.2479992806402302,480976,18971,462005
11122,2.2477971587843912,480927,18930,461997
11123,2.2475950732715995,480927,18930,461997
11124,2.2473930240920534,480927,18930,461997
11125,2.247191011235955,480927,18930,461997
11126,2.246989034693511,480927,18930,461997
11127,2.2467870944549295,480927,18930,461997
11128,2.246585190510424,480927,18930,461997
11129,2.2463833228502113,480927,18930,461997
11130,2.2461814914645104,480927,18930,461997
11131,2.245979696343545,480927,18930,461997
11132,2.245777937477542,480927,18930,461997
11133,2.245576214856732,480927,18930,461997
11134,2.245374528471349,480927,18930,461997
11135,2.24517287831163,480927,18930,461997
11136,2.244971264367816,480927,18930,461997
11137,2.2447696866301516,480927,18930,461997
11138,2.244568145088885,480927,18930,461997
11139,2.244366639734267,480927,18930,461997
11140,2.244165170556553,480927,18930,461997
11141,2.243963737546001,480927,18930,461997
11142,2.2437623406928737,480927,18930,461997
11143,2.243560979987436,480927,18930,461997
11144,2.243359655419957,480831,19116,461715
11145,2.2431583669807087,480831,19116,461715
11146,2.242957114659968,480831,19116,461715
11147,2.2427558984480127,480831,19116,461715
11148,2.2425547183351275,480831,19116,461715
11149,2.2423535743115974,480831,19116,461715
11150,2.242152466367713,480831,19116,461715
11151,2.2419513944937672,480831,19116,461715
11152,2.2417503586800573,480831,19116,461715
11153,2.2415493589168833,480831,19116,461715
11154,2.241348395194549,480831,19116,461715
11155,2.2411474675033616,480831,19116,461715
11156,2.240946575833632,480831,19116,461715
11157,2.2407457201756746,480831,19116,461715
11158,2.2405449005198066,480831,19116,461715
11159,2.240344116856349,480831,19116,461715
11160,2.240143369175627,480831,19116,461715
11161,2.2399426574679686,480831,19116,461715
11162,2.2397419817237054,480831,19116,461715
11163,2.239541341933172,480831,19116,461715
11164,2.239340738086707,480831,19116,461715
11165,2.239140170174653,480831,19116,461715
11166,2.2389396381873543,480831,19116,461715
11167,2.238739142115161,480831,19116,461715
11168,2.238538681948424,480831,19116,461715
11169,2.2383382576775004,480831,19116,461715
11170,2.2381378692927485,480831,19116,461715
11171,2.2379375167845312,480831,19116,461715
11172,2.237737200143215,480831,19116,461715
11173,2.237536919359169,480831,19116,461715
11174,2.237336674422767,480831,19116,461715
11175,2.237136465324385,480831,19116,461715
11176,2.2369362920544025,480831,19116,461715
11177,2.236736154603203,480831,19116,461715
11178,2.2365360529611737,480831,19116,461715
11179,2.2363359871187045,480831,19116,461715
11180,2.23613595706619,480831,19116,461715
11181,2.2359359627940254,480831,19116,461715
11182,2.235736004292613,480831,19116,461715
11183,2.235536081552356,480490,19116,461374
11184,2.2353361945636623,480490,19116,461374
11185,2.235136343316942,480490,19116,461374
11186,2.2349365278026103,480403,19116,461287
11187,2.2347367480110845,480403,19116,461287
11188,2.234537003932785,480403,19116,461287
11189,2.2343372955581375,480403,19116,461287
11190,2.234137622877569,480403,19116,461287
11191,2.233937985881512,480403,19116,461287
11192,2.2337383845604,480403,19116,461287
11193,2.2335388189046728,480403,19116,461287
11194,2.2333392889047703,480403,19116,461287
11195,2.233139794551139,480403,19116,461287
11196,2.2329403358342264,480403,19116,461287
11197,2.232740912744485,480403,19116,461287
11198,2.23254152527237,480403,19116,461287
11199,2.23234217340834,480403,19116,461287
11200,2.232142857142857,480403,19116,461287
11201,2.231943576466387,480403,19116,461287
11202,2.2317443313693985,480403,19116,461287
11203,2.231545121842364,480403,19116,461287
11204,2.2313459478757585,480403,19116,461287
11205,2.2311468094600624,480403,19116,461287
11206,2.2309477065857575,480403,19116,461287
11207,2.23074863924333,480403,19116,461287
11208,2.230549607423269,480403,19116,461287
11209,2.2303506111160676,480403,19116,461287
11210,2.230151650312221,480403,19116,461287
11211,2.2299527250022297,480403,19116,461287
11212,2.2297538351765964,480403,19116,461287
11213,2.229554980825827,480403,19116,461287
11214,2.2293561619404314,480275,19121,461154
11215,2.229157378510923,480275,19121,461154
11216,2.2289586305278175,480275,19121,461154
11217,2.228759917981635,479987,19121,460866
11218,2.228561240862899,479987,19121,460866
11219,2.2283625991621356,479987,19121,460866
11220,2.228163992869875,479987,19121,460866
11221,2.2279654219766507,479987,19121,460866
11222,2.2277668864729994,479987,19121,460866
11223,2.227568386349461,479987,19121,460866
11224,2.2273699215965785,479987,19121,460866
11225,2.2271714922048997,479987,19121,460866
11226,2.226973098164974,479987,19121,460866
11227,2.2267747394673556,479987,19121,460866
11228,2.2265764161026005,479987,19121,460866
11229,2.22637812806127,479987,19121,460866
11230,2.226179875333927,479987,19121,460866
11231,2.225981657911139,479987,19121,460866
11232,2.2257834757834756,479934,19121,460813
11233,2.2255853289415115,479934,19121,460813
11234,2.2253872173758236,479934,19121,460813
11235,2.2251891410769917,479934,19121,460813
11236,2.2249911000356,479934,19121,460813
11237,2.2247930942422354,479934,19121,460813
11238,2.224595123687489,479934,19121,460813
11239,2.2243971883619538,479934,19121,460813
11240,2.224199288256228,479934,19121,460813
11241,2.224001423360911,479934,19121,460813
11242,2.223803593666607,479934,19121,460813
11243,2.2236057991639244,479934,19121,460813
11244,2.223408039843472,479934,19121,460813
11245,2.223210315695865,479934,19121,460813
11246,2.2230126267117196,479934,19121,460813
11247,2.2228149728816575,479056,18936,460120
11248,2.2226173541963017,479056,18936,460120
11249,2.2224197706462796,479056,18936,460120
11250,2.2222222222222223,479056,18936,460120
11251,2.222024708914763,479056,18936,460120
11252,2.2218272307145397,479056,18936,460120
11253,2.2216297876121924,479056,18936,460120
11254,2.221432379598365,479056,18936,460120
11255,2.221235006663705,479056,18936,460120
11256,2.221037668798863,479056,18936,460120
11257,2.2208403659944924,479056,18936,460120
11258,2.2206430982412506,479056,18936,460120
11259,2.2204458655297983,479056,18936,460120
11260,2.2202486678507993,479056,18936,460120
11261,2.2200515051949203,478483,18934,459549
11262,2.2198543775528323,478483,18934,459549
11263,2.219657284915209,478483,18934,459549
11264,2.219460227272727,478483,18934,459549
11265,2.2192632046160674,478483,18934,459549
11266,2.2190662169359134,478483,18934,459549
11267,2.218869264222952,478483,18934,459549
11268,2.2186723464678737,478483,18934,459549
11269,2.2184754636613717,478483,18934,459549
11270,2.218278615794144,478483,18934,459549
11271,2.218081802856889,478483,18934,459549
11272,2.2178850248403124,478483,18934,459549
11273,2.217688281735119,478483,18934,459549
11274,2.2174915735320204,478483,18934,459549
11275,2.2172949002217295,478483,18934,459549
11276,2.2170982617949626,478483,18934,459549
11277,2.2169016582424406,478483,18934,459549
11278,2.2167050895548854,478483,18934,459549
11279,2.216508555723025,478483,18934,459549
11280,2.2163120567375887,478483,18934,459549
11281,2.2161155925893095,478483,18934,459549
11282,2.215919163268924,478483,18934,459549
11283,2.2157227687671717,478483,18934,459549
11284,2.2155264090747964,478483,18934,459549
11285,2.2153300841825434,478483,18934,459549
11286,2.2151337940811624,478483,18934,459549
11287,2.214937538761407,478483,18934,459549
11288,2.2147413182140325,478483,18934,459549
11289,2.214545132429799,478483,18934,459549
11290,2.2143489813994686,478483,18934,459549
11291,2.2141528651138076,478483,18934,459549
11292,2.2139567835635847,478483,18934,459549
11293,2.213760736739573,478483,18934,459549
11294,2.213564724632548,478483,18934,459549
11295,2.213368747233289,478483,18934,459549
11296,2.213172804532578,478483,18934,459549
11297,2.2129768965212,478483,18934,459549
11298,2.212781023189945,478483,18934,459549
11299,2.2125851845296043,478483,18934,459549
11300,2.2123893805309733,478483,18934,459549
11301,2.212193611184851,478483,18934,459549
11302,2.2119978764820387,478483,18934,459549
11303,2.2118021764133418,478483,18934,459549
11304,2.211606510969568,478483,18934,459549
11305,2.21141088014153,478483,18934,459549
11306,2.2112152839200423,478316,18934,459382
11307,2.211019722295923,478316,18934,459382
11308,2.2108241952599927,478316,18934,459382
11309,2.2106287028030773,478316,18934,459382
11310,2.2104332449160036,478316,18934,459382
11311,2.2102378215896032,478316,18934,459382
11312,2.21004243281471,478316,18934,459382
11313,2.209847078582162,478316,18934,459382
11314,2.2096517588828,478316,18934,459382
11315,2.209456473707468,478316,18934,459382
11316,2.209261223047013,477994,18997,458997
11317,2.209066006892286,477994,18997,458997
11318,2.2088708252341402,477994,18997,458997
11319,2.2086756780634333,477994,18997,458997
11320,2.208480565371025,476570,18997,457573
11321,2.2082854871477786,476570,18997,457573
11322,2.208090443384561,476570,18997,457573
11323,2.2078954340722423,476570,18997,457573
11324,2.2077004592016953,476570,18997,457573
11325,2.207505518763797,476570,18997,457573
11326,2.207310612749426,476570,18997,457573
11327,2.2071157411494657,476570,18997,457573
11328,2.2069209039548023,476570,18997,457573
11329,2.2067261011563244,476570,18997,457573
11330,2.206531332744925,476570,18997,457573
11331,2.2063365987114993,476570,18997,457573
11332,2.206141899046947,476570,18997,457573
11333,2.205947233742169,476570,18997,457573
11334,2.2057526027880714,476570,18997,457573
11335,2.2055580061755626,476570,18997,457573
11336,2.205363443895554,476570,18997,457573
11337,2.205168915938961,476570,18997,457573
11338,2.204974422296701,476570,18997,457573
11339,2.2047799629596967,476570,18997,457573
11340,2.2045855379188715,476570,18997,457573
11341,2.204391147165153,476570,18997,457573
11342,2.2041967906894726,476570,18997,457573
11343,2.2040024684827646,476570,18997,457573
11344,2.203808180535966,475988,18897,457091
11345,2.2036139268400174,475407,18906,456501
11346,2.203419707385863,475407,18906,456501
11347,2.203225522164449,475407,18906,456501
11348,2.2030313711667255,475407,18906,456501
11349,2.2028372543836463,475407,18906,456501
11350,2.202643171806167,475407,18906,456501
11351,2.202449123425249,475055,18906,456149
11352,2.2022551092318534,475055,18906,456149
11353,2.202061129216947,475055,18906,456149
11354,2.201867183371499,475055,18906,456149
11355,2.2016732716864817,475055,18906,456149
11356,2.2014793941528707,475055,18906,456149
11357,2.2012855507616447,475055,18906,456149
11358,2.201091741503786,474994,18929,456065
11359,2.2008979663702792,474994,18929,456065
11360,2.2007042253521125,474994,18929,456065
11361,2.2005105184402782,474994,18929,456065
11362,2.2003168456257702,474994,18929,456065
11363,2.2001232068995864,474994,18929,456065
11364,2.1999296022527277,474994,18929,456065
11365,2.1997360316761987,474994,18929,456065
11366,2.1995424951610065,474994,18929,456065
11367,2.1993489926981615,474994,18929,456065
11368,2.199155524278677,474994,18929,456065
11369,2.1989620898935702,474994,18929,456065
11370,2.198768689533861,474994,18929,456065
11371,2.1985753231905725,474994,18929,456065
11372,2.198381990854731,474947,18929,456018
11373,2.1981886925173657,474947,18929,456018
11374,2.1979954281695093,474947,18929,456018
11375,2.197802197802198,474947,18929,456018
11376,2.19760900140647,474947,18929,456018
11377,2.197415838973367,474947,18929,456018
11378,2.1972227104939357,474947,18929,456018
11379,2.1970296159592233,474947,18929,456018
11380,2.196836555360281,474778,18929,455849
11381,2.1966435286881647,474778,18929,455849
11382,2.1964505359339306,474778,18929,455849
11383,2.196257577088641,474778,18929,455849
11384,2.196064652143359,474778,18929,455849
11385,2.1958717610891525,474778,18929,455849
11386,2.195678903917091,474778,18929,455849
11387,2.195486080618249,474778,18929,455849
11388,2.195293291183702,474778,18929,455849
11389,2.1951005356045306,474778,18929,455849
11390,2.194907813871817,474778,18929,455849
11391,2.194715125976648,474778,18929,455849
11392,2.1945224719101124,472541,19119,453422
11393,2.194329851663302,472541,19119,453422
11394,2.1941372652273126,472541,19119,453422
11395,2.1939447125932428,472541,19119,453422
11396,2.1937521937521938,472541,19119,453422
11397,2.1935597086952705,472541,19119,453422
11398,2.1933672574135814,472541,19119,453422
11399,2.1931748398982367,472541,19119,453422
11400,2.192982456140351,472541,19119,453422
11401,2.1927901061310413,472541,19119,453422
11402,2.192597789861428,472541,19119,453422
11403,2.1924055073226345,472541,19119,453422
11404,2.1922132585057876,472541,19119,453422
11405,2.1920210434020166,472541,19119,453422
11406,2.191828862002455,472541,19119,453422
11407,2.191636714298238,472541,19119,453422
11408,2.191444600280505,471088,19119,451969
11409,2.191252519940398,471088,19119,451969
11410,2.1910604732690624,471088,19119,451969
11411,2.1908684602576463,471088,19119,451969
11412,2.190676480897301,471088,19119,451969
11413,2.1904845351791815,471088,19119,451969
11414,2.1902926230944453,471088,19119,451969
11415,2.190100744634253,471088,19119,451969
11416,2.189908899789769,471088,19119,451969
11417,2.189717088552159,471088,19119,451969
11418,2.189525310912594,471088,19119,451969
11419,2.1893335668622473,471088,19119,451969
11420,2.189141856392294,471088,19119,451969
11421,2.1889501794939146,471088,19119,451969
11422,2.188758536158291,471088,19119,451969
11423,2.1885669263766085,471088,19119,451969
11424,2.1883753501400562,471088,19119,451969
11425,2.1881838074398248,471088,19119,451969
11426,2.18799229826711,471088,19119,451969
11427,2.1878008226131094,471088,19119,451969
11428,2.1876093804690235,471088,19119,451969
11429,2.1874179718260565,471088,19119,451969
11430,2.1872265966754156,471088,19119,451969
11431,2.1870352550083108,471088,19119,451969
11432,2.186843946815955,471088,19119,451969
11433,2.1866526720895654,471088,19119,451969
11434,2.1864614308203603,471088,19119,451969
11435,2.1862702229995628,471088,19119,451969
11436,2.186079048618398,471088,19119,451969
11437,2.1858879076680946,471019,19291,451728
11438,2.1856968001398847,471019,19291,451728
11439,2.1855057260250024,471019,19291,451728
11440,2.1853146853146854,471019,19291,451728
11441,2.1851236780001746,471019,19291,451728
11442,2.1849327040727147,471019,19291,451728
11443,2.1847417635235513,471019,19291,451728
11444,2.1845508563439355,471019,19291,451728
11445,2.18435998252512,471019,19291,451728
11446,2.184169142058361,470837,19291,451546
11447,2.1839783349349173,470837,19291,451546
11448,2.1837875611460515,470837,19291,451546
11449,2.183596820683029,470837,19291,451546
11450,2.183406113537118,470837,19291,451546
11451,2.1832154396995898,470837,19291,451546
11452,2.1830247991617187,470837,19291,451546
11453,2.182834191914782,470837,19291,451546
11454,2.182643617950061,470723,19291,451432
11455,2.182453077258839,470723,19291,451432
11456,2.1822625698324023,470691,19147,451544
11457,2.1820720956620407,470691,19147,451544
11458,2.181881654739047,470691,19147,451544
11459,2.181691247054717,470691,19147,451544
11460,2.181500872600349,470691,19147,451544
11461,2.1813105313672456,470691,19147,451544
11462,2.181120223346711,470691,19147,451544
11463,2.180929948530053,470691,19147,451544
11464,2.180739706908583,470691,19147,451544
11465,2.1805494984736153,470691,19147,451544
11466,2.180359323216466,470691,19147,451544
11467,2.1801691811284556,470691,19147,451544
11468,2.179979072200907,470691,19147,451544
11469,2.1797889964251462,470691,19147,451544
11470,2.1795989537925022,470691,19147,451544
11471,2.179408944294307,470691,19147,451544
11472,2.179218967921897,470691,19147,451544
11473,2.1790290246666086,470691,19147,451544
11474,2.178839114519784,470691,19147,451544
11475,2.178649237472767,470691,19147,451544
11476,2.178459393516905,470691,19147,451544
11477,2.178269582643548,470691,19147,451544
11478,2.1780798048440495,470691,19147,451544
11479,2.1778900601097657,470452,19060,451392
11480,2.177700348432056,470452,19060,451392
11481,2.177510669802282,470452,19060,451392
11482,2.17732102421181,470425,19060,451365
11483,2.1771314116520073,470425,19060,451365
11484,2.1769418321142457,470425,19060,451365
11485,2.1767522855898997,470425,19060,451365
11486,2.1765627720703464,470425,19060,451365
11487,2.176373291546966,470226,19060,451166
11488,2.176183844011142,470226,19060,451166
11489,2.175994429454261,470226,19060,451166
11490,2.175805047867711,470226,19060,451166
11491,2.175615699242886,470226,19060,451166
11492,2.17542638357118,470226,19060,451166
11493,2.175237100843992,470226,19060,451166
11494,2.175047851052723,470226,19060,451166
11495,2.174858634188778,470226,19060,451166
11496,2.174669450243563,470226,19060,451166
11497,2.174480299208489,470226,19060,451166
11498,2.1742911810749694,470226,19060,451166
11499,2.1741020958344204,470226,19060,451166
11500,2.1739130434782608,470226,19060,451166
11501,2.1737240239979134,470226,19060,451166
11502,2.1735350373848026,470226,19060,451166
11503,2.1733460836303573,470226,19060,451166
11504,2.1731571627260085,470226,19060,451166
11505,2.17296827466319,470226,19060,451166
11506,2.172779419433339,470226,19060,451166
11507,2.172590597027896,470226,19060,451166
11508,2.1724018074383036,470226,19060,451166
11509,2.1722130506560084,470226,19060,451166
11510,2.172024326672459,470226,19060,451166
11511,2.171835635479107,470226,19060,451166
11512,2.171646977067408,470226,19060,451166
11513,2.1714583514288197,470226,19060,451166
11514,2.1712697585548026,470226,19060,451166
11515,2.1710811984368217,469769,19037,450732
11516,2.1708926710663423,469769,19037,450732
11517,2.1707041764348354,469769,19037,450732
11518,2.170515714533773,469769,19037,450732
11519,2.1703272853546314,469769,19037,450732
11520,2.170138888888889,469769,19037,450732
11521,2.169950525128027,469769,19037,450732
11522,2.1697621940635305,469769,19037,450732
11523,2.169573895686887,469769,19037,450732
11524,2.169385629989587,469769,19037,450732
11525,2.1691973969631237,469769,19037,450732
11526,2.1690091965989935,469769,19037,450732
11527,2.168821028888696,469769,19037,450732
11528,2.1686328938237334,469769,19037,450732
11529,2.168444791395611,469769,19037,450732
11530,2.168256721595837,469769,19037,450732
11531,2.1680686844159225,469769,19037,450732
11532,2.1678806798473813,469769,19037,450732
11533,2.1676927078817307,469769,19037,450732
11534,2.167504768510491,469769,19037,450732
11535,2.167316861725184,469769,19037,450732
11536,2.167128987517337,469769,19037,450732
11537,2.1669411458784777,469769,19037,450732
11538,2.166753336800139,469769,19037,450732
11539,2.166565560273854,469769,19037,450732
11540,2.166377816291161,469769,19037,450732
11541,2.166190104843601,469769,19037,450732
11542,2.166002425922717,469769,19037,450732
11543,2.1658147795200553,469769,19037,450732
11544,2.1656271656271655,469769,19037,450732
11545,2.1654395842356,469769,19037,450732
11546,2.165252035336913,469769,19037,450732
11547,2.165064518922664,469769,19037,450732
11548,2.164877034984413,469769,19037,450732
11549,2.164689583513724,469769,19037,450732
11550,2.1645021645021645,469769,19037,450732
11551,2.164314777941304,469769,19037,450732
11552,2.164127423822715,469769,19037,450732
11553,2.163940102137973,469769,19037,450732
11554,2.163752812878657,469743,19037,450706
11555,2.163565556036348,469743,19037,450706
11556,2.1633783316026305,469743,19037,450706
11557,2.163191139569092,469743,19037,450706
11558,2.163003979927323,469743,19037,450706
11559,2.162816852668916,469743,19037,450706
11560,2.162629757785467,469743,19037,450706
11561,2.1624426952685756,469743,19037,450706
11562,2.162255665109843,469743,19037,450706
11563,2.1620686673008733,469743,19037,450706
11564,2.1618817018332757,469743,19037,450706
11565,2.1616947686986596,469743,19037,450706
11566,2.161507867888639,469743,19037,450706
11567,2.16132099939483,469743,19037,450706
11568,2.161134163208852,469743,19037,450706
11569,2.1609473593223267,469743,19037,450706
11570,2.16076058772688,469743,19037,450706
11571,2.160573848414139,469743,19037,450706
11572,2.1603871413757347,469538,19037,450501
11573,2.160200466603301,469538,19037,450501
11574,2.160013824088474,469538,19037,450501
11575,2.159827213822894,469538,19037,450501
11576,2.159640635798203,469538,19037,450501
11577,2.1594540900060464,469538,19037,450501
11578,2.159267576438072,469538,19037,450501
11579,2.1590810950859316,469538,19037,450501
11580,2.158894645941278,469538,19037,450501
11581,2.158708228995769,469538,19037,450501
11582,2.1585218442410636,469538,19037,450501
11583,2.158335491668825,469538,19037,450501
11584,2.1581491712707184,469538,19037,450501
11585,2.1579628830384117,469538,19037,450501
11586,2.1577766269635767,469383,18937,450446
11587,2.1575904030378874,469383,18937,450446
11588,2.1574042112530205,469383,18937,450446
11589,2.1572180516006556,469338,18937,450401
11590,2.1570319240724762,469338,18937,450401
11591,2.1568458286601673,469338,18937,450401
11592,2.1566597653554176,469338,18937,450401
11593,2.1564737341499183,469338,18937,450401
11594,2.156287735035363,469338,18937,450401
11595,2.1561017680034498,469338,18937,450401
11596,2.155915833045878,469338,18937,450401
11597,2.1557299301543504,469338,18937,450401
11598,2.1555440593205724,469338,18937,450401
11599,2.155358220536253,469338,18937,450401
11600,2.1551724137931036,469338,18937,450401
11601,2.154986639082838,469338,18937,450401
11602,2.1548008963971728,469338,18937,450401
11603,2.154615185727829,469266,18914,450352
11604,2.1544295070665287,469266,18914,450352
11605,2.154243860404998,469266,18914,450352
11606,2.154058245734965,469266,18914,450352
11607,2.1538726630481606,469266,18914,450352
11608,2.15368711233632,469266,18914,450352
11609,2.153501593591179,469266,18914,450352
11610,2.153316106804479,469266,18914,450352
11611,2.1531306519679614,469266,18914,450352
11612,2.152945229073372,468082,18914,449168
11613,2.15275983811246,468082,18914,449168
11614,2.152574479076976,468082,18914,449168
11615,2.152389151958674,468082,18914,449168
11616,2.152203856749311,468082,18914,449168
11617,2.1520185934406473,468082,18914,449168
11618,2.151833362024445,468082,18914,449168
11619,2.151648162492469,468082,18914,449168
11620,2.1514629948364887,466350,18914,447436
11621,2.1512778590482746,466350,18914,447436
11622,2.151092755119601,466350,18914,447436
11623,2.150907683042244,466350,18914,447436
11624,2.1507226428079833,466350,18914,447436
11625,2.150537634408602,466350,18914,447436
11626,2.150352657835885,466350,18914,447436
11627,2.1501677130816206,466350,18914,447436
11628,2.149982800137599,466350,18914,447436
11629,2.1497979189956142,466350,18914,447436
11630,2.1496130696474633,466350,18914,447436
11631,2.1494282520849453,466350,18914,447436
11632,2.1492434662998625,466350,18914,447436
11633,2.1490587122840195,466350,18914,447436
11634,2.148873990029225,466350,18914,447436
11635,2.1486892995272884,465404,18948,446456
11636,2.148504640770024,465404,18948,446456
11637,2.148320013749248,464379,18684,445695
11638,2.1481354184567794,464379,18684,445695
11639,2.1479508548844404,464379,18684,445695
11640,2.147766323024055,464379,18684,445695
11641,2.1475818228674513,464379,18684,445695
11642,2.1473973544064595,464379,18684,445695
11643,2.1472129176329124,464379,18684,445695
11644,2.1470285125386463,464379,18684,445695
11645,2.1468441391155,464379,18684,445695
11646,2.146659797355315,464379,18684,445695
11647,2.1464754872499356,464379,18684,445695
11648,2.146291208791209,464379,18684,445695
11649,2.1461069619709847,464379,18684,445695
11650,2.1459227467811157,464379,18684,445695
11651,2.1457385632134582,464379,18684,445695
11652,2.1455544112598695,464379,18684,445695
11653,2.1453702909122114,463758,18599,445159
11654,2.1451862021623476,463758,18599,445159
11655,2.145002145002145,463758,18599,445159
11656,2.144818119423473,463758,18599,445159
11657,2.1446341254182038,463758,18599,445159
11658,2.1444501629782122,463758,18599,445159
11659,2.144266232095377,463758,18599,445159
11660,2.144082332761578,463758,18599,445159
11661,2.143898464968699,463758,18599,445159
11662,2.143714628708626,463758,18599,445159
11663,2.143530823973249,463758,18599,445159
11664,2.1433470507544583,463758,18599,445159
11665,2.1431633090441493,463758,18599,445159
11666,2.142979598834219,463512,18599,444913
11667,2.1427959201165683,463512,18599,444913
11668,2.142612272883099,463512,18599,444913
11669,2.1424286571257176,463512,18599,444913
11670,2.1422450728363325,463512,18599,444913
11671,2.1420615200068545,463512,18599,444913
11672,2.141877998629198,463145,18668,444477
11673,2.14169450869528,463145,18668,444477
11674,2.141511050197019,463145,18668,444477
11675,2.1413276231263385,463145,18668,444477
11676,2.141144227475163,462221,18668,443553
11677,2.1409608632354202,462221,18668,443553
11678,2.140777530399041,462221,18668,443553
11679,2.140594228957959,462221,18668,443553
11680,2.1404109589041096,462221,18668,443553
11681,2.1402277202294324,462221,18668,443553
11682,2.140044512925869,462221,18668,443553
11683,2.1398613369853634,462221,18668,443553
11684,2.139678192399863,462221,18668,443553
11685,2.139495079161318,462221,18668,443553
11686,2.1393119972616805,462221,18668,443553
11687,2.1391289466929067,462221,18668,443553
11688,2.138945927446954,462221,18668,443553
11689,2.138762939515784,462221,18668,443553
11690,2.1385799828913603,462221,18668,443553
11691,2.1383970575656486,462221,18668,443553
11692,2.1382141635306193,462221,18668,443553
11693,2.1380313007782434,462221,18668,443553
11694,2.1378484693004958,462221,18668,443553
11695,2.1376656690893543,462221,18668,443553
11696,2.1374829001367988,461964,18680,443284
11697,2.1373001624348125,461964,18680,443284
11698,2.1371174559753805,461964,18680,443284
11699,2.1369347807504915,461964,18680,443284
11700,2.1367521367521367,461481,18706,442775
11701,2.13656952397231,458889,18706,440183
11702,2.136386942403008,458889,18706,440183
11703,2.13620439203623,458889,18706,440183
11704,2.136021872863978,458889,18706,440183
11705,2.135839384878257,458889,18706,440183
11706,2.1356569280710747,458889,18706,440183
11707,2.135474502434441,458889,18706,440183
11708,2.135292107960369,458864,18706,440158
11709,2.1351097446408747,458864,18706,440158
11710,2.134927412467976,458864,18706,440158
11711,2.134745111433695,458864,18706,440158
11712,2.134562841530055,458864,18706,440158
11713,2.1343806027490824,458864,18706,440158
11714,2.134198395082807,458864,18706,440158
11715,2.1340162185232607,458864,18706,440158
11716,2.1338340730624785,458864,18706,440158
11717,2.1336519586924982,458864,18706,440158
11718,2.133469875405359,458864,18706,440158
11719,2.1332878231931054,458864,18706,440158
11720,2.1331058020477816,458864,18706,440158
11721,2.1329238119614367,458864,18706,440158
11722,2.132741852926122,458864,18706,440158
11723,2.1325599249338905,458864,18706,440158
11724,2.1323780279767997,458864,18706,440158
11725,2.1321961620469083,458864,18706,440158
11726,2.1320143271362784,458864,18706,440158
11727,2.1318325232369744,458864,18706,440158
11728,2.131650750341064,458864,18706,440158
11729,2.131469008440617,458864,18706,440158
11730,2.131287297527707,458864,18706,440158
11731,2.131105617594408,458864,18706,440158
11732,2.130923968632799,458864,18706,440158
11733,2.130742350634961,458864,18706,440158
11734,2.1305607635929777,458864,18706,440158
11735,2.130379207498935,458864,18706,440158
11736,2.130197682344922,458864,18706,440158
11737,2.13001618812303,458864,18706,440158
11738,2.1298347248253537,458864,18706,440158
11739,2.12965329244399,458864,18706,440158
11740,2.1294718909710393,458864,18706,440158
11741,2.129290520398603,458864,18706,440158
11742,2.129109180718787,458864,18706,440158
11743,2.128927871923699,458864,18706,440158
11744,2.1287465940054497,458864,18706,440158
11745,2.1285653469561514,458864,18706,440158
11746,2.128384130767921,458864,18706,440158
11747,2.1282029454328764,458864,18706,440158
11748,2.1280217909431394,458864,18706,440158
11749,2.127840667290833,458864,18706,440158
11750,2.127659574468085,458864,18706,440158
11751,2.127478512467024,458864,18706,440158
11752,2.1272974812797822,458006,18706,439300
11753,2.127116480898494,458006,18706,439300
11754,2.126935511315297,458006,18706,439300
11755,2.126754572522331,458006,18706,439300
11756,2.1265736645117386,458006,18706,439300
11757,2.1263927872756656,458008,18724,439284
11758,2.1262119408062596,458008,18724,439284
11759,2.1260311250956714,458008,18724,439284
11760,2.1258503401360542,458008,18724,439284
11761,2.1256695859195647,458008,18724,439284
11762,2.125488862438361,458008,18724,439284
11763,2.125308169684604,458008,18724,439284
11764,2.125127507650459,458008,18724,439284
11765,2.124946876328092,458008,18724,439284
11766,2.124766275709672,458008,18724,439284
11767,2.1245857057873714,458008,18724,439284
11768,2.124405166553365,458008,18724,439284
11769,2.12422465799983,458008,18724,439284
11770,2.1240441801189465,458008,18724,439284
11771,2.123863732902897,458008,18724,439284
11772,2.123683316343867,458008,18724,439284
11773,2.123502930434044,457345,18724,438621
11774,2.123322575165619,457345,18724,438621
11775,2.1231422505307855,457345,18724,438621
11776,2.1229619565217392,457345,18724,438621
11777,2.1227816931306784,457345,18724,438621
11778,2.122601460349805,457345,18724,438621
11779,2.1224212581713218,457345,18724,438621
11780,2.122241086587436,457345,18724,438621
11781,2.1220609455903574,457345,18724,438621
11782,2.1218808351722966,457345,18724,438621
11783,2.121700755325469,457345,18724,438621
11784,2.121520706042091,457345,18724,438621
11785,2.1213406873143827,457345,18724,438621
11786,2.1211606991345664,457345,18724,438621
11787,2.120980741494867,457260,18724,438536
11788,2.1208008143875126,457260,18724,438536
11789,2.1206209178047333,457260,18724,438536
11790,2.1204410517387617,457260,18724,438536
11791,2.1202612161818335,457260,18724,438536
11792,2.120081411126187,457104,18724,438380
11793,2.1199016365640633,457104,18724,438380
11794,2.1197218924877057,456995,18724,438271
11795,2.11954217888936,456995,18724,438271
11796,2.119362495761275,456995,18724,438271
11797,2.1191828430957025,456995,18724,438271
11798,2.119003220884896,456995,18724,438271
11799,2.118823629121112,456995,18724,438271
11800,2.1186440677966103,456995,18724,438271
11801,2.118464536903652,456995,18724,438271
11802,2.1182850364345027,456995,18724,438271
11803,2.1181055663814283,456995,18724,438271
11804,2.1179261267366996,456995,18724,438271
11805,2.117746717492588,456995,18724,438271
11806,2.117567338641369,456995,18724,438271
11807,2.11738799017532,456995,18724,438271
11808,2.1172086720867207,456995,18724,438271
11809,2.117029384367855,456995,18724,438271
11810,2.116850127011008,456995,18724,438271
11811,2.1166709000084665,456563,18724,437839
11812,2.116491703352523,456563,18724,437839
11813,2.116312537035469,456563,18724,437839
11814,2.116133401049602,456563,18724,437839
11815,2.1159542953872195,456563,18724,437839
11816,2.115775220040623,456563,18724,437839
11817,2.1155961750021155,456563,18724,437839
11818,2.115417160264004,456563,18724,437839
11819,2.115238175818597,456563,18724,437839
11820,2.1150592216582065,456563,18724,437839
11821,2.1148802977751457,456563,18724,437839
11822,2.1147014041617322,456563,18724,437839
11823,2.114522540810285,456563,18724,437839
11824,2.1143437077131257,456563,18724,437839
11825,2.1141649048625792,456563,18724,437839
11826,2.1139861322509725,456563,18724,437839
11827,2.113807389870635,456563,18724,437839
11828,2.113628677713899,456563,18724,437839
11829,2.1134499957731,456563,18724,437839
11830,2.113271344040575,456563,18724,437839
11831,2.1130927225086635,456563,18724,437839
11832,2.1129141311697093,456563,18724,437839
11833,2.112735570016057,456367,18553,437814
11834,2.112557039040054,456367,18553,437814
11835,2.1123785382340516,456367,18553,437814
11836,2.1122000675904022,456367,18553,437814
11837,2.1120216271014614,456367,18553,437814
11838,2.111843216759588,456367,18553,437814
11839,2.1116648365571415,456367,18553,437814
11840,2.1114864864864864,456367,18553,437814
11841,2.111308166539988,456367,18553,437814
11842,2.1111298767100153,456367,18553,437814
11843,2.1109516169889386,456367,18553,437814
11844,2.110773387369132,456367,18553,437814
11845,2.110595187842972,456367,18553,437814
11846,2.1104170184028366,456367,18553,437814
11847,2.1102388790411073,456367,18553,437814
11848,2.1100607697501688,456367,18553,437814
11849,2.109882690522407,456367,18553,437814
11850,2.109704641350211,456367,18553,437814
11851,2.1095266222259723,456367,18553,437814
11852,2.1093486331420856,456367,18553,437814
11853,2.1091706740909473,456367,18553,437814
11854,2.108992745064957,456367,18553,437814
11855,2.108814846056516,456367,18553,437814
11856,2.1086369770580298,456367,18553,437814
11857,2.1084591380619044,456367,18553,437814
11858,2.1082813290605498,456367,18553,437814
11859,2.108103550046378,456367,18553,437814
11860,2.1079258010118043,456367,18553,437814
11861,2.1077480819492456,456367,18553,437814
11862,2.1075703928511214,456367,18553,437814
11863,2.107392733709854,456367,18553,437814
11864,2.107215104517869,456367,18553,437814
11865,2.1070375052675936,456367,18553,437814
11866,2.106859935951458,456367,18553,437814
11867,2.106682396561894,456367,18553,437814
11868,2.106504887091338,456367,18553,437814
11869,2.106327407532227,455928,18553,437375
11870,2.1061499578770007,455928,18553,437375
11871,2.105972538118103,455896,18553,437343
11872,2.1057951482479784,455896,18553,437343
11873,2.1056177882590754,455896,18553,437343
11874,2.1054404581438435,455896,18553,437343
11875,2.1052631578947367,455896,18553,437343
11876,2.10508588750421,455896,18553,437343
11877,2.104908646964722,455896,18553,437343
11878,2.104731436268732,455896,18553,437343
11879,2.104554255408704,455896,18553,437343
11880,2.1043771043771042,455896,18553,437343
11881,2.1041999831664002,455896,18553,437343
11882,2.1040228917690627,455896,18553,437343
11883,2.1038458301775647,455570,18553,437017
11884,2.1036687983843825,455570,18553,437017
11885,2.103491796381994,455570,18553,437017
11886,2.1033148241628807,455570,18553,437017
11887,2.1031378817195256,455383,18601,436782
11888,2.1029609690444144,455383,18601,436782
11889,2.102784086130036,455383,18601,436782
11890,2.1026072329688814,455383,18601,436782
11891,2.1024304095534436,455383,18601,436782
11892,2.1022536158762195,455383,18601,436782
11893,2.1020768519297066,455383,18601,436782
11894,2.1019001177064065,455383,18601,436782
11895,2.101723413198823,455383,18601,436782
11896,2.101546738399462,455383,18601,436782
11897,2.101370093300832,455339,18437,436902
11898,2.1011934778954444,455339,18437,436902
11899,2.1010168921758132,455339,18437,436902
11900,2.100840336134454,455339,18437,436902
11901,2.1006638097638852,455339,18437,436902
11902,2.1004873130566293,455339,18437,436902
11903,2.100310846005209,455339,18437,436902
11904,2.1001344086021505,455339,18437,436902
11905,2.099958000839983,455339,18437,436902
11906,2.0997816227112382,455339,18437,436902
11907,2.099605274208449,455339,18437,436902
11908,2.099428955324152,455339,18437,436902
11909,2.099252666050886,455339,18437,436902
11910,2.0990764063811924,455339,18437,436902
11911,2.0989001763076147,455339,18437,436902
11912,2.0987239758226996,455339,18437,436902
11913,2.098547804918996,455339,18437,436902
11914,2.098371663589055,455339,18437,436902
11915,2.0981955518254303,455339,18437,436902
11916,2.098019469620678,455339,18437,436902
11917,2.0978434169673577,455339,18437,436902
11918,2.0976673938580297,455339,18437,436902
11919,2.097491400285259,455339,18437,436902
11920,2.097315436241611,455339,18437,436902
11921,2.0971395017196546,455339,18437,436902
11922,2.096963596711961,455339,18437,436902
11923,2.0967877212111046,455339,18437,436902
11924,2.096611875209661,455339,18437,436902
11925,2.0964360587002098,455339,18437,436902
11926,2.096260271675331,455339,18437,436902
11927,2.0960845141276097,455339,18437,436902
11928,2.0959087860496313,455339,18437,436902
11929,2.0957330874339846,455339,18437,436902
11930,2.095557418273261,455339,18437,436902
11931,2.0953817785600535,455339,18437,436902
11932,2.0952061682869596,455339,18437,436902
11933,2.0950305874465767,455339,18437,436902
11934,2.0948550360315066,455339,18437,436902
11935,2.0946795140343526,455339,18437,436902
11936,2.094504021447721,455339,18437,436902
11937,2.0943285582642206,455339,18437,436902
11938,2.0941531244764615,455339,18437,436902
11939,2.093977720077058,455339,18437,436902
11940,2.0938023450586263,455339,18437,436902
11941,2.0936269994137846,455339,18437,436902
11942,2.0934516831351533,455339,18437,436902
11943,2.0932763962153564,455339,18437,436902
11944,2.0931011386470195,455339,18437,436902
11945,2.092925910422771,455339,18437,436902
11946,2.092750711535242,455339,18437,436902
11947,2.0925755419770655,455339,18437,436902
11948,2.092400401740877,455339,18437,436902
11949,2.0922252908193153,455339,18437,436902
11950,2.092050209205021,455339,18437,436902
11951,2.091875156890637,455339,18437,436902
11952,2.0917001338688084,455339,18437,436902
11953,2.0915251401321844,454628,18437,436191
11954,2.0913501756734147,454628,18437,436191
11955,2.0911752404851525,454628,18437,436191
11956,2.0910003345600536,454628,18437,436191
11957,2.0908254578907752,454628,18437,436191
11958,2.0906506104699782,454628,18437,436191
11959,2.0904757922903254,454628,18437,436191
11960,2.0903010033444818,454628,18437,436191
11961,2.090126243625115,454628,18437,436191
11962,2.0899515131248956,454628,18437,436191
11963,2.089776811836496,454628,18437,436191
11964,2.089602139752591,454628,18437,436191
11965,2.089427496865859,454628,18437,436191
11966,2.089252883168979,454628,18437,436191
11967,2.0890782986546337,454628,18437,436191
11968,2.088903743315508,454628,18437,436191
11969,2.0887292171442895,454628,18437,436191
11970,2.0885547201336676,454628,18437,436191
11971,2.0883802522763344,454628,18437,436191
11972,2.088205813564985,454628,18437,436191
11973,2.088031403992316,454628,18437,436191
11974,2.0878570235510274,454628,18437,436191
11975,2.0876826722338206,454628,18437,436191
11976,2.0875083500334,454628,18437,436191
11977,2.087334056942473,454628,18437,436191
11978,2.0871597929537486,454628,18437,436191
11979,2.086985558059938,454628,18437,436191
11980,2.0868113522537564,454628,18437,436191
11981,2.0866371755279194,454628,18437,436191
11982,2.086463027875146,454628,18437,436191
11983,2.0862889092881582,454628,18437,436191
11984,2.0861148197596795,454628,18437,436191
11985,2.0859407592824364,454628,18437,436191
11986,2.0857667278491574,454628,18437,436191
11987,2.0855927254525737,454628,18437,436191
11988,2.0854187520854186,454628,18437,436191
11989,2.0852448077404286,454628,18437,436191
11990,2.085070892410342,454628,18437,436191
11991,2.0848970060878993,454628,18437,436191
11992,2.084723148765844,454628,18437,436191
11993,2.0845493204369214,454628,18437,436191
11994,2.08437552109388,454628,18437,436191
11995,2.084201750729471,454628,18437,436191
11996,2.0840280093364454,454628,18437,436191
11997,2.0838542969075604,454628,18437,436191
11998,2.0836806134355728,454628,18437,436191
11999,2.083506958913243,454628,18437,436191
12000,2.0833333333333335,454628,18437,436191
12001,2.0831597366886094,454628,18437,436191
12002,2.082986168971838,454628,18437,436191
12003,2.0828126301757894,454628,18437,436191
12004,2.0826391202932357,454628,18437,436191
12005,2.0824656393169514,454628,18437,436191
12006,2.0822921872397133,454628,18437,436191
12007,2.0821187640543015,454628,18437,436191
12008,2.0819453697534978,454628,18437,436191
12009,2.0817720043300856,454628,18437,436191
12010,2.0815986677768525,454628,18437,436191
12011,2.081425360086587,454628,18437,436191
12012,2.081252081252081,454628,18437,436191
12013,2.0810788312661286,454628,18437,436191
12014,2.080905610121525,454628,18437,436191
12015,2.0807324178110695,454628,18437,436191
12016,2.080559254327563,454628,18437,436191
12017,2.08038611966381,454541,18437,436104
12018,2.0802130138126143,454541,18437,436104
12019,2.080039936766786,454541,18437,436104
12020,2.0798668885191347,454541,18437,436104
12021,2.079693869062474,454541,18437,436104
12022,2.079520878389619,454541,18437,436104
12023,2.0793479164933877,454541,18437,436104
12024,2.0791749833666002,454418,18437,435981
12025,2.079002079002079,454418,18437,435981
12026,2.078829203392649,454418,18437,435981
12027,2.0786563565311384,454418,18437,435981
12028,2.0784835384103757,454418,18437,435981
12029,2.078310749023194,454418,18437,435981
12030,2.0781379883624274,454418,18437,435981
12031,2.077965256420913,454418,18437,435981
12032,2.077792553191489,454418,18437,435981
12033,2.077619878666999,454418,18437,435981
12034,2.077447232840286,454418,18437,435981
12035,2.077274615704196,454418,18437,435981
12036,2.0771020272515788,454418,18437,435981
12037,2.0769294674752845,454418,18437,435981
12038,2.0767569363681675,454418,18437,435981
12039,2.0765844339230832,454418,18437,435981
12040,2.0764119601328903,454418,18437,435981
12041,2.076239514990449,454418,18437,435981
12042,2.076067098488623,454418,18437,435981
12043,2.075894710620277,454418,18437,435981
12044,2.0757223513782797,454418,18437,435981
12045,2.0755500207555,454418,18437,435981
12046,2.0753777187448117,454203,18385,435818
12047,2.0752054453390887,454203,18385,435818
12048,2.0750332005312084,454203,18385,435818
12049,2.074860984314051,454203,18385,435818
12050,2.074688796680498,454203,18385,435818
12051,2.0745166376234336,454203,18385,435818
12052,2.074344507135745,454015,18385,435630
12053,2.074172405210321,454015,18385,435630
12054,2.074000331840053,454015,18385,435630
12055,2.073828287017835,454015,18385,435630
12056,2.0736562707365627,454015,18385,435630
12057,2.073484282989135,454015,18385,435630
12058,2.0733123237684525,454015,18385,435630
12059,2.0731403930674186,454015,18385,435630
12060,2.0729684908789388,454015,18385,435630
12061,2.072796617195921,454015,18385,435630
12062,2.072624772011275,454015,18385,435630
12063,2.0724529553179143,454015,18385,435630
12064,2.0722811671087533,454015,18385,435630
12065,2.0721094073767095,454015,18385,435630
12066,2.0719376761147026,454015,18385,435630
12067,2.0717659733156544,454015,18385,435630
12068,2.071594298972489,454015,18385,435630
12069,2.071422653078134,454015,18385,435630
12070,2.071251035625518,454015,18385,435630
12071,2.071079446607572,453341,18385,434956
12072,2.07090788601723,453341,18385,434956
12073,2.070736353847428,453341,18385,434956
12074,2.0705648500911047,453341,18385,434956
12075,2.070393374741201,453341,18385,434956
12076,2.070221927790659,453341,18385,434956
12077,2.0700505092324253,453341,18385,434956
12078,2.069879119059447,453341,18385,434956
12079,2.0697077572646743,453341,18385,434956
12080,2.0695364238410594,453341,18385,434956
12081,2.069365118781558,453341,18385,434956
12082,2.069193842079126,453341,18385,434956
12083,2.0690225937267237,453341,18385,434956
12084,2.068851373717312,453341,18385,434956
12085,2.068680182043856,453341,18385,434956
12086,2.0685090186993214,453341,18385,434956
12087,2.0683378836766773,453341,18385,434956
12088,2.0681667769688947,453341,18385,434956
12089,2.067995698568947,453341,18385,434956
12090,2.0678246484698097,453341,18385,434956
12091,2.067653626664461,453341,18385,434956
12092,2.0674826331458815,453341,18385,434956
12093,2.067311667907054,453341,18385,434956
12094,2.0671407309409626,453341,18385,434956
12095,2.0669698222405954,453341,18385,434956
12096,2.066798941798942,453341,18385,434956
12097,2.066628089608994,453341,18385,434956
12098,2.066457265663746,453341,18385,434956
12099,2.0662864699561947,453341,18385,434956
12100,2.0661157024793386,453341,18385,434956
12101,2.0659449632261797,453341,18385,434956
12102,2.065774252189721,453341,18385,434956
12103,2.0656035693629677,453341,18385,434956
12104,2.0654329147389294,453341,18385,434956
12105,2.0652622883106155,453341,18385,434956
12106,2.065091690071039,453341,18385,434956
12107,2.0649211200132154,453123,18385,434738
12108,2.064750578130162,453123,18385,434738
12109,2.064580064414898,453123,18385,434738
12110,2.0644095788604457,452993,18385,434608
12111,2.06423912145983,452993,18385,434608
12112,2.0640686922060767,452993,18385,434608
12113,2.063898291092215,452920,18385,434535
12114,2.0637279181112764,452920,18385,434535
12115,2.063557573256294,452920,18385,434535
12116,2.0633872565203037,452920,18385,434535
12117,2.063216967896344,452920,18385,434535
12118,2.063046707377455,452920,18385,434535
12119,2.0628764749566795,452920,18385,434535
12120,2.062706270627063,451575,18385,433190
12121,2.0625360943816515,451575,18385,433190
12122,2.0623659462134962,451575,18385,433190
12123,2.062195826115648,451575,18385,433190
12124,2.0620257340811614,451575,18385,433190
12125,2.0618556701030926,451575,18385,433190
12126,2.061685634174501,451575,18385,433190
12127,2.0615156262884473,451575,18385,433190
12128,2.061345646437995,451575,18385,433190
12129,2.061175694616209,451575,18385,433190
12130,2.061005770816158,451575,18385,433190
12131,2.0608358750309126,451575,18385,433190
12132,2.0606660072535443,451575,18385,433190
12133,2.0604961674771283,451575,18385,433190
12134,2.060326355694742,451575,18385,433190
12135,2.0601565718994643,451575,18385,433190
12136,2.0599868160843773,451575,18385,433190
12137,2.059817088242564,451575,18385,433190
12138,2.0596473883671114,451575,18385,433190
12139,2.059477716451108,451575,18385,433190
12140,2.059308072487644,451575,18385,433190
12141,2.059138456469813,451575,18385,433190
12142,2.05896886839071,451575,18385,433190
12143,2.0587993082434326,451575,18385,433190
12144,2.0586297760210805,451575,18385,433190
12145,2.058460271716756,451575,18385,433190
12146,2.0582907953235634,451575,18385,433190
12147,2.0581213468346093,451575,18385,433190
12148,2.057951926243003,451575,18385,433190
12149,2.057782533541855,451575,18385,433190
12150,2.05761316872428,451575,18385,433190
12151,2.0574438317833925,451575,18385,433190
12152,2.057274522712311,451575,18385,433190
12153,2.0571052415041553,451575,18385,433190
12154,2.056935988152049,451575,18385,433190
12155,2.0567667626491155,451575,18385,433190
12156,2.056597564988483,451575,18385,433190
12157,2.0564283951632802,451575,18385,433190
12158,2.056259253166639,451575,18385,433190
12159,2.0560901389916935,451575,18385,433190
12160,2.0559210526315788,451575,18385,433190
12161,2.055751994079434,451522,18415,433107
12162,2.0555829633284,451522,18415,433107
12163,2.055413960371619,451522,18415,433107
12164,2.0552449852022363,451522,18415,433107
12165,2.055076037813399,451522,18415,433107
12166,2.0549071181982574,451522,18415,433107
12167,2.054738226349963,451522,18415,433107
12168,2.05456936226167,451522,18415,433107
12169,2.0544005259265345,451522,18415,433107
12170,2.0542317173377156,451522,18415,433107
12171,2.054062936488374,451522,18415,433107
12172,2.0538941833716726,451522,18415,433107
12173,2.0537254579807773,451522,18415,433107
12174,2.053556760308855,451522,18415,433107
12175,2.0533880903490758,451522,18415,433107
12176,2.0532194480946124,451522,18415,433107
12177,2.0530508335386384,451522,18415,433107
12178,2.0528822466743306,451522,18415,433107
12179,2.0527136874948684,451522,18415,433107
12180,2.052545155993432,451265,18415,432850
12181,2.052376652163205,451265,18415,432850
12182,2.0522081759973734,451265,18415,432850
12183,2.052039727489124,451265,18415,432850
12184,2.051871306631648,451265,18415,432850
12185,2.0517029134181373,451265,18415,432850
12186,2.0515345478417855,451265,18415,432850
12187,2.0513662098957908,451265,18415,432850
12188,2.0511978995733506,451265,18415,432850
12189,2.0510296168676674,451265,18415,432850
12190,2.0508613617719442,451265,18415,432850
12191,2.0506931342793866,451265,18415,432850
12192,2.050524934383202,451265,18415,432850
12193,2.0503567620766012,451265,18415,432850
12194,2.0501886173527963,451265,18415,432850
12195,2.0500205002050023,451265,18415,432850
12196,2.049852410626435,451265,18415,432850
12197,2.049684348610314,451265,18415,432850
12198,2.0495163141498605,451265,18415,432850
12199,2.049348307238298,451265,18415,432850
12200,2.0491803278688523,451265,18415,432850
12201,2.049012376034751,451265,18415,432850
12202,2.0488444517292246,451265,18415,432850
12203,2.048676554945505,451265,18415,432850
12204,2.0485086856768273,451265,18415,432850
12205,2.048340843916428,451265,18415,432850
12206,2.0481730296575456,450799,18442,432357
12207,2.0480052428934217,450799,18442,432357
12208,2.0478374836173003,450799,18442,432357
12209,2.047669751822426,450799,18442,432357
12210,2.0475020475020473,450799,18442,432357
12211,2.0473343706494145,450799,18442,432357
12212,2.047166721257779,450799,18442,432357
12213,2.0469990993203964,450799,18442,432357
12214,2.0468315048305223,450799,18442,432357
12215,2.046663937781416,450799,18442,432357
12216,2.0464963981663393,450799,18442,432357
12217,2.0463288859785544,450799,18442,432357
12218,2.0461614012113274,450799,18442,432357
12219,2.045993943857926,450799,18442,432357
12220,2.0458265139116203,450799,18442,432357
12221,2.045659111365682,450799,18442,432357
12222,2.0454917362133855,450667,18442,432225
12223,2.045324388448008,450667,18442,432225
12224,2.045157068062827,450667,18442,432225
12225,2.044989775051125,450602,18442,432160
12226,2.0448225094061834,450602,18442,432160
12227,2.044655271121289,450602,18442,432160
12228,2.0444880601897286,450602,18442,432160
12229,2.044320876604792,450602,18442,432160
12230,2.044153720359771,450602,18442,432160
12231,2.0439865914479602,450602,18442,432160
12232,2.0438194898626554,450602,18442,432160
12233,2.043652415597155,450388,18442,431946
12234,2.0434853686447605,450388,18442,431946
12235,2.043318348998774,450388,18442,431946
12236,2.043151356652501,450388,18442,431946
12237,2.0429843915992483,450388,18442,431946
12238,2.0428174538323254,450178,18442,431736
12239,2.0426505433450446,450178,18442,431736
12240,2.042483660130719,450178,18442,431736
12241,2.042316804182665,450178,18442,431736
12242,2.0421499754942003,450178,18442,431736
12243,2.041983174058646,450178,18442,431736
12244,2.0418163998693237,450178,18442,431736
12245,2.041649652919559,450178,18442,431736
12246,2.0414829332026785,450178,18442,431736
12247,2.041316240712011,450058,18442,431616
12248,2.041149575440888,449891,18433,431458
12249,2.0409829373826436,449891,18433,431458
12250,2.0408163265306123,449891,18433,431458
12251,2.0406497428781325,449891,18433,431458
12252,2.0404831864185438,449891,18433,431458
12253,2.0403166571451887,449891,18433,431458
12254,2.040150155051412,449891,18433,431458
12255,2.039983680130559,449891,18433,431458
12256,2.039817232375979,449448,18433,431015
12257,2.0396508117810233,449448,18433,431015
12258,2.0394844183390437,449448,18433,431015
12259,2.039318052043397,449448,18433,431015
12260,2.039151712887439,449448,18433,431015
12261,2.03898540086453,449448,18433,431015
12262,2.0388191159680313,449448,18433,431015
12263,2.0386528581913073,449448,18433,431015
12264,2.0384866275277234,449448,18433,431015
12265,2.038320423970648,449448,18433,431015
12266,2.038154247513452,449448,18433,431015
12267,2.0379880981495067,449448,18433,431015
12268,2.0378219758721876,449448,18433,431015
12269,2.0376558806748717,449111,18073,431038
12270,2.037489812550937,449111,18073,431038
12271,2.037323771493766,449111,18073,431038
12272,2.0371577574967406,449111,18073,431038
12273,2.036991770553247,449111,18073,431038
12274,2.036825810656673,449111,18073,431038
12275,2.0366598778004072,449111,18073,431038
12276,2.0364939719778428,449111,17913,431198
12277,2.0363280931823735,449111,17913,431198
12278,2.0361622414073954,449111,17913,431198
12279,2.0359964166463067,449111,17913,431198
12280,2.035830618892508,449096,17940,431156
12281,2.0356648481394024,449096,17940,431156
12282,2.0354991043803943,449096,17940,431156
12283,2.0353333876088904,449096,17940,431156
12284,2.0351676978183004,449096,17940,431156
12285,2.035002035002035,449096,17940,431156
12286,2.034836399153508,449096,17940,431156
12287,2.034670790266135,449096,17940,431156
12288,2.0345052083333335,449096,17940,431156
12289,2.034339653348523,449096,17940,431156
12290,2.034174125305126,449096,17940,431156
12291,2.0340086241965665,448705,17796,430909
12292,2.0338431500162706,448705,17796,430909
12293,2.033677702757667,448705,17796,430909
12294,2.033512282414186,448705,17796,430909
12295,2.03334688897926,448705,17796,430909
12296,2.033181522446324,448705,17796,430909
12297,2.033016182808815,448705,17796,430909
12298,2.032850870060172,448705,17796,430909
12299,2.0326855841938367,448705,17796,430909
12300,2.032520325203252,448705,17796,430909
12301,2.0323550930818635,448705,17796,430909
12302,2.0321898878231184,448705,17796,430909
12303,2.0320247094204666,448705,17796,430909
12304,2.03185955786736,448705,17796,430909
12305,2.031694433157253,448705,17796,430909
12306,2.0315293352836017,448705,17796,430909
12307,2.0313642642398633,448705,17796,430909
12308,2.0311992200194995,448705,17796,430909
12309,2.031034202615972,448705,17796,430909
12310,2.0308692120227456,448705,17796,430909
12311,2.0307042482332873,448705,17796,430909
12312,2.0305393112410655,448705,17796,430909
12313,2.030374401039552,448705,17796,430909
12314,2.0302095176222186,447232,17796,429436
12315,2.0300446609825418,447232,17796,429436
12316,2.029879831113998,447232,17796,429436
12317,2.0297150280100675,447232,17796,429436
12318,2.029550251664231,447232,17796,429436
12319,2.029385502069973,447232,17796,429436
12320,2.029220779220779,447232,17796,429436
12321,2.029056083110137,447232,17796,429436
12322,2.0288914137315373,447232,17796,429436
12323,2.028726771078471,447232,17796,429436
12324,2.0285621551444337,447232,17796,429436
12325,2.028397565922921,446677,17783,428894
12326,2.0282330034074314,446677,17783,428894
12327,2.0280684675914658,446677,17783,428894
12328,2.027903958468527,446364,17787,428577
12329,2.0277394760321195,446364,17787,428577
12330,2.02757502027575,446298,18092,428206
12331,2.0274105911929285,446298,18092,428206
12332,2.027246188777165,446298,18092,428206
12333,2.0270818130219737,446298,18092,428206
12334,2.0269174639208694,446298,18092,428206
12335,2.026753141467369,446298,18092,428206
12336,2.0265888456549934,446298,18092,428206
12337,2.0264245764772637,446298,18092,428206
12338,2.026260333927703,446296,18092,428204
12339,2.026096117999838,446296,18092,428204
12340,2.025931928687196,446296,18092,428204
12341,2.0257677659833075,444817,18092,426725
12342,2.025603629881705,444817,18092,426725
12343,2.0254395203759215,444817,18092,426725
12344,2.0252754374594946,444817,18092,426725
12345,2.025111381125962,444817,18092,426725
12346,2.0249473513688643,444817,18092,426725
12347,2.0247833481817445,444817,18092,426725
12348,2.024619371558147,444817,18092,426725
12349,2.0244554214916186,444817,18092,426725
12350,2.0242914979757085,444817,18092,426725
12351,2.0241276010039675,444817,18092,426725
12352,2.0239637305699483,444817,18092,426725
12353,2.0237998866672062,444817,18092,426725
12354,2.023636069289299,444817,18092,426725
12355,2.0234722784297854,444817,18092,426725
12356,2.023308514082227,444817,18092,426725
12357,2.023144776240188,444742,18092,426650
12358,2.0229810648972326,444742,18092,426650
12359,2.0228173800469293,444742,18092,426650
12360,2.0226537216828477,444742,18092,426650
12361,2.02249008979856,444742,18092,426650
12362,2.0223264843876394,444742,18092,426650
12363,2.0221629054436625,444742,18092,426650
12364,2.021999352960207,444742,18092,426650
12365,2.0218358269308534,444742,18092,426650
12366,2.0216723273491835,444655,18092,426563
12367,2.0215088542087813,444429,18092,426337
12368,2.021345407503234,444429,18092,426337
12369,2.0211819872261296,444429,18092,426337
12370,2.021018593371059,444429,18092,426337
12371,2.0208552259316144,444429,18092,426337
12372,2.02069188490139,444429,18092,426337
12373,2.0205285702739837,444429,18092,426337
12374,2.0203652820429934,444429,18092,426337
12375,2.0202020202020203,444429,18092,426337
12376,2.020038784744667,444429,18092,426337
12377,2.019875575664539,444429,18092,426337
12378,2.019712392955243,444429,18092,426337
12379,2.0195492366103887,444429,18092,426337
12380,2.0193861066235863,444429,18092,426337
12381,2.01922300298845,444176,18092,426084
12382,2.0190599256985946,444176,18092,426084
12383,2.0188968747476377,444176,18092,426084
12384,2.018733850129199,444176,18092,426084
12385,2.0185708518368997,443764,18092,425672
12386,2.018407879864363,443764,18092,425672
12387,2.018244934205215,443764,18092,425672
12388,2.018082014853084,443764,18092,425672
12389,2.017919121801598,443764,18092,425672
12390,2.017756255044391,443764,18092,425672
12391,2.017593414575095,443764,18092,425672
12392,2.0174306003873466,443764,18092,425672
12393,2.0172678124747843,443764,18092,425672
12394,2.0171050508310473,443764,18092,425672
12395,2.016942315449778,443764,18092,425672
12396,2.016779606324621,443764,18092,425672
12397,2.0166169234492215,443764,18092,425672
12398,2.0164542668172287,443764,18092,425672
12399,2.016291636422292,443764,18092,425672
12400,2.0161290322580645,443764,18092,425672
12401,2.0159664543182,443659,17831,425828
12402,2.0158039025963554,443659,17831,425828
12403,2.015641377086189,443659,17831,425828
12404,2.015478877781361,443659,17831,425828
12405,2.015316404675534,443659,17831,425828
12406,2.015153957762373,443659,17831,425828
12407,2.0149915370355442,443659,17831,425828
12408,2.014829142488717,443659,17831,425828
12409,2.0146667741155615,443659,17831,425828
12410,2.0145044319097503,443659,17831,425828
12411,2.0143421158649586,443659,17831,425828
12412,2.014179825974863,443659,17831,425828
12413,2.0140175622331427,443659,17831,425828
12414,2.0138553246334783,443659,17831,425828
12415,2.013693113169553,443659,17831,425828
12416,2.0135309278350517,442575,17831,424744
12417,2.013368768623661,442575,17831,424744
12418,2.0132066355290705,442575,17831,424744
12419,2.0130445285449716,442575,17831,424744
12420,2.0128824476650564,442575,17831,424744
12421,2.0127203928830206,442575,17831,424744
12422,2.0125583641925617,442575,17831,424744
12423,2.012396361587378,442575,17831,424744
12424,2.012234385061172,442575,17831,424744
12425,2.0120724346076457,442575,17831,424744
12426,2.0119105102205053,442575,17831,424744
12427,2.011748611893458,442575,17831,424744
12428,2.0115867396202125,442575,17831,424744
12429,2.0114248933944805,442575,17831,424744
12430,2.011263073209976,442575,17831,424744
12431,2.0111012790604135,442575,17831,424744
12432,2.0109395109395107,442575,17831,424744
12433,2.010777768840988,442575,17831,424744
12434,2.0106160527585653,440406,17831,422575
12435,2.0104543626859672,440406,17831,422575
12436,2.0102926986169187,440406,17831,422575
12437,2.0101310605451475,440406,17831,422575
12438,2.0099694484643833,440406,17831,422575
12439,2.0098078623683575,440406,17831,422575
12440,2.009646302250804,440406,17831,422575
12441,2.009484768105458,440406,17831,422575
12442,2.009323259926057,440406,17831,422575
12443,2.009161777706341,440406,17831,422575
12444,2.0090003214400514,440406,17831,422575
12445,2.008838891120932,440406,17831,422575
12446,2.0086774867427284,440406,17831,422575
12447,2.0085161082991885,440406,17831,422575
12448,2.0083547557840618,440406,17831,422575
12449,2.0081934291911,440406,17831,422575
12450,2.0080321285140563,440406,17831,422575
12451,2.007870853746687,440406,17831,422575
12452,2.00770960488275,440406,17831,422575
12453,2.007548381916004,440406,17831,422575
12454,2.007387184840212,440406,17831,422575
12455,2.007226013649137,440406,17831,422575
12456,2.0070648683365446,440406,17831,422575
12457,2.006903748896203,440406,17831,422575
12458,2.0067426553218817,440406,17831,422575
12459,2.0065815876073523,440129,17795,422334
12460,2.0064205457463884,440129,17795,422334
12461,2.006259529732766,440129,17795,422334
12462,2.0060985395602633,440103,17795,422308
12463,2.005937575222659,440103,17795,422308
12464,2.0057766367137355,440103,17795,422308
12465,2.0056157240272765,440103,17795,422308
12466,2.005454837157067,440103,17795,422308
12467,2.0052939760968957,440103,17795,422308
12468,2.005133140840552,440103,17795,422308
12469,2.004972331381827,440091,17795,422296
12470,2.0048115477145148,440091,17795,422296
12471,2.0046507898324113,440091,17795,422296
12472,2.004490057729314,440091,17795,422296
12473,2.0043293513990217,440091,17795,422296
12474,2.0041686708353375,440091,17795,422296
12475,2.004008016032064,440091,17795,422296
12476,2.0038473869830074,440091,17795,422296
12477,2.003686783681975,440091,17795,422296
12478,2.003526206122776,440091,17795,422296
12479,2.003365654299223,440091,17795,422296
12480,2.003205128205128,440091,17795,422296
12481,2.003044627834308,440091,17795,422296
12482,2.00288415318058,440091,17795,422296
12483,2.0027237042377632,440091,17795,422296
12484,2.0025632809996794,440091,17795,422296
12485,2.002402883460152,440091,17795,422296
12486,2.0022425116130065,440091,17795,422296
12487,2.00208216545207,439775,18051,421724
12488,2.0019218449711724,439722,18051,421671
12489,2.0017615501641446,439722,18051,421671
12490,2.00160128102482,439722,18051,421671
12491,2.0014410375470337,439722,18051,421671
12492,2.0012808197246237,439722,18051,421671
12493,2.001120627551429,439722,18051,421671
12494,2.00096046102129,439722,18051,421671
12495,2.000800320128051,439583,18051,421532
12496,2.000640204865557,439583,18051,421532
12497,2.0004801152276546,439583,18051,421532
12498,2.000320051208193,439583,18051,421532
12499,2.000160012801024,439346,18051,421295
12500,2,439346,18051,421295
12501,1.9998400127989762,439346,18051,421295
12502,1.9996800511918094,439346,18051,421295
12503,1.9995201151723587,438516,18051,420465
12504,1.999360204734485,438516,18051,420465
12505,1.9992003198720512,437823,18051,419772
12506,1.999040460578922,437823,18051,419772
12507,1.9988806268489645,437823,18051,419772
12508,1.9987208186760472,437823,18051,419772
12509,1.9985610360540411,437823,18051,419772
12510,1.9984012789768186,437823,18051,419772
12511,1.9982415474382544,437823,18051,419772
12512,1.998081841432225,437823,18051,419772
12513,1.9979221609526092,437823,18051,419772
12514,1.9977625059932875,437823,18051,419772
12515,1.9976028765481422,437823,18051,419772
12516,1.9974432726110578,437823,18051,419772
12517,1.9972836941759207,437823,18051,419772
12518,1.9971241412366192,437823,18051,419772
12519,1.9969646137870436,437823,18051,419772
12520,1.9968051118210863,437823,18051,419772
12521,1.9966456353326412,437823,18051,419772
12522,1.9964861843156045,437823,18051,419772
12523,1.9963267587638744,437823,18051,419772
12524,1.996167358671351,436894,18051,418843
12525,1.996007984031936,436894,18051,418843
12526,1.9958486348395337,436894,18051,418843
12527,1.9956893110880498,436894,18051,418843
12528,1.9955300127713922,436894,18051,418843
12529,1.9953707398834704,436894,18051,418843
12530,1.9952114924181963,436894,18051,418843
12531,1.9950522703694837,436894,18051,418843
12532,1.994893073731248,436859,18051,418808
12533,1.994733902497407,436859,18051,418808
12534,1.9945747566618797,436541,18051,418490
12535,1.9944156362185879,436541,18051,418490
12536,1.994256541161455,436541,18051,418490
12537,1.9940974714844062,436541,18051,418490
12538,1.9939384271813687,436541,18051,418490
12539,1.9937794082462716,436541,18051,418490
12540,1.9936204146730463,436541,18051,418490
12541,1.9934614464556255,436541,18051,418490
12542,1.9933025035879446,436541,18051,418490
12543,1.9931435860639402,436541,18051,418490
12544,1.992984693877551,436541,18051,418490
12545,1.9928258270227182,436541,18051,418490
12546,1.9926669854933843,436541,18051,418490
12547,1.992508169283494,436541,18051,418490
12548,1.9923493783869939,436541,18051,418490
12549,1.9921906127978326,436541,18051,418490
12550,1.9920318725099602,436541,18051,418490
12551,1.9918731575173294,436541,18051,418490
12552,1.9917144678138943,436541,18051,418490
12553,1.9915558033936112,436541,18051,418490
12554,1.991397164250438,436541,18051,418490
12555,1.9912385503783354,436541,18051,418490
12556,1.9910799617712647,436541,18051,418490
12557,1.9909213984231902,436541,18051,418490
12558,1.9907628603280778,436541,18051,418490
12559,1.990604347479895,436541,18051,418490
12560,1.9904458598726114,436478,18082,418396
12561,1.9902873975001991,436478,18082,418396
12562,1.990128960356631,436478,18082,418396
12563,1.9899705484358832,436478,18082,418396
12564,1.9898121617319324,436478,18082,418396
12565,1.9896538002387585,436478,18082,418396
12566,1.9894954639503422,436204,18082,418122
12567,1.989337152860667,436204,18082,418122
12568,1.9891788669637174,436204,18082,418122
12569,1.9890206062534808,436204,18082,418122
12570,1.988862370723946,436204,18082,418122
12571,1.9887041603691036,436204,18082,418122
12572,1.9885459751829462,436204,18082,418122
12573,1.9883878151594687,436204,18082,418122
12574,1.9882296802926673,436204,18082,418122
12575,1.9880715705765408,436204,18082,418122
12576,1.987913486005089,436204,18082,418122
12577,1.9877554265723145,436204,18082,418122
12578,1.9875973922722214,436204,18082,418122
12579,1.9874393830988155,436204,18082,418122
12580,1.987281399046105,436204,18082,418122
12581,1.9871234401080995,436204,18082,418122
12582,1.986965506278811,436204,18082,418122
12583,1.986807597552253,436204,18082,418122
12584,1.9866497139224413,436204,18082,418122
12585,1.986491855383393,436204,18082,418122
12586,1.9863340219291277,436204,18082,418122
12587,1.9861762135536665,436081,17938,418143
12588,1.9860184302510326,436081,17938,418143
12589,1.9858606720152514,436081,17938,418143
12590,1.9857029388403495,436081,17938,418143
12591,1.9855452307203558,436081,17938,418143
12592,1.9853875476493013,436081,17938,418143
12593,1.9852298896212182,436081,17938,418143
12594,1.9850722566301413,436081,17938,418143
12595,1.9849146486701073,436081,17938,418143
12596,1.984757065735154,436081,17938,418143
12597,1.9845995078193222,436081,17938,418143
12598,1.9844419749166535,436081,17938,418143
12599,1.984284467021192,436081,17938,418143
12600,1.9841269841269842,436081,17938,418143
12601,1.9839695262280772,436081,17938,418143
12602,1.9838120933185208,436081,17938,418143
12603,1.983654685392367,436081,17938,418143
12604,1.9834973024436686,436081,17938,418143
12605,1.9833399444664817,436081,17938,418143
12606,1.9831826114548627,436081,17938,418143
12607,1.9830253034028715,436081,17938,418143
12608,1.9828680203045685,436081,17938,418143
12609,1.982710762154017,436081,17938,418143
12610,1.9825535289452816,436081,17938,418143
12611,1.9823963206724289,436081,17938,418143
12612,1.9822391373295274,436081,17938,418143
12613,1.9820819789106476,436081,17938,418143
12614,1.9819248454098621,436081,17938,418143
12615,1.9817677368212445,436081,17938,418143
12616,1.9816106531388713,436081,17938,418143
12617,1.9814535943568201,436081,17938,418143
12618,1.981296560469171,436081,17938,418143
12619,1.9811395514700056,436081,17938,418143
12620,1.9809825673534074,436081,17938,418143
12621,1.9808256081134616,436081,17938,418143
12622,1.980668673744256,436081,17938,418143
12623,1.9805117642398795,436081,17938,418143
12624,1.9803548795944232,436081,17938,418143
12625,1.9801980198019802,436081,17938,418143
12626,1.980041184856645,436081,17938,418143
12627,1.9798843747525146,436081,17938,418143
12628,1.979727589483687,435992,17938,418054
12629,1.9795708290442633,435992,17938,418054
12630,1.9794140934283453,435992,17938,418054
12631,1.9792573826300373,435992,17938,418054
12632,1.9791006966434452,435992,17938,418054
12633,1.978944035462677,435981,17938,418043
12634,1.9787873990818428,435981,17938,418043
12635,1.9786307874950535,435981,17938,418043
12636,1.9784742006964229,435981,17938,418043
12637,1.9783176386800665,435981,17938,418043
12638,1.9781611014401013,435981,17938,418043
12639,1.9780045889706463,435981,17938,418043
12640,1.9778481012658229,435981,17938,418043
12641,1.9776916383197531,435981,17938,418043
12642,1.9775352001265623,435981,17938,418043
12643,1.9773787866803765,435981,17938,418043
12644,1.9772223979753243,435981,17938,418043
12645,1.9770660340055357,434615,17938,416677
12646,1.9769096947651432,434615,17938,416677
12647,1.9767533802482802,434615,17938,416677
12648,1.9765970904490828,434615,17938,416677
12649,1.9764408253616887,434615,17938,416677
12650,1.976284584980237,434615,17938,416677
12651,1.9761283692988696,434615,17938,416677
12652,1.9759721783117294,434615,17938,416677
12653,1.9758160120129613,434615,17938,416677
12654,1.9756598703967125,434615,17938,416677
12655,1.9755037534571316,434615,17938,416677
12656,1.9753476611883691,434615,17938,416677
12657,1.9751915935845776,434615,17938,416677
12658,1.9750355506399115,434615,17938,416677
12659,1.9748795323485266,434615,17938,416677
12660,1.9747235387045814,434615,17938,416677
12661,1.9745675697022351,434615,17938,416677
12662,1.97441162533565,434615,17938,416677
12663,1.974255705598989,434615,17938,416677
12664,1.9740998104864182,434615,17938,416677
12665,1.9739439399921042,434615,17938,416677
12666,1.9737880941102164,434615,17938,416677
12667,1.9736322728349254,434343,17959,416384
12668,1.9734764761604042,434343,17959,416384
12669,1.9733207040808272,434343,17959,416384
12670,1.973164956590371,434343,17959,416384
12671,1.9730092336832137,434343,17959,416384
12672,1.9728535353535352,434343,17959,416384
12673,1.972697861595518,434343,17959,416384
12674,1.9725422124033454,434343,17959,416384
12675,1.9723865877712032,434343,17959,416384
12676,1.9722309876932786,434343,17959,416384
12677,1.9720754121637611,434343,17959,416384
12678,1.9719198611768418,434343,17959,416384
12679,1.9717643347267135,434343,17959,416384
12680,1.971608832807571,434343,17959,416384
12681,1.9714533554136109,434343,17959,416384
12682,1.9712979025390316,434343,17959,416384
12683,1.9711424741780337,434343,17959,416384
12684,1.9709870703248187,434343,17959,416384
12685,1.9708316909735908,434343,17959,416384
12686,1.970676336118556,434343,17959,416384
12687,1.9705210057539213,434343,17959,416384
12688,1.9703656998738965,434273,18202,416071
12689,1.970210418472693,434273,18202,416071
12690,1.9700551615445232,434273,18202,416071
12691,1.9698999290836026,433665,18202,415463
12692,1.9697447210841474,433665,18202,415463
12693,1.9695895375403767,433665,18202,415463
12694,1.9694343784465103,433532,18202,415330
12695,1.9692792437967703,433532,18202,415330
12696,1.9691241335853813,433532,18202,415330
12697,1.9689690478065685,433532,18202,415330
12698,1.9688139864545597,433532,18202,415330
12699,1.9686589495235844,433532,18202,415330
12700,1.968503937007874,433532,18202,415330
12701,1.9683489489016612,433532,18202,415330
12702,1.9681939851991812,433532,18202,415330
12703,1.9680390458946706,433532,18202,415330
12704,1.9678841309823678,433532,18202,415330
12705,1.9677292404565132,433532,18202,415330
12706,1.967574374311349,433532,18202,415330
12707,1.967419532541119,433532,18202,415330
12708,1.9672647151400693,433532,18202,415330
12709,1.967109922102447,433532,18202,415330
12710,1.966955153422502,433532,18202,415330
12711,1.966800409094485,433532,18202,415330
12712,1.9666456891126494,433532,18202,415330
12713,1.96649099347125,433489,18202,415287
12714,1.9663363221645431,433489,18202,415287
12715,1.9661816751867873,433489,18202,415287
12716,1.9660270525322427,433489,18202,415287
12717,1.9658724541951718,433489,18202,415287
12718,1.965717880169838,433489,18202,415287
12719,1.9655633304505071,433489,18202,415287
12720,1.9654088050314464,433489,18202,415287
12721,1.9652543039069255,433489,18202,415287
12722,1.9650998270712152,433489,18202,415287
12723,1.9649453745185883,433489,18202,415287
12724,1.9647909462433197,433489,18202,415287
12725,1.9646365422396856,433489,18202,415287
12726,1.9644821625019644,433489,18202,415287
12727,1.9643278070244363,433489,18202,415287
12728,1.9641734758013827,433017,18202,414815
12729,1.9640191688270878,433017,18202,414815
12730,1.9638648860958365,433017,18202,414815
12731,1.9637106276019165,433017,18202,414815
12732,1.9635563933396167,433017,18202,414815
12733,1.9634021833032278,432894,18202,414692
12734,1.9632479974870425,432894,18202,414692
12735,1.9630938358853554,432894,18202,414692
12736,1.9629396984924623,432894,18202,414692
12737,1.9627855853026615,432894,18202,414692
12738,1.9626314963102527,432894,18202,414692
12739,1.9624774315095377,432894,18202,414692
12740,1.9623233908948194,432894,18202,414692
12741,1.9621693744604034,432894,18202,414692
12742,1.9620153822005963,432894,18202,414692
12743,1.9618614141097073,432894,18202,414692
12744,1.9617074701820465,432894,18202,414692
12745,1.9615535504119261,432894,18202,414692
12746,1.9613996547936607,432894,18202,414692
12747,1.961245783321566,432894,18202,414692
12748,1.9610919359899592,432752,18425,414327
12749,1.9609381127931602,432752,18425,414327
12750,1.9607843137254901,432752,18425,414327
12751,1.9606305387812721,432752,18425,414327
12752,1.9604767879548306,432303,18425,413878
12753,1.9603230612404925,432303,18425,413878
12754,1.960169358632586,432303,18425,413878
12755,1.960015680125441,432212,18428,413784
12756,1.9598620257133899,432212,18428,413784
12757,1.959708395390766,432212,18428,413784
12758,1.9595547891519047,432212,18428,413784
12759,1.9594012069911435,432212,18428,413784
12760,1.9592476489028212,432212,18428,413784
12761,1.9590941148812788,432212,18428,413784
12762,1.9589406049208589,432212,18428,413784
12763,1.9587871190159054,432212,18428,413784
12764,1.9586336571607645,432212,18428,413784
12765,1.9584802193497846,432212,18428,413784
12766,1.9583268055773146,432212,18428,413784
12767,1.9581734158377067,432212,18428,413784
12768,1.9580200501253133,432212,18428,413784
12769,1.9578667084344898,432212,18428,413784
12770,1.9577133907595927,432212,18428,413784
12771,1.957560097094981,432212,18428,413784
12772,1.957406827435014,432212,18428,413784
12773,1.9572535817740546,432212,18428,413784
12774,1.9571003601064663,432212,18428,413784
12775,1.9569471624266144,432212,18428,413784
12776,1.9567939887288666,432212,18428,413784
12777,1.9566408390075918,432212,18428,413784
12778,1.9564877132571608,432212,18428,413784
12779,1.9563346114719462,432212,18428,413784
12780,1.9561815336463224,432212,18428,413784
12781,1.9560284797746654,432212,18428,413784
12782,1.9558754498513535,432212,18428,413784
12783,1.9557224438707659,432212,18428,413784
12784,1.955569461827284,432212,18428,413784
12785,1.9554165037152913,432212,18428,413784
12786,1.9552635695291725,432212,18428,413784
12787,1.9551106592633143,432212,18428,413784
12788,1.954957772912105,432212,18428,413784
12789,1.9548049104699352,432212,18428,413784
12790,1.9546520719311962,432212,18428,413784
12791,1.9544992572902822,432212,18428,413784
12792,1.9543464665415884,432212,18428,413784
12793,1.9541936996795122,432212,18428,413784
12794,1.9540409566984525,432212,18428,413784
12795,1.9538882375928097,432212,18428,413784
12796,1.9537355423569867,432212,18428,413784
12797,1.9535828709853873,432212,18428,413784
12798,1.9534302234724175,432212,18428,413784
12799,1.9532775998124854,432212,18428,413784
12800,1.953125,432212,18428,413784
12801,1.9529724240293727,432212,18428,413784
12802,1.9528198718950165,432212,18428,413784
12803,1.9526673435913457,432212,18428,413784
12804,1.9525148391127773,431933,18428,413505
12805,1.952362358453729,431933,18428,413505
12806,1.952209901608621,431933,18428,413505
12807,1.9520574685718748,431933,18428,413505
12808,1.9519050593379137,431933,18428,413505
12809,1.9517526739011632,431933,18428,413505
12810,1.95160031225605,431933,18428,413505
12811,1.9514479743970026,431933,18428,413505
12812,1.9512956603184515,431933,18428,413505
12813,1.9511433700148286,431933,18428,413505
12814,1.950991103480568,431933,18428,413505
12815,1.9508388607101053,431933,18428,413505
12816,1.9506866416978776,431933,18428,413505
12817,1.950534446438324,431933,18428,413505
12818,1.9503822749258855,431933,18428,413505
12819,1.9502301271550042,431933,18428,413505
12820,1.9500780031201248,431933,18428,413505
12821,1.949925902815693,431933,18428,413505
12822,1.9497738262361566,431933,18428,413505
12823,1.949621773375965,431933,18428,413505
12824,1.9494697442295696,431933,18428,413505
12825,1.949317738791423,431933,18428,413505
12826,1.94916575705598,431876,18428,413448
12827,1.949013799017697,431876,18428,413448
12828,1.948861864671032,431876,18428,413448
12829,1.9487099540104451,431876,18428,413448
12830,1.9485580670303975,431876,18428,413448
12831,1.9484062037253527,431876,18428,413448
12832,1.9482543640897756,431876,18428,413448
12833,1.9481025481181329,431876,18428,413448
12834,1.9479507558048932,431876,18428,413448
12835,1.9477989871445267,431876,18428,413448
12836,1.9476472421315052,431876,18428,413448
12837,1.9474955207603022,431834,18389,413445
12838,1.9473438230253934,431834,18389,413445
12839,1.9471921489212556,431834,18389,413445
12840,1.9470404984423677,431834,18389,413445
12841,1.94688887158321,431834,18389,413445
12842,1.946737268338265,431834,18389,413445
12843,1.9465856887020168,431834,18389,413445
12844,1.9464341326689505,431834,18389,413445
12845,1.9462826002335538,431834,18389,413445
12846,1.946131091390316,431834,18389,413445
12847,1.9459796061337278,431834,18389,413445
12848,1.9458281444582815,431834,18389,413445
12849,1.9456767063584715,431834,18389,413445
12850,1.9455252918287937,431834,18389,413445
12851,1.945373900863746,431834,18389,413445
12852,1.9452225334578275,431834,18389,413445
12853,1.9450711896055395,431834,18389,413445
12854,1.9449198693013847,431834,18389,413445
12855,1.9447685725398678,431834,18389,413445
12856,1.9446172993154947,431834,18389,413445
12857,1.9444660496227737,431834,18389,413445
12858,1.944314823456214,431834,18389,413445
12859,1.9441636208103275,431834,18389,413445
12860,1.9440124416796267,431834,18389,413445
12861,1.9438612860586268,431834,18389,413445
12862,1.9437101539418442,431834,18389,413445
12863,1.943559045323797,431834,18389,413445
12864,1.943407960199005,431834,18389,413445
12865,1.9432568985619898,431834,18389,413445
12866,1.943105860407275,431578,18389,413189
12867,1.9429548457293853,431578,18389,413189
12868,1.9428038545228474,431578,18389,413189
12869,1.9426528867821897,431578,18389,413189
12870,1.9425019425019425,431578,18389,413189
12871,1.9423510216766373,431578,18389,413189
12872,1.942200124300808,431477,18389,413088
12873,1.9420492503689895,431477,18389,413088
12874,1.9418983998757184,431477,18389,413088
12875,1.941747572815534,431477,18389,413088
12876,1.941596769182976,431477,18389,413088
12877,1.9414459889725868,431252,18389,412863
12878,1.9412952321789099,431252,18389,412863
12879,1.9411444987964903,431252,18389,412863
12880,1.9409937888198758,431252,18389,412863
12881,1.9408431022436146,431252,18389,412863
12882,1.9406924390622575,431252,18389,412863
12883,1.9405417992703562,431252,18389,412863
12884,1.9403911828624651,431252,18389,412863
12885,1.9402405898331394,431172,18227,412945
12886,1.9400900201769362,431172,18227,412945
12887,1.9399394738884146,431172,18227,412945
12888,1.9397889509621353,431172,18227,412945
12889,1.9396384513926603,431172,18227,412945
12890,1.939487975174554,431172,18227,412945
12891,1.9393375223023814,431172,18227,412945
12892,1.9391870927707104,431172,18227,412945
12893,1.93903668657411,431172,18227,412945
12894,1.9388863037071506,431172,18227,412945
12895,1.9387359441644048,431172,18227,412945
12896,1.9385856079404467,431172,18227,412945
12897,1.938435295029852,431172,18227,412945
12898,1.938285005427198,431172,18227,412945
12899,1.938134739127064,431172,18227,412945
12900,1.937984496124031,431172,18227,412945
12901,1.9378342764126812,431172,18227,412945
12902,1.9376840799875987,431172,18227,412945
12903,1.9375339068433697,431172,18227,412945
12904,1.9373837569745815,431172,18227,412945
12905,1.9372336303758233,431172,18227,412945
12906,1.937083527041686,431172,18227,412945
12907,1.9369334469667623,431172,18227,412945
12908,1.9367833901456462,431172,18227,412945
12909,1.9366333565729337,431172,18227,412945
12910,1.9364833462432223,431172,18227,412945
12911,1.9363333591511114,431172,18227,412945
12912,1.936183395291202,429809,18227,411582
12913,1.9360334546580964,429809,18227,411582
12914,1.9358835372463992,429809,18227,411582
12915,1.9357336430507162,429809,18227,411582
12916,1.935583772065655,429809,18227,411582
12917,1.935433924285825,429809,18227,411582
12918,1.935284099705837,429809,18227,411582
12919,1.9351342983203035,429809,18227,411582
12920,1.934984520123839,429809,18227,411582
12921,1.9348347651110596,429809,18227,411582
12922,1.9346850332765826,429809,18227,411582
12923,1.9345353246150274,429809,18227,411582
12924,1.9343856391210152,429809,18227,411582
12925,1.9342359767891684,429809,18227,411582
12926,1.934086337614111,429809,18227,411582
12927,1.9339367215904695,429809,18227,411582
12928,1.9337871287128714,429758,18192,411566
12929,1.9336375589759456,429758,18192,411566
12930,1.9334880123743232,429758,18192,411566
12931,1.933338488902637,429758,18192,411566
12932,1.9331889885555211,429758,18192,411566
12933,1.9330395113276115,429758,18192,411566
12934,1.9328900572135457,429758,18192,411566
12935,1.932740626207963,429758,18192,411566
12936,1.932591218305504,429758,18192,411566
12937,1.9324418335008116,429758,18192,411566
12938,1.93229247178853,429758,18192,411566
12939,1.9321431331633048,429758,18192,411566
12940,1.9319938176197837,429758,18192,411566
12941,1.9318445251526157,429758,18192,411566
12942,1.931695255756452,429758,18192,411566
12943,1.9315460094259445,429741,18192,411549
12944,1.931396786155748,429741,18192,411549
12945,1.9312475859405176,429741,18192,411549
12946,1.9310984087749112,429741,18192,411549
12947,1.9309492546535878,429741,18192,411549
12948,1.930800123571208,429322,18192,411130
12949,1.9306510155224341,429322,18192,411130
12950,1.9305019305019304,429322,18192,411130
12951,1.9303528685043625,429322,18192,411130
12952,1.9302038295243977,429322,18192,411130
12953,1.930054813556705,429322,18192,411130
12954,1.929905820595955,429322,18192,411130
12955,1.9297568506368197,429322,18192,411130
12956,1.9296079036739735,429322,18192,411130
12957,1.9294589797020916,429322,18192,411130
12958,1.9293100787158513,429322,18192,411130
12959,1.9291612007099312,429112,18192,410920
12960,1.9290123456790123,429112,18192,410920
12961,1.9288635136177763,429112,18192,410920
12962,1.9287147045209072,429075,18192,410883
12963,1.9285659183830903,429075,18192,410883
12964,1.9284171551990126,429075,18192,410883
12965,1.9282684149633629,429075,18192,410883
12966,1.9281196976708315,429075,18192,410883
12967,1.9279710033161102,428764,18176,410588
12968,1.9278223318938927,428746,18176,410570
12969,1.9276736833988743,428693,18176,410517
12970,1.9275250578257517,428693,18176,410517
12971,1.9273764551692236,428693,18176,410517
12972,1.9272278754239902,428693,18176,410517
12973,1.927079318584753,428693,18176,410517
12974,1.9269307846462156,428693,18176,410517
12975,1.9267822736030829,428693,18176,410517
12976,1.9266337854500617,428693,18176,410517
12977,1.9264853201818601,428693,18176,410517
12978,1.9263368777931884,428693,18176,410517
12979,1.926188458278758,428693,18176,410517
12980,1.926040061633282,428693,18176,410517
12981,1.9258916878514751,428693,18176,410517
12982,1.9257433369280543,428693,18176,410517
12983,1.925595008857737,428693,18176,410517
12984,1.9254467036352434,428693,18176,410517
12985,1.9252984212552946,428693,18176,410517
12986,1.9251501617126137,428693,18176,410517
12987,1.925001925001925,428693,18176,410517
12988,1.9248537111179551,428693,18176,410517
12989,1.9247055200554315,428693,18176,410517
12990,1.924557351809084,428693,18176,410517
12991,1.9244092063736433,428693,18176,410517
12992,1.9242610837438423,428693,18176,410517
12993,1.9241129839144155,428693,18176,410517
12994,1.9239649068800986,428693,18176,410517
12995,1.9238168526356292,428693,18176,410517
12996,1.9236688211757464,428693,18176,410517
12997,1.9235208124951912,428359,18176,410183
12998,1.923372826588706,428359,18176,410183
12999,1.9232248634510347,428359,18176,410183
13000,1.9230769230769231,428359,18176,410183
13001,1.9229290054611183,428359,18176,410183
13002,1.9227811105983694,428359,18176,410183
13003,1.9226332384834268,428359,18176,410183
13004,1.9224853891110427,428359,18176,410183
13005,1.9223375624759709,428359,18176,410183
13006,1.9221897585729664,428359,18176,410183
13007,1.9220419773967863,428359,18176,410183
13008,1.9218942189421895,428359,18176,410183
13009,1.9217464832039357,428359,18176,410183
13010,1.9215987701767872,428359,18176,410183
13011,1.921451079855507,428359,18176,410183
13012,1.9213034122348602,428359,18176,410183
13013,1.9211557673096136,428359,18176,410183
13014,1.921008145074535,427973,18465,409508
13015,1.920860545524395,427973,18465,409508
13016,1.9207129686539643,427973,18465,409508
13017,1.9205654144580164,427973,18465,409508
13018,1.9204178829313259,427973,18465,409508
13019,1.9202703740686689,427973,18465,409508
13020,1.9201228878648233,427973,18465,409508
13021,1.9199754243145688,427973,18465,409508
13022,1.9198279834126861,427973,18465,409508
13023,1.9196805651539584,427973,18465,409508
13024,1.9195331695331694,427973,18465,409508
13025,1.9193857965451055,427973,18465,409508
13026,1.919238446184554,427973,18465,409508
13027,1.9190911184463038,427973,18465,409508
13028,1.9189438133251457,427973,18465,409508
13029,1.9187965308158723,427973,18465,409508
13030,1.918649270913277,427973,18465,409508
13031,1.9185020336121557,427933,18465,409468
13032,1.9183548189073052,427933,18465,409468
13033,1.9182076267935242,427933,18465,409468
13034,1.918060457265613,427933,18465,409468
13035,1.9179133103183736,427933,18465,409468
13036,1.9177661859466093,427933,18465,409468
13037,1.9176190841451255,427933,18465,409468
13038,1.9174720049087284,427933,18465,409468
13039,1.9173249482322263,427933,18465,409468
13040,1.9171779141104295,427933,18465,409468
13041,1.917030902538149,427933,18465,409468
13042,1.9168839135101978,427575,18465,409110
13043,1.9167369470213909,427575,18465,409110
13044,1.916590003066544,427575,18465,409110
13045,1.9164430816404754,427575,18465,409110
13046,1.916296182738004,427575,18465,409110
13047,1.9161493063539512,427575,18465,409110
13048,1.9160024524831392,427575,18465,409110
13049,1.9158556211203923,427575,18465,409110
13050,1.9157088122605364,427575,18465,409110
13051,1.9155620258983985,427575,18465,409110
13052,1.9154152620288079,427575,18465,409110
13053,1.9152685206465947,427575,18465,409110
13054,1.9151218017465912,427575,18465,409110
13055,1.9149751053236308,427575,18465,409110
13056,1.914828431372549,427575,18465,409110
13057,1.9146817798881826,427575,18465,409110
13058,1.9145351508653699,427575,18465,409110
13059,1.914388544298951,427575,18465,409110
13060,1.9142419601837672,427575,18465,409110
13061,1.914095398514662,427575,18465,409110
13062,1.91394885928648,427575,18465,409110
13063,1.913802342494067,427575,18465,409110
13064,1.9136558481322719,427560,18465,409095
13065,1.9135093761959434,427560,18465,409095
13066,1.9133629266799326,427560,18465,409095
13067,1.9132164995790923,427560,18465,409095
13068,1.9130700948882766,427560,18465,409095
13069,1.9129237126023415,427560,18465,409095
13070,1.9127773527161438,427560,18465,409095
13071,1.912631015224543,427560,18465,409095
13072,1.912484700122399,427560,18465,409095
13073,1.9123384074045744,427560,18465,409095
13074,1.9121921370659325,427560,18465,409095
13075,1.9120458891013383,427560,18465,409095
13076,1.9118996635056593,427560,18465,409095
13077,1.9117534602737631,427560,18465,409095
13078,1.9116072794005199,427560,18465,409095
13079,1.9114611208808012,427560,18465,409095
13080,1.9113149847094801,427560,18465,409095
13081,1.9111688708814312,427560,18465,409095
13082,1.9110227793915304,427560,18465,409095
13083,1.9108767102346556,427560,18465,409095
13084,1.9107306634056864,427560,18465,409095
13085,1.9105846388995031,427560,18465,409095
13086,1.910438636710989,427560,18465,409095
13087,1.9102926568350271,427560,18465,409095
13088,1.9101466992665037,427560,18465,409095
13089,1.9100007640003056,427560,18465,409095
13090,1.9098548510313216,427401,18465,408936
13091,1.909708960354442,427401,18465,408936
13092,1.9095630919645585,427401,18465,408936
13093,1.9094172458565646,427401,18465,408936
13094,1.909271422025355,427401,18465,408936
13095,1.9091256204658267,427401,18465,408936
13096,1.9089798411728771,427401,18465,408936
13097,1.9088340841414064,427401,18465,408936
13098,1.9086883493663154,427401,18465,408936
13099,1.9085426368425071,427401,18465,408936
13100,1.9083969465648856,427401,18465,408936
13101,1.9082512785283565,427401,18465,408936
13102,1.9081056327278278,427401,18465,408936
13103,1.907960009158208,427401,18465,408936
13104,1.907814407814408,427401,18465,408936
13105,1.9076688286913392,427401,18465,408936
13106,1.9075232717839157,426483,18460,408023
13107,1.9073777370870528,426398,18456,407942
13108,1.9072322245956668,426398,18456,407942
13109,1.9070867343046762,426338,18456,407882
13110,1.9069412662090008,425715,18456,407259
13111,1.906795820303562,425715,18456,407259
13112,1.9066503965832824,425715,18456,407259
13113,1.906504995043087,425715,18456,407259
13114,1.9063596156779015,425715,18456,407259
13115,1.9062142584826534,425715,18456,407259
13116,1.906068923452272,425715,18456,407259
13117,1.905923610581688,425715,18456,407259
13118,1.9057783198658331,425715,18456,407259
13119,1.9056330512996418,425715,18456,407259
13120,1.9054878048780488,425715,18456,407259
13121,1.9053425805959912,425715,18456,407259
13122,1.9051973784484073,425715,18456,407259
13123,1.905052198430237,425715,18456,407259
13124,1.904907040536422,425715,18456,407259
13125,1.9047619047619047,425715,18456,407259
13126,1.9046167911016303,425715,18456,407259
13127,1.9044716995505446,425715,18456,407259
13128,1.9043266301035953,425715,18456,407259
13129,1.9041815827557316,425715,18456,407259
13130,1.904036557501904,425715,18456,407259
13131,1.903891554337065,425715,18456,407259
13132,1.903746573256168,425715,18456,407259
13133,1.903601614254169,425715,18456,407259
13134,1.903456677326024,425715,18456,407259
13135,1.903311762466692,425715,18456,407259
13136,1.9031668696711328,425715,18456,407259
13137,1.9030219989343078,425159,18456,406703
13138,1.9028771502511799,425159,18456,406703
13139,1.9027323236167135,425159,18456,406703
13140,1.9025875190258752,425159,18456,406703
13141,1.902442736473632,425159,18456,406703
13142,1.9022979759549536,425159,18456,406703
13143,1.9021532374648102,425159,18456,406703
13144,1.902008520998174,425159,18456,406703
13145,1.901863826550019,425159,18456,406703
13146,1.9017191541153202,425159,18456,406703
13147,1.9015745036890546,425159,18456,406703
13148,1.9014298752662002,425159,18456,406703
13149,1.901285268841737,425159,18456,406703
13150,1.9011406844106464,425159,18456,406703
13151,1.9009961219679112,425159,18456,406703
13152,1.9008515815085159,425159,18456,406703
13153,1.9007070630274463,425159,18456,406703
13154,1.90056256651969,425159,18456,406703
13155,1.9004180919802356,425159,18456,406703
13156,1.9002736394040742,425159,18456,406703
13157,1.9001292087861974,424819,18136,406683
13158,1.899984800121599,424819,18136,406683
13159,1.899840413405274,424819,18136,406683
13160,1.8996960486322187,424819,18136,406683
13161,1.8995517057974318,424819,18136,406683
13162,1.8994073848959125,424819,18136,406683
13163,1.899263085922662,424819,18136,406683
13164,1.8991188088726831,424819,18136,406683
13165,1.89897455374098,424819,18136,406683
13166,1.898830320522558,424819,18136,406683
13167,1.898686109212425,424819,18136,406683
13168,1.8985419198055893,424819,18136,406683
13169,1.8983977522970612,424819,18136,406683
13170,1.8982536066818527,424619,18136,406483
13171,1.898109482954977,424467,18168,406299
13172,1.8979653811114485,424467,18168,406299
13173,1.8978213011462841,424467,18168,406299
13174,1.8976772430545013,424404,18003,406401
13175,1.8975332068311195,424404,18003,406401
13176,1.8973891924711597,423961,18003,405958
13177,1.897245199969644,423961,18003,405958
13178,1.8971012293215965,423930,18003,405927
13179,1.8969572805220427,423930,18003,405927
13180,1.896813353566009,423930,18003,405927
13181,1.8966694484485245,423930,18003,405927
13182,1.8965255651646185,423857,18003,405854
13183,1.8963817037093227,423857,18003,405854
13184,1.8962378640776698,423857,18003,405854
13185,1.8960940462646947,423857,18003,405854
13186,1.895950250265433,423857,18003,405854
13187,1.8958064760749223,423857,18003,405854
13188,1.8956627236882013,423857,18003,405854
13189,1.895518993100311,423857,18003,405854
13190,1.8953752843062925,423857,18003,405854
13191,1.8952315973011902,423857,18003,405854
13192,1.8950879320800484,423857,18003,405854
13193,1.894944288637914,423857,18003,405854
13194,1.8948006669698347,423857,18003,405854
13195,1.8946570670708602,423857,18003,405854
13196,1.8945134889360413,423857,18003,405854
13197,1.8943699325604304,423857,18003,405854
13198,1.8942263979390817,423857,18003,405854
13199,1.8940828850670506,423857,18003,405854
13200,1.893939393939394,423857,18003,405854
13201,1.8937959245511704,423485,18003,405482
13202,1.8936524768974399,423485,18003,405482
13203,1.8935090509732637,423485,18003,405482
13204,1.893365646773705,423435,18003,405432
13205,1.8932222642938281,423435,18003,405432
13206,1.893078903528699,423435,18003,405432
13207,1.8929355644733854,423435,18003,405432
13208,1.8927922471229557,423435,18003,405432
13209,1.892648951472481,423435,18003,405432
13210,1.8925056775170326,423435,18003,405432
13211,1.8923624252516842,423435,18003,405432
13212,1.8922191946715108,423435,18003,405432
13213,1.8920759857715885,423435,18003,405432
13214,1.8919327985469956,423435,18003,405432
13215,1.8917896329928112,423347,18003,405344
13216,1.8916464891041163,423347,18003,405344
13217,1.891503366875993,423347,18003,405344
13218,1.8913602663035256,423347,18003,405344
13219,1.891217187381799,423347,18003,405344
13220,1.8910741301059002,423347,18003,405344
13221,1.8909310944709175,423347,18003,405344
13222,1.8907880804719408,423347,18003,405344
13223,1.890645088104061,423347,18003,405344
13224,1.8905021173623715,423347,18003,405344
13225,1.890359168241966,423347,18003,405344
13226,1.8902162407379404,423347,18003,405344
13227,1.890073334845392,423347,18003,405344
13228,1.8899304505594194,423347,18003,405344
13229,1.889787587875123,423347,18003,405344
13230,1.8896447467876039,423196,18003,405193
13231,1.8895019272919658,423196,18003,405193
13232,1.8893591293833132,423196,18003,405193
13233,1.889216353056752,423196,18003,405193
13234,1.88907359830739,423196,18003,405193
13235,1.8889308651303363,423196,18003,405193
13236,1.8887881535207012,423196,18003,405193
13237,1.8886454634735967,423196,18003,405193
13238,1.8885027949841366,423196,18003,405193
13239,1.8883601480474357,423196,18003,405193
13240,1.8882175226586102,423196,18003,405193
13241,1.8880749188127786,423196,18003,405193
13242,1.8879323365050598,423196,18003,405193
13243,1.8877897757305746,423196,18003,405193
13244,1.8876472364844459,423196,18003,405193
13245,1.8875047187617968,423196,18003,405193
13246,1.8873622225577533,423196,18003,405193
13247,1.8872197478674417,423196,18003,405193
13248,1.8870772946859904,423196,18003,405193
13249,1.886934863008529,423196,18003,405193
13250,1.8867924528301887,423196,18003,405193
13251,1.8866500641461021,423196,18003,405193
13252,1.8865076969514036,423196,18003,405193
13253,1.8863653512412284,423196,18003,405193
13254,1.8862230270107136,423196,18003,405193
13255,1.8860807242549982,423196,18003,405193
13256,1.8859384429692214,423196,18003,405193
13257,1.8857961831485253,423196,18003,405193
13258,1.8856539447880525,423196,18003,405193
13259,1.8855117278829474,423196,18003,405193
13260,1.885369532428356,423196,18003,405193
13261,1.8852273584194255,422619,18021,404598
13262,1.8850852058513046,422619,18021,404598
13263,1.8849430747191436,422619,18021,404598
13264,1.8848009650180941,422619,18021,404598
13265,1.8846588767433095,422619,18021,404598
13266,1.8845168098899443,422619,18021,404598
13267,1.8843747644531545,422619,18021,404598
13268,1.8842327404280976,422619,18021,404598
13269,1.884090737809933,422619,18021,404598
13270,1.8839487565938207,422619,18021,404598
13271,1.8838067967749228,422619,18021,404598
13272,1.8836648583484026,422619,18021,404598
13273,1.8835229413094252,422619,18021,404598
13274,1.8833810456531566,422619,18021,404598
13275,1.8832391713747645,422619,18021,404598
13276,1.8830973184694184,422619,18021,404598
13277,1.8829554869322889,422516,17765,404751
13278,1.882813676758548,422516,17765,404751
13279,1.8826718879433693,422427,17765,404662
13280,1.8825301204819278,422427,17765,404662
13281,1.8823883743693999,422427,17765,404662
13282,1.8822466496009638,422427,17765,404662
13283,1.8821049461717985,422427,17765,404662
13284,1.8819632640770851,422231,17749,404482
13285,1.881821603312006,422231,17749,404482
13286,1.8816799638717447,422231,17749,404482
13287,1.8815383457514865,422231,17749,404482
13288,1.8813967489464178,422231,17749,404482
13289,1.881255173451727,422231,17749,404482
13290,1.8811136192626035,422231,17749,404482
13291,1.8809720863742383,422231,17749,404482
13292,1.8808305747818237,422231,17749,404482
13293,1.8806890844805537,422231,17749,404482
13294,1.8805476154656235,422231,17749,404482
13295,1.8804061677322301,422231,17749,404482
13296,1.8802647412755715,422231,17749,404482
13297,1.8801233360908476,422231,17749,404482
13298,1.879981952173259,422231,17749,404482
13299,1.8798405895180088,422231,17749,404482
13300,1.8796992481203008,422231,17749,404482
13301,1.8795579279753403,422231,17749,404482
13302,1.879416629078334,422231,17749,404482
13303,1.8792753514244906,422231,17749,404482
13304,1.8791340950090198,422231,17749,404482
13305,1.8789928598271326,422231,17749,404482
13306,1.8788516458740419,422231,17749,404482
13307,1.8787104531449612,422231,17749,404482
13308,1.8785692816351067,422231,17749,404482
13309,1.8784281313396949,422231,17749,404482
13310,1.8782870022539444,422231,17749,404482
13311,1.8781458943730749,420913,17745,403168
13312,1.8780048076923077,420913,17745,403168
13313,1.8778637422068654,420913,17745,403168
13314,1.8777226979119723,420913,17745,403168
13315,1.877581674802854,420913,17745,403168
13316,1.8774406728747373,420913,17745,403168
13317,1.8772996921228504,420913,17745,403168
13318,1.8771587325424237,420913,17745,403168
13319,1.8770177941286883,420913,17745,403168
13320,1.8768768768768769,420913,17745,403168
13321,1.8767359807822235,420913,17745,403168
13322,1.876595105839964,420913,17745,403168
13323,1.8764542520453351,420913,17745,403168
13324,1.8763134193935755,420913,17745,403168
13325,1.876172607879925,420913,17745,403168
13326,1.8760318174996249,420913,17745,403168
13327,1.8758910482479179,420913,17745,403168
13328,1.875750300120048,420913,17745,403168
13329,1.8756095731112612,420828,17745,403083
13330,1.8754688672168043,420828,17745,403083
13331,1.8753281824319257,420788,17745,403043
13332,1.8751875187518752,420788,17745,403043
13333,1.8750468761719044,420788,17745,403043
13334,1.8749062546872657,420788,17745,403043
13335,1.8747656542932134,420788,17745,403043
13336,1.874625074985003,420788,17745,403043
13337,1.8744845167578916,420788,17745,403043
13338,1.8743439796071375,420721,17745,402976
13339,1.8742034635280005,420721,17745,402976
13340,1.8740629685157422,420721,17745,402976
13341,1.8739224945656248,420721,17745,402976
13342,1.8737820416729125,420721,17745,402976
13343,1.8736416098328712,420721,17745,402976
13344,1.8735011990407673,420721,17745,402976
13345,1.8733608092918697,420721,17745,402976
13346,1.8732204405814477,420721,17745,402976
13347,1.8730800929047726,420721,17745,402976
13348,1.8729397662571172,420721,17745,402976
13349,1.8727994606337552,420721,17745,402976
13350,1.8726591760299625,420721,17745,402976
13351,1.8725189124410158,420721,17745,402976
13352,1.872378669862193,420721,17745,402976
13353,1.872238448288774,420308,17745,402563
13354,1.8720982477160402,420308,17745,402563
13355,1.8719580681392738,420308,17745,402563
13356,1.8718179095537586,420308,17745,402563
13357,1.8716777719547804,420308,17745,402563
13358,1.8715376553376253,420294,17714,402580
13359,1.8713975596975823,420294,17714,402580
13360,1.8712574850299402,420294,17714,402580
13361,1.8711174313299903,420294,17714,402580
13362,1.870977398593025,419172,17934,401238
13363,1.8708373868143382,419172,17934,401238
13364,1.8706973959892248,419172,17934,401238
13365,1.8705574261129816,419172,17934,401238
13366,1.8704174771809068,419172,17934,401238
13367,1.8702775491882995,419172,17934,401238
13368,1.8701376421304607,419172,17934,401238
13369,1.8699977560026928,419075,17934,401141
13370,1.8698578908002992,419075,17934,401141
13371,1.869718046518585,419075,17934,401141
13372,1.8695782231528568,419075,17934,401141
13373,1.8694384206984223,419075,17934,401141
13374,1.8692986391505908,419075,17934,401141
13375,1.8691588785046729,419075,17934,401141
13376,1.869019138755981,419075,17934,401141
13377,1.868879419899828,419075,17934,401141
13378,1.8687397219315294,419075,17934,401141
13379,1.868600044846401,419075,17934,401141
13380,1.8684603886397608,419075,17934,401141
13381,1.8683207533069277,419075,17934,401141
13382,1.8681811388432223,419075,17934,401141
13383,1.8680415452439663,419075,17934,401141
13384,1.867901972504483,419075,17934,401141
13385,1.8677624206200971,419075,17934,401141
13386,1.8676228895861349,419075,17934,401141
13387,1.8674833793979233,419075,17934,401141
13388,1.8673438900507917,419075,17934,401141
13389,1.8672044215400703,418801,17934,400867
13390,1.8670649738610903,418801,17934,400867
13391,1.8669255470091852,418801,17934,400867
13392,1.8667861409796893,418801,17934,400867
13393,1.8666467557679385,418801,17934,400867
13394,1.8665073913692698,418364,17904,400460
13395,1.866368047779022,418364,17904,400460
13396,1.8662287249925351,418364,17904,400460
13397,1.8660894230051503,418364,17904,400460
13398,1.8659501418122109,418364,17904,400460
13399,1.8658108814090604,418364,17904,400460
13400,1.8656716417910448,418364,17904,400460
13401,1.8655324229535108,418364,17904,400460
13402,1.8653932248918073,418364,17904,400460
13403,1.8652540476012833,418364,17904,400460
13404,1.8651148910772903,418364,17904,400460
13405,1.864975755315181,418364,17904,400460
13406,1.8648366403103087,418364,17904,400460
13407,1.8646975460580293,418364,17904,400460
13408,1.8645584725536992,418274,17903,400371
13409,1.8644194197926767,418274,17903,400371
13410,1.8642803877703207,418274,17903,400371
13411,1.8641413764819923,418274,17903,400371
13412,1.864002385923054,418274,17903,400371
13413,1.863863416088869,418274,17903,400371
13414,1.8637244669748025,418274,17903,400371
13415,1.8635855385762206,418274,17903,400371
13416,1.8634466308884914,418274,17903,400371
13417,1.8633077439069836,418274,17903,400371
13418,1.863168877627068,418274,17903,400371
13419,1.8630300320441167,418274,17903,400371
13420,1.8628912071535022,418274,17903,400371
13421,1.8627524029505997,418274,17903,400371
13422,1.8626136194307852,418274,17903,400371
13423,1.862474856589436,418274,17903,400371
13424,1.8623361144219308,418179,17903,400276
13425,1.86219739292365,418179,17903,400276
13426,1.8620586920899747,418179,17903,400276
13427,1.861920011916288,418179,17903,400276
13428,1.8617813523979745,417309,17903,399406
13429,1.8616427135304192,417309,17903,399406
13430,1.8615040953090096,417309,17903,399406
13431,1.861365497729134,417309,17903,399406
13432,1.8612269207861822,417309,17903,399406
13433,1.8610883644755454,417309,17903,399406
13434,1.8609498287926158,417309,17903,399406
13435,1.8608113137327875,417309,17903,399406
13436,1.860672819291456,417229,17903,399326
13437,1.8605343454640173,417229,17903,399326
13438,1.8603958922458699,417229,17903,399326
13439,1.860257459632413,417229,17903,399326
13440,1.8601190476190477,417229,17903,399326
13441,1.8599806562011756,417229,17903,399326
13442,1.8598422853742003,417229,17903,399326
13443,1.8597039351335267,417229,17903,399326
13444,1.859565605474561,417179,17903,399276
13445,1.859427296392711,417179,17903,399276
13446,1.8592890078833855,417179,17903,399276
13447,1.8591507399419944,417179,17903,399276
13448,1.85901249256395,417179,17903,399276
13449,1.858874265744665,417179,17903,399276
13450,1.858736059479554,417179,17903,399276
13451,1.8585978737640325,417179,17903,399276
13452,1.8584597085935177,417179,17903,399276
13453,1.8583215639634283,416727,17903,398824
13454,1.8581834398691839,416727,17903,398824
13455,1.858045336306206,416727,17903,398824
13456,1.8579072532699168,416727,17903,398824
13457,1.8577691907557405,416727,17903,398824
13458,1.8576311487591024,416727,17903,398824
13459,1.8574931272754291,416727,17903,398824
13460,1.8573551263001487,416727,17903,398824
13461,1.8572171458286904,416727,17903,398824
13462,1.857079185856485,416727,17903,398824
13463,1.8569412463789645,416727,17903,398824
13464,1.8568033273915627,416727,17903,398824
13465,1.856665428889714,416727,17903,398824
13466,1.8565275508688548,416727,17903,398824
13467,1.8563896933244226,416677,17903,398774
13468,1.8562518562518562,416064,17903,398161
13469,1.8561140396465958,416064,17903,398161
13470,1.8559762435040832,416064,17903,398161
13471,1.855838467819761,416064,17903,398161
13472,1.8557007125890737,416064,17903,398161
13473,1.8555629778074667,416064,17903,398161
13474,1.8554252634703874,416064,17903,398161
13475,1.8552875695732838,416064,17903,398161
13476,1.8551498961116057,416064,17903,398161
13477,1.8550122430808043,416064,17903,398161
13478,1.8548746104763318,416064,17903,398161
13479,1.854736998293642,416064,17903,398161
13480,1.8545994065281899,416064,17903,398161
13481,1.854461835175432,416064,17903,398161
13482,1.8543242842308263,416064,17903,398161
13483,1.8541867536898315,416064,17903,398161
13484,1.8540492435479086,416064,17903,398161
13485,1.8539117538005192,416064,17903,398161
13486,1.8537742844431262,416064,17903,398161
13487,1.8536368354711945,416064,17903,398161
13488,1.8534994068801898,416064,17903,398161
13489,1.8533619986655794,416064,17903,398161
13490,1.8532246108228316,416064,17903,398161
13491,1.8530872433474168,416064,17903,398161
13492,1.8529498962348059,416064,17903,398161
13493,1.8528125694804713,416064,17903,398161
13494,1.8526752630798873,416064,17903,398161
13495,1.852537977028529,416064,17903,398161
13496,1.8524007113218732,416064,17903,398161
13497,1.8522634659553976,416064,17903,398161
13498,1.8521262409245813,416064,17903,398161
13499,1.8519890362249056,416064,17903,398161
13500,1.8518518518518519,416064,17903,398161
13501,1.8517146878009036,416064,17903,398161
13502,1.8515775440675455,416064,17903,398161
13503,1.8514404206472637,416064,17903,398161
13504,1.8513033175355451,416064,17903,398161
13505,1.8511662347278786,416064,17903,398161
13506,1.8510291722197543,416064,17903,398161
13507,1.8508921300066632,416064,17903,398161
13508,1.8507551080840983,415769,17903,397866
13509,1.8506181064475535,415769,17903,397866
13510,1.8504811250925242,415769,17903,397866
13511,1.8503441640145066,415769,17903,397866
13512,1.8502072232089994,415769,17903,397866
13513,1.8500703026715015,415769,17903,397866
13514,1.8499334023975136,415769,17903,397866
13515,1.8497965223825379,415769,17903,397866
13516,1.8496596626220776,415769,17903,397866
13517,1.8495228231116372,415769,17903,397866
13518,1.849386003846723,415769,17903,397866
13519,1.849249204822842,415769,17903,397866
13520,1.849112426035503,415769,17903,397866
13521,1.848975667480216,415769,17903,397866
13522,1.8488389291524923,415769,17903,397866
13523,1.8487022110478444,415769,17903,397866
13524,1.8485655131617864,415769,17903,397866
13525,1.8484288354898337,415769,17903,397866
13526,1.8482921780275026,415769,17903,397866
13527,1.8481555407703112,415769,17903,397866
13528,1.8480189237137787,415769,17903,397866
13529,1.847882326853426,415769,17903,397866
13530,1.8477457501847745,415769,17903,397866
13531,1.8476091937033479,415769,17903,397866
13532,1.8474726574046705,415769,17903,397866
13533,1.8473361412842682,415769,17903,397866
13534,1.847199645337668,415769,17903,397866
13535,1.847063169560399,415769,17903,397866
13536,1.8469267139479906,415769,17903,397866
13537,1.846790278495974,415769,17903,397866
13538,1.846653863199882,415769,17903,397866
13539,1.8465174680552479,415769,17903,397866
13540,1.846381093057607,415769,17903,397866
13541,1.846244738202496,415769,17903,397866
13542,1.8461084034854527,415769,17903,397866
13543,1.8459720889020157,415769,17903,397866
13544,1.845835794447726,415769,17903,397866
13545,1.8456995201181248,415769,17903,397866
13546,1.8455632659087553,415769,17903,397866
13547,1.845427031815162,415769,17903,397866
13548,1.8452908178328904,415769,17903,397866
13549,1.8451546239574876,415769,17903,397866
13550,1.845018450184502,415769,17903,397866
13551,1.8448822965094827,415769,17903,397866
13552,1.844746162927981,415769,17903,397866
13553,1.8446100494355493,415769,17903,397866
13554,1.8444739560277408,415769,17903,397866
13555,1.8443378827001107,415769,17903,397866
13556,1.8442018294482148,415603,17903,397700
13557,1.8440657962676108,415382,17903,397479
13558,1.8439297831538575,415382,17903,397479
13559,1.843793790102515,415382,17903,397479
13560,1.8436578171091444,415382,17903,397479
13561,1.843521864169309,415382,17903,397479
13562,1.8433859312785725,415237,17932,397305
13563,1.8432500184325002,415237,17932,397305
13564,1.8431141256266588,415237,17932,397305
13565,1.8429782528566163,415237,17932,397305
13566,1.842842400117942,415237,17932,397305
13567,1.8427065674062062,415237,17932,397305
13568,1.8425707547169812,415237,17932,397305
13569,1.8424349620458398,415237,17932,397305
13570,1.8422991893883567,415237,17932,397305
13571,1.8421634367401076,415237,17932,397305
13572,1.8420277040966697,415237,17932,397305
13573,1.8418919914536211,415237,17932,397305
13574,1.841756298806542,415237,17932,397305
13575,1.8416206261510129,415237,17932,397305
13576,1.8414849734826164,415237,17932,397305
13577,1.841349340796936,415237,17932,397305
13578,1.8412137280895566,415237,17932,397305
13579,1.8410781353560646,415237,17932,397305
13580,1.840942562592047,415237,17932,397305
13581,1.8408070097930933,415237,17932,397305
13582,1.8406714769547932,415237,17932,397305
13583,1.840535964072738,415237,17932,397305
13584,1.8404004711425206,415237,17932,397305
13585,1.840264998159735,415237,17932,397305
13586,1.8401295451199764,415237,17932,397305
13587,1.8399941120188414,415237,17932,397305
13588,1.839858698851928,415237,17932,397305
13589,1.8397233056148354,415237,17932,397305
13590,1.839587932303164,415237,17932,397305
13591,1.8394525789125156,415237,17932,397305
13592,1.8393172454384932,415237,17932,397305
13593,1.8391819318767013,415237,17932,397305
13594,1.8390466382227453,415237,17932,397305
13595,1.8389113644722324,415237,17932,397305
13596,1.8387761106207707,415237,17932,397305
13597,1.83864087666397,415237,17932,397305
13598,1.8385056625974407,415237,17932,397305
13599,1.8383704684167954,415237,17932,397305
13600,1.838235294117647,415237,17932,397305
13601,1.8381001396956107,415237,17932,397305
13602,1.8379650051463021,415237,17932,397305
13603,1.8378298904653385,415237,17932,397305
13604,1.8376947956483387,415237,17932,397305
13605,1.8375597206909224,415237,17932,397305
13606,1.8374246655887108,415237,17932,397305
13607,1.8372896303373263,415237,17932,397305
13608,1.8371546149323927,415237,17932,397305
13609,1.837019619369535,415237,17932,397305
13610,1.836884643644379,415237,17932,397305
13611,1.836749687752553,415237,17932,397305
13612,1.8366147516896856,415237,17932,397305
13613,1.8364798354514067,415237,17932,397305
13614,1.836344939033348,415237,17932,397305
13615,1.8362100624311422,415237,17932,397305
13616,1.836075205640423,414677,17800,396877
13617,1.835940368656826,414677,17800,396877
13618,1.8358055514759877,414677,17800,396877
13619,1.8356707540935457,414677,17800,396877
13620,1.8355359765051396,414677,17800,396877
13621,1.8354012187064093,414677,17800,396877
13622,1.8352664806929966,414677,17800,396877
13623,1.8351317624605448,414677,17800,396877
13624,1.8349970640046975,414677,17800,396877
13625,1.834862385321101,414677,17800,396877
13626,1.8347277264054014,414677,17800,396877
13627,1.8345930872532472,414677,17800,396877
13628,1.8344584678602875,414677,17800,396877
13629,1.8343238682221734,414682,17800,396882
13630,1.834189288334556,414682,17800,396882
13631,1.8340547281930892,414682,17800,396882
13632,1.8339201877934272,414682,17800,396882
13633,1.8337856671312256,414682,17800,396882
13634,1.8336511662021417,414682,17800,396882
13635,1.8335166850018336,414682,17800,396882
13636,1.8333822235259607,414682,17800,396882
13637,1.833247781770184,414682,17800,396882
13638,1.8331133597301656,414682,17800,396882
13639,1.8329789574015691,414682,17800,396882
13640,1.8328445747800586,414682,17800,396882
13641,1.8327102118613006,414682,17800,396882
13642,1.8325758686409617,414682,17800,396882
13643,1.832441545114711,414682,17800,396882
13644,1.8323072412782175,414682,17800,396882
13645,1.8321729571271528,414682,17800,396882
13646,1.832038692657189,414682,17800,396882
13647,1.8319044478639994,414682,17800,396882
13648,1.831770222743259,414682,17800,396882
13649,1.831636017290644,414682,17800,396882
13650,1.8315018315018314,414682,17800,396882
13651,1.8313676653725002,414682,17800,396882
13652,1.83123351889833,414682,17800,396882
13653,1.8310993920750018,414682,17800,396882
13654,1.8309652848981983,414682,17800,396882
13655,1.8308311973636031,414682,17800,396882
13656,1.830697129466901,414682,17800,396882
13657,1.8305630812037783,414682,17800,396882
13658,1.8304290525699225,414682,17800,396882
13659,1.8302950435610221,414682,17800,396882
13660,1.8301610541727673,414682,17800,396882
13661,1.830027084400849,414682,17800,396882
13662,1.8298931342409603,414682,17800,396882
13663,1.8297592036887946,414682,17800,396882
13664,1.829625292740047,414682,17800,396882
13665,1.8294914013904136,414682,17800,396882
13666,1.829357529635592,414682,17800,396882
13667,1.8292236774712811,414682,17800,396882
13668,1.8290898448931812,414682,17800,396882
13669,1.8289560318969933,414682,17800,396882
13670,1.8288222384784198,414682,17800,396882
13671,1.8286884646331651,414682,17800,396882
13672,1.828554710356934,414682,17800,396882
13673,1.8284209756454326,414682,17800,396882
13674,1.828287260494369,414682,17800,396882
13675,1.8281535648994516,414682,17800,396882
13676,1.8280198888563908,414682,17800,396882
13677,1.8278862323608978,414682,17800,396882
13678,1.8277525954086855,414682,17800,396882
13679,1.8276189779954675,414682,17800,396882
13680,1.827485380116959,414682,17800,396882
13681,1.8273518017688766,414682,17800,396882
13682,1.8272182429469377,414682,17800,396882
13683,1.8270847036468612,414682,17800,396882
13684,1.826951183864367,414682,17800,396882
13685,1.8268176835951773,414682,17800,396882
13686,1.8266842028350139,414682,17800,396882
13687,1.8265507415796012,414682,17800,396882
13688,1.826417299824664,414682,17800,396882
13689,1.826283877565929,414682,17800,396882
13690,1.8261504747991235,414682,17800,396882
13691,1.8260170915199767,414682,17800,396882
13692,1.8258837277242186,414682,17800,396882
13693,1.8257503834075806,414682,17800,396882
13694,1.8256170585657951,414682,17800,396882
13695,1.8254837531945967,414682,17800,396882
13696,1.8253504672897196,414682,17800,396882
13697,1.8252172008469008,414682,17800,396882
13698,1.8250839538618777,414682,17800,396882
13699,1.824950726330389,414682,17800,396882
13700,1.8248175182481752,414682,17800,396882
13701,1.8246843296109774,414682,17800,396882
13702,1.8245511604145381,414682,17800,396882
13703,1.824418010654601,414682,17800,396882
13704,1.8242848803269118,414682,17800,396882
13705,1.8241517694272162,414682,17800,396882
13706,1.8240186779512622,414682,17800,396882
13707,1.8238856058947983,414682,17800,396882
13708,1.8237525532535745,414682,17800,396882
13709,1.8236195200233423,414682,17800,396882
13710,1.8234865061998542,414682,17800,396882
13711,1.8233535117788637,414682,17800,396882
13712,1.823220536756126,414682,17800,396882
13713,1.8230875811273974,414682,17800,396882
13714,1.8229546448884353,414682,17800,396882
13715,1.822821728034998,414682,17800,396882
13716,1.8226888305628464,414682,17800,396882
13717,1.8225559524677408,414682,17800,396882
13718,1.822423093745444,414682,17800,396882
13719,1.8222902543917194,414682,17800,396882
13720,1.8221574344023324,414682,17800,396882
13721,1.8220246337730486,414682,17800,396882
13722,1.8218918524996357,414682,17800,396882
13723,1.821759090577862,414682,17800,396882
13724,1.8216263480034975,414682,17800,396882
13725,1.8214936247723132,414682,17800,396882
13726,1.8213609208800816,414682,17800,396882
13727,1.821228236322576,414682,17800,396882
13728,1.8210955710955712,414682,17800,396882
13729,1.820962925194843,414369,17800,396569
13730,1.820830298616169,414369,17800,396569
13731,1.8206976913553274,414369,17800,396569
13732,1.8205651034080979,414369,17800,396569
13733,1.8204325347702615,414369,17800,396569
13734,1.8202999854376,414369,17800,396569
13735,1.8201674554058973,414369,17800,396569
13736,1.8200349446709376,414369,17800,396569
13737,1.8199024532285069,414369,17800,396569
13738,1.8197699810743921,414369,17800,396569
13739,1.8196375282043817,414369,17800,396569
13740,1.819505094614265,414369,17800,396569
13741,1.8193726802998327,414369,17800,396569
13742,1.8192402852568768,414369,17800,396569
13743,1.8191079094811904,414369,17800,396569
13744,1.818975552968568,414369,17800,396569
13745,1.8188432157148053,414369,17800,396569
13746,1.8187108977156992,414369,17800,396569
13747,1.8185785989670473,414369,17800,396569
13748,1.8184463194646494,414369,17800,396569
13749,1.8183140592043057,414369,17800,396569
13750,1.8181818181818181,414369,17800,396569
13751,1.8180495963929897,414369,17800,396569
13752,1.8179173938336242,414369,17800,396569
13753,1.8177852104995273,414369,17800,396569
13754,1.8176530463865057,414369,17800,396569
13755,1.817520901490367,414369,17800,396569
13756,1.8173887758069207,414369,17800,396569
13757,1.8172566693319765,414369,17800,396569
13758,1.8171245820613462,414369,17800,396569
13759,1.8169925139908423,414369,17800,396569
13760,1.816860465116279,414369,17800,396569
13761,1.8167284354334714,414369,17800,396569
13762,1.8165964249382358,414369,17800,396569
13763,1.8164644336263895,414369,17800,396569
13764,1.8163324614937517,414369,17800,396569
13765,1.8162005085361423,414369,17800,396569
13766,1.8160685747493825,414369,17800,396569
13767,1.8159366601292948,414369,17800,396569
13768,1.8158047646717026,414369,17800,396569
13769,1.815672888372431,414369,17800,396569
13770,1.8155410312273057,414369,17800,396569
13771,1.8154091932321545,414369,17800,396569
13772,1.8152773743828057,414369,17800,396569
13773,1.8151455746750889,414369,17800,396569
13774,1.8150137941048352,414369,17800,396569
13775,1.8148820326678765,414369,17800,396569
13776,1.8147502903600465,414369,17800,396569
13777,1.8146185671771793,414369,17800,396569
13778,1.814486863115111,414369,17800,396569
13779,1.8143551781696785,414369,17800,396569
13780,1.8142235123367199,414369,17800,396569
13781,1.8140918656120746,414369,17800,396569
13782,1.8139602379915831,414369,17800,396569
13783,1.8138286294710875,414369,17800,396569
13784,1.8136970400464307,414369,17800,396569
13785,1.8135654697134567,414369,17800,396569
13786,1.813433918468011,414369,17800,396569
13787,1.8133023863059403,414369,17800,396569
13788,1.8131708732230924,414369,17800,396569
13789,1.8130393792153165,414369,17800,396569
13790,1.8129079042784626,414369,17800,396569
13791,1.8127764484083824,414369,17800,396569
13792,1.812645011600928,414369,17800,396569
13793,1.8125135938519539,414369,17800,396569
13794,1.8123821951573147,414369,17800,396569
13795,1.812250815512867,414369,17800,396569
13796,1.812119454914468,414369,17800,396569
13797,1.8119881133579763,414369,17800,396569
13798,1.811856790839252,414369,17800,396569
13799,1.8117254873541562,414369,17800,396569
13800,1.8115942028985508,414369,17800,396569
13801,1.8114629374682993,414369,17800,396569
13802,1.8113316910592667,414369,17800,396569
13803,1.8112004636673187,414369,17800,396569
13804,1.8110692552883223,414369,17800,396569
13805,1.8109380659181455,414369,17800,396569
13806,1.8108068955526582,414369,17800,396569
13807,1.8106757441877308,414369,17800,396569
13808,1.8105446118192352,414369,17800,396569
13809,1.8104134984430444,414369,17800,396569
13810,1.8102824040550325,413925,17800,396125
13811,1.8101513286510753,413925,17800,396125
13812,1.8100202722270489,413925,17800,396125
13813,1.8098892347788316,413925,17800,396125
13814,1.809758216302302,413925,17800,396125
13815,1.8096272167933405,413925,17800,396125
13816,1.8094962362478286,413925,17800,396125
13817,1.8093652746616486,413925,17800,396125
13818,1.8092343320306845,413925,17800,396125
13819,1.8091034083508213,413925,17800,396125
13820,1.808972503617945,413925,17800,396125
13821,1.808841617827943,413925,17800,396125
13822,1.8087107509767038,413925,17800,396125
13823,1.8085799030601173,413925,17800,396125
13824,1.8084490740740742,413925,17800,396125
13825,1.8083182640144666,413925,17800,396125
13826,1.8081874728771878,413925,17800,396125
13827,1.8080567006581327,413925,17800,396125
13828,1.8079259473531963,413925,17800,396125
13829,1.8077952129582762,413925,17800,396125
13830,1.8076644974692697,413796,17800,395996
13831,1.8075338008820765,413796,17800,395996
13832,1.8074031231925969,413796,17800,395996
13833,1.8072724643967324,413796,17800,395996
13834,1.807141824490386,413796,17800,395996
13835,1.8070112034694614,413796,17800,395996
13836,1.8068806013298642,413796,17800,395996
13837,1.8067500180675002,413796,17800,395996
13838,1.8066194536782771,413796,17800,395996
13839,1.806488908158104,413796,17800,395996
13840,1.80635838150289,413796,17800,395996
13841,1.806227873708547,413796,17800,395996
13842,1.806097384770987,413796,17800,395996
13843,1.805966914686123,413796,17800,395996
13844,1.80583646344987,413796,17800,395996
13845,1.8057060310581436,413796,17800,395996
13846,1.8055756175068611,413796,17800,395996
13847,1.8054452227919404,413796,17800,395996
13848,1.805314846909301,413796,17800,395996
13849,1.8051844898548632,413796,17800,395996
13850,1.8050541516245486,413796,17800,395996
13851,1.8049238322142807,413796,17800,395996
13852,1.8047935316199826,413796,17800,395996
13853,1.8046632498375803,413796,17800,395996
13854,1.8045329868629998,413796,17800,395996
13855,1.804402742692169,413796,17800,395996
13856,1.8042725173210161,413796,17800,395996
13857,1.8041423107454717,413796,17800,395996
13858,1.8040121229614663,413796,17800,395996
13859,1.8038819539649324,413796,17800,395996
13860,1.8037518037518037,413796,17800,395996
13861,1.8036216723180145,413796,17800,395996
13862,1.8034915596595007,413796,17800,395996
13863,1.8033614657721995,413796,17800,395996
13864,1.8032313906520485,413796,17800,395996
13865,1.8031013342949873,413796,17800,395996
13866,1.8029712966969567,413796,17800,395996
13867,1.8028412778538978,413796,17800,395996
13868,1.8027112777617538,413796,17800,395996
13869,1.8025812964164685,413796,17800,395996
13870,1.802451333813987,413796,17800,395996
13871,1.802321389950256,413796,17800,395996
13872,1.8021914648212225,413796,17800,395996
13873,1.8020615584228357,413796,17800,395996
13874,1.801931670751045,413796,17800,395996
13875,1.8018018018018018,413796,17800,395996
13876,1.801671951571058,413796,17800,395996
13877,1.8015421200547668,413796,17800,395996
13878,1.801412307248883,413796,17800,395996
13879,1.8012825131493624,413796,17800,395996
13880,1.8011527377521614,413796,17800,395996
13881,1.8010229810532383,413796,17800,395996
13882,1.800893243048552,413796,17800,395996
13883,1.8007635237340633,413796,17800,395996
13884,1.8006338231057333,413796,17800,395996
13885,1.8005041411595246,413796,17800,395996
13886,1.8003744778914015,413796,17800,395996
13887,1.8002448332973284,413796,17800,395996
13888,1.8001152073732718,413796,17800,395996
13889,1.799985600115199,413796,17800,395996
13890,1.7998560115190785,413796,17800,395996
13891,1.7997264415808798,413796,17800,395996
13892,1.7995968902965735,413796,17800,395996
13893,1.799467357662132,413796,17800,395996
13894,1.7993378436735281,413796,17800,395996
13895,1.7992083483267363,413796,17800,395996
13896,1.7990788716177317,413796,17800,395996
13897,1.7989494135424913,413796,17800,395996
13898,1.7988199740969923,413796,17800,395996
13899,1.7986905532772142,413796,17800,395996
13900,1.7985611510791366,413796,17800,395996
13901,1.7984317674987411,413796,17800,395996
13902,1.7983024025320098,413796,17800,395996
13903,1.7981730561749263,413796,17800,395996
13904,1.7980437284234752,413796,17800,395996
13905,1.7979144192736425,413796,17800,395996
13906,1.7977851287214153,413796,17800,395996
13907,1.7976558567627814,413466,17800,395666
13908,1.7975266033937303,413466,17800,395666
13909,1.7973973686102525,413466,17800,395666
13910,1.7972681524083394,413466,17800,395666
13911,1.797138954783984,413466,17800,395666
13912,1.79700977573318,413466,17800,395666
13913,1.7968806152519226,413466,17800,395666
13914,1.7967514733362082,413466,17800,395666
13915,1.7966223499820337,413466,17800,395666
13916,1.796493245185398,413466,17800,395666
13917,1.7963641589423007,413466,17800,395666
13918,1.7962350912487426,413466,17800,395666
13919,1.7961060421007256,413466,17800,395666
13920,1.7959770114942528,413466,17800,395666
13921,1.7958479994253287,413466,17800,395666
13922,1.7957190058899584,413466,17800,395666
13923,1.7955900308841486,413466,17800,395666
13924,1.795461074403907,413381,17800,395581
13925,1.7953321364452424,413381,17800,395581
13926,1.795203217004165,413381,17800,395581
13927,1.7950743160766855,413381,17800,395581
13928,1.7949454336588169,413381,17800,395581
13929,1.7948165697465719,413381,17800,395581
13930,1.7946877243359656,413381,17800,395581
13931,1.7945588974230133,413381,17800,395581
13932,1.7944300890037324,413381,17800,395581
13933,1.7943012990741405,412220,17800,394420
13934,1.794172527630257,412220,17800,394420
13935,1.794043774668102,412220,17800,394420
13936,1.793915040183697,412220,17800,394420
13937,1.7937863241730645,412220,17800,394420
13938,1.7936576266322284,412220,17800,394420
13939,1.7935289475572136,412220,17800,394420
13940,1.793400286944046,412220,17800,394420
13941,1.7932716447887527,412220,17800,394420
13942,1.793143021087362,412220,17800,394420
13943,1.7930144158359034,412220,17800,394420
13944,1.7928858290304073,411288,17800,393488
13945,1.7927572606669058,411288,17800,393488
13946,1.7926287107414312,411288,17800,393488
13947,1.792500179250018,411288,17800,393488
13948,1.7923716661887008,411288,17800,393488
13949,1.7922431715535163,411288,17800,393488
13950,1.7921146953405018,411288,17800,393488
13951,1.7919862375456956,411288,17800,393488
13952,1.7918577981651376,411288,17800,393488
13953,1.7917293771948686,411288,17800,393488
13954,1.7916009746309303,411288,17800,393488
13955,1.7914725904693658,411288,17800,393488
13956,1.7913442247062195,411288,17800,393488
13957,1.7912158773375366,411288,17800,393488
13958,1.7910875483593638,411288,17800,393488
13959,1.7909592377677483,411288,17800,393488
13960,1.7908309455587392,411288,17800,393488
13961,1.7907026717283863,411288,17800,393488
13962,1.7905744162727404,411288,17800,393488
13963,1.7904461791878536,411288,17800,393488
13964,1.7903179604697794,411288,17800,393488
13965,1.7901897601145722,411288,17800,393488
13966,1.7900615781182874,411288,17800,393488
13967,1.7899334144769814,411288,17800,393488
13968,1.7898052691867126,411288,17800,393488
13969,1.7896771422435394,411288,17800,393488
13970,1.7895490336435218,411288,17800,393488
13971,1.7894209433827213,411288,17800,393488
13972,1.7892928714572,411288,17800,393488
13973,1.7891648178630215,411288,17800,393488
13974,1.78903678259625,411288,17800,393488
13975,1.7889087656529516,410872,17800,393072
13976,1.7887807670291929,410717,17911,392806
13977,1.7886527867210418,410584,17911,392673
13978,1.788524824724567,410584,17911,392673
13979,1.7883968810358395,410584,17911,392673
13980,1.78826895565093,410584,17911,392673
13981,1.7881410485659108,410584,17911,392673
13982,1.788013159776856,410584,17911,392673
13983,1.7878852892798398,410584,17911,392673
13984,1.7877574370709381,410584,17911,392673
13985,1.7876296031462282,410584,17911,392673
13986,1.7875017875017876,410584,17911,392673
13987,1.7873739901336956,410584,17911,392673
13988,1.7872462110380325,410584,17911,392673
13989,1.78711845021088,410584,17911,392673
13990,1.7869907076483202,410584,17911,392673
13991,1.786862983346437,410584,17911,392673
13992,1.786735277301315,410584,17911,392673
13993,1.7866075895090403,410584,17911,392673
13994,1.7864799199656995,410584,17911,392673
13995,1.7863522686673812,410584,17911,392673
13996,1.7862246356101743,410584,17911,392673
13997,1.7860970207901694,410584,17911,392673
13998,1.7859694242034576,410584,17911,392673
13999,1.7858418458461318,410584,17911,392673
14000,1.7857142857142858,410584,17911,392673
14001,1.785586743804014,410584,17911,392673
14002,1.7854592201114126,410584,17911,392673
14003,1.7853317146325787,410584,17911,392673
14004,1.7852042273636104,410584,17911,392673
14005,1.7850767583006069,410584,17911,392673
14006,1.7849493074396687,410584,17911,392673
14007,1.7848218747768974,410584,17911,392673
14008,1.7846944603083952,410584,17911,392673
14009,1.7845670640302662,410584,17911,392673
14010,1.7844396859386153,410584,17911,392673
14011,1.7843123260295481,410584,17911,392673
14012,1.7841849842991722,410584,17911,392673
14013,1.7840576607435952,410584,17911,392673
14014,1.7839303553589267,410584,17911,392673
14015,1.783803068141277,410584,17911,392673
14016,1.783675799086758,410584,17911,392673
14017,1.7835485481914817,410584,17911,392673
14018,1.7834213154515624,410584,17911,392673
14019,1.7832941008631142,410584,17911,392673
14020,1.783166904422254,410584,17911,392673
14021,1.783039726125098,410584,17911,392673
14022,1.782912565967765,410584,17911,392673
14023,1.7827854239463738,410584,17911,392673
14024,1.782658300057045,410584,17911,392673
14025,1.7825311942959001,410584,17911,392673
14026,1.7824041066590617,410584,17911,392673
14027,1.7822770371426535,410584,17911,392673
14028,1.7821499857428,410584,17911,392673
14029,1.7820229524556277,410546,17911,392635
14030,1.781895937277263,410546,17911,392635
14031,1.7817689402038344,410546,17911,392635
14032,1.781641961231471,410546,17911,392635
14033,1.781515000356303,410546,17911,392635
14034,1.781388057574462,410546,17911,392635
14035,1.7812611328820804,410546,17911,392635
14036,1.781134226275292,410546,17911,392635
14037,1.7810073377502316,410546,17911,392635
14038,1.7808804673030347,410546,17911,392635
14039,1.7807536149298384,410546,17911,392635
14040,1.7806267806267806,410546,17911,392635
14041,1.7804999643900008,410546,17911,392635
14042,1.7803731662156388,410546,17911,392635
14043,1.7802463860998363,410546,17911,392635
14044,1.7801196240387354,410546,17911,392635
14045,1.7799928800284799,410546,17911,392635
14046,1.7798661540652143,410546,17911,392635
14047,1.7797394461450844,410546,17911,392635
14048,1.779612756264237,410546,17911,392635
14049,1.7794860844188198,410546,17911,392635
14050,1.7793594306049823,410357,17836,392521
14051,1.7792327948188742,410357,17836,392521
14052,1.7791061770566468,410357,17836,392521
14053,1.7789795773144523,410357,17836,392521
14054,1.7788529955884447,410266,17836,392430
14055,1.7787264318747777,410266,17836,392430
14056,1.7785998861696073,410266,17836,392430
14057,1.7784733584690902,410266,17836,392430
14058,1.7783468487693839,410266,17836,392430
14059,1.7782203570666477,410266,17836,392430
14060,1.7780938833570412,410266,17836,392430
14061,1.7779674276367257,410266,17836,392430
14062,1.7778409899018632,410266,17836,392430
14063,1.777714570148617,410266,17836,392430
14064,1.7775881683731514,410266,17836,392430
14065,1.7774617845716316,410266,17836,392430
14066,1.7773354187402246,410154,17836,392318
14067,1.7772090708750978,410154,17836,392318
14068,1.7770827409724197,410154,17836,392318
14069,1.7769564290283602,410154,17836,392318
14070,1.7768301350390903,410154,17836,392318
14071,1.7767038590007818,410154,17836,392318
14072,1.7765776009096077,410154,17836,392318
14073,1.7764513607617423,410154,17836,392318
14074,1.7763251385533607,410154,17836,392318
14075,1.7761989342806395,410154,17836,392318
14076,1.7760727479397556,410154,17836,392318
14077,1.7759465795268878,410154,17836,392318
14078,1.7758204290382156,410154,17836,392318
14079,1.7756942964699198,410154,17836,392318
14080,1.7755681818181819,410154,17836,392318
14081,1.7754420850791848,410154,17836,392318
14082,1.7753160062491122,410154,17836,392318
14083,1.7751899453241498,410154,17836,392318
14084,1.7750639023004828,410154,17836,392318
14085,1.774937877174299,410154,17836,392318
14086,1.774811869941786,410154,17836,392318
14087,1.774685880599134,410154,17836,392318
14088,1.7745599091425326,410154,17836,392318
14089,1.7744339555681738,410154,17836,392318
14090,1.7743080198722498,410154,17836,392318
14091,1.7741821020509545,410154,17836,392318
14092,1.7740562021004826,410154,17836,392318
14093,1.7739303200170298,410154,17836,392318
14094,1.773804455796793,410154,17836,392318
14095,1.7736786094359702,410154,17836,392318
14096,1.7735527809307605,410154,17836,392318
14097,1.773426970277364,410154,17836,392318
14098,1.7733011774719818,410154,17836,392318
14099,1.7731754025108164,410154,17836,392318
14100,1.7730496453900708,410154,17836,392318
14101,1.7729239061059499,409339,17836,391503
14102,1.772798184654659,409339,17836,391503
14103,1.7726724810324044,409339,17836,391503
14104,1.7725467952353942,409287,17836,391451
14105,1.772421127259837,409287,17836,391451
14106,1.7722954771019424,409287,17836,391451
14107,1.7721698447579215,409287,17836,391451
14108,1.7720442302239865,409287,17836,391451
14109,1.77191863349635,409287,17836,391451
14110,1.7717930545712262,409287,17836,391451
14111,1.7716674934448302,409287,17836,391451
14112,1.7715419501133787,409287,17836,391451
14113,1.7714164245730886,409287,17836,391451
14114,1.7712909168201785,409287,17836,391451
14115,1.7711654268508679,409287,17836,391451
14116,1.771039954661377,409287,17836,391451
14117,1.770914500247928,409287,17836,391451
14118,1.7707890636067432,409146,17836,391310
14119,1.7706636447340462,409146,17836,391310
14120,1.7705382436260624,409146,17836,391310
14121,1.770412860279017,409146,17836,391310
14122,1.7702874946891376,409146,17836,391310
14123,1.7701621468526516,409146,17836,391310
14124,1.7700368167657887,409146,17836,391310
14125,1.7699115044247788,409146,17836,391310
14126,1.769786209825853,409146,17836,391310
14127,1.769660932965244,409146,17836,391310
14128,1.7695356738391845,409146,17836,391310
14129,1.7694104324439097,409146,17836,391310
14130,1.7692852087756545,409146,17836,391310
14131,1.769160002830656,409146,17836,391310
14132,1.7690348146051513,409146,17836,391310
14133,1.7689096440953795,409146,17836,391310
14134,1.7687844912975803,409146,17836,391310
14135,1.7686593562079944,409146,17836,391310
14136,1.7685342388228635,409146,17836,391310
14137,1.7684091391384311,409146,17836,391310
14138,1.7682840571509408,409146,17836,391310
14139,1.7681589928566377,409146,17836,391310
14140,1.768033946251768,409146,17836,391310
14141,1.767908917332579,409146,17836,391310
14142,1.7677839060953189,409146,17836,391310
14143,1.767658912536237,409146,17836,391310
14144,1.7675339366515836,409122,17832,391290
14145,1.7674089784376104,409122,17832,391290
14146,1.7672840378905699,409122,17832,391290
14147,1.7671591150067152,409122,17832,391290
14148,1.7670342097823013,409122,17832,391290
14149,1.766909322213584,409122,17832,391290
14150,1.7667844522968197,409122,17832,391290
14151,1.7666596000282666,409122,17832,391290
14152,1.7665347654041832,409122,17832,391290
14153,1.7664099484208295,409122,17832,391290
14154,1.7662851490744667,408656,17676,390980
14155,1.7661603673613564,408656,17676,390980
14156,1.766035603277762,408656,17676,390980
14157,1.7659108568199477,408656,17676,390980
14158,1.7657861279841787,408656,17676,390980
14159,1.7656614167667208,408656,17676,390980
14160,1.765536723163842,408656,17676,390980
14161,1.76541204717181,408656,17676,390980
14162,1.7652873887868945,408656,17676,390980
14163,1.765162748005366,408656,17676,390980
14164,1.765038124823496,408656,17676,390980
14165,1.7649135192375573,408656,17676,390980
14166,1.7647889312438232,408656,17676,390980
14167,1.7646643608385686,408656,17676,390980
14168,1.764539808018069,408656,17676,390980
14169,1.764415272778601,408656,17676,390980
14170,1.7642907551164433,408656,17676,390980
14171,1.7641662550278738,408656,17676,390980
14172,1.764041772509173,408656,17676,390980
14173,1.7639173075566217,408656,17676,390980
14174,1.763792860166502,408656,17676,390980
14175,1.763668430335097,408656,17676,390980
14176,1.7635440180586908,408656,17676,390980
14177,1.7634196233335684,408656,17676,390980
14178,1.7632952461560163,408656,17676,390980
14179,1.7631708865223217,408656,17676,390980
14180,1.7630465444287728,408656,17676,390980
14181,1.7629222198716592,408656,17676,390980
14182,1.7627979128472713,408656,17676,390980
14183,1.7626736233519003,408656,17676,390980
14184,1.7625493513818387,408656,17676,390980
14185,1.7624250969333803,408656,17676,390980
14186,1.7623008600028196,408656,17676,390980
14187,1.7621766405864523,408656,17676,390980
14188,1.7620524386805752,408656,17676,390980
14189,1.7619282542814856,408656,17676,390980
14190,1.7618040873854828,408656,17676,390980
14191,1.7616799379888661,408656,17676,390980
14192,1.7615558060879368,408656,17676,390980
14193,1.7614316916789967,408656,17676,390980
14194,1.7613075947583485,408625,17676,390949
14195,1.7611835153222966,408625,17676,390949
14196,1.7610594533671458,408625,17676,390949
14197,1.760935408889202,408625,17676,390949
14198,1.7608113818847726,408625,17676,390949
14199,1.7606873723501655,408625,17676,390949
14200,1.7605633802816902,408625,17676,390949
14201,1.7604394056756567,408625,17676,390949
14202,1.7603154485283763,408625,17676,390949
14203,1.7601915088361613,408625,17676,390949
14204,1.7600675865953253,408625,17676,390949
14205,1.7599436818021823,408625,17676,390949
14206,1.759819794453048,408625,17676,390949
14207,1.7596959245442387,408625,17676,390949
14208,1.759572072072072,408625,17676,390949
14209,1.7594482370328666,408417,17788,390629
14210,1.7593244194229416,408417,17788,390629
14211,1.759200619238618,408417,17788,390629
14212,1.7590768364762173,408417,17788,390629
14213,1.7589530711320622,408417,17788,390629
14214,1.7588293232024765,408417,17788,390629
14215,1.7587055926837847,408417,17788,390629
14216,1.758581879572313,408417,17788,390629
14217,1.7584581838643878,408417,17788,390629
14218,1.758334505556337,408417,17788,390629
14219,1.7582108446444897,408417,17788,390629
14220,1.7580872011251758,408417,17788,390629
14221,1.7579635749947262,408417,17788,390629
14222,1.7578399662494726,408417,17788,390629
14223,1.7577163748857485,408417,17788,390629
14224,1.7575928008998876,408417,17788,390629
14225,1.757469244288225,408417,17788,390629
14226,1.7573457050470969,408417,17788,390629
14227,1.7572221831728403,408359,17788,390571
14228,1.7570986786617937,408359,17788,390571
14229,1.7569751915102958,408359,17788,390571
14230,1.7568517217146873,408359,17788,390571
14231,1.756728269271309,408359,17788,390571
14232,1.7566048341765037,408359,17788,390571
14233,1.7564814164266143,408359,17788,390571
14234,1.756358016017985,408359,17788,390571
14235,1.7562346329469618,408359,17788,390571
14236,1.7561112672098904,408359,17788,390571
14237,1.7559879188031187,408359,17788,390571
14238,1.7558645877229948,408359,17788,390571
14239,1.7557412739658684,408359,17788,390571
14240,1.7556179775280898,408359,17788,390571
14241,1.755494698406011,408359,17788,390571
14242,1.7553714365959836,408359,17788,390571
14243,1.7552481920943621,408359,17788,390571
14244,1.7551249648975007,408359,17788,390571
14245,1.755001755001755,408359,17788,390571
14246,1.7548785624034817,408246,17788,390458
14247,1.7547553870990384,408246,17788,390458
14248,1.7546322290847838,408246,17788,390458
14249,1.7545090883570778,408246,17788,390458
14250,1.7543859649122806,408246,17788,390458
14251,1.7542628587467546,408246,17788,390458
14252,1.7541397698568622,408246,17788,390458
14253,1.7540166982389673,408246,17788,390458
14254,1.7538936438894346,408246,17788,390458
14255,1.75377060680463,408246,17788,390458
14256,1.7536475869809203,408246,17788,390458
14257,1.7535245844146734,408246,17788,390458
14258,1.7534015991022585,408246,17788,390458
14259,1.7532786310400448,408246,17788,390458
14260,1.753155680224404,408246,17788,390458
14261,1.7530327466517075,408246,17788,390458
14262,1.7529098303183284,408246,17788,390458
14263,1.7527869312206408,408246,17788,390458
14264,1.7526640493550196,408246,17788,390458
14265,1.752541184717841,408246,17788,390458
14266,1.7524183373054816,408246,17788,390458
14267,1.7522955071143198,408106,17788,390318
14268,1.7521726941407345,408106,17788,390318
14269,1.752049898381106,408106,17788,390318
14270,1.751927119831815,408106,17788,390318
14271,1.751804358489244,408106,17788,390318
14272,1.7516816143497758,408106,17788,390318
14273,1.7515588874097947,408106,17788,390318
14274,1.751436177665686,408106,17788,390318
14275,1.7513134851138354,408106,17788,390318
14276,1.7511908097506304,408106,17788,390318
14277,1.751068151572459,408106,17788,390318
14278,1.7509455105757108,408106,17788,390318
14279,1.7508228867567757,408106,17788,390318
14280,1.7507002801120448,408106,17788,390318
14281,1.7505776906379105,408106,17788,390318
14282,1.750455118330766,408106,17788,390318
14283,1.7503325631870055,408106,17788,390318
14284,1.7502100252030244,408106,17788,390318
14285,1.7500875043752186,408106,17788,390318
14286,1.749965000699986,408106,17788,390318
14287,1.7498425141737244,408106,17788,390318
14288,1.7497200447928332,408106,17788,390318
14289,1.7495975925537126,408106,17788,390318
14290,1.7494751574527643,408106,17788,390318
14291,1.7493527394863901,408106,17788,390318
14292,1.7492303386509935,408106,17788,390318
14293,1.749107954942979,408106,17788,390318
14294,1.748985588358752,408106,17788,390318
14295,1.7488632388947185,408106,17788,390318
14296,1.7487409065472859,408106,17788,390318
14297,1.748618591312863,408106,17788,390318
14298,1.7484962931878585,408106,17788,390318
14299,1.748374012168683,408106,17788,390318
14300,1.7482517482517483,408106,17788,390318
14301,1.7481295014334661,408106,17788,390318
14302,1.7480072717102504,408106,17788,390318
14303,1.747885059078515,407974,17788,390186
14304,1.7477628635346756,407974,17788,390186
14305,1.7476406850751485,407974,17788,390186
14306,1.747518523696351,407974,17788,390186
14307,1.7473963793947018,407974,17788,390186
14308,1.74727425216662,407974,17788,390186
14309,1.747152142008526,407974,17788,390186
14310,1.7470300489168413,407974,17788,390186
14311,1.7469079728879882,407974,17788,390186
14312,1.74678591391839,407974,17788,390186
14313,1.7466638720044714,407974,17788,390186
14314,1.7465418471426575,407974,17788,390186
14315,1.7464198393293748,407974,17788,390186
14316,1.7462978485610505,407974,17788,390186
14317,1.7461758748341132,407974,17788,390186
14318,1.7460539181449923,407974,17788,390186
14319,1.745931978490118,407974,17788,390186
14320,1.7458100558659218,407974,17788,390186
14321,1.745688150268836,407974,17788,390186
14322,1.745566261695294,407974,17788,390186
14323,1.74544439014173,407974,17788,390186
14324,1.7453225356045796,407929,17788,390141
14325,1.7452006980802792,407929,17788,390141
14326,1.745078877565266,407929,17788,390141
14327,1.7449570740559783,407929,17788,390141
14328,1.7448352875488553,407828,17788,390040
14329,1.7447135180403377,407828,17788,390040
14330,1.7445917655268668,407828,17788,390040
14331,1.7444700300048845,407828,17788,390040
14332,1.7443483114708345,407828,17788,390040
14333,1.744226609921161,407828,17788,390040
14334,1.744104925352309,407828,17788,390040
14335,1.7439832577607255,407828,17788,390040
14336,1.7438616071428572,407828,17788,390040
14337,1.7437399734951524,407828,17788,390040
14338,1.7436183568140606,407578,17788,389790
14339,1.7434967570960318,407559,17788,389771
14340,1.7433751743375174,407559,17788,389771
14341,1.7432536085349697,407559,17788,389771
14342,1.7431320596848416,407559,17788,389771
14343,1.743010527783588,407559,17788,389771
14344,1.742889012827663,407559,17788,389771
14345,1.7427675148135238,407559,17788,389771
14346,1.7426460337376273,407559,17788,389771
14347,1.7425245695964313,407559,17788,389771
14348,1.7424031223863954,407559,17788,389771
14349,1.7422816921039794,407314,17789,389525
14350,1.7421602787456445,407314,17789,389525
14351,1.7420388823078532,407314,17789,389525
14352,1.741917502787068,407314,17789,389525
14353,1.7417961401797533,407314,17789,389525
14354,1.7416747944823743,407314,17789,389525
14355,1.7415534656913967,407314,17789,389525
14356,1.7414321538032878,407314,17789,389525
14357,1.7413108588145156,407314,17789,389525
14358,1.741189580721549,407314,17789,389525
14359,1.741068319520858,407314,17789,389525
14360,1.7409470752089136,407314,17789,389525
14361,1.7408258477821879,407231,18096,389135
14362,1.7407046372371535,407231,18096,389135
14363,1.7405834435702847,407119,18096,389023
14364,1.7404622667780563,407119,18096,389023
14365,1.7403411068569439,407119,18096,389023
14366,1.7402199638034248,407036,18096,388940
14367,1.7400988376139765,406254,18096,388158
14368,1.739977728285078,406107,18146,387961
14369,1.739856635813209,406107,18146,387961
14370,1.7397355601948503,406107,18146,387961
14371,1.7396145014264839,406107,18146,387961
14372,1.7394934595045923,406107,18146,387961
14373,1.7393724344256591,406107,18146,387961
14374,1.7392514261861696,406107,18146,387961
14375,1.7391304347826086,406107,18146,387961
14376,1.7390094602114636,406107,18146,387961
14377,1.7388885024692218,406107,18146,387961
14378,1.7387675615523717,406107,18146,387961
14379,1.7386466374574032,406107,18146,387961
14380,1.7385257301808066,406107,18146,387961
14381,1.7384048397190737,406107,18146,387961
14382,1.738283966068697,406107,18146,387961
14383,1.7381631092261698,406107,18146,387961
14384,1.7380422691879867,406107,18146,387961
14385,1.7379214459506431,406107,18146,387961
14386,1.7378006395106353,406107,18146,387961
14387,1.737679849864461,406107,18146,387961
14388,1.7375590770086182,406107,18146,387961
14389,1.7374383209396067,406107,18146,387961
14390,1.7373175816539264,406107,18146,387961
14391,1.7371968591480786,406107,18146,387961
14392,1.737076153418566,406107,18146,387961
14393,1.7369554644618912,406107,18146,387961
14394,1.7368347922745588,406107,18146,387961
14395,1.736714136853074,406107,18146,387961
14396,1.7365934981939428,406107,18146,387961
14397,1.7364728762936723,406107,18146,387961
14398,1.7363522711487707,405952,18146,387806
14399,1.736231682755747,405952,18146,387806
14400,1.7361111111111112,405952,18146,387806
14401,1.7359905562113742,405952,18146,387806
14402,1.7358700180530482,405864,18146,387718
14403,1.7357494966326459,405864,18146,387718
14404,1.7356289919466814,405864,18146,387718
14405,1.7355085039916696,405864,18146,387718
14406,1.735388032764126,405864,18146,387718
14407,1.7352675782605678,405864,18146,387718
14408,1.7351471404775125,405864,18146,387718
14409,1.735026719411479,405864,18146,387718
14410,1.7349063150589867,405864,18146,387718
14411,1.734785927416557,405864,18146,387718
14412,1.7346655564807105,405864,18146,387718
14413,1.7345452022479706,405864,18146,387718
14414,1.7344248647148606,405864,18146,387718
14415,1.734304543877905,405864,18146,387718
14416,1.7341842397336293,405864,18146,387718
14417,1.7340639522785601,405864,18146,387718
14418,1.7339436815092246,405864,18146,387718
14419,1.7338234274221513,405864,18146,387718
14420,1.7337031900138695,405864,18146,387718
14421,1.7335829692809097,405864,18146,387718
14422,1.7334627652198031,405864,18146,387718
14423,1.7333425778270817,405864,18146,387718
14424,1.733222407099279,405864,18146,387718
14425,1.733102253032929,405864,18146,387718
14426,1.7329821156245668,405864,18146,387718
14427,1.7328619948707285,405864,18146,387718
14428,1.7327418907679513,405864,18146,387718
14429,1.732621803312773,405864,18146,387718
14430,1.7325017325017324,405864,18146,387718
14431,1.73238167833137,405864,18146,387718
14432,1.732261640798226,405864,18146,387718
14433,1.7321416198988429,405864,18146,387718
14434,1.732021615629763,405864,18146,387718
14435,1.7319016279875303,405864,18146,387718
14436,1.7317816569686895,405864,18146,387718
14437,1.731661702569786,405864,18146,387718
14438,1.7315417647873668,405864,18146,387718
14439,1.7314218436179791,405864,18146,387718
14440,1.7313019390581716,405864,18146,387718
14441,1.7311820511044942,405864,18146,387718
14442,1.7310621797534969,405864,18146,387718
14443,1.7309423250017308,405864,18146,387718
14444,1.7308224868457491,405864,18146,387718
14445,1.7307026652821045,405737,18146,387591
14446,1.7305828603073514,405737,18146,387591
14447,1.7304630719180452,405737,18146,387591
14448,1.730343300110742,405352,18042,387310
14449,1.7302235448819987,405352,18042,387310
14450,1.7301038062283738,405352,18042,387310
14451,1.7299840841464258,405352,18042,387310
14452,1.7298643786327152,405352,18042,387310
14453,1.7297446896838027,405352,18042,387310
14454,1.7296250172962502,405352,18042,387310
14455,1.7295053614666205,405352,18042,387310
14456,1.7293857221914777,405352,18042,387310
14457,1.729266099467386,405352,18042,387310
14458,1.7291464932909115,405352,18042,387310
14459,1.729026903658621,405352,18042,387310
14460,1.7289073305670817,405352,18042,387310
14461,1.728787774012862,405352,18042,387310
14462,1.728668233992532,405352,18042,387310
14463,1.728548710502662,405352,18042,387310
14464,1.728429203539823,405352,18042,387310
14465,1.7283097131005876,405352,18042,387310
14466,1.7281902391815291,405352,18042,387310
14467,1.7280707817792216,405352,18042,387310
14468,1.7279513408902405,405352,18042,387310
14469,1.7278319165111617,405352,18042,387310
14470,1.7277125086385625,405352,18042,387310
14471,1.7275931172690209,405352,18042,387310
14472,1.7274737423991156,405352,18042,387310
14473,1.7273543840254266,405352,18042,387310
14474,1.727235042144535,405352,18042,387310
14475,1.7271157167530224,405352,18042,387310
14476,1.7269964078474718,405352,18042,387310
14477,1.7268771154244664,405352,18042,387310
14478,1.7267578394805911,405352,18042,387310
14479,1.7266385800124318,405352,18042,387310
14480,1.7265193370165746,405352,18042,387310
14481,1.7264001104896072,405352,18042,387310
14482,1.7262809004281177,405352,18042,387310
14483,1.7261617068286956,405352,18042,387310
14484,1.7260425296879316,405352,18042,387310
14485,1.7259233690024163,405352,18042,387310
14486,1.7258042247687422,405352,18042,387310
14487,1.7256850969835025,405352,18042,387310
14488,1.725565985643291,405352,18042,387310
14489,1.725446890744703,405352,18042,387310
14490,1.725327812284334,405352,18042,387310
14491,1.7252087502587814,405319,18042,387277
14492,1.7250897046646425,405319,18042,387277
14493,1.7249706754985166,405319,18042,387277
14494,1.724851662757003,405319,18042,387277
14495,1.7247326664367024,405319,18042,387277
14496,1.7246136865342163,405319,18042,387277
14497,1.7244947230461474,405319,18042,387277
14498,1.7243757759690992,405319,18042,387277
14499,1.7242568452996758,405319,18042,387277
14500,1.7241379310344827,405319,18042,387277
14501,1.7240190331701262,405319,18042,387277
14502,1.7239001517032133,405319,18042,387277
14503,1.7237812866303523,405319,18042,387277
14504,1.7236624379481522,405319,18042,387277
14505,1.723543605653223,405319,18042,387277
14506,1.7234247897421757,405247,18073,387174
14507,1.723305990211622,405247,18073,387174
14508,1.7231872070581749,405247,18073,387174
14509,1.723068440278448,405247,18073,387174
14510,1.7229496898690557,405247,18073,387174
14511,1.7228309558266144,405247,18073,387174
14512,1.7227122381477398,405247,18073,387174
14513,1.72259353682905,405247,18073,387174
14514,1.7224748518671626,405247,18073,387174
14515,1.722356183258698,405247,18073,387174
14516,1.7222375310002755,405247,18073,387174
14517,1.722118895088517,405247,18073,387174
14518,1.722000275520044,405247,18073,387174
14519,1.72188167229148,405247,18073,387174
14520,1.721763085399449,405247,18073,387174
14521,1.7216445148405757,404708,18073,386635
14522,1.721525960611486,404708,18073,386635
14523,1.7214074227088068,404708,18073,386635
14524,1.7212889011291654,404708,18073,386635
14525,1.721170395869191,404708,18073,386635
14526,1.7210519069255128,404708,18073,386635
14527,1.7209334342947615,404652,18073,386579
14528,1.7208149779735682,404652,18073,386579
14529,1.7206965379585657,404652,18073,386579
14530,1.7205781142463867,404652,18073,386579
14531,1.720459706833666,404652,18073,386579
14532,1.7203413157170382,404652,18073,386579
14533,1.7202229408931398,404652,18073,386579
14534,1.7201045823586074,404652,18073,386579
14535,1.7199862401100792,404652,18073,386579
14536,1.7198679141441937,404652,18073,386579
14537,1.719749604457591,404652,18073,386579
14538,1.7196313110469115,404652,18073,386579
14539,1.719513033908797,404652,18073,386579
14540,1.71939477303989,404652,18073,386579
14541,1.7192765284368339,404652,18073,386579
14542,1.719158300096273,404652,18073,386579
14543,1.7190400880148524,404652,18073,386579
14544,1.7189218921892189,404652,18073,386579
14545,1.7188037126160192,404652,18073,386579
14546,1.7186855492919015,404652,18073,386579
14547,1.718567402213515,404652,18073,386579
14548,1.718449271377509,404652,18073,386579
14549,1.7183311567805348,404652,18073,386579
14550,1.7182130584192439,404329,18172,386157
14551,1.7180949762902893,404267,18172,386095
14552,1.7179769103903244,404267,18172,386095
14553,1.7178588607160035,404267,18172,386095
14554,1.7177408272639825,404267,18172,386095
14555,1.7176228100309172,404267,18172,386095
14556,1.7175048090134653,404267,18172,386095
14557,1.7173868242082846,404267,18172,386095
14558,1.7172688556120346,404267,18172,386095
14559,1.7171509032213752,404267,18172,386095
14560,1.717032967032967,404267,18172,386095
14561,1.7169150470434722,404267,18172,386095
14562,1.7167971432495537,404267,18172,386095
14563,1.7166792556478747,404267,18172,386095
14564,1.7165613842351002,404267,18172,386095
14565,1.7164435290078957,404267,18172,386095
14566,1.7163256899629273,404267,18172,386095
14567,1.7162078670968628,404267,18172,386095
14568,1.71609006040637,404267,18172,386095
14569,1.7159722698881186,404267,18172,386095
14570,1.7158544955387782,404267,18172,386095
14571,1.7157367373550203,404267,18172,386095
14572,1.7156189953335164,404267,18172,386095
14573,1.7155012694709395,404267,18172,386095
14574,1.7153835597639633,404267,18172,386095
14575,1.7152658662092624,404267,18172,386095
14576,1.7151481888035127,404267,18172,386095
14577,1.7150305275433904,404267,18172,386095
14578,1.7149128824255728,404267,18172,386095
14579,1.7147952534467386,404267,18172,386095
14580,1.7146776406035664,404267,18172,386095
14581,1.714560043892737,404132,18172,385960
14582,1.7144424633109312,404132,18172,385960
14583,1.714324898854831,404132,18172,385960
14584,1.714207350521119,403332,18172,385160
14585,1.7140898183064792,403332,18172,385160
14586,1.7139723022075963,403332,18172,385160
14587,1.7138548022211557,403332,18172,385160
14588,1.7137373183438442,403332,18172,385160
14589,1.713619850572349,403332,18172,385160
14590,1.7135023989033584,403332,18172,385160
14591,1.7133849633335618,403332,18172,385160
14592,1.7132675438596492,403332,18172,385160
14593,1.7131501404783116,403332,18172,385160
14594,1.7130327531862408,403332,18172,385160
14595,1.7129153819801302,403332,18172,385160
14596,1.7127980268566732,403332,18172,385160
14597,1.7126806878125642,403332,18172,385160
14598,1.7125633648444993,403332,18172,385160
14599,1.7124460579491747,403332,18172,385160
14600,1.7123287671232876,403332,18172,385160
14601,1.7122114923635368,403332,18172,385160
14602,1.712094233666621,403332,18172,385160
14603,1.7119769910292406,403332,18172,385160
14604,1.7118597644480964,403332,18172,385160
14605,1.7117425539198905,403332,18172,385160
14606,1.7116253594413255,403332,18172,385160
14607,1.7115081810091053,403332,18172,385160
14608,1.7113910186199344,403332,18172,385160
14609,1.711273872270518,403332,18172,385160
14610,1.7111567419575633,403332,18172,385160
14611,1.711039627677777,403332,18172,385160
14612,1.7109225294278676,403332,18172,385160
14613,1.710805447204544,403332,18172,385160
14614,1.7106883810045161,403332,18172,385160
14615,1.7105713308244954,403332,18172,385160
14616,1.7104542966611933,403332,18172,385160
14617,1.7103372785113224,403332,18172,385160
14618,1.7102202763715966,403332,18172,385160
14619,1.7101032902387303,403332,18172,385160
14620,1.7099863201094392,403332,18172,385160
14621,1.7098693659804391,403332,18172,385160
14622,1.7097524278484475,403332,18172,385160
14623,1.7096355057101826,403332,18172,385160
14624,1.7095185995623632,403332,18172,385160
14625,1.7094017094017093,403332,18172,385160
14626,1.709284835224942,403332,18172,385160
14627,1.7091679770287824,403332,18172,385160
14628,1.7090511348099535,403332,18172,385160
14629,1.7089343085651787,403332,18172,385160
14630,1.7088174982911826,403332,18172,385160
14631,1.70870070398469,403332,18172,385160
14632,1.7085839256424276,403332,18172,385160
14633,1.7084671632611221,403332,18172,385160
14634,1.7083504168375017,403332,18172,385160
14635,1.7082336863682952,403332,18172,385160
14636,1.7081169718502323,403332,18172,385160
14637,1.7080002732800437,403332,18172,385160
14638,1.707883590654461,403332,18172,385160
14639,1.7077669239702165,403332,18172,385160
14640,1.7076502732240437,403332,18172,385160
14641,1.7075336384126767,403332,18172,385160
14642,1.7074170195328506,403332,18172,385160
14643,1.7073004165813017,403332,18172,385160
14644,1.7071838295547666,403332,18172,385160
14645,1.7070672584499829,403332,18172,385160
14646,1.7069507032636897,403332,18172,385160
14647,1.7068341639926266,403332,18172,385160
14648,1.7067176406335336,403332,18172,385160
14649,1.7066011331831525,403308,18172,385136
14650,1.7064846416382253,403308,18172,385136
14651,1.7063681659954952,403308,18172,385136
14652,1.7062517062517062,403308,18172,385136
14653,1.7061352624036032,403308,18172,385136
14654,1.7060188344479323,403308,18172,385136
14655,1.7059024223814399,403308,18172,385136
14656,1.7057860262008733,403308,18172,385136
14657,1.7056696459029814,403308,18172,385136
14658,1.7055532814845136,403308,18172,385136
14659,1.7054369329422199,403308,18172,385136
14660,1.7053206002728514,403308,18172,385136
14661,1.70520428347316,403308,18172,385136
14662,1.705087982539899,403308,18172,385136
14663,1.704971697469822,403266,18172,385094
14664,1.7048554282596835,403266,18172,385094
14665,1.7047391749062393,403266,18172,385094
14666,1.7046229374062458,403266,18172,385094
14667,1.7045067157564602,403266,18172,385094
14668,1.7043905099536405,403266,18172,385094
14669,1.7042743199945463,403266,18172,385094
14670,1.7041581458759374,403266,18172,385094
14671,1.7040419875945743,403266,18172,385094
14672,1.7039258451472192,403266,18172,385094
14673,1.7038097185306345,403266,18172,385094
14674,1.7036936077415838,403266,18172,385094
14675,1.7035775127768313,403266,18172,385094
14676,1.7034614336331426,403266,18172,385094
14677,1.7033453703072836,403266,18172,385094
14678,1.7032293227960213,403266,18172,385094
14679,1.7031132910961237,403266,18172,385094
14680,1.7029972752043596,403266,18172,385094
14681,1.7028812751174989,403266,18172,385094
14682,1.7027652908323117,403266,18172,385094
14683,1.7026493223455696,403266,18172,385094
14684,1.7025333696540452,403266,18172,385094
14685,1.7024174327545114,403266,18172,385094
14686,1.7023015116437423,403266,18172,385094
14687,1.702185606318513,403266,18172,385094
14688,1.7020697167755992,403266,18172,385094
14689,1.7019538430117775,403266,18172,385094
14690,1.7018379850238257,403266,18172,385094
14691,1.7017221428085223,403266,18172,385094
14692,1.7016063163626463,403266,18172,385094
14693,1.7014905056829783,403266,18172,385094
14694,1.701374710766299,403266,18172,385094
14695,1.701258931609391,403252,18172,385080
14696,1.7011431682090365,403252,18172,385080
14697,1.7010274205620195,403252,18172,385080
14698,1.7009116886651245,403252,18172,385080
14699,1.7007959725151371,403252,18172,385080
14700,1.7006802721088434,403252,18172,385080
14701,1.700564587443031,403252,18172,385080
14702,1.7004489185144878,403252,18172,385080
14703,1.7003332653200027,403252,18172,385080
14704,1.7002176278563657,403252,18172,385080
14705,1.7001020061203673,403252,18172,385080
14706,1.6999864001087992,402439,18172,384267
14707,1.6998708098184538,402439,18172,384267
14708,1.6997552352461245,402439,18172,384267
14709,1.6996396763886057,402394,18172,384222
14710,1.699524133242692,402394,18172,384222
14711,1.6994086058051798,402394,18172,384222
14712,1.6992930940728657,402394,18172,384222
14713,1.6991775980425474,402394,18172,384222
14714,1.6990621177110234,402394,18172,384222
14715,1.6989466530750934,402394,18172,384222
14716,1.6988312041315574,402394,18172,384222
14717,1.698715770877217,402394,18172,384222
14718,1.6986003533088734,402394,18172,384222
14719,1.6984849514233304,402394,18172,384222
14720,1.6983695652173914,402394,18172,384222
14721,1.6982541946878609,402394,18172,384222
14722,1.6981388398315447,402329,18069,384260
14723,1.6980235006452489,402329,18069,384260
14724,1.6979081771257811,402329,18069,384260
14725,1.697792869269949,402329,18069,384260
14726,1.697677577074562,402329,18069,384260
14727,1.6975623005364298,402329,18069,384260
14728,1.6974470396523629,402329,18069,384260
14729,1.697331794419173,402329,18069,384260
14730,1.6972165648336728,402329,18069,384260
14731,1.6971013508926753,402329,18069,384260
14732,1.6969861525929948,402329,18069,384260
14733,1.6968709699314464,402329,18069,384260
14734,1.696755802904846,402329,18069,384260
14735,1.69664065151001,402329,18069,384260
14736,1.6965255157437569,402329,18069,384260
14737,1.6964103956029042,402329,18069,384260
14738,1.696295291084272,402329,18069,384260
14739,1.6961802021846801,402329,18069,384260
14740,1.6960651289009498,402329,18069,384260
14741,1.695950071229903,402329,18069,384260
14742,1.6958350291683626,402329,18069,384260
14743,1.695720002713152,402329,18069,384260
14744,1.695604991861096,402329,18069,384260
14745,1.69548999660902,402329,18069,384260
14746,1.6953750169537503,402329,18069,384260
14747,1.6952600528921136,402329,18069,384260
14748,1.6951451044209385,402329,18069,384260
14749,1.6950301715370533,402329,18069,384260
14750,1.694915254237288,402329,18069,384260
14751,1.6948003525184734,402329,18069,384260
14752,1.6946854663774404,402329,18069,384260
14753,1.6945705958110215,402329,18069,384260
14754,1.6944557408160499,402300,18069,384231
14755,1.6943409013893596,402300,18069,384231
14756,1.6942260775277853,402300,18069,384231
14757,1.6941112692281628,402300,18069,384231
14758,1.693996476487329,402139,18069,384070
14759,1.6938816993021208,402139,18069,384070
14760,1.6937669376693767,402139,18069,384070
14761,1.693652191585936,402139,18069,384070
14762,1.6935374610486384,402139,18069,384070
14763,1.693422746054325,402139,18069,384070
14764,1.6933080465998374,402139,18069,384070
14765,1.6931933626820184,402139,18069,384070
14766,1.693078694297711,402139,18069,384070
14767,1.6929640414437597,402139,18069,384070
14768,1.6928494041170097,402139,18069,384070
14769,1.692734782314307,402139,18069,384070
14770,1.6926201760324984,402139,18069,384070
14771,1.6925055852684314,402139,18069,384070
14772,1.6923910100189548,402139,18069,384070
14773,1.692276450280918,402139,18069,384070
14774,1.692161906051171,402139,18069,384070
14775,1.6920473773265652,402139,18069,384070
14776,1.6919328641039524,402139,18069,384070
14777,1.6918183663801853,402139,18069,384070
14778,1.691703884152118,402139,18069,384070
14779,1.6915894174166046,402139,18069,384070
14780,1.6914749661705006,402139,18069,384070
14781,1.6913605304106623,402139,18069,384070
14782,1.6912461101339467,402139,18069,384070
14783,1.6911317053372117,402139,18069,384070
14784,1.691017316017316,402139,18069,384070
14785,1.6909029421711195,402139,18069,384070
14786,1.6907885837954821,402139,18069,384070
14787,1.690674240887266,402139,18069,384070
14788,1.6905599134433325,401959,18145,383814
14789,1.690445601460545,401959,18145,383814
14790,1.6903313049357673,401959,18145,383814
14791,1.6902170238658645,401959,18145,383814
14792,1.6901027582477015,401959,18145,383814
14793,1.6899885080781452,401959,18145,383814
14794,1.6898742733540624,401959,18145,383814
14795,1.6897600540723217,401959,18145,383814
14796,1.6896458502297917,401959,18145,383814
14797,1.6895316618233425,401959,18145,383814
14798,1.6894174888498446,401959,18145,383814
14799,1.6893033313061694,401959,18145,383814
14800,1.6891891891891893,401959,18145,383814
14801,1.6890750624957773,401959,18145,383814
14802,1.6889609512228076,401959,18145,383814
14803,1.6888468553671554,401959,18145,383814
14804,1.6887327749256957,401959,18145,383814
14805,1.6886187098953056,401959,18145,383814
14806,1.6885046602728624,401959,18145,383814
14807,1.6883906260552441,401817,18145,383672
14808,1.68827660723933,401817,18145,383672
14809,1.6881626038220001,401817,18145,383672
14810,1.688048615800135,401817,18145,383672
14811,1.6879346431706164,401817,18145,383672
14812,1.6878206859303269,401817,18145,383672
14813,1.6877067440761493,401817,18145,383672
14814,1.6875928176049684,401817,18145,383672
14815,1.6874789065136686,401817,18145,383672
14816,1.687365010799136,401817,18145,383672
14817,1.6872511304582574,401817,18145,383672
14818,1.6871372654879202,401817,18145,383672
14819,1.6870234158850126,401817,18145,383672
14820,1.6869095816464237,401817,18145,383672
14821,1.686795762769044,401817,18145,383672
14822,1.686681959249764,401817,18145,383672
14823,1.6865681710854752,401817,18145,383672
14824,1.6864543982730706,401817,18145,383672
14825,1.6863406408094435,401817,18145,383672
14826,1.686226898691488,401817,18145,383672
14827,1.686113171916099,401817,18145,383672
14828,1.6859994604801727,401817,18145,383672
14829,1.6858857643806056,401817,18145,383672
14830,1.6857720836142953,401817,18145,383672
14831,1.6856584181781404,401817,18145,383672
14832,1.6855447680690399,401817,18145,383672
14833,1.685431133283894,401817,18145,383672
14834,1.6853175138196037,401817,18145,383672
14835,1.6852039096730704,401817,18145,383672
14836,1.6850903208411971,401817,18145,383672
14837,1.684976747320887,401817,18145,383672
14838,1.6848631891090444,401817,18145,383672
14839,1.6847496462025744,401817,18145,383672
14840,1.6846361185983827,401817,18145,383672
14841,1.6845226062933765,401817,18145,383672
14842,1.684409109284463,401817,18145,383672
14843,1.6842956275685508,401817,18145,383672
14844,1.6841821611425492,401817,18145,383672
14845,1.6840687100033682,401817,18145,383672
14846,1.6839552741479187,401817,18145,383672
14847,1.6838418535731123,401817,18145,383672
14848,1.683728448275862,401817,18145,383672
14849,1.683615058253081,401817,18145,383672
14850,1.6835016835016836,401817,18145,383672
14851,1.6833883240185845,401817,18145,383672
14852,1.6832749798007003,401817,18145,383672
14853,1.6831616508449472,401817,18145,383672
14854,1.683048337148243,401817,18145,383672
14855,1.682935038707506,401817,18145,383672
14856,1.6828217555196554,401817,18145,383672
14857,1.6827084875816114,401817,18145,383672
14858,1.6825952348902948,401817,18145,383672
14859,1.6824819974426273,401817,18145,383672
14860,1.6823687752355316,401817,18145,383672
14861,1.682255568265931,401817,18145,383672
14862,1.6821423765307495,401817,18145,383672
14863,1.6820292000269124,401817,18145,383672
14864,1.6819160387513454,401817,18145,383672
14865,1.6818028927009754,401817,18145,383672
14866,1.6816897618727298,401817,18145,383672
14867,1.6815766462635366,401817,18145,383672
14868,1.6814635458703255,401817,18145,383672
14869,1.6813504606900262,401817,18145,383672
14870,1.6812373907195697,401817,18145,383672
14871,1.6811243359558874,401817,18145,383672
14872,1.6810112963959118,401817,18145,383672
14873,1.6808982720365764,401817,18145,383672
14874,1.6807852628748152,401817,18145,383672
14875,1.680672268907563,401817,18145,383672
14876,1.6805592901317559,401817,18145,383672
14877,1.6804463265443301,401817,18145,383672
14878,1.6803333781422234,401817,18145,383672
14879,1.6802204449223739,401817,18145,383672
14880,1.6801075268817205,401817,18145,383672
14881,1.6799946240172032,401817,18145,383672
14882,1.6798817363257628,401817,18145,383672
14883,1.6797688638043404,401817,18145,383672
14884,1.6796560064498791,401817,18145,383672
14885,1.6795431642593215,401817,18145,383672
14886,1.6794303372296118,401817,18145,383672
14887,1.6793175253576946,401817,18145,383672
14888,1.6792047286405158,401817,18145,383672
14889,1.6790919470750219,401817,18145,383672
14890,1.6789791806581598,401817,18145,383672
14891,1.678866429386878,401817,18145,383672
14892,1.678753693258125,401817,18145,383672
14893,1.6786409722688511,401817,18145,383672
14894,1.6785282664160064,401817,18145,383672
14895,1.6784155756965424,401817,18145,383672
14896,1.6783029001074115,401817,18145,383672
14897,1.6781902396455661,401817,18145,383672
14898,1.6780775943079609,401817,18145,383672
14899,1.6779649640915497,401817,18145,383672
14900,1.6778523489932886,401817,18145,383672
14901,1.6777397490101336,401817,18145,383672
14902,1.6776271641390417,401817,18145,383672
14903,1.6775145943769711,401817,18145,383672
14904,1.6774020397208802,401817,18145,383672
14905,1.677289500167729,401817,18145,383672
14906,1.6771769757144774,401817,18145,383672
14907,1.6770644663580867,401817,18145,383672
14908,1.6769519720955193,401817,18145,383672
14909,1.6768394929237374,401817,18145,383672
14910,1.676727028839705,401817,18145,383672
14911,1.6766145798403862,401817,18145,383672
14912,1.6765021459227467,401817,18145,383672
14913,1.6763897270837524,401817,18145,383672
14914,1.67627732332037,401817,18145,383672
14915,1.6761649346295675,401817,18145,383672
14916,1.6760525610083132,401817,18145,383672
14917,1.6759402024535766,401817,18145,383672
14918,1.6758278589623274,401817,18145,383672
14919,1.675715530531537,401817,18145,383672
14920,1.675603217158177,401817,18145,383672
14921,1.67549091883922,401817,18145,383672
14922,1.6753786355716391,401817,18145,383672
14923,1.675266367352409,401817,18145,383672
14924,1.6751541141785045,401817,18145,383672
14925,1.6750418760469012,401817,18145,383672
14926,1.6749296529545759,401817,18145,383672
14927,1.674817444898506,401817,18145,383672
14928,1.67470525187567,401817,18145,383672
14929,1.6745930738830463,401817,18145,383672
14930,1.6744809109176155,401817,18145,383672
14931,1.674368762976358,401817,18145,383672
14932,1.674256630056255,401817,18145,383672
14933,1.674144512154289,401817,18145,383672
14934,1.6740324092674435,401817,18145,383672
14935,1.6739203213927016,401817,18145,383672
14936,1.6738082485270487,401817,18145,383672
14937,1.67369619066747,401817,18145,383672
14938,1.6735841478109519,401817,18145,383672
14939,1.6734721199544815,401817,18145,383672
14940,1.6733601070950468,401817,18145,383672
14941,1.6732481092296365,401817,18145,383672
14942,1.6731361263552402,401507,18145,383362
14943,1.6730241584688483,401507,18145,383362
14944,1.672912205567452,401507,18145,383362
14945,1.672800267648043,401507,18145,383362
14946,1.6726883447076142,401507,18145,383362
14947,1.6725764367431593,401507,18145,383362
14948,1.6724645437516725,400928,18145,382783
14949,1.672352665730149,400928,18145,382783
14950,1.6722408026755853,400928,18145,382783
14951,1.6721289545849776,400928,18145,382783
14952,1.6720171214553237,400817,18145,382672
14953,1.671905303283622,400817,18145,382672
14954,1.6717935000668718,400817,18145,382672
14955,1.6716817118020728,400817,18145,382672
14956,1.6715699384862264,400817,18145,382672
14957,1.6714581801163335,400817,18145,382672
14958,1.671346436689397,400817,18145,382672
14959,1.67123470820242,400817,18145,382672
14960,1.6711229946524064,400817,18145,382672
14961,1.6710112960363612,400817,18145,382672
14962,1.67089961235129,400817,18145,382672
14963,1.670787943594199,400817,18145,382672
14964,1.6706762897620957,400817,18145,382672
14965,1.670564650851988,400817,18145,382672
14966,1.6704530268608846,400817,18145,382672
14967,1.6703414177857954,400817,18145,382672
14968,1.6702298236237307,400817,18145,382672
14969,1.6701182443717015,400817,18145,382672
14970,1.6700066800267201,400817,18145,382672
14971,1.6698951305857992,400817,18145,382672
14972,1.6697835960459524,400817,18145,382672
14973,1.6696720764041941,400817,18145,382672
14974,1.6695605716575397,400817,18145,382672
14975,1.669449081803005,400817,18145,382672
14976,1.669337606837607,400817,18145,382672
14977,1.669226146758363,400688,18173,382515
14978,1.6691147015622914,400688,18173,382515
14979,1.6690032712464116,400688,18173,382515
14980,1.6688918558077437,400688,18173,382515
14981,1.668780455243308,400688,18173,382515
14982,1.6686690695501267,400688,18173,382515
14983,1.668557698725222,400688,18173,382515
14984,1.6684463427656167,400688,18173,382515
14985,1.668335001668335,400688,18173,382515
14986,1.6682236754304016,400688,18173,382515
14987,1.6681123640488422,400688,18173,382515
14988,1.6680010675206831,400688,18173,382515
14989,1.6678897858429516,400688,18173,382515
14990,1.667778519012675,400688,18173,382515
14991,1.6676672670268828,400688,18173,382515
14992,1.667556029882604,400688,18173,382515
14993,1.6674448075768693,400688,18173,382515
14994,1.6673336001067094,400688,18173,382515
14995,1.6672224074691564,400688,18173,382515
14996,1.667111229661243,400688,18173,382515
14997,1.6670000666800027,400688,18173,382515
14998,1.6668889185224696,400688,18173,382515
14999,1.666777785185679,400688,18173,382515
15000,1.6666666666666667,400688,18173,382515
15001,1.666555562962469,400688,18173,382515
15002,1.666444474070124,400688,18173,382515
15003,1.6663333999866694,400688,18173,382515
15004,1.6662223407091443,400688,18173,382515
15005,1.6661112962345885,400688,18173,382515
15006,1.6660002665600426,400688,18173,382515
15007,1.665889251682548,400688,18173,382515
15008,1.665778251599147,400688,18173,382515
15009,1.6656672663068826,400688,18173,382515
15010,1.665556295802798,400688,18173,382515
15011,1.6654453400839384,400688,18173,382515
15012,1.6653343991473488,400688,18173,382515
15013,1.6652234729900752,400688,18173,382515
15014,1.6651125616091649,400688,18173,382515
15015,1.665001665001665,400688,18173,382515
15016,1.6648907831646245,400688,18173,382515
15017,1.6647799160950922,400688,18173,382515
15018,1.6646690637901185,400580,18173,382407
15019,1.6645582262467542,400580,18173,382407
15020,1.6644474034620507,400580,18173,382407
15021,1.6643365954330605,400580,18173,382407
15022,1.6642258021568366,400580,18173,382407
15023,1.6641150236304334,400580,18173,382407
15024,1.6640042598509053,400580,18173,382407
15025,1.663893510815308,400580,18173,382407
15026,1.6637827765206974,400580,18173,382407
15027,1.6636720569641312,400580,18173,382407
15028,1.663561352142667,400580,18173,382407
15029,1.6634506620533636,400580,18173,382407
15030,1.66333998669328,400580,18173,382407
15031,1.663229326059477,400580,18173,382407
15032,1.6631186801490154,400580,18173,382407
15033,1.663008048958957,400580,18173,382407
15034,1.6628974324863643,400580,18173,382407
15035,1.6627868307283007,400580,18173,382407
15036,1.6626762436818303,400580,18173,382407
15037,1.662565671344018,400580,18173,382407
15038,1.6624551137119299,400580,18173,382407
15039,1.6623445707826319,400580,18173,382407
15040,1.6622340425531914,400580,18173,382407
15041,1.6621235290206768,400580,18173,382407
15042,1.6620130301821567,400580,18173,382407
15043,1.6619025460347006,400580,18173,382407
15044,1.6617920765753789,400580,18173,382407
15045,1.6616816218012629,400580,18173,382407
15046,1.6615711817094245,400580,18173,382407
15047,1.6614607562969363,400580,18173,382407
15048,1.6613503455608718,400580,18173,382407
15049,1.6612399494983054,400580,18173,382407
15050,1.6611295681063123,400580,18173,382407
15051,1.661019201381968,400580,18173,382407
15052,1.6609088493223492,400580,18173,382407
15053,1.6607985119245332,400580,18173,382407
15054,1.6606881891855985,400065,17813,382252
15055,1.6605778811026237,400065,17813,382252
15056,1.6604675876726886,400065,17813,382252
15057,1.6603573088928738,400065,17813,382252
15058,1.6602470447602604,400065,17813,382252
15059,1.6601367952719304,400065,17813,382252
15060,1.6600265604249669,400065,17813,382252
15061,1.6599163402164532,400065,17813,382252
15062,1.6598061346434736,400065,17813,382252
15063,1.6596959437031136,400065,17813,382252
15064,1.6595857673924588,400065,17813,382252
15065,1.659475605708596,400065,17813,382252
15066,1.6593654586486128,400027,17813,382214
15067,1.659255326209597,400027,17813,382214
15068,1.6591452083886382,400027,17813,382214
15069,1.6590351051828256,400027,17813,382214
15070,1.6589250165892502,400027,17813,382214
15071,1.658814942605003,400027,17813,382214
15072,1.6587048832271762,400027,17813,382214
15073,1.6585948384528628,400027,17813,382214
15074,1.6584848082791561,400027,17813,382214
15075,1.658374792703151,400027,17813,382214
15076,1.6582647917219422,400027,17813,382214
15077,1.6581548053326258,400027,17813,382214
15078,1.6580448335322988,400027,17813,382214
15079,1.6579348763180581,400027,17813,382214
15080,1.6578249336870026,400027,17813,382214
15081,1.657715005636231,400027,17813,382214
15082,1.6576050921628431,400027,17813,382214
15083,1.6574951932639395,400027,17813,382214
15084,1.6573853089366215,400027,17813,382214
15085,1.6572754391779914,400027,17813,382214
15086,1.6571655839851518,400027,17813,382214
15087,1.6570557433552064,400027,17813,382214
15088,1.6569459172852599,400027,17813,382214
15089,1.656836105772417,400027,17813,382214
15090,1.656726308813784,400027,17813,382214
15091,1.6566165264064674,400027,17813,382214
15092,1.6565067585475748,400027,17813,382214
15093,1.6563970052342145,400027,17813,382214
15094,1.6562872664634953,400027,17813,382214
15095,1.6561775422325273,400027,17813,382214
15096,1.6560678325384208,400027,17813,382214
15097,1.655958137378287,400027,17813,382214
15098,1.6558484567492384,400027,17813,382214
15099,1.6557387906483874,398786,17813,380973
15100,1.6556291390728477,398786,17813,380973
15101,1.6555195020197337,398786,17813,380973
15102,1.6554098794861607,398786,17813,380973
15103,1.6553002714692444,398786,17813,380973
15104,1.6551906779661016,398678,17813,380865
15105,1.6550810989738498,398678,17813,380865
15106,1.6549715344896068,398678,17813,380865
15107,1.654861984510492,398678,17813,380865
15108,1.6547524490336245,398678,17813,380865
15109,1.6546429280561255,398678,17813,380865
15110,1.6545334215751157,398678,17813,380865
15111,1.6544239295877177,398678,17813,380865
15112,1.6543144520910535,398678,17813,380865
15113,1.654204989082247,398678,17813,380865
15114,1.6540955405584226,398678,17813,380865
15115,1.6539861065167052,398678,17813,380865
15116,1.6538766869542207,398678,17813,380865
15117,1.6537672818680955,398678,17813,380865
15118,1.6536578912554571,398678,17813,380865
15119,1.6535485151134335,398678,17813,380865
15120,1.6534391534391535,398678,17813,380865
15121,1.6533298062297468,398678,17813,380865
15122,1.6532204734823437,398678,17813,380865
15123,1.6531111551940751,398579,17813,380766
15124,1.6530018513620734,398579,17813,380766
15125,1.6528925619834711,398579,17813,380766
15126,1.6527832870554013,398458,17813,380645
15127,1.6526740265749984,398458,17813,380645
15128,1.652564780539397,398458,17813,380645
15129,1.6524555489457333,398458,17813,380645
15130,1.6523463317911433,398458,17813,380645
15131,1.6522371290727644,398458,17813,380645
15132,1.6521279407877345,398458,17813,380645
15133,1.6520187669331923,398458,17813,380645
15134,1.6519096075062774,398458,17813,380645
15135,1.6518004625041296,398458,17813,380645
15136,1.6516913319238902,398458,17813,380645
15137,1.6515822157627007,398361,17429,380932
15138,1.6514731140177037,398361,17429,380932
15139,1.6513640266860428,398361,17429,380932
15140,1.6512549537648613,398361,17429,380932
15141,1.6511458952513045,398361,17429,380932
15142,1.6510368511425175,398361,17429,380932
15143,1.6509278214356469,398361,17429,380932
15144,1.6508188061278395,398361,17429,380932
15145,1.650709805216243,398361,17429,380932
15146,1.6506008186980061,398361,17429,380932
15147,1.650491846570278,398207,17429,380778
15148,1.6503828888302086,398207,17429,380778
15149,1.6502739454749489,398207,17429,380778
15150,1.6501650165016502,398207,17429,380778
15151,1.6500561019074649,397929,17429,380500
15152,1.649947201689546,397462,17429,380033
15153,1.6498383158450471,397287,17534,379753
15154,1.6497294443711232,397287,17534,379753
15155,1.649620587264929,397287,17534,379753
15156,1.649511744523621,397287,17534,379753
15157,1.6494029161443557,397287,17534,379753
15158,1.6492941021242908,397287,17534,379753
15159,1.6491853024605845,397287,17534,379753
15160,1.6490765171503958,397287,17534,379753
15161,1.6489677461908845,397287,17534,379753
15162,1.6488589895792112,397287,17534,379753
15163,1.648750247312537,397287,17534,379753
15164,1.6486415193880242,397287,17534,379753
15165,1.6485328058028355,397287,17534,379753
15166,1.6484241065541343,397287,17534,379753
15167,1.648315421639085,397287,17534,379753
15168,1.6482067510548524,397287,17534,379753
15169,1.6480980947986024,397287,17534,379753
15170,1.6479894528675016,397287,17534,379753
15171,1.6478808252587174,397287,17534,379753
15172,1.6477722119694174,397287,17534,379753
15173,1.6476636129967706,397287,17534,379753
15174,1.6475550283379465,397287,17534,379753
15175,1.6474464579901154,397287,17534,379753
15176,1.6473379019504482,397287,17534,379753
15177,1.6472293602161165,397287,17534,379753
15178,1.647120832784293,397287,17534,379753
15179,1.647012319652151,397287,17534,379753
15180,1.6469038208168643,397287,17534,379753
15181,1.6467953362756076,397123,17550,379573
15182,1.6466868660255565,397123,17550,379573
15183,1.6465784100638872,396934,17550,379384
15184,1.6464699683877766,396934,17550,379384
15185,1.6463615409944024,396934,17550,379384
15186,1.646253127880943,396934,17550,379384
15187,1.6461447290445776,396934,17550,379384
15188,1.6460363444824861,396934,17550,379384
15189,1.6459279741918493,396934,17550,379384
15190,1.6458196181698486,396934,17550,379384
15191,1.6457112764136659,396934,17550,379384
15192,1.6456029489204844,396934,17550,379384
15193,1.6454946356874876,396934,17550,379384
15194,1.64538633671186,396934,17550,379384
15195,1.6452780519907864,396934,17550,379384
15196,1.645169781521453,396934,17550,379384
15197,1.6450615253010463,396934,17550,379384
15198,1.6449532833267535,396934,17550,379384
15199,1.6448450555957628,396934,17550,379384
15200,1.644736842105263,396934,17550,379384
15201,1.644628642852444,395658,17550,378108
15202,1.6445204578344954,395658,17550,378108
15203,1.6444122870486089,395658,17550,378108
15204,1.6443041304919759,395658,17550,378108
15205,1.644195988161789,395658,17550,378108
15206,1.6440878600552413,395658,17550,378108
15207,1.6439797461695271,395658,17550,378108
15208,1.643871646501841,395658,17550,378108
15209,1.6437635610493786,395658,17550,378108
15210,1.643655489809336,395658,17550,378108
15211,1.64354743277891,395658,17550,378108
15212,1.6434393899552984,395658,17550,378108
15213,1.6433313613356997,395658,17550,378108
15214,1.643223346917313,395658,17550,378108
15215,1.643115346697338,395658,17550,378108
15216,1.6430073606729758,395658,17550,378108
15217,1.6428993888414274,395658,17550,378108
15218,1.6427914311998948,395658,17550,378108
15219,1.6426834877455812,395658,17550,378108
15220,1.6425755584756898,395658,17550,378108
15221,1.6424676433874252,395658,17550,378108
15222,1.6423597424779923,395658,17550,378108
15223,1.642251855744597,395658,17550,378108
15224,1.6421439831844455,395658,17550,378108
15225,1.6420361247947455,395658,17550,378108
15226,1.6419282805727047,395658,17550,378108
15227,1.6418204505155316,395658,17550,378108
15228,1.641712634620436,395658,17550,378108
15229,1.641604832884628,395658,17550,378108
15230,1.6414970453053184,395658,17550,378108
15231,1.641389271879719,395382,17529,377853
15232,1.641281512605042,395382,17529,377853
15233,1.6411737674785005,395382,17529,377853
15234,1.6410660364973086,395382,17529,377853
15235,1.6409583196586808,395382,17529,377853
15236,1.640850616959832,395382,17529,377853
15237,1.6407429283979786,395382,17529,377853
15238,1.6406352539703373,395382,17529,377853
15239,1.6405275936741257,395382,17529,377853
15240,1.6404199475065617,395382,17529,377853
15241,1.6403123154648644,395382,17529,377853
15242,1.6402046975462539,395382,17529,377853
15243,1.64009709374795,395382,17529,377853
15244,1.639989504067174,395382,17529,377853
15245,1.639881928501148,395382,17529,377853
15246,1.6397743670470943,395382,17529,377853
15247,1.6396668197022366,395382,17529,377853
15248,1.6395592864637984,395382,17529,377853
15249,1.6394517673290052,395382,17529,377853
15250,1.639344262295082,395382,17529,377853
15251,1.639236771359255,395382,17529,377853
15252,1.6391292945187517,395382,17529,377853
15253,1.6390218317707992,395382,17529,377853
15254,1.6389143831126263,395382,17529,377853
15255,1.6388069485414618,395382,17529,377853
15256,1.638699528054536,395382,17529,377853
15257,1.638592121649079,395382,17529,377853
15258,1.6384847293223228,395382,17529,377853
15259,1.6383773510714987,395382,17529,377853
15260,1.6382699868938402,395382,17529,377853
15261,1.6381626367865803,395382,17529,377853
15262,1.6380553007469532,395382,17529,377853
15263,1.6379479787721942,395382,17529,377853
15264,1.6378406708595388,395382,17529,377853
15265,1.6377333770062235,395382,17529,377853
15266,1.6376260972094852,395382,17529,377853
15267,1.6375188314665619,395382,17529,377853
15268,1.6374115797746922,394914,17701,377213
15269,1.6373043421311153,394914,17701,377213
15270,1.6371971185330714,394914,17701,377213
15271,1.637089908977801,394914,17701,377213
15272,1.6369827134625459,394914,17701,377213
15273,1.6368755319845478,394914,17701,377213
15274,1.6367683645410502,394914,17701,377213
15275,1.6366612111292962,394914,17701,377213
15276,1.6365540717465306,394914,17701,377213
15277,1.636446946389998,394914,17701,377213
15278,1.6363398350569447,394914,17701,377213
15279,1.6362327377446169,394914,17701,377213
15280,1.6361256544502618,394914,17701,377213
15281,1.6360185851711275,394914,17701,377213
15282,1.6359115299044629,394914,17701,377213
15283,1.635804488647517,394914,17701,377213
15284,1.63569746139754,394914,17701,377213
15285,1.635590448151783,394914,17701,377213
15286,1.635483448907497,394914,17701,377213
15287,1.635376463661935,394914,17701,377213
15288,1.6352694924123496,394914,17701,377213
15289,1.6351625351559944,394914,17701,377213
15290,1.6350555918901242,394914,17701,377213
15291,1.634948662611994,394914,17701,377213
15292,1.6348417473188595,394914,17701,377213
15293,1.6347348460079776,394914,17701,377213
15294,1.6346279586766053,394914,17701,377213
15295,1.6345210853220007,394914,17701,377213
15296,1.6344142259414225,394914,17701,377213
15297,1.6343073805321304,394914,17701,377213
15298,1.6342005490913845,394914,17701,377213
15299,1.6340937316164454,394576,17613,376963
15300,1.6339869281045751,394576,17613,376963
15301,1.6338801385530357,394576,17613,376963
15302,1.6337733629590903,394576,17613,376963
15303,1.6336666013200025,394576,17613,376963
15304,1.6335598536330371,394576,17613,376963
15305,1.633453119895459,394576,17613,376963
15306,1.6333464001045341,394576,17613,376963
15307,1.6332396942575291,394576,17613,376963
15308,1.6331330023517114,394576,17613,376963
15309,1.633026324384349,394576,17613,376963
15310,1.6329196603527107,394576,17613,376963
15311,1.6328130102540657,394576,17613,376963
15312,1.6327063740856844,394576,17613,376963
15313,1.6325997518448376,394576,17613,376963
15314,1.6324931435287973,394576,17613,376963
15315,1.632386549134835,394576,17613,376963
15316,1.6322799686602245,394576,17613,376963
15317,1.6321734021022394,394576,17613,376963
15318,1.6320668494581538,394576,17613,376963
15319,1.6319603107252432,394576,17613,376963
15320,1.6318537859007833,394576,17613,376963
15321,1.6317472749820507,394576,17613,376963
15322,1.631640777966323,394576,17613,376963
15323,1.6315342948508778,394576,17613,376963
15324,1.631427825632994,394576,17613,376963
15325,1.6313213703099512,394576,17613,376963
15326,1.6312149288790292,394576,17613,376963
15327,1.631108501337509,394576,17613,376963
15328,1.6310020876826723,394576,17613,376963
15329,1.630895687911801,394576,17613,376963
15330,1.6307893020221786,394549,17560,376989
15331,1.6306829300110885,394549,17560,376989
15332,1.6305765718758154,394430,17560,376870
15333,1.6304702276136438,394430,17560,376870
15334,1.63036389722186,394430,17560,376870
15335,1.6302575806977502,394430,17560,376870
15336,1.630151278038602,394430,17560,376870
15337,1.630044989241703,394430,17560,376870
15338,1.6299387143043422,394430,17560,376870
15339,1.6298324532238087,394430,17560,376870
15340,1.6297262059973925,394430,17560,376870
15341,1.6296199726223846,394430,17560,376870
15342,1.6295137530960762,394430,17560,376870
15343,1.6294075474157597,394430,17560,376870
15344,1.629301355578728,394430,17560,376870
15345,1.6291951775822744,394430,17560,376870
15346,1.6290890134236935,394430,17560,376870
15347,1.6289828631002803,394430,17560,376870
15348,1.6288767266093302,394430,17560,376870
15349,1.62877060394814,394430,17560,376870
15350,1.6286644951140066,394430,17560,376870
15351,1.6285584001042277,394430,17560,376870
15352,1.6284523189161022,394430,17560,376870
15353,1.628346251546929,394430,17560,376870
15354,1.628240197994008,394430,17560,376870
15355,1.6281341582546403,394430,17560,376870
15356,1.6280281323261265,394430,17560,376870
15357,1.6279221202057694,394430,17560,376870
15358,1.627816121890871,394430,17560,376870
15359,1.6277101373787355,394430,17560,376870
15360,1.6276041666666667,394430,17560,376870
15361,1.6274982097519692,394430,17560,376870
15362,1.627392266631949,394430,17560,376870
15363,1.627286337303912,394430,17560,376870
15364,1.6271804217651653,394430,17560,376870
15365,1.6270745200130166,394430,17560,376870
15366,1.6269686320447743,394430,17560,376870
15367,1.626862757857747,394430,17560,376870
15368,1.6267568974492452,394430,17560,376870
15369,1.6266510508165788,394430,17560,376870
15370,1.6265452179570592,394430,17560,376870
15371,1.6264393988679982,394430,17560,376870
15372,1.6263335935467083,394423,17560,376863
15373,1.6262278019905028,394423,17560,376863
15374,1.6261220241966958,393941,17560,376381
15375,1.6260162601626016,393941,17560,376381
15376,1.625910509885536,393941,17560,376381
15377,1.6258047733628147,393941,17560,376381
15378,1.6256990505917543,393941,17560,376381
15379,1.6255933415696728,393941,17560,376381
15380,1.625487646293888,393941,17560,376381
15381,1.625381964761719,393941,17560,376381
15382,1.625276296970485,393941,17560,376381
15383,1.6251706429175063,393941,17560,376381
15384,1.6250650026001041,393941,17560,376381
15385,1.6249593760155996,393941,17560,376381
15386,1.6248537631613156,393941,17560,376381
15387,1.6247481640345747,393941,17560,376381
15388,1.6246425786327008,393941,17560,376381
15389,1.6245370069530183,393941,17560,376381
15390,1.6244314489928524,393941,17560,376381
15391,1.6243259047495289,393233,17560,375673
15392,1.6242203742203742,393233,17560,375673
15393,1.6241148574027156,393233,17560,375673
15394,1.6240093542938807,393233,17560,375673
15395,1.6239038648911985,393233,17560,375673
15396,1.6237983891919978,393233,17560,375673
15397,1.6236929271936091,393233,17560,375673
15398,1.6235874788933629,393233,17560,375673
15399,1.6234820442885902,393233,17560,375673
15400,1.6233766233766234,393233,17560,375673
15401,1.623271216154795,393233,17560,375673
15402,1.6231658226204388,393233,17560,375673
15403,1.6230604427708888,393233,17560,375673
15404,1.6229550766034797,393233,17560,375673
15405,1.6228497241155468,393233,17560,375673
15406,1.6227443853044268,393233,17560,375673
15407,1.6226390601674563,393233,17560,375673
15408,1.622533748701973,393233,17560,375673
15409,1.622428450905315,393233,17560,375673
15410,1.6223231667748215,393233,17560,375673
15411,1.622217896307832,393233,17560,375673
15412,1.622112639501687,393233,17560,375673
15413,1.6220073963537274,393233,17560,375673
15414,1.621902166861295,393233,17560,375673
15415,1.621796951021732,392813,17560,375253
15416,1.6216917488323819,392813,17560,375253
15417,1.6215865602905883,392610,17560,375050
15418,1.6214813853936956,392610,17560,375050
15419,1.6213762241390492,392610,17560,375050
15420,1.6212710765239948,392610,17560,375050
15421,1.621165942545879,392610,17560,375050
15422,1.621060822202049,392610,17560,375050
15423,1.6209557154898528,392610,17560,375050
15424,1.620850622406639,392610,17560,375050
15425,1.6207455429497568,392610,17560,375050
15426,1.6206404771165566,392610,17560,375050
15427,1.6205354249043884,392610,17560,375050
15428,1.620430386310604,392610,17560,375050
15429,1.6203253613325557,392610,17560,375050
15430,1.6202203499675956,392610,17560,375050
15431,1.6201153522130776,392610,17560,375050
15432,1.6200103680663556,392610,17560,375050
15433,1.6199053975247846,392610,17560,375050
15434,1.6198004405857198,392459,17556,374903
15435,1.6196954972465176,392459,17556,374903
15436,1.6195905675045348,392459,17556,374903
15437,1.619485651357129,391878,17473,374405
15438,1.6193807488016583,391878,17473,374405
15439,1.6192758598354815,391878,17473,374405
15440,1.6191709844559585,391878,17473,374405
15441,1.6190661226604495,391878,17473,374405
15442,1.6189612744463153,391878,17473,374405
15443,1.6188564398109175,391878,17473,374405
15444,1.6187516187516187,391878,17473,374405
15445,1.618646811265782,391878,17473,374405
15446,1.6185420173507705,391878,17473,374405
15447,1.618437237003949,391878,17473,374405
15448,1.6183324702226825,391878,17473,374405
15449,1.6182277170043369,391814,17473,374341
15450,1.6181229773462784,391814,17473,374341
15451,1.618018251245874,391814,17473,374341
15452,1.617913538700492,391814,17473,374341
15453,1.6178088397075001,391814,17473,374341
15454,1.617704154264268,391814,17473,374341
15455,1.6175994823681656,391814,17473,374341
15456,1.6174948240165632,391814,17473,374341
15457,1.617390179206832,391814,17473,374341
15458,1.6172855479363437,391814,17473,374341
15459,1.6171809302024711,391814,17473,374341
15460,1.6170763260025873,391814,17473,374341
15461,1.6169717353340665,391814,17473,374341
15462,1.6168671581942828,391814,17473,374341
15463,1.616762594580612,391814,17473,374341
15464,1.6166580444904295,391814,17473,374341
15465,1.6165535079211122,391814,17473,374341
15466,1.6164489848700374,391814,17473,374341
15467,1.6163444753345833,391814,17473,374341
15468,1.6162399793121283,391814,17473,374341
15469,1.6161354968000516,391814,17473,374341
15470,1.6160310277957337,391814,17473,374341
15471,1.6159265722965548,391814,17473,374341
15472,1.6158221302998965,391814,17473,374341
15473,1.615717701803141,391814,17473,374341
15474,1.6156132868036708,391814,17473,374341
15475,1.615508885298869,391814,17473,374341
15476,1.6154044972861203,391814,17473,374341
15477,1.6153001227628094,391814,17473,374341
15478,1.6151957617263213,391814,17473,374341
15479,1.6150914141740422,391814,17473,374341
15480,1.6149870801033592,391814,17473,374341
15481,1.6148827595116595,391814,17473,374341
15482,1.6147784523963313,391814,17473,374341
15483,1.6146741587547633,391814,17473,374341
15484,1.6145698785843452,391814,17473,374341
15485,1.614465611882467,391814,17473,374341
15486,1.6143613586465195,391725,17443,374282
15487,1.6142571188738943,391725,17443,374282
15488,1.6141528925619835,391725,17443,374282
15489,1.61404867970818,391680,17473,374207
15490,1.6139444803098772,391680,17473,374207
15491,1.6138402943644696,391680,17473,374207
15492,1.613736121869352,391680,17473,374207
15493,1.6136319628219196,391680,17473,374207
15494,1.6135278172195688,391680,17473,374207
15495,1.6134236850596966,391680,17473,374207
15496,1.6133195663397006,391680,17473,374207
15497,1.6132154610569787,391680,17473,374207
15498,1.6131113692089303,391680,17473,374207
15499,1.6130072907929545,391680,17473,374207
15500,1.6129032258064515,391680,17473,374207
15501,1.6127991742468228,391680,17473,374207
15502,1.6126951361114694,391680,17473,374207
15503,1.612591111397794,391680,17473,374207
15504,1.612487100103199,391680,17473,374207
15505,1.6123831022250887,391680,17473,374207
15506,1.6122791177608669,391680,17473,374207
15507,1.6121751467079384,391680,17473,374207
15508,1.612071189063709,391680,17473,374207
15509,1.611967244825585,391680,17473,374207
15510,1.6118633139909735,391680,17473,374207
15511,1.6117593965572818,391680,17473,374207
15512,1.6116554925219184,391680,17473,374207
15513,1.6115516018822922,391680,17473,374207
15514,1.6114477246358128,391680,17473,374207
15515,1.6113438607798904,391680,17473,374207
15516,1.611240010311936,391680,17473,374207
15517,1.6111361732293614,391680,17473,374207
15518,1.6110323495295786,391680,17473,374207
15519,1.6109285392100006,391680,17473,374207
15520,1.6108247422680413,391680,17473,374207
15521,1.6107209587011146,391569,17473,374096
15522,1.6106171885066358,391569,17473,374096
15523,1.6105134316820202,391569,17473,374096
15524,1.6104096882246843,391569,17473,374096
15525,1.6103059581320451,391569,17473,374096
15526,1.61020224140152,391569,17473,374096
15527,1.6100985380305275,391569,17473,374096
15528,1.6099948480164863,391569,17473,374096
15529,1.6098911713568163,391569,17473,374096
15530,1.6097875080489374,391569,17473,374096
15531,1.609683858090271,391569,17473,374096
15532,1.6095802214782384,391569,17473,374096
15533,1.6094765982102621,391569,17473,374096
15534,1.6093729882837646,391569,17473,374096
15535,1.60926939169617,391569,17473,374096
15536,1.609165808444902,391569,17473,374096
15537,1.6090622385273863,391569,17473,374096
15538,1.6089586819410477,391569,17473,374096
15539,1.608855138683313,391569,17473,374096
15540,1.6087516087516087,391569,17473,374096
15541,1.6086480921433628,391569,17473,374096
15542,1.608544588856003,391569,17473,374096
15543,1.6084410988869589,391497,17495,374002
15544,1.6083376222336594,391497,17495,374002
15545,1.608234158893535,391491,17495,373996
15546,1.6081307088640164,391491,17495,373996
15547,1.6080272721425355,391491,17495,373996
15548,1.6079238487265244,391491,17495,373996
15549,1.6078204386134156,391491,17495,373996
15550,1.607717041800643,391491,17495,373996
15551,1.6076136582856408,391491,17495,373996
15552,1.6075102880658436,391491,17495,373996
15553,1.6074069311386872,391491,17495,373996
15554,1.6073035875016073,391491,17495,373996
15555,1.6072002571520412,391491,17495,373996
15556,1.607096940087426,391491,17495,373996
15557,1.6069936363052002,391491,17495,373996
15558,1.6068903458028023,391491,17495,373996
15559,1.6067870685776722,391491,17495,373996
15560,1.6066838046272494,391491,17495,373996
15561,1.606580553948975,391491,17495,373996
15562,1.6064773165402904,391491,17495,373996
15563,1.6063740923986378,391491,17495,373996
15564,1.6062708815214597,391491,17495,373996
15565,1.6061676839061998,391491,17495,373996
15566,1.606064499550302,391491,17495,373996
15567,1.6059613284512109,391491,17495,373996
15568,1.6058581706063721,391491,17495,373996
15569,1.6057550260132314,391491,17495,373996
15570,1.6056518946692357,391491,17495,373996
15571,1.6055487765718321,391491,17495,373996
15572,1.605445671718469,391491,17495,373996
15573,1.6053425801065948,391491,17495,373996
15574,1.6052395017336587,391491,17495,373996
15575,1.6051364365971108,391491,17495,373996
15576,1.6050333846944016,391491,17495,373996
15577,1.6049303460229827,391491,17495,373996
15578,1.6048273205803056,391491,17495,373996
15579,1.6047243083638232,391491,17495,373996
15580,1.6046213093709885,391491,17495,373996
15581,1.6045183235992555,391491,17495,373996
15582,1.6044153510460788,391491,17495,373996
15583,1.6043123917089135,391491,17495,373996
15584,1.6042094455852156,391491,17495,373996
15585,1.6041065126724414,391491,17495,373996
15586,1.6040035929680483,391491,17495,373996
15587,1.6039006864694938,391491,17495,373996
15588,1.6037977931742367,391263,17423,373840
15589,1.6036949130797358,391263,17423,373840
15590,1.603592046183451,391263,17423,373840
15591,1.6034891924828427,391263,17423,373840
15592,1.603386351975372,391263,17423,373840
15593,1.6032835246585007,391263,17423,373840
15594,1.603180710529691,391263,17423,373840
15595,1.6030779095864058,391263,17423,373840
15596,1.6029751218261092,391263,17423,373840
15597,1.6028723472462654,391263,17423,373840
15598,1.602769585844339,391263,17423,373840
15599,1.602666837617796,391263,17423,373840
15600,1.6025641025641026,391263,17423,373840
15601,1.6024613806807255,391237,17423,373814
15602,1.6023586719651326,391237,17423,373814
15603,1.6022559764147921,391237,17423,373814
15604,1.6021532940271725,391237,17423,373814
15605,1.6020506247997437,391237,17423,373814
15606,1.6019479687299756,391156,17423,373733
15607,1.6018453258153393,391112,17423,373689
15608,1.601742696053306,391112,17423,373689
15609,1.601640079441348,391112,17423,373689
15610,1.6015374759769379,391112,17423,373689
15611,1.601434885657549,391112,17423,373689
15612,1.6013323084806559,391112,17423,373689
15613,1.601229744443733,391112,17423,373689
15614,1.6011271935442553,391112,17423,373689
15615,1.601024655779699,391112,17423,373689
15616,1.600922131147541,391112,17423,373689
15617,1.6008196196452584,391112,17423,373689
15618,1.600717121270329,391112,17423,373689
15619,1.6006146360202318,391112,17423,373689
15620,1.6005121638924455,391112,17423,373689
15621,1.6004097048844503,391112,17423,373689
15622,1.6003072589937268,391065,17423,373642
15623,1.600204826217756,391065,17423,373642
15624,1.6001024065540195,391065,17423,373642
15625,1.6,391065,17423,373642
15626,1.5998976065531807,391065,17423,373642
15627,1.599795226211045,391065,17423,373642
15628,1.5996928589710775,391065,17423,373642
15629,1.5995905048307633,391065,17423,373642
15630,1.599488163787588,391065,17423,373642
15631,1.5993858358390378,391065,17423,373642
15632,1.5992835209825997,391065,17423,373642
15633,1.5991812192157615,391065,17423,373642
15634,1.5990789305360114,391065,17423,373642
15635,1.598976654940838,391065,17423,373642
15636,1.5988743924277309,391065,17423,373642
15637,1.5987721429941806,391065,17423,373642
15638,1.5986699066376775,391065,17423,373642
15639,1.5985676833557132,391065,17423,373642
15640,1.5984654731457801,391065,17423,373642
15641,1.5983632760053705,391065,17423,373642
15642,1.598261091931978,391065,17423,373642
15643,1.5981589209230966,391065,17423,373642
15644,1.598056762976221,391065,17423,373642
15645,1.5979546180888462,391065,17423,373642
15646,1.5978524862584687,391065,17423,373642
15647,1.5977503674825846,391065,17423,373642
15648,1.5976482617586911,390099,17423,372676
15649,1.5975461690842865,390099,17423,372676
15650,1.597444089456869,390099,17423,372676
15651,1.5973420228739377,390099,17423,372676
15652,1.5972399693329926,390099,17423,372676
15653,1.597137928831534,390099,17423,372676
15654,1.5970359013670627,389886,17423,372463
15655,1.5969338869370808,389886,17423,372463
15656,1.5968318855390904,389886,17423,372463
15657,1.5967298971705945,389886,17423,372463
15658,1.5966279218290969,389886,17423,372463
15659,1.5965259595121017,389886,17423,372463
15660,1.5964240102171137,389886,17423,372463
15661,1.5963220739416384,389832,17423,372409
15662,1.5962201506831821,389832,17423,372409
15663,1.5961182404392518,389832,17423,372409
15664,1.5960163432073544,389832,17423,372409
15665,1.5959144589849985,389832,17423,372409
15666,1.5958125877696923,389832,17423,372409
15667,1.5957107295589457,389832,17423,372409
15668,1.595608884350268,389832,17423,372409
15669,1.5955070521411705,389832,17423,372409
15670,1.595405232929164,389832,17423,372409
15671,1.5953034267117605,389832,17423,372409
15672,1.5952016334864727,389832,17423,372409
15673,1.5950998532508136,389832,17423,372409
15674,1.5949980860022968,389832,17423,372409
15675,1.594896331738437,389832,17423,372409
15676,1.594794590456749,389832,17423,372409
15677,1.594692862154749,389832,17423,372409
15678,1.5945911468299527,389832,17423,372409
15679,1.5944894444798776,389832,17423,372409
15680,1.594387755102041,389832,17423,372409
15681,1.5942860786939608,389832,17423,372409
15682,1.5941844152531566,389832,17423,372409
15683,1.5940827647771472,389832,17423,372409
15684,1.5939811272634532,389832,17423,372409
15685,1.593879502709595,389762,17424,372338
15686,1.5937778911130944,389762,17424,372338
15687,1.5936762924714731,389762,17424,372338
15688,1.5935747067822539,389762,17424,372338
15689,1.59347313404296,389762,17424,372338
15690,1.5933715742511154,389762,17424,372338
15691,1.5932700274042444,389762,17424,372338
15692,1.5931684934998724,389762,17424,372338
15693,1.5930669725355253,389762,17424,372338
15694,1.5929654645087294,389762,17424,372338
15695,1.5928639694170117,389762,17424,372338
15696,1.5927624872579,389762,17424,372338
15697,1.5926610180289227,389762,17424,372338
15698,1.5925595617276087,389762,17424,372338
15699,1.5924581183514874,389762,17424,372338
15700,1.5923566878980893,389762,17424,372338
15701,1.5922552703649449,389762,17424,372338
15702,1.592153865749586,389762,17424,372338
15703,1.5920524740495448,389762,17424,372338
15704,1.5919510952623535,389762,17424,372338
15705,1.591849729385546,389762,17424,372338
15706,1.591748376416656,389762,17424,372338
15707,1.5916470363532182,389762,17424,372338
15708,1.591545709192768,389762,17424,372338
15709,1.591444394932841,389762,17424,372338
15710,1.5913430935709738,389762,17424,372338
15711,1.5912418051047037,389762,17424,372338
15712,1.5911405295315681,389762,17424,372338
15713,1.5910392668491058,389762,17424,372338
15714,1.5909380170548555,389762,17424,372338
15715,1.590836780146357,389762,17424,372338
15716,1.5907355561211505,389657,17394,372263
15717,1.5906343449767768,389657,17394,372263
15718,1.5905331467107775,389657,17394,372263
15719,1.5904319613206948,389657,17394,372263
15720,1.5903307888040712,389657,17394,372263
15721,1.5902296291584506,389657,17394,372263
15722,1.5901284823813764,389657,17394,372263
15723,1.5900273484703937,389657,17394,372263
15724,1.5899262274230477,389649,17394,372255
15725,1.589825119236884,389649,17394,372255
15726,1.5897240239094492,389649,17394,372255
15727,1.5896229414382907,389649,17394,372255
15728,1.5895218718209563,389649,17394,372255
15729,1.589420815054994,389649,17394,372255
15730,1.589319771137953,389649,17394,372255
15731,1.589218740067383,389649,17394,372255
15732,1.5891177218408339,389649,17394,372255
15733,1.589016716455857,389649,17394,372255
15734,1.5889157239100038,389649,17394,372255
15735,1.5888147442008262,389649,17394,372255
15736,1.588713777325877,389649,17394,372255
15737,1.5886128232827095,389649,17394,372255
15738,1.588511882068878,389649,17394,372255
15739,1.5884109536819366,389649,17394,372255
15740,1.5883100381194408,389649,17394,372255
15741,1.5882091353789467,389649,17394,372255
15742,1.5881082454580104,389649,17394,372255
15743,1.588007368354189,389649,17394,372255
15744,1.5879065040650406,389649,17394,372255
15745,1.5878056525881232,389631,17394,372237
15746,1.5877048139209957,389631,17394,372237
15747,1.587603988061218,389631,17394,372237
15748,1.58750317500635,389631,17394,372237
15749,1.5874023747539527,389631,17394,372237
15750,1.5873015873015872,389631,17394,372237
15751,1.587200812646816,389631,17394,372237
15752,1.5871000507872017,389631,17394,372237
15753,1.5869993017203072,389631,17394,372237
15754,1.586898565443697,389631,17394,372237
15755,1.586797841954935,389631,17394,372237
15756,1.5866971312515867,389631,17394,372237
15757,1.586596433331218,389631,17394,372237
15758,1.5864957481913948,389631,17394,372237
15759,1.5863950758296845,389631,17394,372237
15760,1.5862944162436547,389631,17394,372237
15761,1.5861937694308736,389631,17394,372237
15762,1.58609313538891,389631,17394,372237
15763,1.5859925141153335,389631,17394,372237
15764,1.5858919056077139,389391,17406,371985
15765,1.585791309863622,389391,17406,371985
15766,1.5856907268806293,389256,17406,371850
15767,1.5855901566563075,389256,17406,371850
15768,1.5854895991882294,389256,17406,371850
15769,1.585389054473968,389256,17406,371850
15770,1.585288522511097,389256,17406,371850
15771,1.585188003297191,389256,17406,371850
15772,1.585087496829825,389256,17406,371850
15773,1.5849870031065745,389256,17406,371850
15774,1.584886522125016,389256,17406,371850
15775,1.5847860538827259,389256,17406,371850
15776,1.5846855983772818,389208,17406,371802
15777,1.5845851556062622,389208,17406,371802
15778,1.5844847255672456,389193,17406,371787
15779,1.584384308257811,389193,17406,371787
15780,1.5842839036755387,389193,17406,371787
15781,1.584183511818009,389193,17406,371787
15782,1.584083132682803,389193,17406,371787
15783,1.583982766267503,389193,17406,371787
15784,1.5838824125696909,389193,17406,371787
15785,1.5837820715869497,389193,17406,371787
15786,1.583681743316863,389193,17406,371787
15787,1.5835814277570153,389193,17406,371787
15788,1.5834811249049912,389193,17406,371787
15789,1.583380834758376,389193,17406,371787
15790,1.5832805573147561,389193,17406,371787
15791,1.583180292571718,389193,17406,371787
15792,1.583080040526849,389193,17406,371787
15793,1.582979801177737,389193,17406,371787
15794,1.5828795745219704,389193,17406,371787
15795,1.5827793605571383,389193,17406,371787
15796,1.5826791592808307,389193,17406,371787
15797,1.5825789706906375,389193,17406,371787
15798,1.5824787947841499,389193,17406,371787
15799,1.5823786315589594,389193,17406,371787
15800,1.5822784810126582,389193,17406,371787
15801,1.5821783431428391,389193,17406,371787
15802,1.5820782179470954,389193,17406,371787
15803,1.5819781054230209,389193,17406,371787
15804,1.5818780055682107,389193,17406,371787
15805,1.5817779183802594,389193,17406,371787
15806,1.5816778438567634,389193,17406,371787
15807,1.5815777819953185,389193,17406,371787
15808,1.5814777327935223,389193,17406,371787
15809,1.581377696248972,389193,17406,371787
15810,1.5812776723592663,389193,17406,371787
15811,1.5811776611220036,389193,17406,371787
15812,1.5810776625347838,389193,17406,371787
15813,1.5809776765952064,389193,17406,371787
15814,1.5808777033008727,389193,17406,371787
15815,1.5807777426493834,389193,17406,371787
15816,1.580677794638341,389193,17406,371787
15817,1.5805778592653474,389193,17406,371787
15818,1.5804779365280062,389193,17406,371787
15819,1.5803780264239207,389193,17406,371787
15820,1.5802781289506953,389193,17406,371787
15821,1.580178244105935,389193,17406,371787
15822,1.5800783718872455,389193,17406,371787
15823,1.5799785122922327,389193,17406,371787
15824,1.5798786653185035,389193,17406,371787
15825,1.5797788309636651,389193,17406,371787
15826,1.5796790092253254,389193,17406,371787
15827,1.579579200101093,389193,17406,371787
15828,1.5794794035885773,389193,17406,371787
15829,1.5793796196853875,389193,17406,371787
15830,1.5792798483891346,388887,17406,371481
15831,1.579180089697429,388887,17406,371481
15832,1.5790803436078829,388887,17406,371481
15833,1.5789806101181076,388887,17406,371481
15834,1.578880889225717,388887,17406,371481
15835,1.5787811809283234,388887,17406,371481
15836,1.5786814852235413,388830,17175,371655
15837,1.5785818021089852,388830,17175,371655
15838,1.5784821315822706,388830,17175,371655
15839,1.5783824736410126,388830,17175,371655
15840,1.5782828282828283,388830,17175,371655
15841,1.5781831955053343,388830,17175,371655
15842,1.5780835753061482,388830,17175,371655
15843,1.5779839676828884,388830,17175,371655
15844,1.5778843726331735,388830,17175,371655
15845,1.577784790154623,388830,17175,371655
15846,1.5776852202448568,388830,17175,371655
15847,1.5775856629014955,388830,17175,371655
15848,1.5774861181221604,388830,17175,371655
15849,1.5773865859044736,388830,17175,371655
15850,1.5772870662460567,388830,17175,371655
15851,1.5771875591445335,388830,17175,371655
15852,1.5770880645975272,388830,17175,371655
15853,1.576988582602662,388830,17175,371655
15854,1.5768891131575629,388830,17175,371655
15855,1.576789656259855,388830,17175,371655
15856,1.5766902119071644,388830,17175,371655
15857,1.576590780097118,388830,17175,371655
15858,1.5764913608273428,388830,17175,371655
15859,1.5763919540954663,388830,17175,371655
15860,1.5762925598991173,388830,17175,371655
15861,1.5761931782359246,388830,17175,371655
15862,1.576093809103518,388830,17175,371655
15863,1.5759944524995273,388830,17175,371655
15864,1.5758951084215835,388830,17175,371655
15865,1.575795776867318,388830,17175,371655
15866,1.5756964578343629,388830,17175,371655
15867,1.5755971513203504,388830,17175,371655
15868,1.5754978573229141,388830,17175,371655
15869,1.5753985758396873,388830,17175,371655
15870,1.575299306868305,388830,17175,371655
15871,1.5752000504064017,388830,17175,371655
15872,1.575100806451613,388830,17175,371655
15873,1.575001575001575,388830,17175,371655
15874,1.5749023560539246,388830,17175,371655
15875,1.5748031496062993,388830,17175,371655
15876,1.5747039556563367,388824,17175,371649
15877,1.5746047742016753,388824,17175,371649
15878,1.5745056052399546,388824,17175,371649
15879,1.574406448768814,388824,17175,371649
15880,1.5743073047858942,388824,17175,371649
15881,1.5742081732888358,388824,17175,371649
15882,1.5741090542752803,388824,17175,371649
15883,1.5740099477428697,388824,17175,371649
15884,1.573910853689247,388824,17175,371649
15885,1.5738117721120555,388824,17175,371649
15886,1.5737127030089386,388824,17175,371649
15887,1.5736136463775414,388139,17175,370964
15888,1.5735146022155087,388139,17175,370964
15889,1.573415570520486,388139,17175,370964
15890,1.5733165512901195,388139,17175,370964
15891,1.5732175445220564,388139,17175,370964
15892,1.5731185502139442,388139,17175,370964
15893,1.5730195683634305,388139,17175,370964
15894,1.572920598968164,388139,17175,370964
15895,1.5728216420257943,388139,17175,370964
15896,1.5727226975339708,387824,17160,370664
15897,1.572623765490344,387824,17160,370664
15898,1.5725248458925651,387824,17160,370664
15899,1.5724259387382855,387824,17160,370664
15900,1.5723270440251573,387824,17160,370664
15901,1.5722281617508334,387824,17160,370664
15902,1.572129291912967,387824,17160,370664
15903,1.5720304345092122,387824,17160,370664
15904,1.5719315895372235,387824,17160,370664
15905,1.5718327569946557,387824,17160,370664
15906,1.5717339368791652,387824,17160,370664
15907,1.5716351291884076,387824,17160,370664
15908,1.5715363339200403,387824,17160,370664
15909,1.5714375510717205,387824,17160,370664
15910,1.5713387806411063,387824,17160,370664
15911,1.5712400226258563,387824,17160,370664
15912,1.57114127702363,387824,17160,370664
15913,1.571042543832087,387824,17160,370664
15914,1.5709438230488877,387824,17160,370664
15915,1.5708451146716933,387824,17160,370664
15916,1.5707464186981654,387824,17160,370664
15917,1.570647735125966,387488,15858,371630
15918,1.570549063952758,387488,15858,371630
15919,1.5704504051762045,387488,15858,371630
15920,1.57035175879397,387488,15858,371630
15921,1.5702531248037184,387488,15858,371630
15922,1.5701545032031152,387488,15858,371630
15923,1.5700558939898261,387488,15858,371630
15924,1.5699572971615172,387488,15858,371630
15925,1.5698587127158556,387488,15858,371630
15926,1.5697601406505086,387488,15858,371630
15927,1.5696615809631445,387488,15858,371630
15928,1.5695630336514315,387488,15858,371630
15929,1.569464498713039,387488,15858,371630
15930,1.569365976145637,387488,15858,371630
15931,1.569267465946896,387488,15858,371630
15932,1.5691689681144865,387488,15858,371630
15933,1.5690704826460804,387488,15858,371630
15934,1.5689720095393498,387488,15858,371630
15935,1.5688735487919674,387488,15858,371630
15936,1.5687751004016064,387488,15858,371630
15937,1.5686766643659409,387488,15858,371630
15938,1.5685782406826452,387488,15858,371630
15939,1.5684798293493947,387488,15858,371630
15940,1.5683814303638646,387488,15858,371630
15941,1.5682830437237312,387488,15858,371630
15942,1.5681846694266717,387488,15858,371630
15943,1.5680863074703633,387488,15858,371630
15944,1.5679879578524838,387488,15858,371630
15945,1.5678896205707118,387488,15858,371630
15946,1.5677912956227267,387488,15858,371630
15947,1.567692983006208,387488,15858,371630
15948,1.5675946827188363,387488,15858,371630
15949,1.567496394758292,387488,15858,371630
15950,1.567398119122257,387488,15858,371630
15951,1.5672998558084132,387488,15858,371630
15952,1.5672016048144433,387488,15858,371630
15953,1.5671033661380305,387488,15858,371630
15954,1.5670051397768585,387488,15858,371630
15955,1.5669069257286117,387488,15858,371630
15956,1.5668087239909751,387488,15858,371630
15957,1.5667105345616343,387488,15858,371630
15958,1.5666123574382755,387488,15858,371630
15959,1.566514192618585,387488,15858,371630
15960,1.5664160401002507,387488,15858,371630
15961,1.56631789988096,387488,15858,371630
15962,1.5662197719584012,387488,15858,371630
15963,1.5661216563302638,387488,15858,371630
15964,1.566023552994237,387488,15858,371630
15965,1.5659254619480112,387488,15858,371630
15966,1.5658273831892773,387488,15858,371630
15967,1.5657293167157262,387488,15858,371630
15968,1.5656312625250501,387488,15858,371630
15969,1.5655332206149415,387488,15858,371630
15970,1.5654351909830932,387488,15858,371630
15971,1.5653371736271993,387488,15858,371630
15972,1.5652391685449536,387488,15858,371630
15973,1.5651411757340512,387488,15858,371630
15974,1.5650431951921873,387488,15858,371630
15975,1.5649452269170578,387488,15858,371630
15976,1.5648472709063594,387488,15858,371630
15977,1.5647493271577892,387488,15858,371630
15978,1.5646513956690449,387488,15858,371630
15979,1.5645534764378246,387488,15858,371630
15980,1.5644555694618272,387488,15858,371630
15981,1.5643576747387522,387488,15858,371630
15982,1.5642597922662995,387488,15858,371630
15983,1.5641619220421699,387488,15858,371630
15984,1.5640640640640642,387488,15858,371630
15985,1.563966218329684,387488,15858,371630
15986,1.563868384836732,387488,15858,371630
15987,1.563770563582911,387277,15858,371419
15988,1.5636727545659244,387238,15858,371380
15989,1.563574957783476,387238,15858,371380
15990,1.5634771732332708,387238,15858,371380
15991,1.5633794009130135,387238,15858,371380
15992,1.5632816408204102,387137,15858,371279
15993,1.563183892953167,387137,15858,371279
15994,1.563086157308991,387137,15858,371279
15995,1.5629884338855893,387137,15858,371279
15996,1.56289072268067,387137,15858,371279
15997,1.5627930236919423,387137,15858,371279
15998,1.5626953369171146,387137,15858,371279
15999,1.562597662353897,387137,15858,371279
16000,1.5625,387137,15858,371279
16001,1.562402349853134,387137,15858,371279
16002,1.5623047119110112,387137,15858,371279
16003,1.5622070861713429,387137,15858,371279
16004,1.562109472631842,387137,15858,371279
16005,1.5620118712902218,387137,15858,371279
16006,1.561914282144196,387137,15858,371279
16007,1.5618167051914786,387137,15858,371279
16008,1.5617191404297852,387137,15858,371279
16009,1.5616215878568305,387137,15858,371279
16010,1.5615240474703311,387137,15858,371279
16011,1.5614265192680032,387137,15858,371279
16012,1.5613290032475644,387137,15858,371279
16013,1.561231499406732,387137,15858,371279
16014,1.5611340077432247,387137,15858,371279
16015,1.5610365282547611,387137,15858,371279
16016,1.560939060939061,387137,15858,371279
16017,1.5608416057938441,387137,15858,371279
16018,1.560744162816831,387137,15858,371279
16019,1.560646732005743,387137,15858,371279
16020,1.5605493133583022,387137,15858,371279
16021,1.5604519068722302,387137,15858,371279
16022,1.5603545125452503,387137,15858,371279
16023,1.5602571303750858,387137,15858,371279
16024,1.5601597603594608,387137,15858,371279
16025,1.5600624024960998,387137,15858,371279
16026,1.5599650567827281,387137,15858,371279
16027,1.5598677232170712,387137,15858,371279
16028,1.5597704017968554,387137,15858,371279
16029,1.559673092519808,387137,15858,371279
16030,1.5595757953836555,387137,15858,371279
16031,1.5594785103861268,387137,15858,371279
16032,1.55938123752495,387137,15858,371279
16033,1.5592839767978544,387137,15858,371279
16034,1.5591867282025695,387137,15858,371279
16035,1.5590894917368257,387137,15858,371279
16036,1.5589922673983536,387137,15858,371279
16037,1.558895055184885,387137,15858,371279
16038,1.5587978550941515,387137,15858,371279
16039,1.5587006671238854,387137,15858,371279
16040,1.5586034912718205,386963,15878,371085
16041,1.5585063275356899,386963,15878,371085
16042,1.5584091759132277,386937,15878,371059
16043,1.5583120364021692,386937,15878,371059
16044,1.5582149090002493,386937,15878,371059
16045,1.5581177937052042,386937,15878,371059
16046,1.55802069051477,386716,15878,370838
16047,1.557923599426684,386716,15878,370838
16048,1.5578265204386839,386716,15878,370838
16049,1.5577294535485078,386716,15878,370838
16050,1.557632398753894,386716,15878,370838
16051,1.5575353560525824,386716,15878,370838
16052,1.5574383254423125,386716,15878,370838
16053,1.5573413069208248,386716,15878,370838
16054,1.5572443004858603,386716,15878,370838
16055,1.5571473061351604,386716,15878,370838
16056,1.5570503238664675,386716,15878,370838
16057,1.5569533536775237,386716,15878,370838
16058,1.556856395566073,386716,15878,370838
16059,1.5567594495298587,386716,15878,370838
16060,1.5566625155666252,386716,15878,370838
16061,1.5565655936741174,386716,15878,370838
16062,1.556468683850081,386716,15878,370838
16063,1.5563717860922617,386716,15878,370838
16064,1.5562749003984064,386716,15878,370838
16065,1.5561780267662622,386716,15878,370838
16066,1.5560811651935764,386716,15878,370838
16067,1.555984315678098,386716,15878,370838
16068,1.5558874782175753,386716,15878,370838
16069,1.5557906528097578,386716,15878,370838
16070,1.5556938394523958,386716,15878,370838
16071,1.5555970381432394,386716,15878,370838
16072,1.5555002488800398,386716,15878,370838
16073,1.5554034716605487,386716,15878,370838
16074,1.5553067064825183,386716,15878,370838
16075,1.5552099533437014,386716,15878,370838
16076,1.5551132122418512,386716,15878,370838
16077,1.5550164831747217,386716,15878,370838
16078,1.554919766140067,386716,15878,370838
16079,1.5548230611356428,386716,15878,370838
16080,1.554726368159204,386716,15878,370838
16081,1.554629687208507,386716,15878,370838
16082,1.5545330182813082,386716,15878,370838
16083,1.5544363613753653,386716,15878,370838
16084,1.5543397164884356,386716,15878,370838
16085,1.554243083618278,386716,15878,370838
16086,1.5541464627626507,386716,15878,370838
16087,1.5540498539193137,386716,15878,370838
16088,1.5539532570860268,386716,15878,370838
16089,1.5538566722605507,386716,15878,370838
16090,1.5537600994406464,386716,15878,370838
16091,1.5536635386240756,386716,15878,370838
16092,1.5535669898086006,386716,15878,370838
16093,1.553470452991984,386716,15878,370838
16094,1.5533739281719896,386716,15878,370838
16095,1.5532774153463809,386716,15878,370838
16096,1.5531809145129225,386716,15878,370838
16097,1.5530844256693794,386716,15878,370838
16098,1.5529879488135172,386716,15878,370838
16099,1.552891483943102,386716,15878,370838
16100,1.5527950310559007,386716,15878,370838
16101,1.5526985901496801,386716,15878,370838
16102,1.5526021612222085,386716,15878,370838
16103,1.5525057442712538,386716,15878,370838
16104,1.5524093392945852,386716,15878,370838
16105,1.552312946289972,386716,15878,370838
16106,1.5522165652551845,386716,15878,370838
16107,1.552120196187993,386716,15878,370838
16108,1.5520238390861683,386716,15878,370838
16109,1.5519274939474828,386716,15878,370838
16110,1.5518311607697082,386716,15878,370838
16111,1.5517348395506176,386716,15878,370838
16112,1.551638530287984,386716,15878,370838
16113,1.5515422329795816,386716,15878,370838
16114,1.5514459476231848,386716,15878,370838
16115,1.5513496742165684,386716,15878,370838
16116,1.5512534127575082,386716,15878,370838
16117,1.55115716324378,386716,15878,370838
16118,1.5510609256731605,386608,15878,370730
16119,1.550964700043427,386608,15878,370730
16120,1.5508684863523574,386608,15878,370730
16121,1.5507722845977296,386608,15878,370730
16122,1.5506760947773228,386608,15878,370730
16123,1.5505799168889165,386608,15878,370730
16124,1.5504837509302902,386608,15878,370730
16125,1.550387596899225,386608,15878,370730
16126,1.5502914547935012,386608,15878,370730
16127,1.550195324610901,386608,15878,370730
16128,1.5500992063492063,386608,15878,370730
16129,1.5500031000062,386608,15878,370730
16130,1.5499070055796653,386608,15878,370730
16131,1.5498109230673858,385685,15882,369803
16132,1.549714852467146,385685,15882,369803
16133,1.549618793776731,385685,15882,369803
16134,1.549522746993926,385685,15882,369803
16135,1.5494267121165168,385685,15882,369803
16136,1.5493306891422904,385685,15882,369803
16137,1.5492346780690338,385685,15882,369803
16138,1.5491386788945347,385685,15882,369803
16139,1.549042691616581,385685,15882,369803
16140,1.5489467162329615,385685,15882,369803
16141,1.5488507527414659,385685,15882,369803
16142,1.5487548011398835,385685,15882,369803
16143,1.548658861426005,385685,15882,369803
16144,1.5485629335976214,385685,15882,369803
16145,1.548467017652524,385685,15882,369803
16146,1.548371113588505,385685,15882,369803
16147,1.5482752214033566,385685,15882,369803
16148,1.5481793410948725,385685,15882,369803
16149,1.548083472660846,385685,15882,369803
16150,1.5479876160990713,385685,15882,369803
16151,1.5478917714073432,385685,15882,369803
16152,1.5477959385834572,385685,15882,369803
16153,1.547700117625209,385685,15882,369803
16154,1.547604308530395,385461,15882,369579
16155,1.547508511296812,385461,15882,369579
16156,1.547412725922258,385461,15882,369579
16157,1.5473169524045305,385461,15882,369579
16158,1.5472211907414284,385461,15882,369579
16159,1.5471254409307507,385461,15882,369579
16160,1.547029702970297,385461,15882,369579
16161,1.5469339768578676,385461,15882,369579
16162,1.5468382625912636,385461,15882,369579
16163,1.5467425601682856,385461,15882,369579
16164,1.546646869586736,385461,15882,369579
16165,1.546551190844417,385461,15882,369579
16166,1.5464555239391315,385461,15882,369579
16167,1.546359868868683,385461,15882,369579
16168,1.5462642256308758,385461,15882,369579
16169,1.5461685942235142,385461,15882,369579
16170,1.5460729746444033,385461,15882,369579
16171,1.5459773668913488,385461,15882,369579
16172,1.5458817709621568,385461,15882,369579
16173,1.5457861868546343,385461,15882,369579
16174,1.5456906145665883,385461,15882,369579
16175,1.545595054095827,385461,15882,369579
16176,1.5454995054401583,385368,15882,369486
16177,1.5454039685973913,385351,16542,368809
16178,1.5453084435653357,385351,16542,368809
16179,1.5452129303418012,385292,16542,368750
16180,1.5451174289245984,385292,16542,368750
16181,1.5450219393115383,385292,16542,368750
16182,1.5449264615004326,385292,16542,368750
16183,1.5448309954890935,385292,16542,368750
16184,1.5447355412753336,385292,16542,368750
16185,1.5446400988569664,385133,16542,368591
16186,1.5445446682318054,385133,16542,368591
16187,1.5444492493976647,385133,16542,368591
16188,1.5443538423523597,385133,16542,368591
16189,1.5442584470937055,385133,16542,368591
16190,1.5441630636195183,385133,16542,368591
16191,1.5440676919276142,385133,16542,368591
16192,1.5439723320158103,385133,16542,368591
16193,1.5438769838819242,385133,16542,368591
16194,1.5437816475237742,385133,16542,368591
16195,1.5436863229391788,385133,16542,368591
16196,1.5435910101259571,385133,16542,368591
16197,1.5434957090819288,385133,16542,368591
16198,1.5434004198049143,385133,16542,368591
16199,1.5433051422927342,385133,16542,368591
16200,1.5432098765432098,385133,16542,368591
16201,1.5431146225541634,385133,16542,368591
16202,1.543019380323417,385133,16542,368591
16203,1.5429241498487933,385133,16542,368591
16204,1.5428289311281165,385133,16542,368591
16205,1.54273372415921,385133,16542,368591
16206,1.5426385289398987,385133,16542,368591
16207,1.5425433454680078,385133,16542,368591
16208,1.5424481737413622,385133,16542,368591
16209,1.542353013757789,385133,16542,368591
16210,1.5422578655151142,385133,16542,368591
16211,1.5421627290111652,385133,16542,368591
16212,1.54206760424377,385133,16542,368591
16213,1.5419724912107569,385133,16542,368591
16214,1.5418773899099543,385133,16542,368591
16215,1.5417823003391922,385133,16542,368591
16216,1.5416872224962999,385133,16542,368591
16217,1.5415921563791084,385133,16542,368591
16218,1.5414971019854482,385133,16542,368591
16219,1.5414020593131512,385133,16542,368591
16220,1.5413070283600494,385133,16542,368591
16221,1.5412120091239752,385133,16542,368591
16222,1.5411170016027618,385133,16542,368591
16223,1.5410220057942428,385133,16542,368591
16224,1.5409270216962525,385133,16542,368591
16225,1.5408320493066257,385133,16542,368591
16226,1.5407370886231972,385133,16542,368591
16227,1.5406421396438035,385133,16542,368591
16228,1.5405472023662805,385133,16542,368591
16229,1.5404522767884652,385133,16542,368591
16230,1.5403573629081948,385133,16542,368591
16231,1.5402624607233073,385133,16542,368591
16232,1.5401675702316413,385133,16542,368591
16233,1.5400726914310356,385133,16542,368591
16234,1.5399778243193298,385133,16542,368591
16235,1.539882968894364,385133,16542,368591
16236,1.539788125153979,385133,16542,368591
16237,1.5396932930960152,385133,16542,368591
16238,1.539598472718315,385133,16542,368591
16239,1.5395036640187203,385133,16542,368591
16240,1.5394088669950738,385133,16542,368591
16241,1.5393140816452189,385133,16542,368591
16242,1.5392193079669991,385133,16542,368591
16243,1.539124545958259,385133,16542,368591
16244,1.539029795616843,385133,16542,368591
16245,1.538935056940597,385133,16542,368591
16246,1.5388403299273667,385133,16542,368591
16247,1.5387456145749985,385133,16542,368591
16248,1.5386509108813393,385133,16542,368591
16249,1.5385562188442365,384900,16438,368462
16250,1.5384615384615385,384900,16438,368462
16251,1.5383668697310935,384900,16438,368462
16252,1.5382722126507506,384900,16438,368462
16253,1.5381775672183597,384900,16438,368462
16254,1.5380829334317707,384900,16438,368462
16255,1.5379883112888342,384900,16438,368462
16256,1.5378937007874016,384867,16522,368345
16257,1.5377991019253245,384867,16522,368345
16258,1.537704514700455,384867,16522,368345
16259,1.5376099391106464,384867,16522,368345
16260,1.5375153751537516,384867,16522,368345
16261,1.5374208228276243,384867,16522,368345
16262,1.5373262821301192,384867,16522,368345
16263,1.537231753059091,384867,16522,368345
16264,1.5371372356123956,384867,16522,368345
16265,1.5370427297878881,384867,16522,368345
16266,1.5369482355834256,384867,16522,368345
16267,1.5368537529968649,384867,16522,368345
16268,1.5367592820260634,384867,16522,368345
16269,1.5366648226688795,384867,16522,368345
16270,1.5365703749231714,384867,16522,368345
16271,1.5364759387867986,384867,16522,368345
16272,1.5363815142576205,384867,16522,368345
16273,1.536287101333497,384867,16522,368345
16274,1.5361927000122895,384867,16522,368345
16275,1.5360983102918586,384867,16522,368345
16276,1.5360039321700663,384867,16522,368345
16277,1.5359095656447748,384867,16522,368345
16278,1.535815210713847,384816,16522,368294
16279,1.535720867375146,384721,16522,368199
16280,1.5356265356265357,384721,16522,368199
16281,1.5355322154658804,384721,16522,368199
16282,1.5354379068910453,384721,16522,368199
16283,1.5353436098998956,384721,16522,368199
16284,1.5352493244902972,384721,16522,368199
16285,1.5351550506601166,384721,16522,368199
16286,1.535060788407221,384721,16522,368199
16287,1.5349665377294774,384721,16522,368199
16288,1.5348722986247545,384721,16522,368199
16289,1.5347780710909202,384721,16522,368199
16290,1.5346838551258442,384721,16522,368199
16291,1.5345896507273955,384721,16522,368199
16292,1.5344954578934447,384721,16522,368199
16293,1.5344012766218622,384721,16522,368199
16294,1.5343071069105192,384721,16522,368199
16295,1.5342129487572875,384721,16522,368199
16296,1.5341188021600394,384721,16522,368199
16297,1.5340246671166473,384721,16522,368199
16298,1.5339305436249846,384721,16522,368199
16299,1.5338364316829254,384721,16522,368199
16300,1.5337423312883436,384721,16522,368199
16301,1.5336482424391142,384552,16522,368030
16302,1.5335541651331126,384552,16522,368030
16303,1.5334600993682144,384552,16522,368030
16304,1.5333660451422964,384552,16522,368030
16305,1.5332720024532351,384552,16522,368030
16306,1.5331779712989084,384552,16522,368030
16307,1.533083951677194,384552,16522,368030
16308,1.5329899435859702,384552,16522,368030
16309,1.532895947023116,384552,16522,368030
16310,1.5328019619865114,384552,16522,368030
16311,1.532707988474036,384552,16522,368030
16312,1.5326140264835704,384552,16522,368030
16313,1.5325200760129958,384552,16522,368030
16314,1.5324261370601937,384552,16522,368030
16315,1.5323322096230463,384552,16522,368030
16316,1.532238293699436,384552,16522,368030
16317,1.5321443892872464,384552,16522,368030
16318,1.5320504963843609,384517,16522,367995
16319,1.5319566149886634,384517,16522,367995
16320,1.5318627450980393,384343,16522,367821
16321,1.5317688867103731,384343,16522,367821
16322,1.531675039823551,383818,16527,367291
16323,1.531581204435459,383818,16527,367291
16324,1.5314873805439844,383818,16527,367291
16325,1.5313935681470139,383818,16527,367291
16326,1.5312997672424353,383818,16527,367291
16327,1.5312059778281375,383818,16527,367291
16328,1.5311121999020088,383818,16527,367291
16329,1.5310184334619388,383818,16527,367291
16330,1.5309246785058175,383818,16527,367291
16331,1.5308309350315352,383278,16373,366905
16332,1.5307372030369826,383278,16373,366905
16333,1.5306434825200514,383278,16373,366905
16334,1.5305497734786335,383278,16373,366905
16335,1.5304560759106214,383278,16373,366905
16336,1.530362389813908,383278,16373,366905
16337,1.5302687151863867,383278,16373,366905
16338,1.5301750520259518,383278,16373,366905
16339,1.5300814003304977,383145,16373,366772
16340,1.5299877600979193,383145,16373,366772
16341,1.5298941313261123,383145,16373,366772
16342,1.5298005140129727,383145,16373,366772
16343,1.5297069081563972,383145,16373,366772
16344,1.5296133137542829,383145,16373,366772
16345,1.5295197308045274,383145,16373,366772
16346,1.5294261593050287,383145,16373,366772
16347,1.5293325992536857,383145,16373,366772
16348,1.5292390506483973,383145,16373,366772
16349,1.5291455134870635,383145,16373,366772
16350,1.529051987767584,383145,16373,366772
16351,1.52895847348786,383145,16373,366772
16352,1.5288649706457926,383145,16373,366772
16353,1.5287714792392832,383145,16373,366772
16354,1.5286779992662345,383145,16373,366772
16355,1.5285845307245491,383145,16373,366772
16356,1.5284910736121302,383145,16373,366772
16357,1.5283976279268814,383145,16373,366772
16358,1.5283041936667074,383145,16373,366772
16359,1.5282107708295127,383145,16373,366772
16360,1.528117359413203,383145,16373,366772
16361,1.5280239594156837,383145,16373,366772
16362,1.5279305708348612,383145,16373,366772
16363,1.5278371936686426,383145,16373,366772
16364,1.5277438279149351,383145,16373,366772
16365,1.5276504735716467,383145,16373,366772
16366,1.5275571306366857,383145,16373,366772
16367,1.5274637991079612,383145,16373,366772
16368,1.5273704789833822,383145,16373,366772
16369,1.527277170260859,383145,16373,366772
16370,1.5271838729383018,383145,16373,366772
16371,1.5270905870136215,383145,16373,366772
16372,1.52699731248473,383145,16373,366772
16373,1.526904049349539,383145,16373,366772
16374,1.5268107976059606,383145,16373,366772
16375,1.5267175572519085,383145,16373,366772
16376,1.5266243282852956,383145,16373,366772
16377,1.5265311107040362,383145,16373,366772
16378,1.5264379045060448,383145,16373,366772
16379,1.5263447096892362,383113,16373,366740
16380,1.5262515262515262,383113,16373,366740
16381,1.5261583541908308,383113,16373,366740
16382,1.5260651935050666,383113,16373,366740
16383,1.5259720441921505,383113,16373,366740
16384,1.52587890625,383113,16373,366740
16385,1.5257857796765335,383113,16373,366740
16386,1.5256926644696693,383113,16373,366740
16387,1.5255995606273265,383113,16373,366740
16388,1.5255064681474249,383113,16373,366740
16389,1.5254133870278845,383113,16373,366740
16390,1.525320317266626,383113,16373,366740
16391,1.5252272588615703,383113,16373,366740
16392,1.5251342118106392,383113,16373,366740
16393,1.525041176111755,383113,16373,366740
16394,1.52494815176284,383113,16373,366740
16395,1.5248551387618177,383113,16373,366740
16396,1.5247621371066113,383113,16373,366740
16397,1.5246691467951454,383113,16373,366740
16398,1.5245761678253447,383113,16373,366740
16399,1.5244832001951338,383113,16373,366740
16400,1.524390243902439,383113,16373,366740
16401,1.5242972989451862,383113,16373,366740
16402,1.5242043653213022,383113,16373,366740
16403,1.5241114430287142,383113,16373,366740
16404,1.5240185320653499,383113,16373,366740
16405,1.5239256324291375,383113,16373,366740
16406,1.5238327441180055,383113,16373,366740
16407,1.5237398671298836,383113,16373,366740
16408,1.523647001462701,383113,16373,366740
16409,1.5235541471143885,383113,16373,366740
16410,1.5234613040828764,383113,16373,366740
16411,1.5233684723660958,383113,16373,366740
16412,1.523275651961979,383113,16373,366740
16413,1.523182842868458,383113,16373,366740
16414,1.5230900450834652,383113,16373,366740
16415,1.5229972586049345,383113,16373,366740
16416,1.5229044834307992,383113,16373,366740
16417,1.5228117195589936,383113,16373,366740
16418,1.5227189669874528,383113,16373,366740
16419,1.5226262257141117,383113,16373,366740
16420,1.522533495736906,383113,16373,366740
16421,1.5224407770537727,383113,16373,366740
16422,1.5223480696626477,383113,16373,366740
16423,1.5222553735614686,383113,16373,366740
16424,1.5221626887481734,383113,16373,366740
16425,1.5220700152207,383113,16373,366740
16426,1.5219773529769878,383113,16373,366740
16427,1.5218847020149753,383113,16373,366740
16428,1.521792062332603,383113,16373,366740
16429,1.5216994339278105,383113,16373,366740
16430,1.5216068167985393,383113,16373,366740
16431,1.5215142109427302,383113,16373,366740
16432,1.5214216163583252,383113,16373,366740
16433,1.5213290330432665,383113,16373,366740
16434,1.5212364609954971,383113,16373,366740
16435,1.52114390021296,383113,16373,366740
16436,1.5210513506935994,383113,16373,366740
16437,1.5209588124353592,383113,16373,366740
16438,1.5208662854361845,383113,16373,366740
16439,1.5207737696940202,383113,16373,366740
16440,1.5206812652068127,383113,16373,366740
16441,1.5205887719725077,383113,16373,366740
16442,1.5204962899890524,383113,16373,366740
16443,1.520403819254394,383113,16373,366740
16444,1.5203113597664801,383113,16373,366740
16445,1.5202189115232594,383113,16373,366740
16446,1.5201264745226803,383113,16373,366740
16447,1.5200340487626922,383113,16373,366740
16448,1.519941634241245,383113,16373,366740
16449,1.5198492309562892,383113,16373,366740
16450,1.5197568389057752,383113,16373,366740
16451,1.5196644580876542,383113,16373,366740
16452,1.5195720884998785,383113,16373,366740
16453,1.5194797301404,383113,16373,366740
16454,1.5193873830071716,383113,16373,366740
16455,1.5192950470981466,383113,16373,366740
16456,1.5192027224112785,383113,16373,366740
16457,1.519110408944522,383113,16373,366740
16458,1.5190181066958317,383113,16373,366740
16459,1.518925815663163,383113,16373,366740
16460,1.5188335358444713,383113,16373,366740
16461,1.5187412672377134,383113,16373,366740
16462,1.5186490098408456,383113,16373,366740
16463,1.5185567636518253,383113,16373,366740
16464,1.5184645286686103,382698,16373,366325
16465,1.5183723048891589,382698,16373,366325
16466,1.5182800923114297,382698,16373,366325
16467,1.518187890933382,381649,16388,365261
16468,1.5180957007529754,381649,16388,365261
16469,1.5180035217681704,381649,16388,365261
16470,1.5179113539769278,381649,16388,365261
16471,1.5178191973772084,381649,16388,365261
16472,1.5177270519669743,381649,16388,365261
16473,1.5176349177441875,381649,16388,365261
16474,1.5175427947068107,381649,16388,365261
16475,1.5174506828528074,381649,16388,365261
16476,1.5173585821801407,381610,16168,365442
16477,1.5172664926867756,381590,16168,365422
16478,1.517174414370676,381590,16168,365422
16479,1.5170823472298076,381590,16168,365422
16480,1.516990291262136,381590,16168,365422
16481,1.516898246465627,381590,16168,365422
16482,1.5168062128382478,381590,16168,365422
16483,1.516714190377965,381590,16168,365422
16484,1.516622179082747,381590,16168,365422
16485,1.5165301789505612,381590,16168,365422
16486,1.5164381899793764,381590,16168,365422
16487,1.516346212167162,381590,16168,365422
16488,1.5162542455118875,381590,16168,365422
16489,1.5161622900115228,381590,16168,365422
16490,1.5160703456640388,381590,16168,365422
16491,1.5159784124674065,381590,16168,365422
16492,1.5158864904195974,381590,16168,365422
16493,1.5157945795185837,381590,16168,365422
16494,1.5157026797623379,381590,16168,365422
16495,1.515610791148833,381590,16168,365422
16496,1.5155189136760427,381590,16168,365422
16497,1.515427047341941,381590,16168,365422
16498,1.5153351921445024,381590,16168,365422
16499,1.515243348081702,381590,16168,365422
16500,1.5151515151515151,381590,16168,365422
16501,1.515059693351918,381590,16168,365422
16502,1.5149678826808872,381590,16168,365422
16503,1.5148760831363994,381590,16168,365422
16504,1.5147842947164323,381590,16168,365422
16505,1.514692517418964,381590,16168,365422
16506,1.5146007512419726,381590,16168,365422
16507,1.5145089961834373,381590,16168,365422
16508,1.5144172522413375,381590,16168,365422
16509,1.5143255194136531,381590,16168,365422
16510,1.5142337976983646,381590,16168,365422
16511,1.5141420870934528,381590,16168,365422
16512,1.5140503875968991,381590,16168,365422
16513,1.5139586992066856,381590,16168,365422
16514,1.5138670219207946,381590,16168,365422
16515,1.5137753557372087,381590,16168,365422
16516,1.5136837006539114,381590,16168,365422
16517,1.5135920566688865,381590,16168,365422
16518,1.5135004237801186,381590,16168,365422
16519,1.5134088019855922,381590,16168,365422
16520,1.513317191283293,381590,16168,365422
16521,1.5132255916712063,381590,16168,365422
16522,1.5131340031473188,381590,16168,365422
16523,1.513042425709617,381590,16168,365422
16524,1.512950859356088,381590,16168,365422
16525,1.51285930408472,381590,16168,365422
16526,1.5127677598935012,381590,16168,365422
16527,1.51267622678042,381590,16168,365422
16528,1.5125847047434657,381590,16168,365422
16529,1.512493193780628,381590,16168,365422
16530,1.5124016938898972,381590,16168,365422
16531,1.5123102050692638,381590,16168,365422
16532,1.5122187273167191,381590,16168,365422
16533,1.5121272606302547,381590,16168,365422
16534,1.5120358050078626,381590,16168,365422
16535,1.5119443604475356,381590,16168,365422
16536,1.5118529269472665,381590,16168,365422
16537,1.5117615045050492,381590,16168,365422
16538,1.5116700931188778,381590,16168,365422
16539,1.5115786927867465,381590,16168,365422
16540,1.5114873035066505,381590,16168,365422
16541,1.5113959252765854,381590,16168,365422
16542,1.5113045580945472,381590,16168,365422
16543,1.5112132019585323,381590,16168,365422
16544,1.5111218568665377,381542,16168,365374
16545,1.5110305228165608,381542,16168,365374
16546,1.5109391998065997,381542,16168,365374
16547,1.5108478878346527,381542,16168,365374
16548,1.510756586898719,381542,16168,365374
16549,1.5106652969967973,381542,16168,365374
16550,1.5105740181268883,381542,16168,365374
16551,1.5104827502869917,381542,16168,365374
16552,1.5103914934751088,381542,16168,365374
16553,1.5103002476892406,381542,16168,365374
16554,1.510209012927389,381542,16168,365374
16555,1.5101177891875566,381542,16168,365374
16556,1.5100265764677459,381542,16168,365374
16557,1.50993537476596,381542,16168,365374
16558,1.5098441840802028,381425,16168,365257
16559,1.5097530044084788,381425,16168,365257
16560,1.5096618357487923,381425,16168,365257
16561,1.5095706780991487,381425,16168,365257
16562,1.5094795314575535,381425,16168,365257
16563,1.509388395822013,381425,16168,365257
16564,1.5092972711905337,381425,16168,365257
16565,1.5092061575611229,381425,16168,365257
16566,1.509115054931788,381425,16168,365257
16567,1.5090239633005371,381425,16168,365257
16568,1.508932882665379,381425,16168,365257
16569,1.5088418130243226,381425,16168,365257
16570,1.508750754375377,381425,16168,365257
16571,1.508659706716553,381425,16168,365257
16572,1.5085686700458605,381425,16168,365257
16573,1.5084776443613106,381425,16168,365257
16574,1.5083866296609147,381425,16168,365257
16575,1.5082956259426847,381425,16168,365257
16576,1.5082046332046333,381425,16168,365257
16577,1.5081136514447728,381425,16168,365257
16578,1.5080226806611172,381425,16168,365257
16579,1.5079317208516798,381425,16168,365257
16580,1.5078407720144753,381425,16168,365257
16581,1.5077498341475182,381425,16168,365257
16582,1.507658907248824,381425,16168,365257
16583,1.5075679913164084,381425,16168,365257
16584,1.5074770863482876,381425,16168,365257
16585,1.507386192342478,381425,16168,365257
16586,1.5072953092969974,381425,16168,365257
16587,1.5072044372098632,381425,16168,365257
16588,1.5071135760790932,381425,16168,365257
16589,1.5070227259027067,381425,16168,365257
16590,1.506931886678722,381425,16168,365257
16591,1.5068410584051595,381425,16168,365257
16592,1.5067502410800386,381425,16168,365257
16593,1.5066594347013802,381296,16168,365128
16594,1.506568639267205,381296,16168,365128
16595,1.5064778547755349,381296,16168,365128
16596,1.5063870812243914,381296,16168,365128
16597,1.5062963186117972,381296,16168,365128
16598,1.5062055669357755,381296,16168,365128
16599,1.506114826194349,381296,16168,365128
16600,1.5060240963855422,381296,16168,365128
16601,1.505933377507379,381249,16168,365081
16602,1.5058426695578846,381249,16168,365081
16603,1.505751972535084,381249,16168,365081
16604,1.5056612864370031,381249,16168,365081
16605,1.5055706112616682,381249,16168,365081
16606,1.5054799470071059,381249,16168,365081
16607,1.5053892936713433,381249,16168,365081
16608,1.5052986512524085,381249,16168,365081
16609,1.5052080197483293,381249,16168,365081
16610,1.5051173991571343,380980,16168,364812
16611,1.5050267894768528,380980,16168,364812
16612,1.504936190705514,380980,16168,364812
16613,1.5048456028411485,380980,16168,364812
16614,1.5047550258817863,380980,16168,364812
16615,1.5046644598254588,380980,16168,364812
16616,1.5045739046701974,380099,16168,363931
16617,1.5044833604140337,380099,16168,363931
16618,1.5043928270550007,380099,16168,363931
16619,1.5043023045911306,380099,16168,363931
16620,1.5042117930204573,380099,16168,363931
16621,1.5041212923410143,380099,16168,363931
16622,1.5040308025508362,380099,16168,363931
16623,1.5039403236479576,380099,16168,363931
16624,1.5038498556304138,380099,16168,363931
16625,1.5037593984962405,380099,16168,363931
16626,1.503668952243474,380099,16168,363931
16627,1.503578516870151,380099,16168,363931
16628,1.5034880923743084,380099,16168,363931
16629,1.503397678753984,380099,16168,363931
16630,1.503307276007216,380099,16168,363931
16631,1.5032168841320426,380099,16168,363931
16632,1.503126503126503,380099,16168,363931
16633,1.503036132988637,380099,16168,363931
16634,1.5029457737164844,380099,16168,363931
16635,1.5028554253080855,380099,16168,363931
16636,1.502765087761481,380099,16168,363931
16637,1.502674761074713,380099,16168,363931
16638,1.5025844452458228,380099,16168,363931
16639,1.5024941402728529,380099,16168,363931
16640,1.5024038461538463,380099,16168,363931
16641,1.5023135628868458,380099,16168,363931
16642,1.5022232904698956,380099,16168,363931
16643,1.5021330289010395,380099,16168,363931
16644,1.5020427781783225,380099,16168,363931
16645,1.5019525382997898,380099,16168,363931
16646,1.5018623092634866,380099,16168,363931
16647,1.5017720910674597,380099,16168,363931
16648,1.501681883709755,379895,16168,363727
16649,1.5015916871884196,379895,16168,363727
16650,1.5015015015015014,379895,16168,363727
16651,1.5014113266470481,379895,16168,363727
16652,1.5013211626231084,379895,16168,363727
16653,1.5012310094277308,379895,16168,363727
16654,1.5011408670589648,379895,16168,363727
16655,1.5010507355148603,379895,16168,363727
16656,1.5009606147934678,379895,16168,363727
16657,1.500870504892838,379895,16168,363727
16658,1.5007804058110217,379895,16168,363727
16659,1.5006903175460713,379895,16168,363727
16660,1.5006002400960383,379895,16168,363727
16661,1.500510173458976,379895,16168,363727
16662,1.5004201176329373,379895,16168,363727
16663,1.5003300726159756,379895,16168,363727
16664,1.500240038406145,379895,16168,363727
16665,1.5001500150015001,379895,16168,363727
16666,1.500060002400096,379895,16168,363727
16667,1.499970000599988,379895,16168,363727
16668,1.499880009599232,379895,16168,363727
16669,1.4997900293958846,379895,16168,363727
16670,1.4997000599880024,379895,16168,363727
16671,1.499610101373643,379895,16168,363727
16672,1.4995201535508638,379895,16168,363727
16673,1.4994302165177233,379895,16168,363727
16674,1.49934029027228,379895,16168,363727
16675,1.4992503748125936,379715,16168,363547
16676,1.4991604701367234,379715,16168,363547
16677,1.4990705762427294,379715,16168,363547
16678,1.4989806931286724,379715,16168,363547
16679,1.4988908207926135,379715,16168,363547
16680,1.498800959232614,379715,16168,363547
16681,1.4987111084467357,379715,16168,363547
16682,1.4986212684330416,379715,16168,363547
16683,1.4985314391895943,379715,16168,363547
16684,1.4984416207144569,379715,16168,363547
16685,1.4983518130056936,379715,16168,363547
16686,1.4982620160613689,379512,16176,363336
16687,1.498172229879547,379512,16176,363336
16688,1.4980824544582934,379512,16176,363336
16689,1.497992689795674,379512,16176,363336
16690,1.4979029358897544,379512,16176,363336
16691,1.4978131927386016,379512,16176,363336
16692,1.4977234603402827,379512,16176,363336
16693,1.4976337386928653,379512,16176,363336
16694,1.4975440277944172,379512,16176,363336
16695,1.4974543276430068,379512,16176,363336
16696,1.4973646382367034,379512,16176,363336
16697,1.4972749595735761,379512,16176,363336
16698,1.4971852916516948,379512,16176,363336
16699,1.49709563446913,379512,16176,363336
16700,1.4970059880239521,379512,16176,363336
16701,1.4969163523142326,379512,16176,363336
16702,1.4968267273380433,379512,16176,363336
16703,1.4967371130934564,379512,16176,363336
16704,1.496647509578544,379512,16176,363336
16705,1.4965579167913798,379512,16176,363336
16706,1.4964683347300372,379512,16176,363336
16707,1.49637876339259,379512,16176,363336
16708,1.4962892027771129,379512,16176,363336
16709,1.4961996528816806,379512,16176,363336
16710,1.4961101137043686,379512,16176,363336
16711,1.4960205852432529,379512,16176,363336
16712,1.4959310674964097,379512,16176,363336
16713,1.495841560461916,379512,16176,363336
16714,1.4957520641378486,379512,16176,363336
16715,1.4956625785222855,379512,16176,363336
16716,1.4955731036133046,379512,16176,363336
16717,1.4954836394089848,379512,16176,363336
16718,1.4953941859074051,379512,16176,363336
16719,1.495304743106645,379512,16176,363336
16720,1.4952153110047848,379512,16176,363336
16721,1.4951258895999042,379512,16176,363336
16722,1.495036478890085,379512,16176,363336
16723,1.4949470788734078,379512,16176,363336
16724,1.494857689547955,379512,16176,363336
16725,1.4947683109118086,379512,16176,363336
16726,1.4946789429630516,379512,16176,363336
16727,1.4945895856997669,379512,16176,363336
16728,1.4945002391200382,379512,16176,363336
16729,1.49441090322195,379512,16176,363336
16730,1.4943215780035863,379512,16176,363336
16731,1.4942322634630327,379512,16176,363336
16732,1.4941429595983744,379512,16176,363336
16733,1.4940536664076973,379512,16176,363336
16734,1.4939643838890881,379512,16176,363336
16735,1.4938751120406335,379512,16176,363336
16736,1.4937858508604207,379512,16176,363336
16737,1.4936966003465375,379512,16176,363336
16738,1.4936073604970725,379512,16176,363336
16739,1.493518131310114,379512,16176,363336
16740,1.4934289127837514,379512,16176,363336
16741,1.4933397049160744,379512,16176,363336
16742,1.4932505077051725,379512,16176,363336
16743,1.493161321149137,379512,16176,363336
16744,1.4930721452460582,379512,16176,363336
16745,1.492982979994028,379512,16176,363336
16746,1.4928938253911381,379512,16176,363336
16747,1.492804681435481,379512,16176,363336
16748,1.4927155481251493,379512,16176,363336
16749,1.4926264254582362,379512,16176,363336
16750,1.492537313432836,379424,16256,363168
16751,1.492448212047042,379424,16256,363168
16752,1.4923591212989493,379424,16256,363168
16753,1.4922700411866532,379424,16256,363168
16754,1.4921809717082488,379424,16256,363168
16755,1.4920919128618322,379424,16256,363168
16756,1.4920028646455001,379424,16256,363168
16757,1.491913827057349,379424,16256,363168
16758,1.4918248000954768,379424,16256,363168
16759,1.4917357837579808,379424,16256,363168
16760,1.4916467780429594,379424,16256,363168
16761,1.4915577829485114,379424,16256,363168
16762,1.491468798472736,379424,16256,363168
16763,1.4913798246137326,379424,16256,363168
16764,1.4912908613696014,379424,16256,363168
16765,1.4912019087384432,379424,16256,363168
16766,1.4911129667183587,379424,16256,363168
16767,1.491024035307449,379424,16256,363168
16768,1.4909351145038168,379424,16256,363168
16769,1.490846204305564,379424,16256,363168
16770,1.4907573047107932,379424,16256,363168
16771,1.4906684157176078,379353,16304,363049
16772,1.4905795373241115,379353,16304,363049
16773,1.4904906695284088,379353,16304,363049
16774,1.4904018123286038,379353,16304,363049
16775,1.4903129657228018,379353,16304,363049
16776,1.4902241297091083,379353,16304,363049
16777,1.4901353042856291,379353,16304,363049
16778,1.4900464894504708,379353,16304,363049
16779,1.4899576852017402,379353,16304,363049
16780,1.4898688915375446,379353,16304,363049
16781,1.4897801084559918,379353,16304,363049
16782,1.48969133595519,379353,16304,363049
16783,1.489602574033248,379353,16304,363049
16784,1.4895138226882745,379353,16304,363049
16785,1.4894250819183794,379353,16304,363049
16786,1.489336351721673,379353,16304,363049
16787,1.4892476320962649,379353,16304,363049
16788,1.4891589230402669,379353,16304,363049
16789,1.48907022455179,379353,16304,363049
16790,1.4889815366289458,379353,16304,363049
16791,1.488892859269847,379353,16304,363049
16792,1.488804192472606,379353,16304,363049
16793,1.4887155362353361,379353,16304,363049
16794,1.488626890556151,379134,16304,362830
16795,1.4885382554331645,379052,16415,362637
16796,1.4884496308644914,379052,16415,362637
16797,1.4883610168482466,379052,16415,362637
16798,1.4882724133825456,379015,16502,362513
16799,1.4881838204655038,379015,16502,362513
16800,1.4880952380952381,379015,16502,362513
16801,1.488006666269865,379015,16502,362513
16802,1.4879181049875014,379015,16502,362513
16803,1.4878295542462656,379015,16502,362513
16804,1.4877410140442753,379015,16502,362513
16805,1.4876524843796488,379015,16502,362513
16806,1.4875639652505057,379015,16502,362513
16807,1.4874754566549653,379015,16502,362513
16808,1.487386958591147,379015,16502,362513
16809,1.4872984710571717,379015,16502,362513
16810,1.48720999405116,379015,16502,362513
16811,1.487121527571233,379015,16502,362513
16812,1.4870330716155127,379015,16502,362513
16813,1.486944626182121,379015,16502,362513
16814,1.4868561912691804,379015,16502,362513
16815,1.486767766874814,379015,16502,362513
16816,1.4866793529971456,379015,16502,362513
16817,1.4865909496342986,378839,16538,362301
16818,1.4865025567843977,378839,16538,362301
16819,1.4864141744455674,378736,16567,362169
16820,1.4863258026159334,378736,16567,362169
16821,1.486237441293621,378736,16567,362169
16822,1.4861490904767567,378736,16567,362169
16823,1.4860607501634666,378736,16567,362169
16824,1.4859724203518783,378736,16567,362169
16825,1.485884101040119,378736,16567,362169
16826,1.4857957922263165,378736,16567,362169
16827,1.4857074939085992,378736,16567,362169
16828,1.4856192060850963,378736,16567,362169
16829,1.4855309287539367,378736,16567,362169
16830,1.4854426619132501,378736,16567,362169
16831,1.485354405561167,378736,16567,362169
16832,1.4852661596958174,378638,16567,362071
16833,1.485177924315333,378638,16567,362071
16834,1.4850896994178449,378638,16567,362071
16835,1.485001485001485,378638,16567,362071
16836,1.484913281064386,378638,16567,362071
16837,1.4848250876046802,378638,16567,362071
16838,1.4847369046205012,378638,16567,362071
16839,1.4846487321099828,378638,16567,362071
16840,1.484560570071259,378638,16567,362071
16841,1.4844724185024643,378638,16567,362071
16842,1.4843842774017337,378638,16567,362071
16843,1.484296146767203,378638,16567,362071
16844,1.484208026597008,378638,16567,362071
16845,1.4841199168892847,378638,16567,362071
16846,1.4840318176421703,378638,16567,362071
16847,1.4839437288538018,378638,16567,362071
16848,1.4838556505223173,378638,16567,362071
16849,1.4837675826458543,378638,16567,362071
16850,1.4836795252225519,378638,16567,362071
16851,1.4835914782505488,378638,16567,362071
16852,1.4835034417279849,378638,16567,362071
16853,1.4834154156529995,378638,16567,362071
16854,1.4833274000237333,378638,16567,362071
16855,1.483239394838327,378638,16567,362071
16856,1.4831514000949217,378638,16567,362071
16857,1.4830634157916593,378441,16567,361874
16858,1.4829754419266816,378441,16567,361874
16859,1.4828874784981316,378441,16567,361874
16860,1.482799525504152,378441,16567,361874
16861,1.4827115829428859,378441,16567,361874
16862,1.4826236508124777,378441,16567,361874
16863,1.4825357291110717,378424,16567,361857
16864,1.4824478178368121,378424,16567,361857
16865,1.4823599169878448,378088,16532,361556
16866,1.4822720265623148,378088,16532,361556
16867,1.4821841465583685,378088,16532,361556
16868,1.4820962769741521,378088,16532,361556
16869,1.4820084178078132,378088,16532,361556
16870,1.4819205690574986,378088,16532,361556
16871,1.4818327307213561,378088,16532,361556
16872,1.4817449027975345,378088,16532,361556
16873,1.4816570852841817,378088,16532,361556
16874,1.4815692781794476,378088,16532,361556
16875,1.4814814814814814,378088,16532,361556
16876,1.4813936951884332,378088,16532,361556
16877,1.4813059192984535,378088,16532,361556
16878,1.4812181538096931,378088,16532,361556
16879,1.4811303987203033,378088,16532,361556
16880,1.481042654028436,378088,16532,361556
16881,1.4809549197322434,378088,16532,361556
16882,1.480867195829878,378088,16532,361556
16883,1.480779482319493,378088,16532,361556
16884,1.4806917791992418,377995,16526,361469
16885,1.4806040864672787,377995,16526,361469
16886,1.4805164041217578,377995,16526,361469
16887,1.4804287321608338,377995,16526,361469
16888,1.4803410705826623,377995,16526,361469
16889,1.4802534193853987,377995,16526,361469
16890,1.4801657785671996,377995,16526,361469
16891,1.480078148126221,377995,16526,361469
16892,1.4799905280606205,377995,16526,361469
16893,1.479902918368555,377995,16526,361469
16894,1.4798153190481829,377995,16526,361469
16895,1.4797277300976621,377995,16526,361469
16896,1.4796401515151516,377995,16526,361469
16897,1.4795525832988103,377653,16526,361127
16898,1.4794650254467985,377653,16526,361127
16899,1.4793774779572755,377653,16526,361127
16900,1.4792899408284024,377653,16526,361127
16901,1.4792024140583397,377653,16526,361127
16902,1.479114897645249,377653,16526,361127
16903,1.4790273915872922,377653,16526,361127
16904,1.4789398958826314,377653,16526,361127
16905,1.4788524105294292,377653,16526,361127
16906,1.4787649355258488,377653,16526,361127
16907,1.4786774708700539,377653,16526,361127
16908,1.4785900165602082,377653,16526,361127
16909,1.4785025725944763,377653,16526,361127
16910,1.4784151389710232,377653,16526,361127
16911,1.4783277156880137,377653,16526,361127
16912,1.478240302743614,377653,16526,361127
16913,1.47815290013599,377653,16526,361127
16914,1.4780655078633085,377653,16526,361127
16915,1.4779781259237363,377653,16526,361127
16916,1.477890754315441,377653,16526,361127
16917,1.4778033930365904,377653,16526,361127
16918,1.4777160420853528,377653,16526,361127
16919,1.4776287014598972,377614,16526,361088
16920,1.4775413711583925,377614,16526,361088
16921,1.4774540511790084,377614,16526,361088
16922,1.477366741519915,377614,16526,361088
16923,1.4772794421792825,377614,16526,361088
16924,1.4771921531552825,377614,16526,361088
16925,1.4771048744460857,377614,16526,361088
16926,1.477017606049864,377614,16526,361088
16927,1.47693034796479,377614,16526,361088
16928,1.4768431001890359,377572,16704,360868
16929,1.476755862720775,377572,16704,360868
16930,1.4766686355581808,377572,16704,360868
16931,1.476581418699427,377572,16704,360868
16932,1.4764942121426885,377572,16704,360868
16933,1.4764070158861395,377572,16704,360868
16934,1.4763198299279556,377572,16704,360868
16935,1.4762326542663124,377572,16704,360868
16936,1.476145488899386,377572,16704,360868
16937,1.4760583338253528,377572,16704,360868
16938,1.4759711890423899,377572,16704,360868
16939,1.4758840545486747,377572,16704,360868
16940,1.4757969303423848,377572,16704,360868
16941,1.4757098164216989,377572,16704,360868
16942,1.4756227127847952,377572,16704,360868
16943,1.475535619429853,377572,16704,360868
16944,1.475448536355052,377572,16704,360868
16945,1.475361463558572,377572,16704,360868
16946,1.4752744010385932,377572,16704,360868
16947,1.4751873487932967,377572,16704,360868
16948,1.475100306820864,377572,16704,360868
16949,1.475013275119476,377572,16704,360868
16950,1.4749262536873156,377572,16704,360868
16951,1.474839242522565,377572,16704,360868
16952,1.4747522416234073,377416,16704,360712
16953,1.4746652509880258,377416,16704,360712
16954,1.4745782706146042,377416,16704,360712
16955,1.4744913005013272,377416,16704,360712
16956,1.474404340646379,377416,16704,360712
16957,1.4743173910479448,377416,16704,360712
16958,1.4742304517042104,377416,16704,360712
16959,1.4741435226133617,377416,16704,360712
16960,1.474056603773585,377416,16704,360712
16961,1.473969695183067,377416,16704,360712
16962,1.4738827968399952,377416,16704,360712
16963,1.4737959087425574,377416,16704,360712
16964,1.4737090308889413,377416,16704,360712
16965,1.4736221632773356,377355,16704,360651
16966,1.4735353059059295,377355,16704,360651
16967,1.4734484587729122,377355,16704,360651
16968,1.4733616218764733,377355,16704,360651
16969,1.4732747952148035,377355,16704,360651
16970,1.473187978786093,377355,16704,360651
16971,1.4731011725885335,377355,16704,360651
16972,1.4730143766203159,377355,16704,360651
16973,1.4729275908796324,377355,16704,360651
16974,1.4728408153646755,377355,16704,360651
16975,1.4727540500736378,377355,16704,360651
16976,1.4726672950047126,377355,16704,360651
16977,1.4725805501560936,377355,16704,360651
16978,1.4724938155259748,377355,16704,360651
16979,1.4724070911125509,377355,16704,360651
16980,1.4723203769140165,377355,16704,360651
16981,1.4722336729285672,377355,16704,360651
16982,1.4721469791543988,377355,16704,360651
16983,1.4720602955897073,377355,16704,360651
16984,1.4719736222326896,377355,16704,360651
16985,1.4718869590815424,377355,16704,360651
16986,1.4718003061344638,377355,16704,360651
16987,1.4717136633896508,377355,16704,360651
16988,1.4716270308453026,377355,16704,360651
16989,1.4715404084996173,377355,16704,360651
16990,1.4714537963507945,377355,16704,360651
16991,1.4713671943970337,377355,16704,360651
16992,1.4712806026365348,377355,16704,360651
16993,1.4711940210674983,377355,16704,360651
16994,1.4711074496881251,377268,16721,360547
16995,1.4710208884966167,377268,16721,360547
16996,1.4709343374911743,377268,16721,360547
16997,1.4708477966700007,377268,16721,360547
16998,1.4707612660312979,377268,16721,360547
16999,1.470674745573269,377268,16721,360547
17000,1.4705882352941178,377139,16768,360371
17001,1.4705017351920475,377139,16768,360371
17002,1.470415245265263,377139,16768,360371
17003,1.4703287655119686,376825,16768,360057
17004,1.4702422959303694,376281,16768,359513
17005,1.4701558365186709,376281,16768,359513
17006,1.4700693872750794,376281,16768,359513
17007,1.4699829481978008,376281,16768,359513
17008,1.4698965192850424,376281,16768,359513
17009,1.4698101005350108,376281,16768,359513
17010,1.4697236919459142,376281,16768,359513
17011,1.4696372935159603,376281,16768,359513
17012,1.4695509052433575,376281,16768,359513
17013,1.4694645271263151,376281,16768,359513
17014,1.4693781591630422,376281,16768,359513
17015,1.4692918013517484,376281,16768,359513
17016,1.469205453690644,376281,16768,359513
17017,1.4691191161779398,376281,16768,359513
17018,1.4690327888118462,376281,16768,359513
17019,1.4689464715905753,376281,16768,359513
17020,1.4688601645123385,376281,16768,359513
17021,1.4687738675753481,376281,16768,359513
17022,1.468687580777817,376281,16768,359513
17023,1.468601304117958,376281,16768,359513
17024,1.468515037593985,376281,16768,359513
17025,1.4684287812041117,376281,16768,359513
17026,1.4683425349465524,376281,16768,359513
17027,1.468256298819522,376281,16768,359513
17028,1.4681700728212357,376281,16768,359513
17029,1.468083856949909,376281,16768,359513
17030,1.467997651203758,376281,16768,359513
17031,1.4679114555809993,376281,16768,359513
17032,1.4678252700798498,376281,16768,359513
17033,1.4677390946985265,376281,16768,359513
17034,1.4676529294352472,376281,16768,359513
17035,1.4675667742882301,376281,16768,359513
17036,1.467480629255694,376281,16768,359513
17037,1.4673944943358572,376281,16768,359513
17038,1.4673083695269398,376281,16768,359513
17039,1.4672222548271612,376210,16783,359427
17040,1.4671361502347418,376210,16783,359427
17041,1.467050055747902,376210,16783,359427
17042,1.4669639713648632,376210,16783,359427
17043,1.4668778970838467,376210,16783,359427
17044,1.4667918329030745,376210,16783,359427
17045,1.4667057788207685,376210,16783,359427
17046,1.466619734835152,376210,16783,359427
17047,1.4665337009444477,376210,16783,359427
17048,1.4664476771468793,376144,16783,359361
17049,1.466361663440671,376144,16783,359361
17050,1.466275659824047,376144,16783,359361
17051,1.4661896662952318,376144,16783,359361
17052,1.4661036828524514,376144,16783,359361
17053,1.4660177094939306,376144,16783,359361
17054,1.465931746217896,376144,16783,359361
17055,1.4658457930225741,376144,16783,359361
17056,1.4657598499061915,375425,16758,358667
17057,1.4656739168669755,375425,16758,358667
17058,1.465587993903154,375425,16758,358667
17059,1.465502081012955,375425,16758,358667
17060,1.4654161781946073,375425,16758,358667
17061,1.4653302854463397,375425,16758,358667
17062,1.4652444027663813,375425,16758,358667
17063,1.4651585301529626,375425,16758,358667
17064,1.465072667604313,375425,16758,358667
17065,1.464986815118664,375425,16758,358667
17066,1.464900972694246,375425,16758,358667
17067,1.4648151403292904,375425,16758,358667
17068,1.4647293180220295,375425,16758,358667
17069,1.4646435057706955,375425,16758,358667
17070,1.4645577035735209,375425,16758,358667
17071,1.4644719114287388,375425,16758,358667
17072,1.464386129334583,375215,16662,358553
17073,1.4643003572892872,375215,16662,358553
17074,1.4642145952910859,375215,16662,358553
17075,1.4641288433382138,375215,16662,358553
17076,1.4640431014289061,375215,16662,358553
17077,1.4639573695613983,375215,16662,358553
17078,1.4638716477339266,374866,16662,358204
17079,1.4637859359447274,374866,16662,358204
17080,1.4637002341920375,374866,16662,358204
17081,1.463614542474094,374866,16662,358204
17082,1.4635288607891348,374866,16662,358204
17083,1.4634431891353978,374866,16662,358204
17084,1.4633575275111215,374866,16662,358204
17085,1.4632718759145449,374866,16662,358204
17086,1.4631862343439073,374866,16662,358204
17087,1.4631006027974482,374866,16662,358204
17088,1.4630149812734083,374866,16662,358204
17089,1.4629293697700274,374866,16662,358204
17090,1.462843768285547,374866,16662,358204
17091,1.4627581768182085,374866,16662,358204
17092,1.4626725953662532,374866,16662,358204
17093,1.4625870239279237,374866,16662,358204
17094,1.4625014625014625,374866,16662,358204
17095,1.4624159110851127,374866,16662,358204
17096,1.4623303696771175,374866,16662,358204
17097,1.462244838275721,374866,16662,358204
17098,1.4621593168791671,374866,16662,358204
17099,1.462073805485701,374570,16703,357867
17100,1.4619883040935673,374570,16703,357867
17101,1.4619028127010116,374570,16703,357867
17102,1.4618173313062799,374570,16703,357867
17103,1.4617318599076186,374570,16703,357867
17104,1.4616463985032742,374570,16703,357867
17105,1.4615609470914936,374570,16703,357867
17106,1.4614755056705249,374570,16703,357867
17107,1.4613900742386157,374570,16703,357867
17108,1.4613046527940146,374570,16703,357867
17109,1.4612192413349698,374570,16703,357867
17110,1.461133839859731,374570,16703,357867
17111,1.4610484483665478,374570,16703,357867
17112,1.46096306685367,374570,16703,357867
17113,1.4608776953193479,374570,16703,357867
17114,1.4607923337618325,374570,16703,357867
17115,1.4607069821793748,374570,16703,357867
17116,1.4606216405702266,374439,16674,357765
17117,1.46053630893264,374439,16674,357765
17118,1.4604509872648674,374439,16674,357765
17119,1.4603656755651615,374423,16674,357749
17120,1.4602803738317758,374423,16674,357749
17121,1.4601950820629637,374423,16674,357749
17122,1.4601098002569792,374423,16674,357749
17123,1.4600245284120774,374423,16674,357749
17124,1.4599392665265125,374423,16674,357749
17125,1.4598540145985401,374423,16674,357749
17126,1.459768772626416,374423,16674,357749
17127,1.4596835406083961,374423,16674,357749
17128,1.459598318542737,374423,16674,357749
17129,1.4595131064276958,374423,16674,357749
17130,1.4594279042615295,374423,16674,357749
17131,1.459342712042496,374423,16674,357749
17132,1.4592575297688537,374423,16674,357749
17133,1.4591723574388606,374423,16674,357749
17134,1.4590871950507762,374423,16674,357749
17135,1.4590020426028596,374423,16674,357749
17136,1.4589169000933706,374423,16674,357749
17137,1.4588317675205695,374423,16674,357749
17138,1.4587466448827167,374423,16674,357749
17139,1.4586615321780734,374423,16674,357749
17140,1.4585764294049008,374423,16674,357749
17141,1.458491336561461,374423,16674,357749
17142,1.4584062536460156,374423,16674,357749
17143,1.458321180656828,374423,16674,357749
17144,1.4582361175921605,374423,16674,357749
17145,1.458151064450277,374423,16674,357749
17146,1.4580660212294412,374423,16674,357749
17147,1.4579809879279175,374423,16674,357749
17148,1.4578959645439702,374423,16674,357749
17149,1.4578109510758646,374423,16674,357749
17150,1.4577259475218658,374423,16674,357749
17151,1.4576409538802402,374423,16674,357749
17152,1.4575559701492538,374423,16674,357749
17153,1.457470996327173,374423,16674,357749
17154,1.4573860324122654,374423,16674,357749
17155,1.457301078402798,374423,16674,357749
17156,1.457216134297039,374423,16674,357749
17157,1.4571312000932564,374423,16674,357749
17158,1.4570462757897191,374423,16674,357749
17159,1.4569613613846961,374423,16674,357749
17160,1.456876456876457,374423,16674,357749
17161,1.4567915622632714,374423,16674,357749
17162,1.4567066775434099,374423,16674,357749
17163,1.456621802715143,374423,16674,357749
17164,1.456536937776742,374423,16674,357749
17165,1.4564520827264782,374423,16674,357749
17166,1.4563672375626238,374423,16674,357749
17167,1.4562824022834508,374423,16674,357749
17168,1.4561975768872322,374423,16674,357749
17169,1.4561127613722407,374423,16674,357749
17170,1.4560279557367501,374423,16674,357749
17171,1.4559431599790345,374423,16674,357749
17172,1.4558583740973678,374423,16674,357749
17173,1.455773598090025,374423,16674,357749
17174,1.4556888319552812,374423,16674,357749
17175,1.455604075691412,374423,16674,357749
17176,1.455519329296693,374423,16674,357749
17177,1.455434592769401,374382,16753,357629
17178,1.4553498661078124,374382,16753,357629
17179,1.4552651493102042,374382,16753,357629
17180,1.4551804423748544,374382,16753,357629
17181,1.4550957453000408,374047,16753,357294
17182,1.4550110580840414,374047,16753,357294
17183,1.4549263807251354,374047,16753,357294
17184,1.4548417132216014,374047,16753,357294
17185,1.4547570555717195,374047,16753,357294
17186,1.4546724077737694,374047,16753,357294
17187,1.4545877698260312,374047,16753,357294
17188,1.4545031417267862,374047,16753,357294
17189,1.454418523474315,374047,16753,357294
17190,1.4543339150668995,374047,16753,357294
17191,1.4542493165028212,374047,16753,357294
17192,1.4541647277803629,374047,16753,357294
17193,1.4540801488978072,374047,16753,357294
17194,1.4539955798534372,374047,16753,357294
17195,1.4539110206455366,374047,16753,357294
17196,1.453826471272389,374047,16753,357294
17197,1.4537419317322788,374031,16753,357278
17198,1.4536574020234911,374031,16753,357278
17199,1.4535728821443108,374031,16753,357278
17200,1.4534883720930232,374031,16753,357278
17201,1.4534038718679148,374031,16753,357278
17202,1.4533193814672714,373975,16717,357258
17203,1.4532349008893797,373975,16717,357258
17204,1.4531504301325273,373975,16717,357258
17205,1.4530659691950014,373975,16717,357258
17206,1.45298151807509,373954,16717,357237
17207,1.4528970767710816,373954,16717,357237
17208,1.4528126452812646,373872,16717,357155
17209,1.4527282236039283,373872,16717,357155
17210,1.452643811737362,373872,16717,357155
17211,1.452559409679856,373872,16717,357155
17212,1.4524750174297003,373872,16717,357155
17213,1.4523906349851856,373872,16717,357155
17214,1.4523062623446032,373872,16717,357155
17215,1.4522218995062446,373872,16717,357155
17216,1.4521375464684014,373872,16717,357155
17217,1.4520532032293663,373872,16717,357155
17218,1.4519688697874318,373872,16717,357155
17219,1.451884546140891,373872,16717,357155
17220,1.4518002322880372,373872,16717,357155
17221,1.4517159282271646,373872,16717,357155
17222,1.4516316339565671,373872,16717,357155
17223,1.45154734947454,373872,16717,357155
17224,1.4514630747793775,373872,16717,357155
17225,1.4513788098693758,373872,16717,357155
17226,1.4512945547428306,373872,16717,357155
17227,1.451210309398038,373872,16717,357155
17228,1.4511260738332947,373872,16717,357155
17229,1.4510418480468976,373872,16717,357155
17230,1.4509576320371445,373872,16717,357155
17231,1.450873425802333,373872,16717,357155
17232,1.4507892293407614,373742,16745,356997
17233,1.4507050426507282,373742,16745,356997
17234,1.4506208657305326,373742,16745,356997
17235,1.450536698578474,373742,16745,356997
17236,1.4504525411928522,373742,16745,356997
17237,1.4503683935719673,373742,16745,356997
17238,1.45028425571412,373742,16745,356997
17239,1.4502001276176113,373742,16745,356997
17240,1.4501160092807424,373742,16745,356997
17241,1.4500319007018154,373742,16745,356997
17242,1.4499478018791323,373742,16745,356997
17243,1.4498637128109957,373742,16745,356997
17244,1.4497796334957087,373742,16745,356997
17245,1.4496955639315743,373742,16745,356997
17246,1.4496115041168967,373742,16745,356997
17247,1.4495274540499796,373742,16745,356997
17248,1.449443413729128,373742,16745,356997
17249,1.4493593831526466,373742,16745,356997
17250,1.4492753623188406,373742,16745,356997
17251,1.449191351226016,373742,16745,356997
17252,1.4491073498724785,373742,16745,356997
17253,1.449023358256535,373742,16745,356997
17254,1.4489393763764924,373742,16745,356997
17255,1.4488554042306578,373742,16745,356997
17256,1.448771441817339,373742,16745,356997
17257,1.4486874891348438,373693,16745,356948
17258,1.448603546181481,373693,16745,356948
17259,1.4485196129555593,373693,16745,356948
17260,1.4484356894553883,373693,16745,356948
17261,1.448351775679277,373693,16745,356948
17262,1.448267871625536,373693,16745,356948
17263,1.4481839772924752,373693,16745,356948
17264,1.448100092678406,373693,16745,356948
17265,1.4480162177816391,373693,16745,356948
17266,1.4479323526004866,373693,16745,356948
17267,1.44784849713326,373693,16745,356948
17268,1.447764651378272,373693,16745,356948
17269,1.4476808153338352,373693,16745,356948
17270,1.447596988998263,373693,16745,356948
17271,1.4475131723698687,373693,16745,356948
17272,1.447429365446966,373693,16745,356948
17273,1.4473455682278702,373693,16745,356948
17274,1.447261780710895,373693,16745,356948
17275,1.447178002894356,373693,16745,356948
17276,1.4470942347765687,373693,16745,356948
17277,1.447010476355849,373693,16745,356948
17278,1.4469267276305129,373693,16745,356948
17279,1.4468429885988772,373693,16745,356948
17280,1.4467592592592593,373693,16745,356948
17281,1.4466755396099762,373693,16745,356948
17282,1.446591829649346,373693,16745,356948
17283,1.4465081293756872,373693,16745,356948
17284,1.4464244387873177,373693,16745,356948
17285,1.4463407578825571,373693,16745,356948
17286,1.4462570866597246,373693,16745,356948
17287,1.44617342511714,373693,16745,356948
17288,1.4460897732531235,373693,16745,356948
17289,1.4460061310659957,373693,16745,356948
17290,1.4459224985540775,373693,16745,356948
17291,1.4458388757156901,373693,16745,356948
17292,1.4457552625491557,373693,16745,356948
17293,1.4456716590527958,373693,16745,356948
17294,1.4455880652249335,373693,16745,356948
17295,1.4455044810638913,373693,16745,356948
17296,1.4454209065679926,373693,16745,356948
17297,1.445337341735561,373693,16745,356948
17298,1.4452537865649209,373693,16745,356948
17299,1.4451702410543963,373693,16745,356948
17300,1.4450867052023122,373693,16745,356948
17301,1.4450031790069937,373693,16745,356948
17302,1.4449196624667668,373693,16745,356948
17303,1.4448361555799571,373693,16745,356948
17304,1.4447526583448913,373693,16745,356948
17305,1.444669170759896,373693,16745,356948
17306,1.4445856928232983,373693,16745,356948
17307,1.4445022245334258,373693,16745,356948
17308,1.4444187658886065,373693,16745,356948
17309,1.4443353168871684,373690,16555,357135
17310,1.4442518775274409,373690,16555,357135
17311,1.4441684478077523,373690,16555,357135
17312,1.4440850277264325,373690,16555,357135
17313,1.4440016172818113,373690,16555,357135
17314,1.443918216472219,373690,16555,357135
17315,1.443834825295986,373690,16555,357135
17316,1.4437514437514438,373690,16555,357135
17317,1.4436680718369233,373690,16555,357135
17318,1.4435847095507564,373690,16555,357135
17319,1.4435013568912756,373690,16555,357135
17320,1.443418013856813,373690,16555,357135
17321,1.4433346804457017,373690,16555,357135
17322,1.4432513566562752,373690,16555,357135
17323,1.4431680424868671,373690,16555,357135
17324,1.4430847379358116,373394,16555,356839
17325,1.443001443001443,373394,16555,356839
17326,1.4429181576820962,373394,16555,356839
17327,1.4428348819761068,373394,16555,356839
17328,1.44275161588181,373394,16555,356839
17329,1.4426683593975418,373394,16555,356839
17330,1.4425851125216387,373394,16555,356839
17331,1.442501875252438,373394,16555,356839
17332,1.442418647588276,373394,16555,356839
17333,1.4423354295274908,373394,16555,356839
17334,1.4422522210684205,373394,16555,356839
17335,1.442169022209403,373394,16555,356839
17336,1.4420858329487771,373394,16555,356839
17337,1.442002653284882,373394,16555,356839
17338,1.4419194832160571,373394,16555,356839
17339,1.4418363227406426,373394,16555,356839
17340,1.441753171856978,373394,16555,356839
17341,1.4416700305634047,373394,16555,356839
17342,1.4415868988582632,373394,16555,356839
17343,1.441503776739895,373394,16555,356839
17344,1.441420664206642,373394,16555,356839
17345,1.4413375612568464,373394,16555,356839
17346,1.4412544678888504,373394,16555,356839
17347,1.4411713841009972,373394,16555,356839
17348,1.44108830989163,373394,16555,356839
17349,1.4410052452590927,373394,16555,356839
17350,1.440922190201729,373394,16555,356839
17351,1.4408391447178837,373394,16555,356839
17352,1.4407561088059013,373394,16555,356839
17353,1.4406730824641272,373394,16555,356839
17354,1.440590065690907,373394,16555,356839
17355,1.4405070584845865,373394,16555,356839
17356,1.4404240608435124,373306,16555,356751
17357,1.440341072766031,373306,16555,356751
17358,1.4402580942504897,372533,16555,355978
17359,1.440175125295236,372533,16555,355978
17360,1.4400921658986174,372328,16555,355773
17361,1.4400092160589828,372328,16555,355773
17362,1.4399262757746802,372328,16555,355773
17363,1.4398433450440593,372328,16555,355773
17364,1.4397604238654689,372328,16555,355773
17365,1.439677512237259,372328,16555,355773
17366,1.4395946101577797,372328,16555,355773
17367,1.4395117176253815,372328,16555,355773
17368,1.4394288346384154,372328,16555,355773
17369,1.4393459611952328,372328,16555,355773
17370,1.4392630972941853,372326,16555,355771
17371,1.439180242933625,372326,16555,355771
17372,1.4390973981119042,372326,16555,355771
17373,1.4390145628273758,372326,16555,355771
17374,1.438931737078393,372326,16555,355771
17375,1.4388489208633093,372326,16555,355771
17376,1.4387661141804788,372326,16555,355771
17377,1.4386833170282558,372326,16555,355771
17378,1.4386005294049948,372326,16555,355771
17379,1.4385177513090512,372326,16555,355771
17380,1.4384349827387801,372326,16555,355771
17381,1.438352223692538,372326,16555,355771
17382,1.4382694741686803,372326,16555,355771
17383,1.438186734165564,372326,16555,355771
17384,1.4381040036815462,372326,16555,355771
17385,1.438021282714984,372326,16555,355771
17386,1.4379385712642356,372326,16555,355771
17387,1.4378558693276586,372326,16555,355771
17388,1.4377731769036117,372326,16555,355771
17389,1.4376904939904538,372326,16555,355771
17390,1.437607820586544,371977,16359,355618
17391,1.437525156690242,371977,16359,355618
17392,1.437442502299908,371977,16359,355618
17393,1.4373598574139022,371977,16359,355618
17394,1.4372772220305852,371977,16359,355618
17395,1.4371945961483186,371977,16359,355618
17396,1.4371119797654632,371977,16359,355618
17397,1.4370293728803816,371977,16359,355618
17398,1.4369467754914358,371977,16359,355618
17399,1.4368641875969883,371977,16359,355618
17400,1.4367816091954022,371977,16359,355618
17401,1.436699040285041,371977,16359,355618
17402,1.4366164808642685,371977,16359,355618
17403,1.4365339309314487,371977,16359,355618
17404,1.436451390484946,371977,16359,355618
17405,1.4363688595231254,371977,16359,355618
17406,1.4362863380443525,371977,16359,355618
17407,1.4362038260469925,371977,16359,355618
17408,1.4361213235294117,371977,16359,355618
17409,1.4360388304899765,371977,16359,355618
17410,1.4359563469270533,371977,16359,355618
17411,1.43587387283901,371977,16359,355618
17412,1.4357914082242131,371977,16359,355618
17413,1.4357089530810314,371977,16359,355618
17414,1.4356265074078327,370779,16359,354420
17415,1.4355440712029859,370779,16359,354420
17416,1.4354616444648598,370779,16359,354420
17417,1.435379227191824,370779,16359,354420
17418,1.4352968193822482,370779,16359,354420
17419,1.4352144210345026,370779,16359,354420
17420,1.4351320321469576,370779,16359,354420
17421,1.4350496527179841,370779,16359,354420
17422,1.4349672827459534,370779,16359,354420
17423,1.4348849222292372,370779,16359,354420
17424,1.4348025711662076,370443,16359,354084
17425,1.4347202295552368,370443,16359,354084
17426,1.4346378973946976,370443,16359,354084
17427,1.4345555746829632,370443,16359,354084
17428,1.4344732614184073,370443,16359,354084
17429,1.4343909575994034,370443,16359,354084
17430,1.4343086632243258,370443,16359,354084
17431,1.4342263782915496,370443,16359,354084
17432,1.4341441027994493,370443,16359,354084
17433,1.4340618367464004,370443,16359,354084
17434,1.4339795801307789,370443,16359,354084
17435,1.4338973329509608,370443,16359,354084
17436,1.4338150952053224,370443,16359,354084
17437,1.4337328668922407,370443,16359,354084
17438,1.433650648010093,370443,16359,354084
17439,1.4335684385572567,370443,16359,354084
17440,1.43348623853211,370443,16359,354084
17441,1.4334040479330314,370443,16359,354084
17442,1.4333218667583993,370443,16359,354084
17443,1.4332396950065929,370443,16359,354084
17444,1.4331575326759918,370443,16359,354084
17445,1.4330753797649756,370443,16359,354084
17446,1.4329932362719249,370443,16359,354084
17447,1.4329111021952199,370443,16359,354084
17448,1.4328289775332417,370443,16359,354084
17449,1.4327468622843715,370443,16359,354084
17450,1.4326647564469914,370443,16359,354084
17451,1.432582660019483,370443,16359,354084
17452,1.4325005730002291,370291,16359,353932
17453,1.4324184953876125,370291,16359,353932
17454,1.432336427180016,370291,16359,353932
17455,1.4322543683758235,370291,16359,353932
17456,1.4321723189734188,370291,16359,353932
17457,1.4320902789711862,370291,16359,353932
17458,1.4320082483675105,370291,16359,353932
17459,1.4319262271607767,370291,16359,353932
17460,1.43184421534937,370291,16359,353932
17461,1.4317622129316763,370291,16359,353932
17462,1.4316802199060819,370291,16359,353932
17463,1.431598236270973,370291,16359,353932
17464,1.4315162620247366,370291,16359,353932
17465,1.43143429716576,370291,16359,353932
17466,1.431352341692431,370291,16359,353932
17467,1.4312703956031374,370291,16359,353932
17468,1.4311884588962676,370291,16359,353932
17469,1.43110653157021,370291,16359,353932
17470,1.4310246136233544,370291,16359,353932
17471,1.4309427050540897,370291,16359,353932
17472,1.4308608058608059,370291,16359,353932
17473,1.4307789160418931,370291,16359,353932
17474,1.4306970355957422,370291,16359,353932
17475,1.4306151645207439,370291,16359,353932
17476,1.4305333028152896,370291,16359,353932
17477,1.4304514504777708,370291,16359,353932
17478,1.4303696075065797,370291,16359,353932
17479,1.4302877739001087,370291,16359,353932
17480,1.4302059496567505,370291,16359,353932
17481,1.4301241347748985,370291,16359,353932
17482,1.4300423292529458,370291,16359,353932
17483,1.4299605330892868,370291,16359,353932
17484,1.4298787462823153,370291,16359,353932
17485,1.4297969688304262,370291,16359,353932
17486,1.4297152007320142,370291,16359,353932
17487,1.4296334419854748,370291,16359,353932
17488,1.429551692589204,370291,16359,353932
17489,1.4294699525415975,370291,16359,353932
17490,1.429388221841052,370291,16359,353932
17491,1.4293065004859642,370291,16359,353932
17492,1.4292247884747313,370291,16359,353932
17493,1.4291430858057508,370291,16359,353932
17494,1.429061392477421,370291,16359,353932
17495,1.4289797084881395,370291,16359,353932
17496,1.4288980338363055,370084,16359,353725
17497,1.4288163685203177,370084,16359,353725
17498,1.4287347125385759,369999,16127,353872
17499,1.4286530658894794,369999,16127,353872
17500,1.4285714285714286,369999,16127,353872
17501,1.428489800582824,369503,16273,353230
17502,1.428408181922066,369503,16273,353230
17503,1.4283265725875565,369503,16273,353230
17504,1.4282449725776964,369503,16273,353230
17505,1.4281633818908883,369503,16273,353230
17506,1.428081800525534,369503,16273,353230
17507,1.4280002284800366,369503,16273,353230
17508,1.4279186657527987,369503,16273,353230
17509,1.427837112342224,369503,16273,353230
17510,1.4277555682467162,369503,16273,353230
17511,1.4276740334646794,369503,16273,353230
17512,1.427592507994518,369375,16273,353102
17513,1.4275109918346371,369375,16273,353102
17514,1.427429484983442,369375,16273,353102
17515,1.4273479874393378,369375,16273,353102
17516,1.4272664992007307,369375,16273,353102
17517,1.4271850202660272,369375,16273,353102
17518,1.427103550633634,369375,16273,353102
17519,1.427022090301958,369375,16273,353102
17520,1.4269406392694064,369375,16273,353102
17521,1.4268591975343874,369375,16273,353102
17522,1.4267777650953088,369375,16273,353102
17523,1.4266963419505791,369375,16273,353102
17524,1.4266149280986076,369375,16273,353102
17525,1.4265335235378032,369375,16273,353102
17526,1.4264521282665754,369375,16273,353102
17527,1.4263707422833343,369375,16273,353102
17528,1.42628936558649,369375,16273,353102
17529,1.4262079981744538,369375,16273,353102
17530,1.426126640045636,369375,16273,353102
17531,1.4260452911984485,369375,16273,353102
17532,1.4259639516313027,369375,16273,353102
17533,1.425882621342611,369375,16273,353102
17534,1.425801300330786,369375,16273,353102
17535,1.42571998859424,369262,16273,352989
17536,1.4256386861313868,369262,16273,352989
17537,1.4255573929406398,369262,16273,352989
17538,1.4254761090204129,369262,16273,352989
17539,1.4253948343691203,369262,16273,352989
17540,1.4253135689851768,369262,16273,352989
17541,1.4252323128669973,369262,16273,352989
17542,1.4251510660129973,369262,16273,352989
17543,1.4250698284215926,369262,16273,352989
17544,1.4249886000911993,369262,16273,352989
17545,1.4249073810202337,369262,16273,352989
17546,1.4248261712071126,369262,16273,352989
17547,1.4247449706502535,369262,16273,352989
17548,1.4246637793480739,369262,16273,352989
17549,1.4245825972989914,369262,16273,352989
17550,1.4245014245014245,369262,16273,352989
17551,1.4244202609537917,369262,16273,352989
17552,1.4243391066545124,369262,16273,352989
17553,1.4242579616020055,369262,16273,352989
17554,1.4241768257946907,369262,16273,352989
17555,1.4240956992309883,369262,16273,352989
17556,1.4240145819093188,369262,16273,352989
17557,1.4239334738281026,369262,16273,352989
17558,1.4238523749857614,369262,16273,352989
17559,1.4237712853807165,369262,16273,352989
17560,1.4236902050113895,369262,16273,352989
17561,1.423609133876203,369262,16273,352989
17562,1.4235280719735792,369262,16273,352989
17563,1.4234470193019415,369262,16273,352989
17564,1.423365975859713,369257,16273,352984
17565,1.4232849416453175,369257,16273,352984
17566,1.4232039166571786,369257,16273,352984
17567,1.4231229008937212,369257,16273,352984
17568,1.4230418943533698,369257,16273,352984
17569,1.4229608970345495,369257,16273,352984
17570,1.4228799089356858,369257,16273,352984
17571,1.4227989300552046,369257,16273,352984
17572,1.422717960391532,369257,16273,352984
17573,1.4226369999430946,369257,16273,352984
17574,1.422556048708319,369257,16273,352984
17575,1.422475106685633,369257,16273,352984
17576,1.4223941738734638,369257,16273,352984
17577,1.4223132502702396,369257,16273,352984
17578,1.4222323358743885,369257,16273,352984
17579,1.4221514306843392,369257,16273,352984
17580,1.422070534698521,369257,16273,352984
17581,1.421989647915363,369257,16273,352984
17582,1.4219087703332953,369257,16273,352984
17583,1.4218279019507478,369257,16273,352984
17584,1.421747042766151,369257,16273,352984
17585,1.4216661927779357,369257,16273,352984
17586,1.4215853519845332,369257,16273,352984
17587,1.4215045203843748,369257,16273,352984
17588,1.4214236979758927,369257,16273,352984
17589,1.421342884757519,369257,16273,352984
17590,1.4212620807276861,369257,16273,352984
17591,1.4211812858848274,369257,16273,352984
17592,1.421100500227376,369257,16273,352984
17593,1.4210197237537656,369257,16273,352984
17594,1.4209389564624304,369257,16273,352984
17595,1.4208581983518045,369257,16273,352984
17596,1.4207774494203227,369257,16273,352984
17597,1.4206967096664205,369257,16273,352984
17598,1.4206159790885329,369257,16273,352984
17599,1.4205352576850958,369113,16273,352840
17600,1.4204545454545454,369113,16273,352840
17601,1.4203738423953185,369113,16273,352840
17602,1.4202931485058516,369113,16273,352840
17603,1.420212463784582,369113,16273,352840
17604,1.4201317882299478,369113,16273,352840
17605,1.4200511218403862,369113,16273,352840
17606,1.419970464614336,368998,15589,353409
17607,1.4198898165502356,368998,15589,353409
17608,1.4198091776465243,368998,15589,353409
17609,1.4197285479016413,368998,15589,353409
17610,1.4196479273140261,368998,15589,353409
17611,1.4195673158821192,368998,15589,353409
17612,1.4194867136043607,368998,15589,353409
17613,1.4194061204791915,368998,15589,353409
17614,1.4193255365050528,368741,15589,353152
17615,1.419244961680386,368673,15589,353084
17616,1.419164396003633,368673,15589,353084
17617,1.4190838394732361,368673,15589,353084
17618,1.4190032920876376,368673,15589,353084
17619,1.4189227538452807,368673,15589,353084
17620,1.4188422247446084,368673,15589,353084
17621,1.4187617047840644,368673,15589,353084
17622,1.418681193962093,368673,15589,353084
17623,1.418600692277138,368673,15589,353084
17624,1.4185201997276442,368673,15589,353084
17625,1.4184397163120568,368673,15589,353084
17626,1.4183592420288211,368673,15589,353084
17627,1.418278776876383,368673,15589,353084
17628,1.418198320853188,368673,15589,353084
17629,1.4181178739576834,368673,15589,353084
17630,1.4180374361883155,368673,15589,353084
17631,1.4179570075435313,368673,15589,353084
17632,1.4178765880217785,368673,15589,353084
17633,1.4177961776215051,368673,15589,353084
17634,1.4177157763411592,368673,15589,353084
17635,1.417635384179189,368673,15589,353084
17636,1.417555001134044,368673,15589,353084
17637,1.417474627204173,368673,15589,353084
17638,1.4173942623880258,368673,15589,353084
17639,1.4173139066840523,368673,15589,353084
17640,1.417233560090703,368673,15589,353084
17641,1.4171532226064283,368673,15589,353084
17642,1.417072894229679,368673,15589,353084
17643,1.4169925749589072,368673,15589,353084
17644,1.416912264792564,368673,15589,353084
17645,1.4168319637291018,368673,15589,353084
17646,1.4167516717669726,368673,15589,353084
17647,1.4166713889046296,368673,15589,353084
17648,1.416591115140526,368673,15589,353084
17649,1.4165108504731145,368673,15589,353084
17650,1.4164305949008498,368673,15589,353084
17651,1.4163503484221858,368673,15589,353084
17652,1.4162701110355767,368673,15589,353084
17653,1.4161898827394777,368673,15589,353084
17654,1.416109663532344,368673,15589,353084
17655,1.416029453412631,368673,15589,353084
17656,1.4159492523787947,368673,15589,353084
17657,1.4158690604292914,368673,15589,353084
17658,1.4157888775625778,368457,15589,352868
17659,1.4157087037771108,368457,15589,352868
17660,1.4156285390713477,368457,15589,352868
17661,1.4155483834437461,368457,15589,352868
17662,1.415468236892764,368457,15589,352868
17663,1.4153880994168602,368457,15589,352868
17664,1.4153079710144927,368457,15589,352868
17665,1.4152278516841212,368457,15589,352868
17666,1.4151477414242046,368457,15589,352868
17667,1.4150676402332032,368457,15589,352868
17668,1.4149875481095766,368457,15589,352868
17669,1.4149074650517857,368457,15589,352868
17670,1.414827391058291,368457,15589,352868
17671,1.4147473261275536,368457,15589,352868
17672,1.4146672702580354,368457,15589,352868
17673,1.4145872234481978,368457,15589,352868
17674,1.4145071856965032,368457,15589,352868
17675,1.4144271570014144,368457,15589,352868
17676,1.414347137361394,368457,15589,352868
17677,1.4142671267749052,368457,15589,352868
17678,1.414187125240412,368457,15589,352868
17679,1.4141071327563777,368175,15589,352586
17680,1.414027149321267,368175,15589,352586
17681,1.4139471749335444,368024,15589,352435
17682,1.4138672095916751,368024,15589,352435
17683,1.4137872532941242,368024,15589,352435
17684,1.4137073060393577,368024,15589,352435
17685,1.413627367825841,368024,15589,352435
17686,1.4135474386520412,368024,15589,352435
17687,1.4134675185164245,367489,15589,351900
17688,1.413387607417458,367489,15589,351900
17689,1.4133077053536096,367489,15589,351900
17690,1.4132278123233466,367489,15589,351900
17691,1.4131479283251371,367489,15589,351900
17692,1.4130680533574498,367489,15589,351900
17693,1.412988187418753,367489,15589,351900
17694,1.4129083305075167,367489,15589,351900
17695,1.4128284826222097,367489,15589,351900
17696,1.412748643761302,367489,15589,351900
17697,1.412668813923264,367489,15589,351900
17698,1.4125889931065656,367489,15589,351900
17699,1.4125091813096786,367489,15589,351900
17700,1.4124293785310735,367489,15589,351900
17701,1.412349584769222,367489,15589,351900
17702,1.4122698000225964,367489,15589,351900
17703,1.4121900242896683,367489,15589,351900
17704,1.412110257568911,367489,15589,351900
17705,1.412030499858797,367489,15589,351900
17706,1.4119507511577996,367489,15589,351900
17707,1.4118710114643926,367489,15589,351900
17708,1.4117912807770499,367489,15589,351900
17709,1.411711559094246,367489,15589,351900
17710,1.411631846414455,367489,15589,351900
17711,1.4115521427361526,367489,15589,351900
17712,1.411472448057814,367489,15589,351900
17713,1.4113927623779146,367489,15589,351900
17714,1.4113130856949305,367489,15589,351900
17715,1.4112334180073385,367489,15589,351900
17716,1.4111537593136148,367489,15589,351900
17717,1.4110741096122368,367489,15589,351900
17718,1.410994468901682,367489,15589,351900
17719,1.4109148371804279,367489,15589,351900
17720,1.4108352144469527,367489,15589,351900
17721,1.4107556006997348,367489,15589,351900
17722,1.4106759959372532,367489,15589,351900
17723,1.4105964001579867,367489,15589,351900
17724,1.4105168133604153,367489,15589,351900
17725,1.4104372355430184,367489,15589,351900
17726,1.4103576667042763,367425,15589,351836
17727,1.4102781068426693,367425,15589,351836
17728,1.4101985559566788,367425,15589,351836
17729,1.4101190140447855,367425,15589,351836
17730,1.410039481105471,367425,15589,351836
17731,1.4099599571372172,367425,15589,351836
17732,1.4098804421385067,367425,15589,351836
17733,1.4098009361078216,367425,15589,351836
17734,1.409721439043645,367425,15589,351836
17735,1.4096419509444602,367425,15589,351836
17736,1.4095624718087505,367425,15589,351836
17737,1.4094830016350002,367425,15589,351836
17738,1.4094035404216936,367425,15589,351836
17739,1.409324088167315,367425,15589,351836
17740,1.4092446448703495,367425,15589,351836
17741,1.4091652105292825,367425,15589,351836
17742,1.4090857851425995,367425,15589,351836
17743,1.4090063687087866,367425,15589,351836
17744,1.40892696122633,367425,15589,351836
17745,1.4088475626937165,367425,15589,351836
17746,1.408768173109433,367425,15589,351836
17747,1.408688792471967,367425,15589,351836
17748,1.408609420779806,367425,15589,351836
17749,1.4085300580314384,367425,15589,351836
17750,1.408450704225352,367425,15589,351836
17751,1.408371359360036,367425,15589,351836
17752,1.4082920234339793,367425,15589,351836
17753,1.4082126964456712,367425,15589,351836
17754,1.4081333783936014,367425,15589,351836
17755,1.4080540692762602,367425,15589,351836
17756,1.4079747690921378,367425,15589,351836
17757,1.4078954778397252,367425,15589,351836
17758,1.4078161955175132,367425,15589,351836
17759,1.4077369221239935,367425,15589,351836
17760,1.4076576576576576,367425,15589,351836
17761,1.407578402116998,367425,15589,351836
17762,1.4074991555005067,367425,15589,351836
17763,1.4074199178066769,367425,15589,351836
17764,1.4073406890340014,367425,15589,351836
17765,1.4072614691809737,367425,15589,351836
17766,1.407182258246088,367425,15589,351836
17767,1.4071030562278382,367425,15589,351836
17768,1.4070238631247185,367425,15589,351836
17769,1.4069446789352242,367425,15589,351836
17770,1.4068655036578503,367425,15589,351836
17771,1.4067863372910923,367425,15589,351836
17772,1.4067071798334458,367425,15589,351836
17773,1.4066280312834074,367425,15589,351836
17774,1.4065488916394735,367425,15589,351836
17775,1.4064697609001406,367425,15589,351836
17776,1.4063906390639065,367425,15589,351836
17777,1.4063115261292682,367425,15589,351836
17778,1.4062324220947238,367425,15589,351836
17779,1.4061533269587716,367425,15589,351836
17780,1.40607424071991,367425,15589,351836
17781,1.4059951633766379,367425,15589,351836
17782,1.4059160949274547,367425,15589,351836
17783,1.4058370353708598,367425,15589,351836
17784,1.4057579847053532,367425,15589,351836
17785,1.405678942929435,367381,15589,351792
17786,1.4055999100416057,367381,15589,351792
17787,1.4055208860403665,367381,15589,351792
17788,1.4054418709242187,367381,15589,351792
17789,1.4053628646916634,367381,15589,351792
17790,1.405283867341203,367381,15589,351792
17791,1.4052048788713394,367381,15589,351792
17792,1.4051258992805755,367381,15589,351792
17793,1.405046928567414,367381,15589,351792
17794,1.4049679667303585,367381,15589,351792
17795,1.4048890137679124,367381,15589,351792
17796,1.4048100696785795,367385,15589,351796
17797,1.4047311344608642,367385,15589,351796
17798,1.404652208113271,367385,15589,351796
17799,1.4045732906343054,367385,15589,351796
17800,1.404494382022472,367385,15589,351796
17801,1.4044154822762767,367385,15589,351796
17802,1.4043365913942254,367385,15589,351796
17803,1.4042577093748245,367385,15589,351796
17804,1.4041788362165806,367385,15589,351796
17805,1.4040999719180005,367385,15589,351796
17806,1.4040211164775918,367385,15589,351796
17807,1.403942269893862,367385,15589,351796
17808,1.403863432165319,367385,15589,351796
17809,1.403784603290471,367385,15589,351796
17810,1.403705783267827,367385,15589,351796
17811,1.4036269720958958,367385,15589,351796
17812,1.4035481697731866,367385,15589,351796
17813,1.4034693762982091,367385,15589,351796
17814,1.4033905916694736,367385,15589,351796
17815,1.4033118158854898,367385,15589,351796
17816,1.4032330489447689,367385,15589,351796
17817,1.4031542908458214,367385,15589,351796
17818,1.403075541587159,367385,15589,351796
17819,1.4029968011672933,367385,15589,351796
17820,1.4029180695847363,367385,15589,351796
17821,1.402839346838,367385,15589,351796
17822,1.4027606329255975,367385,15589,351796
17823,1.4026819278460416,367385,15589,351796
17824,1.4026032315978456,367385,15589,351796
17825,1.402524544179523,367385,15589,351796
17826,1.4024458655895882,367385,15589,351796
17827,1.4023671958265553,367385,15589,351796
17828,1.4022885348889387,367385,15589,351796
17829,1.4022098827752538,367385,15589,351796
17830,1.4021312394840157,367385,15589,351796
17831,1.40205260501374,367385,15589,351796
17832,1.401973979362943,367385,15589,351796
17833,1.4018953625301407,367385,15589,351796
17834,1.40181675451385,367385,15589,351796
17835,1.4017381553125876,367385,15589,351796
17836,1.401659564924871,367190,15517,351673
17837,1.4015809833492179,367190,15517,351673
17838,1.4015024105841463,367190,15517,351673
17839,1.4014238466281743,367190,15517,351673
17840,1.4013452914798206,367190,15517,351673
17841,1.4012667451376044,367190,15517,351673
17842,1.4011882076000448,367190,15517,351673
17843,1.4011096788656616,367190,15517,351673
17844,1.4010311589329747,367190,15517,351673
17845,1.4009526478005043,367190,15517,351673
17846,1.4008741454667712,367190,15517,351673
17847,1.4007956519302964,367190,15517,351673
17848,1.400717167189601,367190,15517,351673
17849,1.400638691243207,367190,15517,351673
17850,1.4005602240896358,367190,15517,351673
17851,1.4004817657274102,367190,15517,351673
17852,1.4004033161550526,367190,15517,351673
17853,1.4003248753710862,367190,15517,351673
17854,1.4002464433740338,367190,15517,351673
17855,1.4001680201624196,367190,15517,351673
17856,1.400089605734767,367190,15517,351673
17857,1.4000112000896008,367190,15517,351673
17858,1.3999328032254452,367190,15517,351673
17859,1.3998544151408254,367190,15517,351673
17860,1.3997760358342666,366644,15541,351103
17861,1.3996976653042943,366644,15541,351103
17862,1.3996193035494346,366644,15541,351103
17863,1.3995409505682137,366644,15541,351103
17864,1.399462606359158,366644,15541,351103
17865,1.3993842709207949,366644,15541,351103
17866,1.3993059442516511,366644,15541,351103
17867,1.3992276263502545,366644,15541,351103
17868,1.3991493172151332,366644,15541,351103
17869,1.399071016844815,366644,15541,351103
17870,1.3989927252378287,366566,15537,351029
17871,1.3989144423927034,366566,15537,351029
17872,1.3988361683079678,366566,15537,351029
17873,1.3987579029821517,366566,15537,351029
17874,1.3986796464137854,366517,15682,350835
17875,1.3986013986013985,366517,15682,350835
17876,1.3985231595435221,366517,15682,350835
17877,1.3984449292386867,366517,15682,350835
17878,1.3983667076854234,366517,15682,350835
17879,1.398288494882264,366517,15682,350835
17880,1.3982102908277405,366517,15682,350835
17881,1.3981320955203849,366517,15682,350835
17882,1.3980539089587294,366517,15682,350835
17883,1.3979757311413075,366517,15682,350835
17884,1.3978975620666518,366517,15682,350835
17885,1.397819401733296,366517,15682,350835
17886,1.3977412501397741,366517,15682,350835
17887,1.3976631072846202,366517,15682,350835
17888,1.3975849731663685,366517,15682,350835
17889,1.3975068477835542,366517,15682,350835
17890,1.3974287311347122,366517,15682,350835
17891,1.3973506232183779,366517,15682,350835
17892,1.3972725240330874,366517,15682,350835
17893,1.3971944335773767,366517,15682,350835
17894,1.397116351849782,366517,15682,350835
17895,1.3970382788488405,366517,15682,350835
17896,1.396960214573089,366517,15682,350835
17897,1.396882159021065,366517,15682,350835
17898,1.3968041121913064,366517,15682,350835
17899,1.396726074082351,366517,15682,350835
17900,1.3966480446927374,366517,15682,350835
17901,1.3965700240210044,366517,15682,350835
17902,1.396492012065691,366517,15682,350835
17903,1.3964140088253365,366517,15682,350835
17904,1.3963360142984809,366517,15682,350835
17905,1.3962580284836639,366517,15682,350835
17906,1.3961800513794258,366517,15682,350835
17907,1.3961020829843078,366517,15682,350835
17908,1.3960241232968507,366517,15682,350835
17909,1.3959461723155955,366471,15682,350789
17910,1.3958682300390843,366471,15682,350789
17911,1.395790296465859,366471,15682,350789
17912,1.3957123715944617,366471,15682,350789
17913,1.3956344554234354,366471,15682,350789
17914,1.395556547951323,366471,15682,350789
17915,1.3954786491766675,366471,15682,350789
17916,1.3954007590980129,366471,15682,350789
17917,1.395322877713903,366471,15682,350789
17918,1.395245005022882,366471,15682,350789
17919,1.3951671410234947,366471,15682,350789
17920,1.3950892857142858,366471,15682,350789
17921,1.3950114390938007,366440,15682,350758
17922,1.3949336011605848,366296,15682,350614
17923,1.3948557719131842,366296,15682,350614
17924,1.394777951350145,366296,15682,350614
17925,1.394700139470014,366296,15682,350614
17926,1.3946223362713377,366296,15682,350614
17927,1.3945445417526636,366296,15682,350614
17928,1.394466755912539,366296,15682,350614
17929,1.394388978749512,366296,15682,350614
17930,1.3943112102621305,366296,15682,350614
17931,1.394233450448943,366296,15682,350614
17932,1.3941556993084987,366296,15682,350614
17933,1.3940779568393464,366296,15682,350614
17934,1.3940002230400357,366296,15682,350614
17935,1.3939224979091163,366296,15682,350614
17936,1.3938447814451382,366296,15682,350614
17937,1.393767073646652,366296,15682,350614
17938,1.3936893745122088,366296,15682,350614
17939,1.393611684040359,366296,15682,350614
17940,1.3935340022296545,366296,15682,350614
17941,1.3934563290786466,366296,15682,350614
17942,1.3933786645858879,366296,15682,350614
17943,1.3933010087499302,366296,15682,350614
17944,1.3932233615693268,366296,15682,350614
17945,1.3931457230426303,366296,15682,350614
17946,1.393068093168394,366296,15682,350614
17947,1.392990471945172,366296,15682,350614
17948,1.3929128593715177,366296,15682,350614
17949,1.3928352554459857,366296,15682,350614
17950,1.392757660167131,366296,15682,350614
17951,1.3926800735335079,366296,15682,350614
17952,1.392602495543672,366296,15682,350614
17953,1.392524926196179,366296,15682,350614
17954,1.3924473654895846,366296,15682,350614
17955,1.392369813422445,366296,15682,350614
17956,1.392292269993317,366296,15682,350614
17957,1.3922147352007574,366296,15682,350614
17958,1.3921372090433233,366296,15682,350614
17959,1.3920596915195724,366296,15682,350614
17960,1.3919821826280623,366296,15682,350614
17961,1.3919046823673515,366296,15682,350614
17962,1.3918271907359983,366296,15682,350614
17963,1.3917497077325613,366296,15682,350614
17964,1.3916722333556002,366296,15682,350614
17965,1.3915947676036737,366296,15682,350614
17966,1.3915173104753422,366296,15682,350614
17967,1.3914398619691657,366296,15682,350614
17968,1.3913624220837044,366296,15682,350614
17969,1.391284990817519,366296,15682,350614
17970,1.391207568169171,366296,15682,350614
17971,1.3911301541372212,366177,15682,350495
17972,1.3910527487202315,366164,15682,350482
17973,1.390975351916764,366164,15682,350482
17974,1.390897963725381,366164,15682,350482
17975,1.3908205841446453,364509,15682,348827
17976,1.3907432131731197,364509,15682,348827
17977,1.3906658508093674,364509,15682,348827
17978,1.3905884970519524,364509,15682,348827
17979,1.3905111518994382,364509,15682,348827
17980,1.3904338153503892,364509,15682,348827
17981,1.3903564874033703,364509,15682,348827
17982,1.3902791680569457,364509,15682,348827
17983,1.3902018573096813,364509,15682,348827
17984,1.3901245551601424,364509,15682,348827
17985,1.3900472616068946,364508,15598,348910
17986,1.3899699766485043,364508,15598,348910
17987,1.3898927002835382,364508,15598,348910
17988,1.3898154325105625,364508,15598,348910
17989,1.389738173328145,364508,15598,348910
17990,1.3896609227348526,364508,15598,348910
17991,1.3895836807292534,364508,15598,348910
17992,1.3895064473099155,364508,15598,348910
17993,1.389429222475407,364508,15598,348910
17994,1.389352006224297,363327,15590,347737
17995,1.3892747985551541,363327,15590,347737
17996,1.3891975994665482,363327,15590,347737
17997,1.3891204089570484,363327,15590,347737
17998,1.389043227025225,363327,15590,347737
17999,1.3889660536696482,363327,15590,347737
18000,1.3888888888888888,363327,15590,347737
18001,1.3888117326815177,363327,15590,347737
18002,1.388734585046106,363327,15590,347737
18003,1.3886574459812253,363327,15590,347737
18004,1.3885803154854477,363327,15590,347737
18005,1.388503193557345,363327,15590,347737
18006,1.3884260801954904,363327,15590,347737
18007,1.3883489753984561,363327,15590,347737
18008,1.3882718791648156,363327,15590,347737
18009,1.3881947914931423,363327,15590,347737
18010,1.38811771238201,362465,15564,346901
18011,1.3880406418299929,362465,15564,346901
18012,1.387963579835665,362465,15564,346901
18013,1.3878865263976017,362465,15564,346901
18014,1.3878094815143778,362465,15564,346901
18015,1.3877324451845685,362465,15564,346901
18016,1.3876554174067495,362465,15564,346901
18017,1.3875783981794971,362465,15564,346901
18018,1.3875013875013875,362465,15564,346901
18019,1.3874243853709973,362465,15564,346901
18020,1.3873473917869035,362465,15564,346901
18021,1.3872704067476833,362465,15564,346901
18022,1.3871934302519142,362465,15564,346901
18023,1.3871164622981746,362465,15564,346901
18024,1.3870395028850422,362465,15564,346901
18025,1.3869625520110958,362465,15564,346901
18026,1.386885609674914,362465,15564,346901
18027,1.3868086758750762,362465,15564,346901
18028,1.386731750610162,362465,15564,346901
18029,1.386654833878751,362465,15564,346901
18030,1.3865779256794233,362465,15564,346901
18031,1.3865010260107593,362438,15369,347069
18032,1.3864241348713398,362438,15369,347069
18033,1.386347252259746,362438,15369,347069
18034,1.3862703781745591,362438,15369,347069
18035,1.386193512614361,362438,15369,347069
18036,1.3861166555777333,362438,15369,347069
18037,1.386039807063259,362438,15369,347069
18038,1.38596296706952,362438,15369,347069
18039,1.3858861355950995,362438,15369,347069
18040,1.3858093126385809,362438,15369,347069
18041,1.3857324981985477,362438,15369,347069
18042,1.3856556922735839,362438,15369,347069
18043,1.3855788948622734,362438,15369,347069
18044,1.3855021059632011,362438,15369,347069
18045,1.3854253255749516,362419,15369,347050
18046,1.3853485536961099,362419,15369,347050
18047,1.3852717903252618,361720,15475,346245
18048,1.385195035460993,361720,15475,346245
18049,1.3851182891018894,361720,15475,346245
18050,1.3850415512465375,361720,15475,346245
18051,1.384964821893524,361720,15475,346245
18052,1.3848881010414358,361720,15475,346245
18053,1.3848113886888607,361720,15475,346245
18054,1.3847346848343858,361720,15475,346245
18055,1.3846579894765993,361613,15475,346138
18056,1.3845813026140894,361613,15475,346138
18057,1.384504624245445,361613,15475,346138
18058,1.3844279543692546,361613,15475,346138
18059,1.3843512929841078,361613,15475,346138
18060,1.3842746400885935,361613,15475,346138
18061,1.3841979956813022,361613,15475,346138
18062,1.3841213597608237,361613,15475,346138
18063,1.3840447323257488,361613,15475,346138
18064,1.3839681133746677,361613,15475,346138
18065,1.3838915029061722,361613,15475,346138
18066,1.3838149009188532,361613,15475,346138
18067,1.3837383074113023,361613,15475,346138
18068,1.383661722382112,361613,15475,346138
18069,1.3835851458298745,361613,15475,346138
18070,1.3835085777531821,361613,15475,346138
18071,1.383432018150628,361613,15475,346138
18072,1.3833554670208057,361500,15364,346136
18073,1.3832789243623085,361500,15364,346136
18074,1.3832023901737303,361500,15364,346136
18075,1.3831258644536653,361500,15364,346136
18076,1.3830493472007082,361455,15364,346091
18077,1.3829728384134536,361455,15364,346091
18078,1.3828963380904968,361455,15364,346091
18079,1.382819846230433,361455,15364,346091
18080,1.3827433628318584,361455,15364,346091
18081,1.3826668878933688,361455,15364,346091
18082,1.3825904214135605,361455,15364,346091
18083,1.3825139633910302,361455,15364,346091
18084,1.3824375138243752,361455,15364,346091
18085,1.3823610727121924,361455,15364,346091
18086,1.3822846400530797,361455,15364,346091
18087,1.382208215845635,361455,15364,346091
18088,1.3821318000884564,361455,15364,346091
18089,1.3820553927801427,361455,15364,346091
18090,1.3819789939192924,361455,15364,346091
18091,1.381902603504505,361455,15364,346091
18092,1.3818262215343797,361455,15364,346091
18093,1.3817498480075168,361455,15364,346091
18094,1.3816734829225157,361455,15364,346091
18095,1.3815971262779774,361455,15364,346091
18096,1.3815207780725023,361455,15364,346091
18097,1.3814444383046913,361455,15364,346091
18098,1.3813681069731463,361455,15364,346091
18099,1.3812917840764682,361455,15364,346091
18100,1.3812154696132597,361455,15364,346091
18101,1.3811391635821226,361455,15364,346091
18102,1.3810628659816595,361455,15364,346091
18103,1.3809865768104734,361455,15364,346091
18104,1.3809102960671675,361455,15364,346091
18105,1.3808340237503451,361455,15364,346091
18106,1.3807577598586105,361455,15364,346091
18107,1.3806815043905671,361455,15364,346091
18108,1.38060525734482,361455,15364,346091
18109,1.3805290187199735,361455,15364,346091
18110,1.3804527885146327,361455,15364,346091
18111,1.3803765667274033,361455,15364,346091
18112,1.3803003533568905,361455,15364,346091
18113,1.3802241484017004,361455,15364,346091
18114,1.3801479518604394,361455,15364,346091
18115,1.3800717637317141,361455,15364,346091
18116,1.3799955840141311,361455,15364,346091
18117,1.379919412706298,361455,15364,346091
18118,1.379843249806822,361455,15364,346091
18119,1.3797670953143109,361455,15364,346091
18120,1.379690949227373,361455,15364,346091
18121,1.3796148115446167,361455,15364,346091
18122,1.3795386822646507,361455,15364,346091
18123,1.379462561386084,360854,15600,345254
18124,1.379386448907526,360854,15600,345254
18125,1.3793103448275863,360854,15600,345254
18126,1.3792342491448748,360854,15600,345254
18127,1.3791581618580018,360854,15600,345254
18128,1.379082082965578,360764,15599,345165
18129,1.3790060124662145,360764,15599,345165
18130,1.3789299503585217,360764,15599,345165
18131,1.378853896641112,360764,15599,345165
18132,1.3787778513125966,360764,15599,345165
18133,1.3787018143715877,360764,15599,345165
18134,1.378625785816698,360764,15599,345165
18135,1.3785497656465397,360764,15599,345165
18136,1.3784737538597265,360764,15599,345165
18137,1.3783977504548712,360764,15599,345165
18138,1.3783217554305878,360502,15599,344903
18139,1.3782457687854899,360502,15599,344903
18140,1.3781697905181918,360502,15599,344903
18141,1.3780938206273083,360502,15599,344903
18142,1.378017859111454,360502,15599,344903
18143,1.3779419059692444,360502,15599,344903
18144,1.3778659611992945,360502,15599,344903
18145,1.3777900248002204,360502,15599,344903
18146,1.377714096770638,360441,15599,344842
18147,1.3776381771091641,360441,15599,344842
18148,1.3775622658144149,360441,15599,344842
18149,1.3774863628850074,360441,15599,344842
18150,1.3774104683195592,360441,15599,344842
18151,1.3773345821166878,360441,15599,344842
18152,1.377258704275011,360441,15599,344842
18153,1.3771828347931472,360441,15599,344842
18154,1.3771069736697146,360441,15599,344842
18155,1.3770311209033324,359729,15599,344130
18156,1.3769552764926196,359729,15599,344130
18157,1.3768794404361955,359729,15599,344130
18158,1.3768036127326797,359729,15599,344130
18159,1.3767277933806927,359729,15599,344130
18160,1.3766519823788546,359729,15599,344130
18161,1.376576179725786,359729,15599,344130
18162,1.3765003854201079,359729,15599,344130
18163,1.3764245994604416,359729,15599,344130
18164,1.3763488218454085,359729,15599,344130
18165,1.3762730525736306,359729,15599,344130
18166,1.37619729164373,359729,15599,344130
18167,1.3761215390543293,359729,15599,344130
18168,1.376045794804051,359729,15599,344130
18169,1.3759700588915185,359729,15599,344130
18170,1.3758943313153549,359729,15599,344130
18171,1.3758186120741842,359729,15599,344130
18172,1.37574290116663,359729,15599,344130
18173,1.3756671985913167,359729,15599,344130
18174,1.3755915043468692,359729,15599,344130
18175,1.375515818431912,359729,15599,344130
18176,1.3754401408450705,359729,15599,344130
18177,1.37536447158497,359729,15599,344130
18178,1.3752888106502366,359729,15599,344130
18179,1.3752131580394962,359729,15599,344130
18180,1.375137513751375,359729,15599,344130
18181,1.3750618777845003,359729,15599,344130
18182,1.3749862501374985,359729,15599,344130
18183,1.3749106308089973,359729,15599,344130
18184,1.3748350197976242,359729,15599,344130
18185,1.3747594171020072,359729,15599,344130
18186,1.3746838227207743,359729,15599,344130
18187,1.374608236652554,359729,15599,344130
18188,1.3745326588959754,359729,15599,344130
18189,1.3744570894496675,359729,15599,344130
18190,1.3743815283122596,359729,15599,344130
18191,1.3743059754823814,359729,15599,344130
18192,1.374230430958663,359665,15599,344066
18193,1.374154894739735,359665,15599,344066
18194,1.3740793668242277,359665,15599,344066
18195,1.3740038472107723,359665,15599,344066
18196,1.3739283358979995,359665,15599,344066
18197,1.3738528328845414,359665,15599,344066
18198,1.3737773381690295,359665,15599,344066
18199,1.373701851750096,359665,15599,344066
18200,1.3736263736263736,359665,15599,344066
18201,1.3735509037964948,359665,15599,344066
18202,1.3734754422590925,359665,15599,344066
18203,1.3733999890128001,359665,15599,344066
18204,1.3733245440562514,359665,15599,344066
18205,1.3732491073880801,359665,15599,344066
18206,1.3731736790069209,359665,15599,344066
18207,1.3730982589114078,359665,15599,344066
18208,1.3730228471001757,359665,15599,344066
18209,1.37294744357186,359665,15599,344066
18210,1.372872048325096,359665,15599,344066
18211,1.3727966613585196,359665,15599,344066
18212,1.3727212826707664,359665,15599,344066
18213,1.3726459122604733,359665,15599,344066
18214,1.3725705501262766,359665,15599,344066
18215,1.372495196266813,359665,15599,344066
18216,1.3724198506807201,359665,15599,344066
18217,1.3723445133666357,359665,15599,344066
18218,1.3722691843231969,359665,15599,344066
18219,1.3721938635490423,359665,15599,344066
18220,1.37211855104281,359665,15599,344066
18221,1.3720432468031392,359665,15599,344066
18222,1.3719679508286686,359665,15599,344066
18223,1.3718926631180377,359665,15599,344066
18224,1.371817383669886,359665,15599,344066
18225,1.3717421124828533,359665,15599,344066
18226,1.37166684955558,359665,15599,344066
18227,1.3715915948867066,358373,15599,342774
18228,1.3715163484748738,358373,15599,342774
18229,1.371441110318723,358373,15599,342774
18230,1.3713658804168953,358373,15599,342774
18231,1.3712906587680325,358373,15599,342774
18232,1.3712154453707766,358373,15599,342774
18233,1.37114024022377,358373,15599,342774
18234,1.3710650433256553,358373,15599,342774
18235,1.3709898546750754,358373,15599,342774
18236,1.3709146742706735,358200,15644,342556
18237,1.3708395021110928,358200,15644,342556
18238,1.3707643381949774,358200,15644,342556
18239,1.3706891825209715,358200,15644,342556
18240,1.3706140350877194,358200,15644,342556
18241,1.3705388958938656,358200,15644,342556
18242,1.370463764938055,358200,15644,342556
18243,1.3703886422189333,358200,15644,342556
18244,1.3703135277351457,358200,15644,342556
18245,1.3702384214853385,358200,15644,342556
18246,1.3701633234681574,358200,15644,342556
18247,1.370088233682249,358200,15644,342556
18248,1.3700131521262604,358200,15644,342556
18249,1.3699380787988382,358200,15644,342556
18250,1.36986301369863,358200,15644,342556
18251,1.3697879568242837,358200,15644,342556
18252,1.3697129081744466,358200,15644,342556
18253,1.3696378677477674,358200,15644,342556
18254,1.3695628355428948,358200,15644,342556
18255,1.3694878115584772,358200,15644,342556
18256,1.3694127957931639,358200,15644,342556
18257,1.3693377882456044,358200,15644,342556
18258,1.3692627889144484,358200,15644,342556
18259,1.369187797798346,358200,15644,342556
18260,1.3691128148959475,358200,15644,342556
18261,1.3690378402059034,358200,15644,342556
18262,1.3689628737268644,358200,15644,342556
18263,1.3688879154574825,358200,15644,342556
18264,1.3688129653964083,358200,15644,342556
18265,1.368738023542294,358200,15644,342556
18266,1.3686630898937917,358200,15644,342556
18267,1.368588164449554,358200,15644,342556
18268,1.368513247208233,358200,15644,342556
18269,1.3684383381684821,358200,15644,342556
18270,1.3683634373289546,358200,15644,342556
18271,1.368288544688304,358134,15727,342407
18272,1.368213660245184,358134,15727,342407
18273,1.3681387839982488,358134,15727,342407
18274,1.368063915946153,358134,15727,342407
18275,1.3679890560875514,358134,15727,342407
18276,1.3679142044210988,358134,15727,342407
18277,1.3678393609454507,358134,15727,342407
18278,1.3677645256592625,358134,15727,342407
18279,1.3676896985611904,358134,15727,342407
18280,1.3676148796498906,358134,15727,342407
18281,1.3675400689240196,358134,15727,342407
18282,1.367465266382234,358134,15727,342407
18283,1.3673904720231909,358134,15727,342407
18284,1.367315685845548,358134,15727,342407
18285,1.3672409078479628,358134,15727,342407
18286,1.3671661380290934,357934,15727,342207
18287,1.3670913763875978,357934,15727,342207
18288,1.3670166229221348,357934,15727,342207
18289,1.366941877631363,357934,15727,342207
18290,1.366867140513942,357934,15727,342207
18291,1.366792411568531,357934,15727,342207
18292,1.3667176907937897,357934,15727,342207
18293,1.366642978188378,357934,15727,342207
18294,1.3665682737509566,357934,15727,342207
18295,1.3664935774801859,357934,15727,342207
18296,1.3664188893747267,357934,15727,342207
18297,1.3663442094332405,357934,15727,342207
18298,1.3662695376543885,357934,15727,342207
18299,1.3661948740368326,357934,15727,342207
18300,1.366120218579235,357934,15727,342207
18301,1.366045571280258,357934,15727,342207
18302,1.365970932138564,357934,15727,342207
18303,1.3658963011528165,357934,15727,342207
18304,1.3658216783216783,357934,15727,342207
18305,1.3657470636438132,357934,15727,342207
18306,1.3656724571178849,357934,15727,342207
18307,1.3655978587425575,357934,15727,342207
18308,1.3655232685164955,357934,15727,342207
18309,1.3654486864383637,357934,15727,342207
18310,1.3653741125068268,357934,15727,342207
18311,1.3652995467205504,357934,15727,342207
18312,1.3652249890782,357934,15727,342207
18313,1.3651504395784415,357934,15727,342207
18314,1.3650758982199411,357934,15727,342207
18315,1.365001365001365,357934,15727,342207
18316,1.3649268399213803,357934,15727,342207
18317,1.3648523229786538,357934,15727,342207
18318,1.3647778141718527,357934,15727,342207
18319,1.3647033134996451,357934,15727,342207
18320,1.3646288209606987,357934,15727,342207
18321,1.3645543365536816,357934,15727,342207
18322,1.3644798602772623,357934,15727,342207
18323,1.3644053921301098,357934,15727,342207
18324,1.3643309321108927,357934,15727,342207
18325,1.364256480218281,357934,15727,342207
18326,1.364182036450944,357934,15727,342207
18327,1.3641076008075517,357934,15727,342207
18328,1.3640331732867743,357934,15727,342207
18329,1.3639587538872824,357934,15727,342207
18330,1.363884342607747,357934,15727,342207
18331,1.3638099394468386,357934,15727,342207
18332,1.3637355444032293,357934,15727,342207
18333,1.3636611574755904,357934,15727,342207
18334,1.3635867786625941,357934,15727,342207
18335,1.3635124079629124,357934,15727,342207
18336,1.3634380453752182,357934,15727,342207
18337,1.363363690898184,357787,15727,342060
18338,1.3632893445304832,357787,15727,342060
18339,1.363215006270789,357787,15727,342060
18340,1.3631406761177753,357787,15727,342060
18341,1.3630663540701162,357787,15727,342060
18342,1.3629920401264857,357787,15727,342060
18343,1.3629177342855585,357787,15727,342060
18344,1.3628434365460096,357787,15727,342060
18345,1.362769146906514,357787,15727,342060
18346,1.3626948653657474,357787,15727,342060
18347,1.362620591922385,357787,15727,342060
18348,1.3625463265751037,357787,15727,342060
18349,1.362472069322579,357787,15727,342060
18350,1.3623978201634876,357787,15727,342060
18351,1.362323579096507,357787,15727,342060
18352,1.3622493461203138,357787,15727,342060
18353,1.3621751212335858,357787,15727,342060
18354,1.3621009044350005,357787,15727,342060
18355,1.362026695723236,357787,15727,342060
18356,1.361952495096971,357787,15727,342060
18357,1.3618783025548837,357787,15727,342060
18358,1.361804118095653,357787,15727,342060
18359,1.3617299417179585,357787,15727,342060
18360,1.3616557734204793,357787,15727,342060
18361,1.3615816132018954,357787,15727,342060
18362,1.3615074610608866,357787,15727,342060
18363,1.3614333169961335,357787,15727,342060
18364,1.3613591810063168,357787,15727,342060
18365,1.361285053090117,357787,15727,342060
18366,1.361210933246216,357787,15727,342060
18367,1.3611368214732944,357787,15727,342060
18368,1.3610627177700347,357787,15727,342060
18369,1.3609886221351188,357787,15727,342060
18370,1.360914534567229,357787,15727,342060
18371,1.3608404550650481,357787,15727,342060
18372,1.3607663836272588,357787,15727,342060
18373,1.3606923202525445,357787,15727,342060
18374,1.3606182649395886,357787,15727,342060
18375,1.3605442176870748,357787,15727,342060
18376,1.3604701784936875,357787,15727,342060
18377,1.3603961473581108,357787,15727,342060
18378,1.3603221242790293,357787,15727,342060
18379,1.3602481092551282,357787,15727,342060
18380,1.3601741022850924,357787,15727,342060
18381,1.360100103367608,357787,15727,342060
18382,1.36002611250136,357787,15727,342060
18383,1.359952129685035,357787,15727,342060
18384,1.3598781549173193,357787,15727,342060
18385,1.3598041881968996,357787,15727,342060
18386,1.3597302295224627,357787,15727,342060
18387,1.359656278892696,357787,15727,342060
18388,1.3595823363062867,357787,15727,342060
18389,1.3595084017619228,357787,15727,342060
18390,1.3594344752582925,357787,15727,342060
18391,1.359360556794084,357787,15727,342060
18392,1.359286646367986,357787,15727,342060
18393,1.3592127439786876,357787,15727,342060
18394,1.3591388496248777,357787,15727,342060
18395,1.359064963305246,357787,15727,342060
18396,1.3589910850184823,357787,15727,342060
18397,1.3589172147632766,357787,15727,342060
18398,1.3588433525383194,357787,15727,342060
18399,1.3587694983423013,357787,15727,342060
18400,1.358695652173913,357787,15727,342060
18401,1.358621814031846,357787,15727,342060
18402,1.3585479839147918,357787,15727,342060
18403,1.3584741618214422,357787,15727,342060
18404,1.3584003477504891,357787,15727,342060
18405,1.3583265417006247,357787,15727,342060
18406,1.3582527436705423,357787,15727,342060
18407,1.3581789536589342,357787,15727,342060
18408,1.3581051716644936,357787,15727,342060
18409,1.3580313976859144,357787,15727,342060
18410,1.3579576317218902,357057,15806,341251
18411,1.3578838737711152,357057,15806,341251
18412,1.3578101238322833,357057,15806,341251
18413,1.3577363819040895,357057,15806,341251
18414,1.3576626479852287,357057,15806,341251
18415,1.357588922074396,357057,15806,341251
18416,1.3575152041702867,357057,15806,341251
18417,1.3574414942715969,357057,15806,341251
18418,1.3573677923770224,357057,15806,341251
18419,1.3572940984852597,356923,15686,341237
18420,1.3572204125950054,356923,15686,341237
18421,1.3571467347049564,356923,15686,341237
18422,1.3570730648138096,356923,15686,341237
18423,1.3569994029202628,356923,15686,341237
18424,1.3569257490230135,356923,15686,341237
18425,1.3568521031207599,356923,15686,341237
18426,1.3567784652122001,356923,15686,341237
18427,1.356704835296033,356923,15686,341237
18428,1.3566312133709573,356923,15686,341237
18429,1.356557599435672,356923,15686,341237
18430,1.3564839934888768,356923,15686,341237
18431,1.3564103955292712,356923,15686,341237
18432,1.3563368055555556,356923,15686,341237
18433,1.3562632235664298,356923,15686,341237
18434,1.3561896495605945,356923,15686,341237
18435,1.3561160835367507,356923,15686,341237
18436,1.3560425254935995,356923,15686,341237
18437,1.355968975429842,356923,15686,341237
18438,1.3558954333441804,356923,15686,341237
18439,1.3558218992353164,356923,15686,341237
18440,1.3557483731019522,356923,15686,341237
18441,1.3556748549427906,356923,15686,341237
18442,1.355601344756534,356923,15686,341237
18443,1.3555278425418857,356923,15686,341237
18444,1.3554543482975494,356923,15686,341237
18445,1.3553808620222283,356923,15686,341237
18446,1.3553073837146266,356923,15686,341237
18447,1.3552339133734483,356923,15686,341237
18448,1.355160450997398,356923,15686,341237
18449,1.3550869965851808,356923,15686,341237
18450,1.3550135501355014,356896,15686,341210
18451,1.3549401116470652,356896,15686,341210
18452,1.3548666811185779,356896,15686,341210
18453,1.3547932585487454,356896,15686,341210
18454,1.354719843936274,356896,15686,341210
18455,1.3546464372798699,356896,15686,341210
18456,1.3545730385782402,356896,15686,341210
18457,1.3544996478300915,356836,15686,341150
18458,1.3544262650341314,356836,15686,341150
18459,1.3543528901890676,356836,15686,341150
18460,1.3542795232936078,356836,15686,341150
18461,1.35420616434646,356836,15686,341150
18462,1.354132813346333,356836,15686,341150
18463,1.3540594702919353,356836,15686,341150
18464,1.3539861351819757,356836,15686,341150
18465,1.353912808015164,356836,15686,341150
18466,1.353839488790209,356836,15686,341150
18467,1.3537661775058212,356836,15686,341150
18468,1.3536928741607104,356836,15686,341150
18469,1.3536195787535872,356836,15686,341150
18470,1.353546291283162,356836,15686,341150
18471,1.3534730117481457,356836,15686,341150
18472,1.35339974014725,356836,15686,341150
18473,1.353326476479186,356836,15686,341150
18474,1.3532532207426653,356836,15686,341150
18475,1.3531799729364005,356836,15686,341150
18476,1.3531067330591038,356836,15686,341150
18477,1.3530335011094874,356836,15686,341150
18478,1.3529602770862648,356836,15686,341150
18479,1.3528870609881487,356836,15686,341150
18480,1.352813852813853,356836,15686,341150
18481,1.3527406525620909,356836,15686,341150
18482,1.3526674602315767,356836,15686,341150
18483,1.3525942758210248,356836,15686,341150
18484,1.3525210993291494,356836,15686,341150
18485,1.352447930754666,356836,15686,341150
18486,1.3523747700962891,356836,15686,341150
18487,1.3523016173527345,356836,15686,341150
18488,1.3522284725227174,356836,15686,341150
18489,1.3521553356049543,356836,15686,341150
18490,1.3520822065981613,356836,15686,341150
18491,1.3520090855010545,356836,15686,341150
18492,1.3519359723123512,356766,15686,341080
18493,1.3518628670307684,356766,15686,341080
18494,1.3517897696550232,356766,15686,341080
18495,1.3517166801838334,356619,15686,340933
18496,1.351643598615917,356580,15686,340894
18497,1.3515705249499919,356580,15686,340894
18498,1.3514974591847768,356580,15686,340894
18499,1.3514244013189902,356580,15686,340894
18500,1.3513513513513513,356580,15686,340894
18501,1.3512783092805793,356580,15686,340894
18502,1.351205275105394,356580,15686,340894
18503,1.351132248824515,356580,15686,340894
18504,1.3510592304366624,356555,15686,340869
18505,1.3509862199405567,356169,16138,340031
18506,1.3509132173349183,356169,16138,340031
18507,1.3508402226184686,356169,16138,340031
18508,1.3507672357899287,356169,16138,340031
18509,1.3506942568480198,356115,16138,339977
18510,1.3506212857914641,356115,16138,339977
18511,1.3505483226189834,356115,16138,339977
18512,1.3504753673293,356115,16138,339977
18513,1.3504024199211364,355405,16138,339267
18514,1.350329480393216,355405,16138,339267
18515,1.3502565487442615,355405,16138,339267
18516,1.3501836249729964,355405,16138,339267
18517,1.3501107090781443,355306,16105,339201
18518,1.3500378010584297,355252,16105,339147
18519,1.3499649009125763,355252,16105,339147
18520,1.349892008639309,355252,16105,339147
18521,1.3498191242373523,355252,16105,339147
18522,1.3497462477054314,355252,16105,339147
18523,1.3496733790422717,355252,16105,339147
18524,1.349600518246599,355252,16105,339147
18525,1.349527665317139,355252,16105,339147
18526,1.349454820252618,355252,16105,339147
18527,1.3493819830517624,355252,16105,339147
18528,1.3493091537132988,355252,16105,339147
18529,1.3492363322359544,355252,16105,339147
18530,1.3491635186184565,355252,16105,339147
18531,1.3490907128595326,355252,16105,339147
18532,1.3490179149579107,355252,16105,339147
18533,1.3489451249123185,355252,16105,339147
18534,1.3488723427214848,355252,16105,339147
18535,1.348799568384138,355252,16105,339147
18536,1.3487268018990073,355252,16105,339147
18537,1.3486540432648217,355252,16105,339147
18538,1.3485812924803107,355252,16105,339147
18539,1.3485085495442042,355252,16105,339147
18540,1.348435814455232,355252,16105,339147
18541,1.3483630872121244,355252,16105,339147
18542,1.3482903678136124,355193,16105,339088
18543,1.3482176562584263,355193,16105,339088
18544,1.3481449525452978,355193,16105,339088
18545,1.3480722566729577,355193,16105,339088
18546,1.347999568640138,355193,16105,339088
18547,1.3479268884455706,355193,16105,339088
18548,1.3478542160879878,355193,16105,339088
18549,1.3477815515661222,355193,16105,339088
18550,1.3477088948787062,355193,16105,339088
18551,1.347636246024473,355193,16105,339088
18552,1.347563605002156,355193,16105,339088
18553,1.3474909718104888,355193,16105,339088
18554,1.3474183464482052,355193,16105,339088
18555,1.3473457289140394,355193,16105,339088
18556,1.3472731192067255,355193,16105,339088
18557,1.3472005173249986,355193,16105,339088
18558,1.3471279232675935,355193,16105,339088
18559,1.3470553370332454,355193,16105,339088
18560,1.3469827586206897,355193,16105,339088
18561,1.3469101880286622,355193,16105,339088
18562,1.3468376252558991,354742,16105,338637
18563,1.3467650703011367,354742,16105,338637
18564,1.3466925231631115,354742,16105,338637
18565,1.3466199838405601,354742,16105,338637
18566,1.3465474523322203,354742,16105,338637
18567,1.3464749286368287,354742,16105,338637
18568,1.3464024127531236,354742,16105,338637
18569,1.3463299046798427,354742,16105,338637
18570,1.3462574044157243,354742,16105,338637
18571,1.3461849119595068,354742,16105,338637
18572,1.346112427309929,354742,16105,338637
18573,1.3460399504657299,354742,16105,338637
18574,1.3459674814256488,354742,16105,338637
18575,1.3458950201884252,354742,16105,338637
18576,1.3458225667527992,354742,16105,338637
18577,1.345750121117511,354742,16105,338637
18578,1.3456776832813004,354742,16105,338637
18579,1.3456052532429086,354742,16105,338637
18580,1.3455328310010763,354742,16105,338637
18581,1.345460416554545,354742,16105,338637
18582,1.3453880099020556,354742,16105,338637
18583,1.3453156110423505,354742,16105,338637
18584,1.3452432199741713,354742,16105,338637
18585,1.3451708366962605,354742,16105,338637
18586,1.3450984612073604,354742,16105,338637
18587,1.345026093506214,354742,16105,338637
18588,1.3449537335915644,354742,16105,338637
18589,1.344881381462155,354742,16105,338637
18590,1.3448090371167294,354742,16105,338637
18591,1.3447367005540316,354742,16105,338637
18592,1.3446643717728055,354742,16105,338637
18593,1.3445920507717959,354742,16105,338637
18594,1.3445197375497473,354742,16105,338637
18595,1.3444474321054047,354742,16105,338637
18596,1.3443751344375134,354742,16105,338637
18597,1.344302844544819,354301,16105,338196
18598,1.3442305624260673,354301,16105,338196
18599,1.3441582880800043,354301,16105,338196
18600,1.3440860215053763,354301,16105,338196
18601,1.34401376270093,354301,16105,338196
18602,1.3439415116654123,354301,16105,338196
18603,1.3438692683975704,354301,16105,338196
18604,1.3437970328961513,354301,16105,338196
18605,1.3437248051599033,354301,16105,338196
18606,1.3436525851875738,354301,16105,338196
18607,1.3435803729779114,354301,16105,338196
18608,1.3435081685296646,354301,16105,338196
18609,1.343435971841582,354301,16105,338196
18610,1.3433637829124128,354301,16105,338196
18611,1.343291601740906,354301,16105,338196
18612,1.3432194283258112,354301,16105,338196
18613,1.3431472626658787,354301,16105,338196
18614,1.3430751047598581,354301,16105,338196
18615,1.3430029546065,354301,16105,338196
18616,1.3429308122045551,354301,16105,338196
18617,1.3428586775527744,354301,16105,338196
18618,1.3427865506499086,354301,16105,338196
18619,1.3427144314947097,354301,16105,338196
18620,1.3426423200859292,354301,16105,338196
18621,1.342570216422319,354301,16105,338196
18622,1.3424981205026314,354301,16105,338196
18623,1.342426032325619,354301,16105,338196
18624,1.3423539518900343,354301,16105,338196
18625,1.342281879194631,354301,16105,338196
18626,1.3422098142381618,354301,16105,338196
18627,1.3421377570193804,354301,16105,338196
18628,1.342065707537041,354301,16105,338196
18629,1.3419936657898974,354301,16105,338196
18630,1.3419216317767042,354301,16105,338196
18631,1.341849605496216,354301,16105,338196
18632,1.3417775869471877,354301,16105,338196
18633,1.3417055761283745,354301,16105,338196
18634,1.3416335730385318,354269,16105,338164
18635,1.3415615776764154,354269,16105,338164
18636,1.3414895900407813,354269,16105,338164
18637,1.3414176101303859,354269,16105,338164
18638,1.3413456379439854,354269,16105,338164
18639,1.341273673480337,354269,16105,338164
18640,1.3412017167381973,354269,16105,338164
18641,1.3411297677163243,354269,16105,338164
18642,1.341057826413475,354269,16105,338164
18643,1.3409858928284075,354269,16105,338164
18644,1.3409139669598797,354269,16105,338164
18645,1.3408420488066506,354269,16105,338164
18646,1.3407701383674784,354269,16105,338164
18647,1.340698235641122,354269,16105,338164
18648,1.3406263406263406,354269,16105,338164
18649,1.340554453321894,354269,16105,338164
18650,1.3404825737265416,354269,16105,338164
18651,1.3404107018390434,354269,16105,338164
18652,1.34033883765816,354269,16105,338164
18653,1.3402669811826515,354269,16105,338164
18654,1.340195132411279,354269,16105,338164
18655,1.3401232913428036,354269,16105,338164
18656,1.3400514579759863,354269,16105,338164
18657,1.339979632309589,354269,16105,338164
18658,1.3399078143423733,354269,16105,338164
18659,1.3398360040731014,354269,16105,338164
18660,1.339764201500536,354269,16105,338164
18661,1.3396924066234392,354269,16105,338164
18662,1.3396206194405744,354269,16105,338164
18663,1.3395488399507045,354269,16105,338164
18664,1.3394770681525932,354269,16105,338164
18665,1.339405304045004,354269,16105,338164
18666,1.339333547626701,353878,16153,337725
18667,1.3392617988964484,353878,16153,337725
18668,1.3391900578530105,353878,16153,337725
18669,1.3391183244951523,353878,16153,337725
18670,1.339046598821639,353878,16153,337725
18671,1.3389748808312356,353878,16153,337725
18672,1.338903170522708,353878,16153,337725
18673,1.3388314678948214,353878,16153,337725
18674,1.3387597729463425,353878,16153,337725
18675,1.3386880856760375,353878,16153,337725
18676,1.3386164060826728,352522,16153,336369
18677,1.3385447341650158,352522,16153,336369
18678,1.3384730699218332,352522,16153,336369
18679,1.3384014133518924,352522,16153,336369
18680,1.3383297644539613,352522,16153,336369
18681,1.338258123226808,352522,16153,336369
18682,1.3381864896692004,352522,16153,336369
18683,1.338114863779907,352522,16153,336369
18684,1.3380432455576965,352522,16153,336369
18685,1.337971635001338,352516,16057,336459
18686,1.3379000321096008,352516,16057,336459
18687,1.3378284368812543,352516,16057,336459
18688,1.3377568493150684,352516,16057,336459
18689,1.3376852694098134,352516,16057,336459
18690,1.337613697164259,352516,16057,336459
18691,1.3375421325771761,352516,16057,336459
18692,1.3374705756473357,352516,16057,336459
18693,1.3373990263735087,352516,16057,336459
18694,1.3373274847544667,352516,16057,336459
18695,1.337255950788981,352516,16057,336459
18696,1.3371844244758238,352516,16057,336459
18697,1.337112905813767,352516,16057,336459
18698,1.3370413948015831,352516,16057,336459
18699,1.3369698914380448,352516,16057,336459
18700,1.3368983957219251,352516,16057,336459
18701,1.3368269076519972,352516,16057,336459
18702,1.3367554272270346,352516,16057,336459
18703,1.336683954445811,352516,16057,336459
18704,1.3366124893071,352516,16057,336459
18705,1.3365410318096766,352516,16057,336459
18706,1.3364695819523147,352516,16057,336459
18707,1.3363981397337894,352469,16004,336465
18708,1.3363267051528758,352469,16004,336465
18709,1.336255278208349,352469,16004,336465
18710,1.3361838588989845,352445,16004,336441
18711,1.3361124472235584,352445,16004,336441
18712,1.3360410431808465,352445,16004,336441
18713,1.3359696467696254,352445,16004,336441
18714,1.3358982579886716,352445,16004,336441
18715,1.335826876836762,352445,16004,336441
18716,1.3357555033126736,352445,16004,336441
18717,1.335684137415184,352445,16004,336441
18718,1.3356127791430707,352445,16004,336441
18719,1.335541428495112,352445,16004,336441
18720,1.3354700854700854,352445,16004,336441
18721,1.33539875006677,352445,16004,336441
18722,1.335327422283944,352445,16004,336441
18723,1.3352561021203866,352445,16004,336441
18724,1.3351847895748772,352445,16004,336441
18725,1.335113484646195,352445,16004,336441
18726,1.3350421873331197,352445,16004,336441
18727,1.3349708976344317,352374,15991,336383
18728,1.3348996155489108,352374,15991,336383
18729,1.3348283410753377,352374,15991,336383
18730,1.3347570742124932,352374,15991,336383
18731,1.3346858149591587,352374,15991,336383
18732,1.3346145633141149,352374,15991,336383
18733,1.3345433192761438,352374,15991,336383
18734,1.3344720828440269,351832,15991,335841
18735,1.3344008540165466,351832,15991,335841
18736,1.334329632792485,351832,15991,335841
18737,1.334258419170625,351832,15991,335841
18738,1.3341872131497492,351832,15991,335841
18739,1.3341160147286408,351832,15991,335841
18740,1.3340448239060831,351832,15991,335841
18741,1.3339736406808602,351832,15991,335841
18742,1.3339024650517555,351832,15991,335841
18743,1.3338312970175532,351328,15991,335337
18744,1.333760136577038,351237,16015,335222
18745,1.3336889837289945,351237,16015,335222
18746,1.3336178384722075,351237,16015,335222
18747,1.3335467008054622,351237,16015,335222
18748,1.3334755707275443,351237,16015,335222
18749,1.3334044482372394,351237,16015,335222
18750,1.3333333333333333,351237,16015,335222
18751,1.3332622260146125,351237,16015,335222
18752,1.3331911262798635,351237,16015,335222
18753,1.3331200341278728,351237,16015,335222
18754,1.3330489495574278,351237,16015,335222
18755,1.3329778725673154,351237,16015,335222
18756,1.3329068031563234,351237,16015,335222
18757,1.3328357413232392,351237,16015,335222
18758,1.3327646870668515,350778,16015,334763
18759,1.3326936403859482,350778,16015,334763
18760,1.3326226012793176,350778,16015,334763
18761,1.332551569745749,350778,16015,334763
18762,1.3324805457840316,350778,16015,334763
18763,1.3324095293929543,350352,15998,334354
18764,1.3323385205713068,350352,15998,334354
18765,1.332267519317879,349496,15998,333498
18766,1.3321965256314612,349496,15998,333498
18767,1.3321255395108436,349496,15998,333498
18768,1.3320545609548167,349496,15998,333498
18769,1.3319835899621717,349496,15998,333498
18770,1.3319126265316996,349496,15998,333498
18771,1.3318416706621916,349496,15998,333498
18772,1.3317707223524398,349496,15998,333498
18773,1.331699781601236,349496,15998,333498
18774,1.331628848407372,349351,15998,333353
18775,1.3315579227696406,349351,15998,333353
18776,1.3314870046868343,349351,15998,333353
18777,1.3314160941577462,349351,15998,333353
18778,1.3313451911811696,349351,15998,333353
18779,1.3312742957558976,349351,15998,333353
18780,1.3312034078807242,349351,15998,333353
18781,1.3311325275544432,349351,15998,333353
18782,1.3310616547758491,349351,15998,333353
18783,1.3309907895437363,349351,15998,333353
18784,1.3309199318568994,349351,15998,333353
18785,1.3308490817141336,349183,15998,333185
18786,1.330778239114234,349183,15998,333185
18787,1.330707404055996,349183,15998,333185
18788,1.330636576538216,349183,15998,333185
18789,1.3305657565596891,349183,15998,333185
18790,1.3304949441192124,349183,15998,333185
18791,1.330424139215582,349183,15998,333185
18792,1.3303533418475948,349183,15998,333185
18793,1.3302825520140478,349183,15998,333185
18794,1.3302117697137383,349183,15998,333185
18795,1.3301409949454641,349183,15998,333185
18796,1.330070227708023,349183,15998,333185
18797,1.3299994680002127,349183,15998,333185
18798,1.329928715820832,349183,15998,333185
18799,1.329857971168679,349183,15998,333185
18800,1.3297872340425532,349183,15998,333185
18801,1.329716504441253,349183,15998,333185
18802,1.3296457823635783,349183,15998,333185
18803,1.3295750678083285,348963,15980,332983
18804,1.3295043607743033,348963,15980,332983
18805,1.329433661260303,348909,15980,332929
18806,1.329362969265128,348909,15980,332929
18807,1.329292284787579,348909,15980,332929
18808,1.329221607826457,348909,15980,332929
18809,1.3291509383805624,348909,15980,332929
18810,1.3290802764486975,348909,15980,332929
18811,1.3290096220296634,348909,15980,332929
18812,1.3289389751222624,348909,15980,332929
18813,1.3288683357252964,348909,15980,332929
18814,1.3287977038375678,348909,15980,332929
18815,1.3287270794578794,348909,15980,332929
18816,1.3286564625850341,348909,15980,332929
18817,1.328585853217835,348909,15980,332929
18818,1.3285152513550855,348909,15980,332929
18819,1.3284446569955897,348909,15980,332929
18820,1.328374070138151,348909,15980,332929
18821,1.3283034907815738,348909,15980,332929
18822,1.3282329189246627,348909,15980,332929
18823,1.3281623545662222,348909,15980,332929
18824,1.3280917977050575,348909,15980,332929
18825,1.3280212483399734,348909,15980,332929
18826,1.3279507064697758,348909,15980,332929
18827,1.3278801720932703,348909,15980,332929
18828,1.3278096452092627,348909,15980,332929
18829,1.3277391258165596,348909,15980,332929
18830,1.327668613913967,348909,15980,332929
18831,1.327598109500292,348909,15980,332929
18832,1.3275276125743416,348909,15980,332929
18833,1.3274571231349228,348909,15980,332929
18834,1.3273866411808433,348909,15980,332929
18835,1.3273161667109106,348909,15980,332929
18836,1.3272456997239328,348909,15980,332929
18837,1.3271752402187185,348909,15980,332929
18838,1.3271047881940758,348909,15980,332929
18839,1.3270343436488137,348909,15980,332929
18840,1.326963906581741,348909,15980,332929
18841,1.3268934769916672,348909,15980,332929
18842,1.3268230548774016,348909,15980,332929
18843,1.326752640237754,348909,15980,332929
18844,1.3266822330715347,348909,15980,332929
18845,1.3266118333775536,348909,15980,332929
18846,1.3265414411546217,348909,15980,332929
18847,1.3264710564015494,348909,15980,332929
18848,1.3264006791171477,348909,15980,332929
18849,1.326330309300228,348909,15980,332929
18850,1.3262599469496021,348909,15980,332929
18851,1.3261895920640814,348909,15980,332929
18852,1.3261192446424783,348512,15980,332532
18853,1.3260489046836048,348512,15980,332532
18854,1.3259785721862736,348512,15980,332532
18855,1.3259082471492973,348512,15980,332532
18856,1.3258379295714893,348512,15980,332532
18857,1.3257676194516625,348512,15980,332532
18858,1.3256973167886308,348475,15820,332655
18859,1.3256270215812078,348475,15820,332655
18860,1.325556733828208,348475,15820,332655
18861,1.325486453528445,348475,15820,332655
18862,1.3254161806807339,348475,15820,332655
18863,1.3253459152838891,348475,15820,332655
18864,1.3252756573367261,348475,15820,332655
18865,1.3252054068380599,348475,15820,332655
18866,1.3251351637867061,348475,15820,332655
18867,1.3250649281814808,348475,15820,332655
18868,1.3249947000212,348475,15820,332655
18869,1.3249244793046797,348475,15820,332655
18870,1.3248542660307365,348475,15820,332655
18871,1.3247840601981877,348475,15820,332655
18872,1.32471386180585,348475,15820,332655
18873,1.3246436708525406,348475,15820,332655
18874,1.3245734873370774,348475,15820,332655
18875,1.3245033112582782,348475,15820,332655
18876,1.3244331426149607,348475,15820,332655
18877,1.3243629814059437,348475,15820,332655
18878,1.3242928276300456,348475,15820,332655
18879,1.3242226812860851,348475,15820,332655
18880,1.3241525423728813,348475,15820,332655
18881,1.3240824108892537,348475,15820,332655
18882,1.3240122868340218,348475,15820,332655
18883,1.3239421702060055,348475,15820,332655
18884,1.3238720610040247,348475,15820,332655
18885,1.3238019592268997,348475,15820,332655
18886,1.3237318648734513,348475,15820,332655
18887,1.3236617779425002,348475,15820,332655
18888,1.3235916984328675,348475,15820,332655
18889,1.3235216263433744,348475,15820,332655
18890,1.3234515616728428,348475,15820,332655
18891,1.3233815044200943,348046,15919,332127
18892,1.3233114545839508,348046,15919,332127
18893,1.323241412163235,348046,15919,332127
18894,1.3231713771567692,348046,15919,332127
18895,1.3231013495633765,348046,15919,332127
18896,1.3230313293818798,348046,15919,332127
18897,1.3229613166111023,348046,15919,332127
18898,1.3228913112498677,348046,15919,332127
18899,1.322821313297,348046,15919,332127
18900,1.3227513227513228,348046,15919,332127
18901,1.3226813396116608,348046,15919,332127
18902,1.3226113638768384,348046,15919,332127
18903,1.3225413955456806,348046,15919,332127
18904,1.3224714346170123,348046,15919,332127
18905,1.3224014810896587,347973,15919,332054
18906,1.3223315349624458,347973,15919,332054
18907,1.322261596234199,347973,15919,332054
18908,1.3221916649037444,347973,15919,332054
18909,1.3221217409699084,347973,15919,332054
18910,1.3220518244315178,347973,15919,332054
18911,1.3219819152873988,347973,15919,332054
18912,1.321912013536379,347973,15919,332054
18913,1.3218421191772856,347973,15919,332054
18914,1.3217722322089458,347973,15919,332054
18915,1.3217023526301876,347973,15919,332054
18916,1.3216324804398394,347973,15919,332054
18917,1.3215626156367288,347973,15919,332054
18918,1.321492758219685,347973,15919,332054
18919,1.3214229081875364,347973,15919,332054
18920,1.3213530655391121,347973,15919,332054
18921,1.3212832302732413,347973,15919,332054
18922,1.3212134023887538,347973,15919,332054
18923,1.3211435818844792,347973,15919,332054
18924,1.3210737687592475,347973,15919,332054
18925,1.321003963011889,347973,15919,332054
18926,1.3209341646412343,347973,15919,332054
18927,1.320864373646114,347973,15919,332054
18928,1.3207945900253593,347973,15919,332054
18929,1.3207248137778012,347973,15919,332054
18930,1.3206550449022716,347940,15919,332021
18931,1.3205852833976017,347940,15919,332021
18932,1.320515529262624,347940,15919,332021
18933,1.3204457824961706,347940,15919,332021
18934,1.3203760430970741,347940,15919,332021
18935,1.3203063110641668,347940,15919,332021
18936,1.3202365863962822,347940,15919,332021
18937,1.3201668690922532,347940,15919,332021
18938,1.3200971591509134,347940,15919,332021
18939,1.3200274565710968,347940,15919,332021
18940,1.3199577613516367,347940,15919,332021
18941,1.3198880734913678,347940,15919,332021
18942,1.3198183929891247,347940,15919,332021
18943,1.3197487198437416,347940,15919,332021
18944,1.319679054054054,347940,15919,332021
18945,1.3196093956188968,347940,15919,332021
18946,1.3195397445371055,347940,15919,332021
18947,1.3194701008075158,347940,15919,332021
18948,1.3194004644289634,347940,15919,332021
18949,1.319330835400285,347940,15919,332021
18950,1.3192612137203166,347940,15919,332021
18951,1.319191599387895,347940,15919,332021
18952,1.3191219924018573,347940,15919,332021
18953,1.3190523927610405,347940,15919,332021
18954,1.3189828004642818,347940,15919,332021
18955,1.3189132155104195,347940,15919,332021
18956,1.3188436378982908,347940,15919,332021
18957,1.318774067626734,347940,15919,332021
18958,1.318704504694588,347940,15919,332021
18959,1.318634949100691,347940,15919,332021
18960,1.3185654008438819,347940,15919,332021
18961,1.318495859923,347940,15919,332021
18962,1.3184263263368843,347940,15919,332021
18963,1.3183568000843748,347940,15919,332021
18964,1.3182872811643114,347940,15919,332021
18965,1.318217769575534,347940,15919,332021
18966,1.3181482653168828,347940,15919,332021
18967,1.3180787683871988,347940,15919,332021
18968,1.3180092787853226,347940,15919,332021
18969,1.3179397965100954,347940,15919,332021
18970,1.3178703215603584,347940,15919,332021
18971,1.3178008539349533,347940,15919,332021
18972,1.317731393632722,347940,15919,332021
18973,1.3176619406525063,347940,15919,332021
18974,1.3175924949931486,347940,15919,332021
18975,1.3175230566534915,347940,15919,332021
18976,1.3174536256323777,347940,15919,332021
18977,1.3173842019286506,347940,15919,332021
18978,1.3173147855411529,347940,15919,332021
18979,1.3172453764687286,347940,15919,332021
18980,1.3171759747102212,347940,15919,332021
18981,1.317106580264475,347940,15919,332021
18982,1.317037193130334,347940,15919,332021
18983,1.3169678133066427,347940,15919,332021
18984,1.3168984407922462,347940,15919,332021
18985,1.3168290755859888,347940,15919,332021
18986,1.3167597176867165,347940,15919,332021
18987,1.3166903670932744,347940,15919,332021
18988,1.3166210238045082,347940,15919,332021
18989,1.3165516878192638,347940,15919,332021
18990,1.3164823591363877,347940,15919,332021
18991,1.3164130377547258,347940,15919,332021
18992,1.3163437236731255,347940,15919,332021
18993,1.3162744168904332,347940,15919,332021
18994,1.3162051174054965,347940,15919,332021
18995,1.3161358252171624,347940,15919,332021
18996,1.3160665403242788,347940,15919,332021
18997,1.3159972627256935,347940,15919,332021
18998,1.3159279924202547,347940,15919,332021
18999,1.315858729406811,347940,15919,332021
19000,1.3157894736842106,347940,15919,332021
19001,1.3157202252513025,347940,15919,332021
19002,1.3156509841069361,347940,15919,332021
19003,1.3155817502499605,347940,15919,332021
19004,1.3155125236792253,347940,15919,332021
19005,1.3154433043935807,347940,15919,332021
19006,1.3153740923918762,347940,15919,332021
19007,1.3153048876729625,347940,15919,332021
19008,1.3152356902356903,347940,15919,332021
19009,1.31516650007891,347940,15919,332021
19010,1.3150973172014728,347074,15946,331128
19011,1.3150281416022302,347074,15946,331128
19012,1.3149589732800337,347074,15946,331128
19013,1.314889812233735,347074,15946,331128
19014,1.3148206584621858,347074,15946,331128
19015,1.3147515119642388,347074,15946,331128
19016,1.3146823727387462,347074,15946,331128
19017,1.3146132407845612,347074,15946,331128
19018,1.3145441161005362,347074,15946,331128
19019,1.314474998685525,347074,15946,331128
19020,1.3144058885383807,346934,15946,330988
19021,1.314336785657957,346934,15946,330988
19022,1.314267690043108,346934,15946,330988
19023,1.3141986016926879,346934,15946,330988
19024,1.314129520605551,346934,15946,330988
19025,1.314060446780552,346934,15946,330988
19026,1.3139913802165457,346934,15946,330988
19027,1.3139223209123876,346934,15946,330988
19028,1.3138532688669329,346934,15946,330988
19029,1.3137842240790372,346934,15946,330988
19030,1.3137151865475565,346934,15946,330988
19031,1.3136461562713468,346934,15946,330988
19032,1.3135771332492645,346934,15946,330988
19033,1.313508117480166,346705,15946,330759
19034,1.3134391089629085,346705,15946,330759
19035,1.3133701076963489,346705,15946,330759
19036,1.3133011136793444,346705,15946,330759
19037,1.3132321269107528,346705,15946,330759
19038,1.3131631473894316,346705,15946,330759
19039,1.313094175114239,346705,15946,330759
19040,1.3130252100840336,346231,15818,330413
19041,1.3129562522976734,346231,15818,330413
19042,1.3128873017540175,346231,15818,330413
19043,1.3128183584519246,346231,15818,330413
19044,1.312749422390254,346231,15818,330413
19045,1.3126804935678655,346231,15818,330413
19046,1.3126115719836187,346231,15818,330413
19047,1.3125426576363732,346231,15818,330413
19048,1.3124737505249895,346231,15818,330413
19049,1.312404850648328,346231,15818,330413
19050,1.3123359580052494,346231,15818,330413
19051,1.3122670725946144,346231,15818,330413
19052,1.3121981944152845,346231,15818,330413
19053,1.3121293234661209,346090,15802,330288
19054,1.312060459745985,346090,15802,330288
19055,1.311991603253739,346090,15802,330288
19056,1.3119227539882452,346090,15802,330288
19057,1.3118539119483654,346090,15802,330288
19058,1.3117850771329624,346090,15802,330288
19059,1.3117162495408994,346090,15802,330288
19060,1.3116474291710387,346090,15802,330288
19061,1.3115786160222445,346090,15802,330288
19062,1.3115098100933795,346090,15802,330288
19063,1.311441011383308,346090,15802,330288
19064,1.311372219890894,346090,15802,330288
19065,1.3113034356150013,346090,15802,330288
19066,1.311234658554495,346090,15802,330288
19067,1.3111658887082394,346090,15802,330288
19068,1.3110971260750997,346090,15802,330288
19069,1.311028370653941,346090,15802,330288
19070,1.3109596224436288,346090,15802,330288
19071,1.3108908814430287,346090,15802,330288
19072,1.3108221476510067,346090,15802,330288
19073,1.310753421066429,346090,15802,330288
19074,1.310684701688162,346090,15802,330288
19075,1.3106159895150722,345827,16726,329101
19076,1.3105472845460264,345827,16726,329101
19077,1.310478586779892,345827,16726,329101
19078,1.3104098962155362,345827,16726,329101
19079,1.3103412128518266,345827,16726,329101
19080,1.310272536687631,345827,16726,329101
19081,1.3102038677218175,345827,16726,329101
19082,1.3101352059532543,345827,16726,329101
19083,1.31006655138081,345827,16726,329101
19084,1.3099979040033536,345827,16726,329101
19085,1.3099292638197537,345827,16726,329101
19086,1.3098606308288798,345692,16726,328966
19087,1.3097920050296012,345074,16726,328348
19088,1.309723386420788,345074,16726,328348
19089,1.3096547750013097,345074,16726,328348
19090,1.3095861707700367,345074,16726,328348
19091,1.3095175737258393,345074,16726,328348
19092,1.3094489838675885,345074,16726,328348
19093,1.309380401194155,345074,16726,328348
19094,1.3093118257044098,345074,16726,328348
19095,1.3092432573972244,345074,16726,328348
19096,1.3091746962714705,344631,16755,327876
19097,1.3091061423260197,344631,16755,327876
19098,1.3090375955597444,344553,16755,327798
19099,1.3089690559715168,344553,16755,327798
19100,1.3089005235602094,344553,16755,327798
19101,1.308831998324695,344553,16755,327798
19102,1.3087634802638468,344553,16755,327798
19103,1.3086949693765377,344553,16755,327798
19104,1.3086264656616415,344553,16755,327798
19105,1.308557969118032,344553,16755,327798
19106,1.308489479744583,344553,16755,327798
19107,1.3084209975401686,344553,16755,327798
19108,1.3083525225036634,344553,16755,327798
19109,1.308284054633942,344553,16755,327798
19110,1.3082155939298796,344553,16755,327798
19111,1.308147140390351,344553,16755,327798
19112,1.308078694014232,344553,16755,327798
19113,1.3080102548003976,344553,16755,327798
19114,1.3079418227477242,344553,16755,327798
19115,1.3078733978550876,344553,16755,327798
19116,1.3078049801213643,344553,16755,327798
19117,1.3077365695454308,344553,16755,327798
19118,1.3076681661261638,344553,16755,327798
19119,1.3075997698624404,344553,16755,327798
19120,1.3075313807531381,344553,16755,327798
19121,1.307462998797134,344553,16755,327798
19122,1.307394623993306,344553,16755,327798
19123,1.3073262563405323,344553,16755,327798
19124,1.3072578958376908,344553,16755,327798
19125,1.3071895424836601,344553,16755,327798
19126,1.3071211962773188,344553,16755,327798
19127,1.307052857217546,344553,16755,327798
19128,1.3069845253032204,344553,16755,327798
19129,1.3069162005332218,344553,16755,327798
19130,1.3068478829064296,344553,16755,327798
19131,1.306779572421724,344553,16755,327798
19132,1.3067112690779845,344553,16755,327798
19133,1.3066429728740918,344553,16755,327798
19134,1.3065746838089265,344553,16755,327798
19135,1.3065064018813692,344553,16755,327798
19136,1.306438127090301,344553,16755,327798
19137,1.3063698594346032,344553,16755,327798
19138,1.306301598913157,344553,16755,327798
19139,1.3062333455248445,344553,16755,327798
19140,1.3061650992685476,344553,16755,327798
19141,1.3060968601431482,344553,16755,327798
19142,1.306028628147529,344553,16755,327798
19143,1.3059604032805725,344553,16755,327798
19144,1.3058921855411618,344520,16755,327765
19145,1.3058239749281797,344520,16755,327765
19146,1.3057557714405097,344520,16755,327765
19147,1.3056875750770356,344520,16755,327765
19148,1.305619385836641,344520,16755,327765
19149,1.3055512037182098,344520,16755,327765
19150,1.3054830287206267,344520,16755,327765
19151,1.3054148608427758,344520,16755,327765
19152,1.3053467000835421,344520,16755,327765
19153,1.3052785464418106,344520,16755,327765
19154,1.3052103999164666,344520,16755,327765
19155,1.3051422605063951,344520,16755,327765
19156,1.3050741282104823,344520,16755,327765
19157,1.3050060030276138,344520,16755,327765
19158,1.304937884956676,344520,16755,327765
19159,1.3048697739965551,344520,16755,327765
19160,1.3048016701461378,344520,16755,327765
19161,1.3047335734043108,344520,16755,327765
19162,1.3046654837699614,344520,16755,327765
19163,1.3045974012419768,344520,16755,327765
19164,1.3045293258192445,344520,16755,327765
19165,1.3044612575006522,344434,16755,327679
19166,1.304393196285088,344434,16755,327679
19167,1.3043251421714406,344434,16755,327679
19168,1.3042570951585977,344434,16755,327679
19169,1.3041890552454485,344434,16755,327679
19170,1.3041210224308817,344434,16755,327679
19171,1.3040529967137864,344434,16755,327679
19172,1.3039849780930524,344434,16755,327679
19173,1.303916966567569,344434,16755,327679
19174,1.3038489621362261,344434,16755,327679
19175,1.303780964797914,343704,16755,326949
19176,1.3037129745515228,343704,16755,326949
19177,1.3036449913959431,343704,16755,326949
19178,1.3035770153300656,343704,16755,326949
19179,1.3035090463527816,343704,16755,326949
19180,1.3034410844629822,343704,16755,326949
19181,1.303373129659559,343704,16755,326949
19182,1.3033051819414034,343689,16755,326934
19183,1.3032372413074076,343689,16755,326934
19184,1.3031693077564637,343689,16755,326934
19185,1.3031013812874641,343689,16755,326934
19186,1.3030334618993016,343689,16755,326934
19187,1.3029655495908687,343689,16755,326934
19188,1.302897644361059,343689,16755,326934
19189,1.3028297462087655,343689,16755,326934
19190,1.3027618551328817,343152,16755,326397
19191,1.3026939711323016,343152,16755,326397
19192,1.3026260942059191,343152,16755,326397
19193,1.3025582243526286,343152,16755,326397
19194,1.3024903615713244,343152,16755,326397
19195,1.3024225058609014,343152,16755,326397
19196,1.3023546572202542,343152,16755,326397
19197,1.3022868156482783,343152,16755,326397
19198,1.3022189811438691,343070,16755,326315
19199,1.3021511537059223,343070,16755,326315
19200,1.3020833333333333,343070,16755,326315
19201,1.3020155200249988,343070,16755,326315
19202,1.3019477137798146,343070,16755,326315
19203,1.3018799145966775,343070,16755,326315
19204,1.3018121224744845,343070,16755,326315
19205,1.3017443374121322,343070,16755,326315
19206,1.3016765594085182,343070,16755,326315
19207,1.3016087884625398,343070,16755,326315
19208,1.3015410245730945,343070,16755,326315
19209,1.3014732677390806,343070,16755,326315
19210,1.3014055179593962,343070,16755,326315
19211,1.3013377752329394,343070,16755,326315
19212,1.3012700395586092,343070,16755,326315
19213,1.3012023109353041,343070,16755,326315
19214,1.3011345893619235,343070,16755,326315
19215,1.3010668748373666,343070,16755,326315
19216,1.3009991673605328,343070,16755,326315
19217,1.300931466930322,342843,16443,326400
19218,1.3008637735456343,342843,16443,326400
19219,1.3007960872053697,342843,16443,326400
19220,1.3007284079084287,342843,16443,326400
19221,1.300660735653712,342843,16443,326400
19222,1.3005930704401207,342843,16443,326400
19223,1.3005254122665557,342843,16443,326400
19224,1.3004577611319184,342843,16443,326400
19225,1.3003901170351104,342843,16443,326400
19226,1.300322479975034,342843,16443,326400
19227,1.3002548499505904,342843,16443,326400
19228,1.3001872269606822,342843,16443,326400
19229,1.3001196110042124,342843,16443,326400
19230,1.3000520020800832,342843,16443,326400
19231,1.2999844001871979,342843,16443,326400
19232,1.2999168053244592,342843,16443,326400
19233,1.299849217490771,342843,16443,326400
19234,1.299781636685037,342843,16443,326400
19235,1.2997140629061605,342843,16443,326400
19236,1.2996464961530463,342843,16443,326400
19237,1.2995789364245984,342843,16443,326400
19238,1.2995113837197214,342843,16443,326400
19239,1.29944383803732,342843,16443,326400
19240,1.2993762993762994,342843,16443,326400
19241,1.2993087677355646,342843,16443,326400
19242,1.2992412431140214,342843,16443,326400
19243,1.2991737255105753,342843,16443,326400
19244,1.2991062149241321,342843,16443,326400
19245,1.2990387113535984,342843,16443,326400
19246,1.29897121479788,342843,16443,326400
19247,1.298903725255884,342843,16443,326400
19248,1.298836242726517,342843,16443,326400
19249,1.298768767208686,342843,16443,326400
19250,1.2987012987012987,342843,16443,326400
19251,1.2986338372032622,342843,16443,326400
19252,1.2985663827134843,342843,16443,326400
19253,1.2984989352308731,342843,16443,326400
19254,1.2984314947543367,342843,16443,326400
19255,1.2983640612827836,342843,16443,326400
19256,1.2982966348151226,342843,16443,326400
19257,1.2982292153502621,342843,16443,326400
19258,1.2981618028871118,342843,16443,326400
19259,1.2980943974245807,342843,16443,326400
19260,1.2980269989615785,342843,16443,326400
19261,1.2979596074970148,342843,16443,326400
19262,1.2978922230297996,342843,16443,326400
19263,1.2978248455588435,342843,16443,326400
19264,1.2977574750830565,342843,16443,326400
19265,1.2976901116013495,342843,16443,326400
19266,1.2976227551126336,342843,16443,326400
19267,1.2975554056158198,342843,16443,326400
19268,1.2974880631098193,342843,16443,326400
19269,1.297420727593544,342843,16443,326400
19270,1.2973533990659056,342843,16443,326400
19271,1.297286077525816,342843,16443,326400
19272,1.2972187629721876,342843,16443,326400
19273,1.297151455403933,342843,16443,326400
19274,1.2970841548199648,342843,16443,326400
19275,1.297016861219196,342843,16443,326400
19276,1.2969495746005395,342843,16443,326400
19277,1.296882294962909,342843,16443,326400
19278,1.2968150223052184,342843,16443,326400
19279,1.296747756626381,342843,16443,326400
19280,1.2966804979253113,342843,16443,326400
19281,1.2966132462009232,342843,16443,326400
19282,1.2965460014521315,342843,16443,326400
19283,1.296478763677851,342843,16443,326400
19284,1.2964115328769965,342843,16443,326400
19285,1.2963443090484832,342843,16443,326400
19286,1.2962770921912268,342843,16443,326400
19287,1.2962098823041426,342843,16443,326400
19288,1.2961426793861468,342843,16443,326400
19289,1.2960754834361554,342843,16443,326400
19290,1.2960082944530844,342843,16443,326400
19291,1.2959411124358509,342843,16443,326400
19292,1.2958739373833714,342843,16443,326400
19293,1.2958067692945627,342843,16443,326400
19294,1.2957396081683425,342843,16443,326400
19295,1.295672454003628,342843,16443,326400
19296,1.2956053067993367,342843,16443,326400
19297,1.2955381665543866,342843,16443,326400
19298,1.2954710332676962,342843,16443,326400
19299,1.2954039069381833,342843,16443,326400
19300,1.2953367875647668,342843,16443,326400
19301,1.2952696751463655,342843,16443,326400
19302,1.2952025696818983,342843,16443,326400
19303,1.2951354711702845,342843,16443,326400
19304,1.2950683796104434,342843,16443,326400
19305,1.295001295001295,342843,16443,326400
19306,1.294934217341759,342843,16443,326400
19307,1.2948671466307557,342843,16443,326400
19308,1.2948000828672053,342843,16443,326400
19309,1.2947330260500285,342843,16443,326400
19310,1.294665976178146,342843,16443,326400
19311,1.294598933250479,342843,16443,326400
19312,1.2945318972659485,342843,16443,326400
19313,1.2944648682234765,342843,16443,326400
19314,1.294397846121984,342843,16443,326400
19315,1.2943308309603936,342843,16443,326400
19316,1.2942638227376269,342843,16443,326400
19317,1.2941968214526065,342843,16443,326400
19318,1.2941298271042552,342843,16443,326400
19319,1.2940628396914955,342843,16443,326400
19320,1.2939958592132506,342843,16443,326400
19321,1.2939288856684437,342843,16443,326400
19322,1.2938619190559983,342843,16443,326400
19323,1.2937949593748383,342843,16443,326400
19324,1.2937280066238874,342843,16443,326400
19325,1.2936610608020698,342843,16443,326400
19326,1.29359412190831,342843,16443,326400
19327,1.2935271899415326,342843,16443,326400
19328,1.2934602649006623,342843,16443,326400
19329,1.2933933467846241,342843,16443,326400
19330,1.2933264355923435,342843,16443,326400
19331,1.293259531322746,342843,16443,326400
19332,1.2931926339747568,342843,16443,326400
19333,1.2931257435473025,342843,16443,326400
19334,1.293058860039309,342838,16406,326432
19335,1.2929919834497026,342838,16406,326432
19336,1.29292511377741,342838,16406,326432
19337,1.292858251021358,342838,16406,326432
19338,1.2927913951804737,342838,16406,326432
19339,1.2927245462536843,342838,16406,326432
19340,1.2926577042399172,342533,16406,326127
19341,1.2925908691381005,342533,16406,326127
19342,1.2925240409471617,342533,16406,326127
19343,1.2924572196660291,342533,16406,326127
19344,1.292390405293631,342533,16406,326127
19345,1.2923235978288963,342533,16406,326127
19346,1.2922567972707537,342533,16406,326127
19347,1.292190003618132,342348,16353,325995
19348,1.2921232168699608,342348,16353,325995
19349,1.2920564370251693,342348,16353,325995
19350,1.2919896640826873,342348,16353,325995
19351,1.2919228980414448,342348,16353,325995
19352,1.291856138900372,342348,16353,325995
19353,1.2917893866583992,342348,16353,325995
19354,1.291722641314457,342348,16353,325995
19355,1.2916559028674761,342348,16353,325995
19356,1.2915891713163876,342348,16353,325995
19357,1.291522446660123,342348,16353,325995
19358,1.2914557288976134,342348,16353,325995
19359,1.2913890180277907,342348,16353,325995
19360,1.2913223140495869,342348,16353,325995
19361,1.2912556169619338,342348,16353,325995
19362,1.2911889267637642,342348,16353,325995
19363,1.2911222434540102,342294,16353,325941
19364,1.291055567031605,342294,16353,325941
19365,1.2909888974954815,342294,16353,325941
19366,1.290922234844573,342294,16353,325941
19367,1.2908555790778127,342294,16353,325941
19368,1.2907889301941347,342189,16425,325764
19369,1.2907222881924725,342189,16425,325764
19370,1.2906556530717606,342189,16425,325764
19371,1.2905890248309329,342189,16425,325764
19372,1.2905224034689242,342189,16425,325764
19373,1.2904557889846693,342189,16425,325764
19374,1.2903891813771033,342189,16425,325764
19375,1.2903225806451613,342189,16425,325764
19376,1.2902559867877788,342189,16425,325764
19377,1.2901893998038911,342189,16425,325764
19378,1.2901228196924348,342189,16425,325764
19379,1.2900562464523453,342189,16425,325764
19380,1.2899896800825594,342189,16425,325764
19381,1.2899231205820134,342189,16425,325764
19382,1.289856567949644,342189,16425,325764
19383,1.2897900221843883,342150,16425,325725
19384,1.2897234832851836,342150,16425,325725
19385,1.2896569512509672,342150,16425,325725
19386,1.2895904260806768,342150,16425,325725
19387,1.28952390777325,342150,16425,325725
19388,1.2894573963276252,342150,16425,325725
19389,1.2893908917427408,342150,16425,325725
19390,1.2893243940175347,342150,16425,325725
19391,1.2892579031509463,342150,16425,325725
19392,1.2891914191419143,342150,16425,325725
19393,1.2891249419893775,342150,16425,325725
19394,1.289058471692276,342150,16425,325725
19395,1.288992008249549,342150,16425,325725
19396,1.2889255516601361,342150,16425,325725
19397,1.2888591019229778,342150,16425,325725
19398,1.2887926590370142,342150,16425,325725
19399,1.2887262230011856,342150,16425,325725
19400,1.288659793814433,342150,16425,325725
19401,1.2885933714756972,342150,16425,325725
19402,1.2885269559839192,342150,16425,325725
19403,1.2884605473380406,342150,16425,325725
19404,1.2883941455370027,342150,16425,325725
19405,1.2883277505797475,342150,16425,325725
19406,1.288261362465217,342150,16425,325725
19407,1.2881949811923532,342150,16425,325725
19408,1.288128606760099,342150,16425,325725
19409,1.2880622391673966,342150,16425,325725
19410,1.287995878413189,342150,16425,325725
19411,1.2879295244964195,342150,16425,325725
19412,1.2878631774160314,342150,16425,325725
19413,1.2877968371709678,342150,16425,325725
19414,1.2877305037601732,342150,16425,325725
19415,1.2876641771825907,342150,16425,325725
19416,1.2875978574371651,342150,16425,325725
19417,1.2875315445228408,342131,16427,325704
19418,1.287465238438562,342131,16427,325704
19419,1.287398939183274,342131,16427,325704
19420,1.2873326467559216,342022,16427,325595
19421,1.2872663611554502,342022,16427,325595
19422,1.2872000823808052,342022,16427,325595
19423,1.2871338104309324,342022,16427,325595
19424,1.2870675453047775,342022,16427,325595
19425,1.287001287001287,342022,16427,325595
19426,1.286935035519407,342022,16427,325595
19427,1.286868790858084,342022,16427,325595
19428,1.2868025530162652,341854,16436,325418
19429,1.2867363219928971,341854,16436,325418
19430,1.2866700977869274,341734,16436,325298
19431,1.2866038803973032,341734,16436,325298
19432,1.2865376698229725,341734,16436,325298
19433,1.2864714660628827,341734,16436,325298
19434,1.2864052691159824,341734,16436,325298
19435,1.2863390789812195,341734,16436,325298
19436,1.2862728956575427,341734,16436,325298
19437,1.2862067191439008,341734,16436,325298
19438,1.2861405494392428,341734,16436,325298
19439,1.2860743865425177,341734,16436,325298
19440,1.286008230452675,341734,16436,325298
19441,1.2859420811686642,341734,16436,325298
19442,1.2858759386894352,341734,16436,325298
19443,1.2858098030139382,341734,16436,325298
19444,1.2857436741411232,341734,16436,325298
19445,1.2856775520699408,341734,16436,325298
19446,1.2856114367993419,341734,16436,325298
19447,1.285545328328277,341734,16436,325298
19448,1.2854792266556971,341734,16436,325298
19449,1.2854131317805542,341734,16436,325298
19450,1.2853470437017995,341734,16436,325298
19451,1.2852809624183847,341734,16436,325298
19452,1.2852148879292618,341734,16436,325298
19453,1.285148820233383,341734,16436,325298
19454,1.2850827593297007,341734,16436,325298
19455,1.285016705217168,341734,16436,325298
19456,1.284950657894737,341734,16436,325298
19457,1.284884617361361,341734,16436,325298
19458,1.2848185836159933,341734,16436,325298
19459,1.2847525566575877,341734,16436,325298
19460,1.2846865364850977,341734,16436,325298
19461,1.284620523097477,341734,16436,325298
19462,1.28455451649368,341734,16436,325298
19463,1.284488516672661,341734,16436,325298
19464,1.2844225236333744,341734,16436,325298
19465,1.2843565373747752,341734,16436,325298
19466,1.2842905578958184,341734,16436,325298
19467,1.284224585195459,341734,16436,325298
19468,1.2841586192726526,341734,16436,325298
19469,1.2840926601263547,341734,16436,325298
19470,1.2840267077555214,341734,16436,325298
19471,1.2839607621591085,341734,16436,325298
19472,1.2838948233360723,341719,16436,325283
19473,1.2838288912853695,341719,16436,325283
19474,1.2837629660059566,341719,16436,325283
19475,1.2836970474967908,341719,16436,325283
19476,1.2836311357568289,341546,16436,325110
19477,1.2835652307850285,341546,16436,325110
19478,1.283499332580347,341546,16436,325110
19479,1.2834334411417423,341546,16436,325110
19480,1.2833675564681726,341546,16436,325110
19481,1.2833016785585956,341546,16436,325110
19482,1.28323580741197,341546,16436,325110
19483,1.2831699430272545,341546,16436,325110
19484,1.283104085403408,341546,16436,325110
19485,1.2830382345393894,341048,16266,324782
19486,1.282972390434158,341048,16266,324782
19487,1.2829065530866732,341048,16266,324782
19488,1.2828407224958949,341048,16266,324782
19489,1.282774898660783,341048,16266,324782
19490,1.2827090815802975,341048,16266,324782
19491,1.282643271253399,341048,16266,324782
19492,1.2825774676790478,341048,16266,324782
19493,1.2825116708562048,341048,16266,324782
19494,1.2824458807838308,341048,16266,324782
19495,1.2823800974608874,341048,16266,324782
19496,1.2823143208863357,341048,16266,324782
19497,1.2822485510591373,341048,16266,324782
19498,1.2821827879782541,341048,16266,324782
19499,1.2821170316426482,341048,16266,324782
19500,1.2820512820512822,341048,16266,324782
19501,1.2819855392031179,341048,16266,324782
19502,1.2819198030971182,341048,16266,324782
19503,1.2818540737322464,341048,16266,324782
19504,1.281788351107465,341048,16266,324782
19505,1.2817226352217381,341048,16266,324782
19506,1.2816569260740285,341048,16266,324782
19507,1.2815912236633002,341048,16266,324782
19508,1.2815255279885176,341048,16266,324782
19509,1.2814598390486442,341048,16266,324782
19510,1.2813941568426448,341048,16266,324782
19511,1.2813284813694839,341048,16266,324782
19512,1.2812628126281262,341048,16266,324782
19513,1.281197150617537,341048,16266,324782
19514,1.2811314953366812,341048,16266,324782
19515,1.2810658467845246,341048,16266,324782
19516,1.2810002049600329,341048,16266,324782
19517,1.2809345698621715,341048,16266,324782
19518,1.2808689414899068,341048,16266,324782
19519,1.280803319842205,341048,16266,324782
19520,1.2807377049180328,341048,16266,324782
19521,1.2806720967163567,341048,16266,324782
19522,1.2806064952361438,341048,16266,324782
19523,1.2805409004763613,341048,16266,324782
19524,1.2804753124359762,341048,16266,324782
19525,1.2804097311139564,341048,16266,324782
19526,1.2803441565092697,341048,16266,324782
19527,1.2802785886208838,341048,16266,324782
19528,1.2802130274477672,340928,16266,324662
19529,1.2801474729888884,340850,16266,324584
19530,1.2800819252432156,340850,16266,324584
19531,1.2800163842097179,340850,16266,324584
19532,1.2799508498873644,340850,16266,324584
19533,1.279885322275124,340850,16266,324584
19534,1.2798198013719668,340850,16266,324584
19535,1.2797542871768621,340850,16266,324584
19536,1.2796887796887797,340850,16266,324584
19537,1.27962327890669,340850,16266,324584
19538,1.279557784829563,340850,16266,324584
19539,1.2794922974563694,340850,16266,324584
19540,1.2794268167860798,340850,16266,324584
19541,1.2793613428176653,340850,16266,324584
19542,1.2792958755500972,340850,16266,324584
19543,1.2792304149823466,340850,16266,324584
19544,1.2791649611133853,340850,16266,324584
19545,1.2790995139421848,340850,16266,324584
19546,1.2790340734677172,340850,16266,324584
19547,1.2789686396889548,340850,16266,324584
19548,1.27890321260487,340850,16266,324584
19549,1.2788377922144356,340850,16266,324584
19550,1.278772378516624,340850,16266,324584
19551,1.2787069715104087,340850,16266,324584
19552,1.2786415711947627,340850,16266,324584
19553,1.2785761775686595,340850,16266,324584
19554,1.2785107906310729,340850,16266,324584
19555,1.2784454103809768,340850,16266,324584
19556,1.278380036817345,340850,16266,324584
19557,1.2783146699391523,340850,16266,324584
19558,1.2782493097453727,340850,16266,324584
19559,1.2781839562349813,340850,16266,324584
19560,1.278118609406953,340850,16266,324584
19561,1.2780532692602629,340850,16266,324584
19562,1.2779879357938861,340850,16266,324584
19563,1.2779226090067985,340850,16266,324584
19564,1.2778572888979758,340850,16266,324584
19565,1.277791975466394,340850,16266,324584
19566,1.2777266687110294,340850,16266,324584
19567,1.277661368630858,340850,16266,324584
19568,1.277596075224857,340850,16266,324584
19569,1.2775307884920026,340850,16266,324584
19570,1.2774655084312723,340850,16266,324584
19571,1.2774002350416434,340850,16266,324584
19572,1.2773349683220927,340840,16266,324574
19573,1.2772697082715987,340840,16266,324574
19574,1.2772044548891386,340840,16266,324574
19575,1.277139208173691,340840,16266,324574
19576,1.2770739681242338,340840,16266,324574
19577,1.2770087347397456,340840,16266,324574
19578,1.2769435080192053,340840,16266,324574
19579,1.2768782879615914,340840,16266,324574
19580,1.2768130745658837,340840,16266,324574
19581,1.2767478678310606,340840,16266,324574
19582,1.2766826677561025,340840,16266,324574
19583,1.2766174743399887,340840,16266,324574
19584,1.2765522875816993,340840,16266,324574
19585,1.2764871074802144,340840,16266,324574
19586,1.2764219340345144,340840,16266,324574
19587,1.2763567672435798,340840,16266,324574
19588,1.2762916071063917,340840,16266,324574
19589,1.2762264536219308,340840,16266,324574
19590,1.2761613067891782,340840,16266,324574
19591,1.2760961666071156,340840,16266,324574
19592,1.2760310330747244,340840,16266,324574
19593,1.2759659061909865,340840,16266,324574
19594,1.275900785954884,340840,16266,324574
19595,1.2758356723653994,340840,16266,324574
19596,1.2757705654215146,340840,16266,324574
19597,1.2757054651222126,340840,16266,324574
19598,1.2756403714664761,340840,16266,324574
19599,1.2755752844532884,340840,16266,324574
19600,1.2755102040816326,340840,16266,324574
19601,1.2754451303504923,340840,16266,324574
19602,1.2753800632588512,340840,16266,324574
19603,1.275315002805693,340840,16266,324574
19604,1.275249948990002,340840,16266,324574
19605,1.2751849018107626,340840,16266,324574
19606,1.2751198612669592,340840,16266,324574
19607,1.2750548273575764,340840,16266,324574
19608,1.2749898000815993,340840,16266,324574
19609,1.2749247794380132,340840,16266,324574
19610,1.2748597654258031,340840,16266,324574
19611,1.274794758043955,340840,16266,324574
19612,1.2747297572914542,340840,16266,324574
19613,1.274664763167287,340840,16266,324574
19614,1.2745997756704395,340840,16266,324574
19615,1.274534794799898,340840,16266,324574
19616,1.2744698205546492,340840,16266,324574
19617,1.27440485293368,340840,16266,324574
19618,1.2743398919359772,340840,16266,324574
19619,1.274274937560528,340331,16266,324065
19620,1.2742099898063202,340331,16266,324065
19621,1.274145048672341,340331,16266,324065
19622,1.2740801141575782,340331,16266,324065
19623,1.2740151862610203,340331,16266,324065
19624,1.2739502649816552,340331,16266,324065
19625,1.2738853503184713,340331,16266,324065
19626,1.2738204422704575,340331,16266,324065
19627,1.2737555408366026,340331,16266,324065
19628,1.2736906460158957,340331,16266,324065
19629,1.2736257578073258,339201,16297,322904
19630,1.273560876209883,339201,16297,322904
19631,1.2734960012225562,339201,16297,322904
19632,1.2734311328443357,339201,16297,322904
19633,1.2733662710742117,339201,16297,322904
19634,1.2733014159111744,339201,16297,322904
19635,1.2732365673542143,339201,16297,322904
19636,1.2731717254023223,339201,16297,322904
19637,1.273106890054489,339201,16297,322904
19638,1.2730420613097058,339201,16297,322904
19639,1.2729772391669636,339201,16297,322904
19640,1.2729124236252545,339201,16297,322904
19641,1.27284761468357,339201,16297,322904
19642,1.2727828123409022,339201,16297,322904
19643,1.2727180165962428,339201,16297,322904
19644,1.272653227448585,339201,16297,322904
19645,1.2725884448969202,339201,16297,322904
19646,1.2725236689402424,339201,16297,322904
19647,1.2724588995775437,339201,16297,322904
19648,1.2723941368078175,339201,16297,322904
19649,1.2723293806300575,339201,16297,322904
19650,1.272264631043257,339201,16297,322904
19651,1.2721998880464098,339201,16297,322904
19652,1.27213515163851,339201,16297,322904
19653,1.272070421818552,339201,16297,322904
19654,1.2720056985855297,339201,16297,322904
19655,1.271940981938438,339201,16297,322904
19656,1.271876271876272,339201,16297,322904
19657,1.2718115683980262,339201,16297,322904
19658,1.271746871502696,339201,16297,322904
19659,1.2716821811892771,339201,16297,322904
19660,1.2716174974567651,339201,16297,322904
19661,1.2715528203041555,339201,16297,322904
19662,1.2714881497304444,339201,16297,322904
19663,1.2714234857346285,339200,16176,323024
19664,1.2713588283157038,339200,16176,323024
19665,1.2712941774726672,339200,16176,323024
19666,1.2712295332045154,339200,16176,323024
19667,1.2711648955102457,339200,16176,323024
19668,1.271100264388855,339200,16176,323024
19669,1.2710356398393412,339200,16176,323024
19670,1.2709710218607015,339200,16176,323024
19671,1.2709064104519343,339200,16176,323024
19672,1.2708418056120374,339200,16176,323024
19673,1.2707772073400092,339200,16176,323024
19674,1.270712615634848,339200,16176,323024
19675,1.2706480304955527,339200,16176,323024
19676,1.270583451921122,339200,16176,323024
19677,1.2705188799105556,339200,16176,323024
19678,1.270454314462852,339200,16176,323024
19679,1.270389755577011,339200,16176,323024
19680,1.2703252032520325,339200,16176,323024
19681,1.2702606574869164,339200,16176,323024
19682,1.2701961182806625,339200,16176,323024
19683,1.2701315856322715,339200,16176,323024
19684,1.2700670595407437,339200,16176,323024
19685,1.27000254000508,339200,16176,323024
19686,1.2699380270242813,339200,16176,323024
19687,1.2698735205973486,339200,16176,323024
19688,1.2698090207232833,339200,16176,323024
19689,1.269744527401087,339200,16176,323024
19690,1.2696800406297613,339200,16176,323024
19691,1.2696155604083084,339200,16176,323024
19692,1.2695510867357302,339200,16176,323024
19693,1.2694866196110293,339200,16176,323024
19694,1.269422159033208,339200,16176,323024
19695,1.2693577050012694,339200,16176,323024
19696,1.2692932575142162,339200,16176,323024
19697,1.2692288165710515,339200,16176,323024
19698,1.2691643821707788,339200,16176,323024
19699,1.2690999543124017,339200,16176,323024
19700,1.2690355329949239,339200,16176,323024
19701,1.2689711182173493,339200,16176,323024
19702,1.2689067099786824,339200,16176,323024
19703,1.2688423082779272,339200,16176,323024
19704,1.2687779131140886,339200,16176,323024
19705,1.268713524486171,339200,16176,323024
19706,1.2686491423931798,339200,16176,323024
19707,1.26858476683412,339200,16176,323024
19708,1.2685203978079969,339200,16176,323024
19709,1.2684560353138161,339200,16176,323024
19710,1.2683916793505834,339200,16176,323024
19711,1.268327329917305,339200,16176,323024
19712,1.2682629870129871,339200,16176,323024
19713,1.2681986506366356,339200,16176,323024
19714,1.2681343207872577,339200,16176,323024
19715,1.26806999746386,339200,16176,323024
19716,1.2680056806654494,339200,16176,323024
19717,1.2679413703910332,339200,16176,323024
19718,1.2678770666396186,339200,16176,323024
19719,1.2678127694102135,339200,16176,323024
19720,1.2677484787018256,339200,16176,323024
19721,1.2676841945134627,339200,16176,323024
19722,1.2676199168441336,339200,16176,323024
19723,1.2675556456928458,339200,16176,323024
19724,1.2674913810586088,339118,16157,322961
19725,1.267427122940431,339118,16157,322961
19726,1.2673628713373213,339118,16157,322961
19727,1.267298626248289,339118,16157,322961
19728,1.267234387672344,339118,16157,322961
19729,1.267170155608495,339118,16157,322961
19730,1.2671059300557526,339118,16157,322961
19731,1.2670417110131265,339118,16157,322961
19732,1.266977498479627,339118,16157,322961
19733,1.2669132924542645,339118,16157,322961
19734,1.2668490929360494,339118,16157,322961
19735,1.266784899923993,339118,16157,322961
19736,1.266720713417106,339059,16157,322902
19737,1.2666565334143993,339059,16157,322902
19738,1.266592359914885,339059,16157,322902
19739,1.2665281929175742,339059,16157,322902
19740,1.2664640324214793,339059,16157,322902
19741,1.2663998784256116,339059,16157,322902
19742,1.266335730928984,339059,16157,322902
19743,1.2662715899306083,339059,16157,322902
19744,1.2662074554294975,339059,16157,322902
19745,1.2661433274246645,339059,16157,322902
19746,1.266079205915122,339059,16157,322902
19747,1.2660150908998835,339059,16157,322902
19748,1.2659509823779622,339059,16157,322902
19749,1.265886880348372,339059,16157,322902
19750,1.2658227848101267,339059,16157,322902
19751,1.26575869576224,339059,16157,322902
19752,1.2656946132037261,339059,16157,322902
19753,1.2656305371335999,339059,16157,322902
19754,1.2655664675508758,339059,16157,322902
19755,1.2655024044545684,339059,16157,322902
19756,1.265438347843693,339059,16157,322902
19757,1.2653742977172648,339059,16157,322902
19758,1.265310254074299,339059,16157,322902
19759,1.2652462169138115,339059,16157,322902
19760,1.2651821862348178,339059,16157,322902
19761,1.265118162036334,339059,16157,322902
19762,1.2650541443173768,339059,16157,322902
19763,1.264990133076962,339059,16157,322902
19764,1.2649261283141064,339059,16157,322902
19765,1.2648621300278269,339059,16157,322902
19766,1.2647981382171405,339059,16157,322902
19767,1.2647341528810645,339059,16157,322902
19768,1.264670174018616,339059,16157,322902
19769,1.2646062016288129,339059,16157,322902
19770,1.2645422357106728,339059,16157,322902
19771,1.2644782762632139,339059,16157,322902
19772,1.2644143232854541,339059,16157,322902
19773,1.2643503767764124,339059,16157,322902
19774,1.2642864367351068,339059,16157,322902
19775,1.2642225031605563,339059,16157,322902
19776,1.26415857605178,339059,16157,322902
19777,1.264094655407797,339059,16157,322902
19778,1.2640307412276266,339059,16157,322902
19779,1.2639668335102887,338792,16157,322635
19780,1.2639029322548028,338792,16157,322635
19781,1.263839037460189,338792,16157,322635
19782,1.2637751491254676,338792,16157,322635
19783,1.2637112672496589,338792,16157,322635
19784,1.2636473918317832,338792,16157,322635
19785,1.2635835228708618,338792,16157,322635
19786,1.2635196603659153,338792,16157,322635
19787,1.263455804315965,338792,16157,322635
19788,1.2633919547200323,338792,16157,322635
19789,1.2633281115771389,338792,16157,322635
19790,1.263264274886306,338792,16157,322635
19791,1.2632004446465566,338792,16157,322635
19792,1.263136620856912,338792,16157,322635
19793,1.2630728035163947,338792,16157,322635
19794,1.2630089926240275,338563,16157,322406
19795,1.262945188178833,338563,16157,322406
19796,1.2628813901798344,338563,16157,322406
19797,1.2628175986260544,338563,16157,322406
19798,1.2627538135165168,338563,16157,322406
19799,1.262690034850245,338563,16157,322406
19800,1.2626262626262625,338563,16157,322406
19801,1.2625624968435938,338563,16157,322406
19802,1.2624987375012624,338563,16157,322406
19803,1.2624349845982932,338563,16157,322406
19804,1.2623712381337104,338563,16157,322406
19805,1.2623074981065388,338563,16157,322406
19806,1.2622437645158033,338563,16157,322406
19807,1.2621800373605292,338563,16157,322406
19808,1.2621163166397416,338563,16157,322406
19809,1.262052602352466,338563,16157,322406
19810,1.2619888944977284,338563,16157,322406
19811,1.2619251930745545,338563,16157,322406
19812,1.2618614980819705,338563,16157,322406
19813,1.2617978095190028,338439,16109,322330
19814,1.2617341273846776,338439,16109,322330
19815,1.2616704516780217,338439,16109,322330
19816,1.2616067823980621,338439,16109,322330
19817,1.261543119543826,338439,16109,322330
19818,1.2614794631143404,338439,16109,322330
19819,1.261415813108633,338439,16109,322330
19820,1.2613521695257315,338356,16108,322248
19821,1.2612885323646637,338356,16108,322248
19822,1.2612249016244577,338356,16108,322248
19823,1.2611612773041416,338356,16108,322248
19824,1.261097659402744,338356,16108,322248
19825,1.2610340479192939,338356,16108,322248
19826,1.2609704428528195,338356,16108,322248
19827,1.2609068442023503,338355,16108,322247
19828,1.2608432519669155,338355,16108,322247
19829,1.2607796661455444,338355,16108,322247
19830,1.2607160867372669,338355,16108,322247
19831,1.2606525137411124,338355,16108,322247
19832,1.2605889471561114,338355,16108,322247
19833,1.2605253869812938,338355,16108,322247
19834,1.2604618332156903,338355,16108,322247
19835,1.2603982858583311,338159,16108,322051
19836,1.2603347449082476,338159,16108,322051
19837,1.2602712103644704,338159,16108,322051
19838,1.2602076822260309,337878,16085,321793
19839,1.2601441604919603,337878,16085,321793
19840,1.2600806451612903,337878,16085,321793
19841,1.2600171362330528,337878,16085,321793
19842,1.2599536337062796,337878,16085,321793
19843,1.2598901375800031,337864,16085,321779
19844,1.2598266478532554,337864,16085,321779
19845,1.2597631645250693,337864,16085,321779
19846,1.2596996875944775,337864,16085,321779
19847,1.2596362170605129,337858,16085,321773
19848,1.2595727529222087,337858,16085,321773
19849,1.2595092951785984,337858,16085,321773
19850,1.2594458438287153,337858,16085,321773
19851,1.2593823988715933,337858,16085,321773
19852,1.2593189603062664,337858,16085,321773
19853,1.2592555281317686,337858,16085,321773
19854,1.259192102347134,337858,16085,321773
19855,1.2591286829513977,337858,16085,321773
19856,1.2590652699435938,337858,16085,321773
19857,1.2590018633227578,337858,16085,321773
19858,1.2589384630879243,337858,16085,321773
19859,1.2588750692381288,337858,16085,321773
19860,1.2588116817724069,337858,16085,321773
19861,1.2587483006897942,337858,16085,321773
19862,1.2586849259893262,337858,16085,321773
19863,1.2586215576700397,337858,16085,321773
19864,1.2585581957309706,337858,16085,321773
19865,1.2584948401711553,337858,16085,321773
19866,1.2584314909896306,337858,16085,321773
19867,1.2583681481854332,337858,16085,321773
19868,1.2583048117576001,337858,16085,321773
19869,1.2582414817051688,337858,16085,321773
19870,1.2581781580271767,337858,16085,321773
19871,1.2581148407226612,337858,16085,321773
19872,1.2580515297906603,337858,16085,321773
19873,1.257988225230212,337858,16085,321773
19874,1.2579249270403543,337858,16085,321773
19875,1.2578616352201257,337844,16085,321759
19876,1.2577983497685652,337844,16085,321759
19877,1.257735070684711,337844,16085,321759
19878,1.2576717979676024,337844,16085,321759
19879,1.2576085316162784,337844,16085,321759
19880,1.2575452716297786,337376,15968,321408
19881,1.2574820180071424,337376,15968,321408
19882,1.2574187707474098,337376,15968,321408
19883,1.2573555298496202,337376,15968,321408
19884,1.2572922953128143,337376,15968,321408
19885,1.2572290671360322,337376,15968,321408
19886,1.2571658453183143,337376,15968,321408
19887,1.2571026298587016,337376,15968,321408
19888,1.257039420756235,337376,15968,321408
19889,1.2569762180099553,337376,15968,321408
19890,1.256913021618904,337376,15968,321408
19891,1.2568498315821226,337376,15968,321408
19892,1.2567866478986527,337376,15968,321408
19893,1.2567234705675363,337376,15968,321408
19894,1.2566602995878153,337376,15968,321408
19895,1.2565971349585323,337376,15968,321408
19896,1.2565339766787293,337376,15968,321408
19897,1.2564708247474494,337376,15968,321408
19898,1.256407679163735,337376,15968,321408
19899,1.2563445399266295,337376,15968,321408
19900,1.256281407035176,337376,15968,321408
19901,1.2562182804884177,337376,15968,321408
19902,1.2561551602853984,336839,15968,320871
19903,1.2560920464251621,336839,15968,320871
19904,1.2560289389067525,336839,15968,320871
19905,1.2559658377292138,336839,15968,320871
19906,1.2559027428915905,336839,15968,320871
19907,1.255839654392927,336839,15968,320871
19908,1.2557765722322685,336839,15968,320871
19909,1.2557134964086594,336839,15968,320871
19910,1.2556504269211453,336839,15968,320871
19911,1.2555873637687711,336839,15968,320871
19912,1.2555243069505826,336839,15968,320871
19913,1.2554612564656256,336839,15968,320871
19914,1.2553982123129457,336839,15968,320871
19915,1.2553351744915893,336839,15968,320871
19916,1.2552721430006026,336839,15968,320871
19917,1.2552091178390319,336839,15968,320871
19918,1.2551460990059242,336839,15968,320871
19919,1.2550830865003264,336839,15968,320871
19920,1.2550200803212852,336839,15968,320871
19921,1.254957080467848,336839,15968,320871
19922,1.2548940869390623,336839,15968,320871
19923,1.2548310997339758,336839,15968,320871
19924,1.2547681188516362,336839,15968,320871
19925,1.2547051442910917,336839,15968,320871
19926,1.2546421760513902,336839,15968,320871
19927,1.2545792141315804,336839,15968,320871
19928,1.2545162585307106,336839,15968,320871
19929,1.2544533092478298,336839,15968,320871
19930,1.2543903662819869,336839,15968,320871
19931,1.254327429632231,336839,15968,320871
19932,1.254264499297612,336839,15968,320871
19933,1.2542015752771785,336839,15968,320871
19934,1.2541386575699809,336839,15968,320871
19935,1.254075746175069,336839,15968,320871
19936,1.2540128410914928,336839,15968,320871
19937,1.2539499423183027,336839,15968,320871
19938,1.2538870498545491,336839,15968,320871
19939,1.2538241636992828,336839,15968,320871
19940,1.2537612838515546,336839,15968,320871
19941,1.2536984103104156,336839,15968,320871
19942,1.2536355430749173,336839,15968,320871
19943,1.2535726821441107,336839,15968,320871
19944,1.2535098275170478,336839,15968,320871
19945,1.2534469791927803,336839,15968,320871
19946,1.25338413717036,336839,15968,320871
19947,1.2533213014488394,336839,15968,320871
19948,1.2532584720272708,336839,15968,320871
19949,1.253195648904707,336839,15968,320871
19950,1.2531328320802004,336839,15968,320871
19951,1.2530700215528043,336839,15968,320871
19952,1.2530072173215718,336839,15968,320871
19953,1.2529444193855561,336839,15968,320871
19954,1.2528816277438108,336839,15968,320871
19955,1.2528188423953897,336839,15968,320871
19956,1.2527560633393466,336839,15968,320871
19957,1.2526932905747357,336839,15968,320871
19958,1.2526305241006113,336574,15968,320606
19959,1.2525677639160278,336574,15968,320606
19960,1.25250501002004,336319,15968,320351
19961,1.2524422624117029,336229,15968,320261
19962,1.2523795210900712,336229,15968,320261
19963,1.2523167860542002,336229,15968,320261
19964,1.2522540573031458,336229,15968,320261
19965,1.252191334835963,336229,15968,320261
19966,1.252128618651708,336229,15968,320261
19967,1.2520659087494366,336229,15968,320261
19968,1.252003205128205,336229,15968,320261
19969,1.25194050778707,336229,15968,320261
19970,1.2518778167250877,336229,15968,320261
19971,1.2518151319413149,336229,15968,320261
19972,1.2517524534348088,336229,15968,320261
19973,1.2516897812046262,336229,15968,320261
19974,1.2516271152498248,336229,15968,320261
19975,1.2515644555694618,336229,15968,320261
19976,1.2515018021625952,336229,15968,320261
19977,1.2514391550282826,336229,15968,320261
19978,1.2513765141655822,336229,15968,320261
19979,1.2513138795735523,336229,15968,320261
19980,1.2512512512512513,335758,15968,319790
19981,1.2511886291977379,335758,15968,319790
19982,1.251126013412071,335758,15968,319790
19983,1.2510634038933093,335758,15968,319790
19984,1.2510008006405124,335758,15968,319790
19985,1.2509382036527394,335758,15968,319790
19986,1.2508756129290504,335758,15968,319790
19987,1.2508130284685046,335758,15968,319790
19988,1.250750450270162,335758,15968,319790
19989,1.2506878783330833,335758,15968,319790
19990,1.2506253126563283,335758,15968,319790
19991,1.2505627532389576,335758,15968,319790
19992,1.250500200080032,335464,15968,319496
19993,1.2504376531786126,335464,15968,319496
19994,1.25037511253376,335464,15968,319496
19995,1.2503125781445361,335464,15968,319496
19996,1.250250050010002,335464,15968,319496
19997,1.2501875281292194,335464,15968,319496
19998,1.2501250125012502,335407,15968,319439
19999,1.2500625031251562,335407,15968,319439
20000,1.25,335407,15968,319439
20001,1.2499375031248439,335407,15968,319439
20002,1.24987501249875,335407,15968,319439
20003,1.249812528120782,335407,15968,319439
20004,1.249750049990002,335407,15968,319439
20005,1.2496875781054737,335407,15968,319439
20006,1.24962511246626,335407,15968,319439
20007,1.249562653071425,335407,15968,319439
20008,1.249500199920032,335407,15968,319439
20009,1.249437753011145,335407,15968,319439
20010,1.249375312343828,335407,15968,319439
20011,1.2493128779171456,335407,15968,319439
20012,1.249250449730162,335407,15968,319439
20013,1.2491880277819418,335407,15968,319439
20014,1.24912561207155,335407,15968,319439
20015,1.2490632025980515,335407,15968,319439
20016,1.2490007993605117,335063,15968,319095
20017,1.2489384023579957,335063,15968,319095
20018,1.2488760115895694,335063,15968,319095
20019,1.2488136270542984,335063,15968,319095
20020,1.2487512487512487,335063,15968,319095
20021,1.2486888766794866,335063,15968,319095
20022,1.248626510838078,335063,15968,319095
20023,1.24856415122609,335063,15968,319095
20024,1.248501797842589,335063,15968,319095
20025,1.2484394506866416,335063,15968,319095
20026,1.2483771097573155,335063,15968,319095
20027,1.2483147750536776,335063,15968,319095
20028,1.2482524465747953,335063,15968,319095
20029,1.2481901243197364,335063,15968,319095
20030,1.2481278082875686,335063,15968,319095
20031,1.24806549847736,335063,15968,319095
20032,1.248003194888179,335063,15968,319095
20033,1.2479408975190935,335063,15968,319095
20034,1.2478786063691725,335063,15968,319095
20035,1.2478163214374844,335063,15968,319095
20036,1.2477540427230984,335063,15968,319095
20037,1.2476917702250836,335063,15968,319095
20038,1.2476295039425092,335063,15968,319095
20039,1.2475672438744447,335063,15968,319095
20040,1.2475049900199602,335063,15968,319095
20041,1.247442742378125,335063,15968,319095
20042,1.2473805009480092,335063,15968,319095
20043,1.2473182657286834,335063,15968,319095
20044,1.2472560367192178,335063,15968,319095
20045,1.247193813918683,335063,15968,319095
20046,1.2471315973261499,335063,15968,319095
20047,1.2470693869406895,335063,15968,319095
20048,1.2470071827613727,335063,15968,319095
20049,1.2469449847872711,335063,15968,319095
20050,1.2468827930174564,335063,15968,319095
20051,1.246820607451,335063,15968,319095
20052,1.246758428086974,335063,15968,319095
20053,1.2466962549244502,335043,15968,319075
20054,1.2466340879625013,335043,15968,319075
20055,1.2465719272001994,335043,15968,319075
20056,1.2465097726366174,335043,15968,319075
20057,1.2464476242708282,335043,15968,319075
20058,1.2463854821019045,335043,15968,319075
20059,1.2463233461289196,335043,15968,319075
20060,1.2462612163509472,335043,15968,319075
20061,1.2461990927670605,335043,15968,319075
20062,1.2461369753763334,335043,15968,319075
20063,1.2460748641778399,335043,15968,319075
20064,1.246012759170654,335043,15968,319075
20065,1.24595066035385,335043,15968,319075
20066,1.2458885677265026,335043,15968,319075
20067,1.2458264812876862,335043,15968,319075
20068,1.245764401036476,335043,15968,319075
20069,1.2457023269719467,335043,15968,319075
20070,1.2456402590931739,334206,16288,317918
20071,1.2455781973992328,334206,16288,317918
20072,1.245516141889199,334206,16288,317918
20073,1.2454540925621482,334206,16288,317918
20074,1.2453920494171564,334206,16288,317918
20075,1.2453300124533002,334206,16288,317918
20076,1.2452679816696552,334206,16288,317918
20077,1.2452059570652987,334206,16288,317918
20078,1.2451439386393066,334206,16288,317918
20079,1.2450819263907564,334206,16288,317918
20080,1.245019920318725,334206,16288,317918
20081,1.2449579204222898,334206,16288,317918
20082,1.2448959267005277,334206,16288,317918
20083,1.244833939152517,334206,16288,317918
20084,1.2447719577773353,334206,16288,317918
20085,1.2447099825740602,334206,16288,317918
20086,1.2446480135417703,334206,16288,317918
20087,1.244586050679544,334206,16288,317918
20088,1.2445240939864595,334206,16288,317918
20089,1.244462143461596,334206,16288,317918
20090,1.2444001991040319,334206,16288,317918
20091,1.2443382609128466,334206,16288,317918
20092,1.2442763288871193,334206,16288,317918
20093,1.2442144030259294,334206,16288,317918
20094,1.2441524833283568,334206,16288,317918
20095,1.244090569793481,334206,16288,317918
20096,1.2440286624203822,334206,16288,317918
20097,1.2439667612081404,334206,16288,317918
20098,1.2439048661558365,334206,16288,317918
20099,1.2438429772625503,334206,16288,317918
20100,1.243781094527363,334206,16288,317918
20101,1.2437192179493557,334206,16288,317918
20102,1.2436573475276091,334206,16288,317918
20103,1.2435954832612048,334206,16288,317918
20104,1.243533625149224,334206,16288,317918
20105,1.2434717731907485,334206,16288,317918
20106,1.2434099273848602,334206,16288,317918
20107,1.243348087730641,334206,16288,317918
20108,1.2432862542271732,334206,16288,317918
20109,1.2432244268735393,334206,16288,317918
20110,1.2431626056688214,334206,16288,317918
20111,1.2431007906121028,334206,16288,317918
20112,1.2430389817024663,334206,16288,317918
20113,1.2429771789389947,334206,16288,317918
20114,1.2429153823207717,334206,16288,317918
20115,1.2428535918468804,334206,16288,317918
20116,1.2427918075164048,334206,16288,317918
20117,1.2427300293284287,334206,16288,317918
20118,1.242668257282036,334206,16288,317918
20119,1.2426064913763109,334206,16288,317918
20120,1.242544731610338,334206,16288,317918
20121,1.2424829779832016,334206,16288,317918
20122,1.2424212304939868,334206,16288,317918
20123,1.242359489141778,334206,16288,317918
20124,1.242297753925661,334206,16288,317918
20125,1.2422360248447204,334206,16288,317918
20126,1.2421743018980422,334206,16288,317918
20127,1.2421125850847121,334206,16288,317918
20128,1.2420508744038157,334159,16288,317871
20129,1.241989169854439,334159,16288,317871
20130,1.241927471435668,334159,16288,317871
20131,1.24186577914659,334159,16288,317871
20132,1.2418040929862906,334159,16288,317871
20133,1.2417424129538568,334159,16288,317871
20134,1.241680739048376,334159,16288,317871
20135,1.2416190712689348,334159,16288,317871
20136,1.2415574096146207,334159,16288,317871
20137,1.241495754084521,334159,16288,317871
20138,1.2414341046777237,334159,16288,317871
20139,1.2413724613933164,334159,16288,317871
20140,1.2413108242303872,334159,16288,317871
20141,1.2412491931880245,334159,16288,317871
20142,1.2411875682653162,334159,16288,317871
20143,1.2411259494613514,334159,16288,317871
20144,1.2410643367752183,334159,16288,317871
20145,1.2410027302060065,334159,16288,317871
20146,1.2409411297528046,334159,16288,317871
20147,1.240879535414702,334037,16283,317754
20148,1.240817947190788,334037,16283,317754
20149,1.240756365080153,334037,16283,317754
20150,1.2406947890818858,334037,16283,317754
20151,1.240633219195077,334037,16283,317754
20152,1.240571655418817,334037,16283,317754
20153,1.2405100977521957,334037,16283,317754
20154,1.2404485461943038,334037,16283,317754
20155,1.2403870007442321,334037,16283,317754
20156,1.2403254614010717,334037,16283,317754
20157,1.2402639281639132,334037,16283,317754
20158,1.2402024010318484,334037,16283,317754
20159,1.2401408800039684,334037,16283,317754
20160,1.2400793650793651,334037,16283,317754
20161,1.24001785625713,334037,16283,317754
20162,1.2399563535363556,334037,16283,317754
20163,1.2398948569161334,334037,16283,317754
20164,1.2398333663955565,334037,16283,317754
20165,1.239771881973717,334037,16283,317754
20166,1.2397104036497075,334037,16283,317754
20167,1.2396489314226211,334037,16283,317754
20168,1.239587465291551,334037,16283,317754
20169,1.2395260052555903,334037,16283,317754
20170,1.2394645513138325,334037,16283,317754
20171,1.239403103465371,334037,16283,317754
20172,1.2393416617093,334037,16283,317754
20173,1.2392802260447133,334037,16283,317754
20174,1.2392187964707049,334037,16283,317754
20175,1.2391573729863692,334037,16283,317754
20176,1.239095955590801,334037,16283,317754
20177,1.2390345442830946,334037,16283,317754
20178,1.238973139062345,334037,16283,317754
20179,1.2389117399276475,334037,16283,317754
20180,1.2388503468780971,334037,16283,317754
20181,1.2387889599127893,334037,16283,317754
20182,1.2387275790308196,334037,16283,317754
20183,1.2386662042312837,334037,16283,317754
20184,1.238604835513278,334037,16283,317754
20185,1.238543472875898,334037,16283,317754
20186,1.2384821163182405,334037,16283,317754
20187,1.2384207658394015,334037,16283,317754
20188,1.2383594214384783,334037,16283,317754
20189,1.2382980831145673,334037,16283,317754
20190,1.2382367508667658,334037,16283,317754
20191,1.2381754246941707,334037,16283,317754
20192,1.2381141045958794,334037,16283,317754
20193,1.23805279057099,334037,16283,317754
20194,1.2379914826185996,334037,16283,317754
20195,1.2379301807378065,334037,16283,317754
20196,1.2378688849277084,334037,16283,317754
20197,1.2378075951874041,334037,16283,317754
20198,1.2377463115159917,334037,16283,317754
20199,1.23768503391257,334037,16283,317754
20200,1.2376237623762376,334037,16283,317754
20201,1.2375624969060937,333989,16283,317706
20202,1.2375012375012375,333989,16283,317706
20203,1.2374399841607682,333989,16283,317706
20204,1.2373787368837854,333989,16283,317706
20205,1.2373174956693889,333989,16283,317706
20206,1.2372562605166781,333989,16283,317706
20207,1.2371950314247537,333989,16283,317706
20208,1.2371338083927157,333989,16283,317706
20209,1.2370725914196645,333989,16283,317706
20210,1.2370113805047007,333989,16283,317706
20211,1.236950175646925,333989,16283,317706
20212,1.2368889768454383,333989,16283,317706
20213,1.236827784099342,333989,16283,317706
20214,1.2367665974077373,333989,16283,317706
20215,1.2367054167697253,333989,16283,317706
20216,1.2366442421844084,333989,16283,317706
20217,1.2365830736508878,333989,16283,317706
20218,1.236521911168266,333932,16283,317649
20219,1.2364607547356448,333932,16283,317649
20220,1.2363996043521266,333932,16283,317649
20221,1.2363384600168141,333932,16283,317649
20222,1.23627732172881,333932,16283,317649
20223,1.2362161894872175,333932,16283,317649
20224,1.2361550632911393,333932,16283,317649
20225,1.2360939431396787,333932,16283,317649
20226,1.2360328290319391,333932,16283,317649
20227,1.2359717209670242,333932,16283,317649
20228,1.2359106189440379,333932,16283,317649
20229,1.235849522962084,333932,16283,317649
20230,1.2357884330202669,333932,16283,317649
20231,1.2357273491176908,333932,16283,317649
20232,1.2356662712534598,333932,16283,317649
20233,1.2356051994266792,333932,16283,317649
20234,1.2355441336364534,333932,16283,317649
20235,1.2354830738818878,333932,16283,317649
20236,1.2354220201620874,333932,16283,317649
20237,1.2353609724761576,333432,16348,317084
20238,1.2352999308232038,333432,16348,317084
20239,1.235238895202332,333432,16348,317084
20240,1.2351778656126482,333432,16348,317084
20241,1.2351168420532583,333432,16348,317084
20242,1.2350558245232683,333432,16348,317084
20243,1.2349948130217854,333432,16348,317084
20244,1.2349338075479155,333432,16348,317084
20245,1.2348728081007656,333432,16348,317084
20246,1.234811814679443,333432,16348,317084
20247,1.2347508272830543,333432,16348,317084
20248,1.2346898459107072,333432,16348,317084
20249,1.2346288705615092,333432,16348,317084
20250,1.2345679012345678,333432,16348,317084
20251,1.2345069379289912,333432,16348,317084
20252,1.234445980643887,333432,16348,317084
20253,1.2343850293783638,333432,16348,317084
20254,1.2343240841315295,333432,16348,317084
20255,1.2342631449024932,333432,16348,317084
20256,1.2342022116903633,333432,16348,317084
20257,1.234141284494249,333432,16348,317084
20258,1.2340803633132589,333432,16348,317084
20259,1.2340194481465028,333432,16348,317084
20260,1.2339585389930898,333432,16348,317084
20261,1.2338976358521296,333432,16348,317084
20262,1.2338367387227323,333432,16348,317084
20263,1.2337758476040073,333432,16348,317084
20264,1.2337149624950652,333432,16348,317084
20265,1.233654083395016,333432,16348,317084
20266,1.2335932103029705,333346,16348,316998
20267,1.2335323432180392,333346,16348,316998
20268,1.2334714821393329,333346,16348,316998
20269,1.2334106270659628,333346,16348,316998
20270,1.23334977799704,333346,16348,316998
20271,1.2332889349316758,333346,16348,316998
20272,1.2332280978689818,333346,16348,316998
20273,1.2331672668080698,333346,16348,316998
20274,1.2331064417480517,333346,16348,316998
20275,1.2330456226880395,333346,16348,316998
20276,1.2329848096271454,333346,16348,316998
20277,1.2329240025644819,333346,16348,316998
20278,1.2328632014991616,333346,16348,316998
20279,1.2328024064302974,333346,16348,316998
20280,1.232741617357002,333346,16348,316998
20281,1.2326808342783886,333346,16348,316998
20282,1.2326200571935706,333346,16348,316998
20283,1.2325592861016614,333346,16348,316998
20284,1.2324985210017747,333346,16348,316998
20285,1.2324377618930245,333346,16348,316998
20286,1.2323770087745243,333346,16348,316998
20287,1.2323162616453887,333076,16348,316728
20288,1.2322555205047319,333076,16348,316728
20289,1.2321947853516684,333076,16348,316728
20290,1.232134056185313,333076,16348,316728
20291,1.2320733330047804,333076,16348,316728
20292,1.232012615809186,333076,16348,316728
20293,1.2319519045976446,333076,16348,316728
20294,1.2318911993692716,333076,16348,316728
20295,1.231830500123183,333076,16348,316728
20296,1.2317698068584944,333076,16348,316728
20297,1.2317091195743213,333076,16348,316728
20298,1.2316484382697803,333010,16348,316662
20299,1.2315877629439873,332858,16297,316561
20300,1.2315270935960592,332858,16297,316561
20301,1.2314664302251122,332858,16297,316561
20302,1.231405772830263,332858,16297,316561
20303,1.231345121410629,332858,16297,316561
20304,1.231284475965327,332858,16297,316561
20305,1.2312238364934744,332858,16297,316561
20306,1.2311632029941888,332858,16297,316561
20307,1.2311025754665879,332858,16297,316561
20308,1.2310419539097892,332858,16297,316561
20309,1.2309813383229111,332858,16297,316561
20310,1.2309207287050714,332858,16297,316561
20311,1.2308601250553888,332858,16297,316561
20312,1.2307995273729815,332858,16297,316561
20313,1.2307389356569685,332858,16297,316561
20314,1.2306783499064684,332858,16297,316561
20315,1.2306177701206005,332858,16297,316561
20316,1.230557196298484,332858,16297,316561
20317,1.230496628439238,332858,16297,316561
20318,1.2304360665419825,332858,16297,316561
20319,1.230375510605837,332858,16297,316561
20320,1.2303149606299213,332858,16297,316561
20321,1.2302544166133556,332698,16297,316401
20322,1.2301938785552604,332698,16297,316401
20323,1.2301333464547557,332698,16297,316401
20324,1.2300728203109623,332698,16297,316401
20325,1.2300123001230012,332698,16297,316401
20326,1.229951785889993,332698,16297,316401
20327,1.229891277611059,332698,16297,316401
20328,1.2298307752853208,332698,16297,316401
20329,1.2297702789118992,332698,16297,316401
20330,1.2297097884899164,332698,16297,316401
20331,1.229649304018494,332698,16297,316401
20332,1.229588825496754,332698,16297,316401
20333,1.2295283529238183,332698,16297,316401
20334,1.2294678862988098,332698,16297,316401
20335,1.2294074256208507,332698,16297,316401
20336,1.2293469708890636,332698,16297,316401
20337,1.2292865221025717,332698,16297,316401
20338,1.2292260792604977,332698,16297,316401
20339,1.2291656423619648,332698,16297,316401
20340,1.2291052114060963,332698,16297,316401
20341,1.2290447863920162,332698,16297,316401
20342,1.2289843673188476,332698,16297,316401
20343,1.228923954185715,332698,16297,316401
20344,1.228863546991742,332698,16297,316401
20345,1.228803145736053,332698,16297,316401
20346,1.2287427504177726,332698,16297,316401
20347,1.228682361036025,332698,16297,316401
20348,1.2286219775899352,332698,16297,316401
20349,1.228561600078628,332698,16297,316401
20350,1.2285012285012284,332698,16297,316401
20351,1.2284408628568622,332698,16297,316401
20352,1.2283805031446542,332698,16297,316401
20353,1.2283201493637301,332698,16297,316401
20354,1.228259801513216,332698,16297,316401
20355,1.2281994595922379,332694,16234,316460
20356,1.2281391235999215,332694,16234,316460
20357,1.2280787935353932,332694,16234,316460
20358,1.2280184693977798,332694,16234,316460
20359,1.2279581511862077,332694,16234,316460
20360,1.2278978388998036,332694,16234,316460
20361,1.2278375325376947,332694,16234,316460
20362,1.227777232099008,332694,16234,316460
20363,1.227716937582871,332694,16234,316460
20364,1.2276566489884109,332694,16234,316460
20365,1.2275963663147558,332694,16234,316460
20366,1.227536089561033,332694,16234,316460
20367,1.227475818726371,332694,16234,316460
20368,1.2274155538098979,332694,16234,316460
20369,1.2273552948107418,332694,16234,316460
20370,1.2272950417280315,332694,16234,316460
20371,1.2272347945608955,332694,16234,316460
20372,1.2271745533084626,332694,16234,316460
20373,1.227114317969862,332694,16234,316460
20374,1.227054088544223,332694,16234,316460
20375,1.2269938650306749,332694,16234,316460
20376,1.226933647428347,332694,16234,316460
20377,1.2268734357363695,332694,16234,316460
20378,1.2268132299538719,332694,16234,316460
20379,1.2267530300799843,332694,16234,316460
20380,1.2266928361138372,332694,16234,316460
20381,1.2266326480545606,332371,16234,316137
20382,1.2265724659012855,331973,16234,315739
20383,1.2265122896531424,331973,16234,315739
20384,1.2264521193092621,331973,16234,315739
20385,1.226391954868776,331973,16234,315739
20386,1.2263317963308153,331973,16234,315739
20387,1.2262716436945111,331973,16234,315739
20388,1.2262114969589955,331973,16234,315739
20389,1.2261513561233999,331973,16234,315739
20390,1.2260912211868562,331973,16234,315739
20391,1.226031092148497,331973,16234,315739
20392,1.2259709690074538,331973,16234,315739
20393,1.2259108517628599,331973,16234,315739
20394,1.2258507404138472,331973,16234,315739
20395,1.2257906349595489,331973,16234,315739
20396,1.225730535399098,331973,16234,315739
20397,1.225670441731627,331973,16234,315739
20398,1.2256103539562702,331973,16234,315739
20399,1.2255502720721605,331973,16234,315739
20400,1.2254901960784315,331973,16234,315739
20401,1.2254301259742169,331095,16234,314861
20402,1.2253700617586512,331095,16234,314861
20403,1.225310003430868,331095,16234,314861
20404,1.225249950990002,331095,16234,314861
20405,1.2251899044351875,331095,16234,314861
20406,1.2251298637655592,330838,16267,314571
20407,1.225069828980252,330838,16267,314571
20408,1.2250098000784007,330838,16267,314571
20409,1.2249497770591407,330838,16267,314571
20410,1.224889759921607,330838,16267,314571
20411,1.2248297486649355,330838,16267,314571
20412,1.2247697432882618,330838,16267,314571
20413,1.2247097437907215,330838,16267,314571
20414,1.224649750171451,330838,16267,314571
20415,1.224589762429586,330838,16267,314571
20416,1.2245297805642634,330838,16267,314571
20417,1.2244698045746192,330838,16267,314571
20418,1.2244098344597905,330838,16267,314571
20419,1.2243498702189137,330838,16267,314571
20420,1.2242899118511263,330838,16267,314571
20421,1.2242299593555654,330838,16267,314571
20422,1.2241700127313682,330838,16267,314571
20423,1.2241100719776723,330838,16267,314571
20424,1.2240501370936154,330838,16267,314571
20425,1.2239902080783354,330838,16267,314571
20426,1.2239302849309703,330838,16267,314571
20427,1.2238703676506584,330838,16267,314571
20428,1.2238104562365382,330838,16267,314571
20429,1.2237505506877477,330838,16267,314571
20430,1.2236906510034264,330838,16267,314571
20431,1.2236307571827125,330838,16267,314571
20432,1.2235708692247456,330124,16276,313848
20433,1.2235109871286645,329808,16123,313685
20434,1.2234511108936086,329808,16123,313685
20435,1.223391240518718,329808,16123,313685
20436,1.2233313760031317,329808,16123,313685
20437,1.22327151734599,329808,16123,313685
20438,1.223211664546433,329808,16123,313685
20439,1.223151817603601,329808,16123,313685
20440,1.2230919765166341,329808,16123,313685
20441,1.223032141284673,329808,16123,313685
20442,1.2229723119068585,329808,16123,313685
20443,1.2229124883823315,329808,16123,313685
20444,1.2228526707102327,329808,16123,313685
20445,1.2227928588897041,329808,16123,313685
20446,1.2227330529198865,329808,16123,313685
20447,1.2226732527999218,329625,15997,313628
20448,1.2226134585289514,329625,15997,313628
20449,1.2225536701061177,329625,15997,313628
20450,1.2224938875305624,329625,15997,313628
20451,1.2224341108014278,329625,15997,313628
20452,1.2223743399178564,329625,15997,313628
20453,1.2223145748789908,329625,15997,313628
20454,1.2222548156839739,329625,15997,313628
20455,1.2221950623319482,329625,15997,313628
20456,1.222135314822057,329625,15997,313628
20457,1.2220755731534438,329625,15997,313628
20458,1.2220158373252517,329625,15997,313628
20459,1.2219561073366245,329625,15997,313628
20460,1.2218963831867058,329487,15925,313562
20461,1.2218366648746395,329487,15925,313562
20462,1.2217769523995698,329487,15925,313562
20463,1.2217172457606411,329487,15925,313562
20464,1.2216575449569977,329487,15925,313562
20465,1.221597849987784,329487,15925,313562
20466,1.221538160852145,329487,15925,313562
20467,1.2214784775492256,329487,15925,313562
20468,1.2214188000781707,329487,15925,313562
20469,1.221359128438126,329487,15925,313562
20470,1.2212994626282365,329487,15925,313562
20471,1.2212398026476479,329487,15925,313562
20472,1.221180148495506,329487,15925,313562
20473,1.2211205001709569,329487,15925,313562
20474,1.2210608576731465,329487,15925,313562
20475,1.221001221001221,329487,15925,313562
20476,1.220941590154327,329487,15925,313562
20477,1.2208819651316112,329487,15925,313562
20478,1.22082234593222,329487,15925,313562
20479,1.2207627325553005,329487,15925,313562
20480,1.220703125,329487,15925,313562
20481,1.2206435232654655,329487,15925,313562
20482,1.2205839273508445,329487,15925,313562
20483,1.220524337255285,329487,15925,313562
20484,1.220464752977934,329487,15925,313562
20485,1.22040517451794,329487,15925,313562
20486,1.2203456018744507,329487,15925,313562
20487,1.220286035046615,329487,15925,313562
20488,1.2202264740335806,329487,15925,313562
20489,1.2201669188344966,329487,15925,313562
20490,1.2201073694485114,329487,15925,313562
20491,1.2200478258747742,329487,15925,313562
20492,1.2199882881124342,329487,15925,313562
20493,1.2199287561606402,329487,15925,313562
20494,1.219869230018542,329487,15925,313562
20495,1.2198097096852891,329487,15925,313562
20496,1.2197501951600311,329487,15925,313562
20497,1.2196906864419184,329487,15925,313562
20498,1.2196311835301006,329487,15925,313562
20499,1.219571686423728,329487,15925,313562
20500,1.2195121951219512,329487,15925,313562
20501,1.2194527096239207,329487,15925,313562
20502,1.2193932299287875,329487,15925,313562
20503,1.219333756035702,329487,15925,313562
20504,1.2192742879438159,329487,15925,313562
20505,1.21921482565228,329487,15925,313562
20506,1.2191553691602457,329487,15925,313562
20507,1.219095918466865,329487,15925,313562
20508,1.2190364735712893,329487,15925,313562
20509,1.2189770344726705,329487,15925,313562
20510,1.2189176011701608,329487,15925,313562
20511,1.2188581736629125,329487,15925,313562
20512,1.218798751950078,329487,15925,313562
20513,1.2187393360308096,329487,15925,313562
20514,1.2186799259042604,329487,15925,313562
20515,1.2186205215695833,329487,15925,313562
20516,1.218561123025931,329487,15925,313562
20517,1.218501730272457,329487,15925,313562
20518,1.2184423433083147,329487,15925,313562
20519,1.2183829621326576,329487,15925,313562
20520,1.2183235867446394,329487,15925,313562
20521,1.2182642171434142,329487,15925,313562
20522,1.2182048533281356,329487,15925,313562
20523,1.2181454952979585,329487,15925,313562
20524,1.2180861430520367,329487,15925,313562
20525,1.218026796589525,329487,15925,313562
20526,1.2179674559095781,329487,15925,313562
20527,1.217908121011351,329487,15925,313562
20528,1.2178487918939984,329487,15925,313562
20529,1.217789468556676,329487,15925,313562
20530,1.2177301509985388,329487,15925,313562
20531,1.2176708392187423,329487,15925,313562
20532,1.2176115332164426,329487,15925,313562
20533,1.2175522329907953,329487,15925,313562
20534,1.2174929385409565,329487,15925,313562
20535,1.2174336498660823,329487,15925,313562
20536,1.2173743669653292,329487,15925,313562
20537,1.2173150898378535,329487,15925,313562
20538,1.2172558184828124,329487,15925,313562
20539,1.2171965528993622,329487,15925,313562
20540,1.2171372930866602,329487,15925,313562
20541,1.2170780390438636,329487,15925,313562
20542,1.2170187907701295,329487,15925,313562
20543,1.2169595482646156,329487,15925,313562
20544,1.2169003115264798,329487,15925,313562
20545,1.2168410805548795,329487,15925,313562
20546,1.216781855348973,329487,15925,313562
20547,1.2167226359079184,329487,15925,313562
20548,1.216663422230874,329487,15925,313562
20549,1.2166042143169984,329487,15925,313562
20550,1.2165450121654502,329487,15925,313562
20551,1.2164858157753882,329487,15925,313562
20552,1.2164266251459712,329487,15925,313562
20553,1.2163674402763587,329487,15925,313562
20554,1.21630826116571,329487,15925,313562
20555,1.2162490878131842,329487,15925,313562
20556,1.2161899202179411,329487,15925,313562
20557,1.216130758379141,329487,15925,313562
20558,1.2160716022959432,329487,15925,313562
20559,1.2160124519675082,329487,15925,313562
20560,1.215953307392996,329487,15925,313562
20561,1.2158941685715676,329487,15925,313562
20562,1.215835035502383,329487,15925,313562
20563,1.2157759081846033,329487,15925,313562
20564,1.2157167866173897,329487,15925,313562
20565,1.2156576707999027,329487,15925,313562
20566,1.215598560731304,329487,15925,313562
20567,1.2155394564107551,329487,15925,313562
20568,1.2154803578374174,329487,15925,313562
20569,1.2154212650104526,329487,15925,313562
20570,1.215362177929023,329410,15925,313485
20571,1.2153030965922902,329410,15925,313485
20572,1.2152440209994166,329410,15925,313485
20573,1.215184951149565,329410,15925,313485
20574,1.2151258870418975,329410,15925,313485
20575,1.2150668286755772,329410,15925,313485
20576,1.2150077760497666,329410,15925,313485
20577,1.2149487291636294,329410,15925,313485
20578,1.214889688016328,329410,15925,313485
20579,1.2148306526070265,329410,15925,313485
20580,1.2147716229348882,329099,15925,313174
20581,1.2147125989990768,329099,15925,313174
20582,1.2146535807987562,329099,15925,313174
20583,1.2145945683330903,329099,15925,313174
20584,1.2145355616012437,329099,15925,313174
20585,1.2144765606023804,329099,15925,313174
20586,1.214417565335665,329099,15925,313174
20587,1.2143585758002624,329099,15925,313174
20588,1.214299591995337,329099,15925,313174
20589,1.2142406139200543,329099,15925,313174
20590,1.2141816415735793,329099,15925,313174
20591,1.2141226749550775,328947,15925,313022
20592,1.214063714063714,328947,15925,313022
20593,1.214004758898655,328947,15925,313022
20594,1.2139458094590658,328947,15925,313022
20595,1.2138868657441126,328947,15925,313022
20596,1.2138279277529618,328947,15925,313022
20597,1.2137689954847792,328947,15925,313022
20598,1.213710068938732,328859,15925,312934
20599,1.2136511481139862,328859,15925,312934
20600,1.2135922330097086,328859,15925,312934
20601,1.2135333236250667,328859,15925,312934
20602,1.2134744199592273,328859,15925,312934
20603,1.2134155220113576,328859,15925,312934
20604,1.213356629780625,328859,15925,312934
20605,1.2132977432661975,328859,15925,312934
20606,1.2132388624672426,328859,15925,312934
20607,1.213179987382928,328859,15925,312934
20608,1.2131211180124224,328859,15925,312934
20609,1.2130622543548935,328859,15925,312934
20610,1.21300339640951,328859,15925,312934
20611,1.2129445441754403,328859,15925,312934
20612,1.2128856976518534,328859,15925,312934
20613,1.212826856837918,328859,15925,312934
20614,1.212768021732803,328859,15925,312934
20615,1.2127091923356779,328859,15925,312934
20616,1.212650368645712,328859,15925,312934
20617,1.212591550662075,328859,15925,312934
20618,1.2125327383839364,328859,15925,312934
20619,1.212473931810466,328859,15925,312934
20620,1.2124151309408342,328859,15925,312934
20621,1.2123563357742106,328859,15925,312934
20622,1.2122975463097663,328859,15925,312934
20623,1.2122387625466713,328859,15925,312934
20624,1.2121799844840961,328859,15925,312934
20625,1.2121212121212122,328859,15925,312934
20626,1.21206244545719,328859,15925,312934
20627,1.2120036844912008,328859,15925,312934
20628,1.211944929222416,328859,15925,312934
20629,1.2118861796500073,328859,15925,312934
20630,1.211827435773146,328859,15925,312934
20631,1.2117686975910038,328635,15925,312710
20632,1.211709965102753,328635,15925,312710
20633,1.2116512383075655,328635,15925,312710
20634,1.2115925172046138,328635,15925,312710
20635,1.2115338017930701,328635,15925,312710
20636,1.211475092072107,328635,15925,312710
20637,1.2114163880408975,328635,15925,312710
20638,1.2113576896986142,328635,15925,312710
20639,1.2112989970444303,328635,15925,312710
20640,1.2112403100775193,328635,15925,312710
20641,1.2111816287970545,328635,15925,312710
20642,1.2111229532022092,328635,15925,312710
20643,1.2110642832921572,328635,15925,312710
20644,1.2110056190660725,328635,15925,312710
20645,1.2109469605231291,328635,15925,312710
20646,1.2108883076625012,328635,15925,312710
20647,1.2108296604833633,328635,15925,312710
20648,1.2107710189848895,328635,15925,312710
20649,1.210712383166255,328542,15925,312617
20650,1.2106537530266344,328542,15925,312617
20651,1.2105951285652026,328542,15925,312617
20652,1.210536509781135,328542,15925,312617
20653,1.2104778966736067,328542,15925,312617
20654,1.2104192892417933,328542,15925,312617
20655,1.2103606874848705,328542,15925,312617
20656,1.210302091402014,328542,15925,312617
20657,1.2102435009923997,328471,15925,312546
20658,1.2101849162552039,328471,15925,312546
20659,1.2101263371896025,327973,15925,312048
20660,1.2100677637947725,327973,15925,312048
20661,1.2100091960698902,327973,15925,312048
20662,1.2099506340141322,327973,15925,312048
20663,1.2098920776266757,327973,15925,312048
20664,1.2098335269066975,327973,15925,312048
20665,1.2097749818533752,327973,15925,312048
20666,1.209716442465886,327973,15925,312048
20667,1.2096579087434074,327973,15925,312048
20668,1.209599380685117,327973,15925,312048
20669,1.209540858290193,327973,15925,312048
20670,1.2094823415578133,327973,15925,312048
20671,1.2094238304871558,327973,15925,312048
20672,1.2093653250773995,327973,15925,312048
20673,1.2093068253277222,327973,15925,312048
20674,1.2092483312373028,327973,15925,312048
20675,1.2091898428053205,327973,15925,312048
20676,1.2091313600309537,327973,15925,312048
20677,1.209072882913382,327973,15925,312048
20678,1.2090144114517845,327973,15925,312048
20679,1.2089559456453407,327973,15925,312048
20680,1.2088974854932302,327973,15925,312048
20681,1.2088390309946329,327973,15925,312048
20682,1.2087805821487283,327973,15925,312048
20683,1.2087221389546972,327973,15925,312048
20684,1.2086637014117192,327973,15925,312048
20685,1.208605269518975,327931,15925,312006
20686,1.2085468432756454,327931,15925,312006
20687,1.2084884226809107,327931,15925,312006
20688,1.208430007733952,327931,15925,312006
20689,1.2083715984339505,327931,15925,312006
20690,1.208313194780087,327905,15925,311980
20691,1.2082547967715431,327905,15925,311980
20692,1.2081964044075004,327905,15925,311980
20693,1.2081380176871406,327905,15925,311980
20694,1.2080796366096453,327905,15925,311980
20695,1.2080212611741967,327905,15925,311980
20696,1.2079628913799767,327905,15925,311980
20697,1.2079045272261681,327905,15925,311980
20698,1.2078461687119528,327905,15925,311980
20699,1.2077878158365138,327905,15925,311980
20700,1.2077294685990339,327905,15925,311980
20701,1.2076711269986957,327905,15925,311980
20702,1.2076127910346826,327905,15925,311980
20703,1.207554460706178,327905,15925,311980
20704,1.2074961360123648,327905,15925,311980
20705,1.207437816952427,327905,15925,311980
20706,1.2073795035255481,327905,15925,311980
20707,1.2073211957309122,327905,15925,311980
20708,1.2072628935677032,327905,15925,311980
20709,1.2072045970351055,327905,15925,311980
20710,1.2071463061323033,327905,15925,311980
20711,1.207088020858481,327905,15925,311980
20712,1.2070297412128235,327905,15925,311980
20713,1.2069714671945155,327905,15925,311980
20714,1.2069131988027422,327905,15925,311980
20715,1.2068549360366885,327905,15925,311980
20716,1.2067966788955398,327905,15925,311980
20717,1.2067384273784814,327572,15769,311803
20718,1.2066801814846992,327572,15769,311803
20719,1.206621941213379,327572,15769,311803
20720,1.2065637065637065,327572,15769,311803
20721,1.206505477534868,327572,15769,311803
20722,1.2064472541260496,327525,15774,311751
20723,1.2063890363364378,327525,15774,311751
20724,1.206330824165219,327525,15774,311751
20725,1.2062726176115801,327525,15774,311751
20726,1.2062144166747082,327525,15774,311751
20727,1.2061562213537897,327525,15774,311751
20728,1.2060980316480123,327525,15774,311751
20729,1.2060398475565632,327525,15774,311751
20730,1.20598166907863,327525,15774,311751
20731,1.2059234962134002,327525,15774,311751
20732,1.2058653289600618,327525,15774,311751
20733,1.2058071673178026,327525,15774,311751
20734,1.2057490112858107,327525,15774,311751
20735,1.2056908608632746,327525,15774,311751
20736,1.2056327160493827,327525,15774,311751
20737,1.2055745768433235,327525,15774,311751
20738,1.2055164432442858,327525,15774,311751
20739,1.2054583152514586,327525,15774,311751
20740,1.2054001928640308,327525,15774,311751
20741,1.205342076081192,327525,15774,311751
20742,1.205283964902131,327525,15774,311751
20743,1.2052258593260377,327525,15774,311751
20744,1.2051677593521017,327525,15774,311751
20745,1.2051096649795132,327525,15774,311751
20746,1.2050515762074616,327525,15774,311751
20747,1.2049934930351376,327525,15774,311751
20748,1.2049354154617313,327525,15774,311751
20749,1.204877343486433,327525,15774,311751
20750,1.2048192771084338,327207,15702,311505
20751,1.204761216326924,327207,15702,311505
20752,1.2047031611410948,327207,15702,311505
20753,1.2046451115501373,327207,15702,311505
20754,1.2045870675532429,327207,15702,311505
20755,1.2045290291496025,327207,15702,311505
20756,1.2044709963384082,327207,15702,311505
20757,1.2044129691188514,327207,15702,311505
20758,1.2043549474901243,326945,15702,311243
20759,1.2042969314514187,326945,15702,311243
20760,1.2042389210019269,326945,15702,311243
20761,1.204180916140841,326945,15702,311243
20762,1.2041229168673537,326945,15702,311243
20763,1.204064923180658,326945,15702,311243
20764,1.204006935079946,326945,15702,311243
20765,1.2039489525644114,326945,15702,311243
20766,1.2038909756332468,326945,15702,311243
20767,1.2038330042856455,326945,15702,311243
20768,1.2037750385208013,326945,15702,311243
20769,1.2037170783379074,326945,15702,311243
20770,1.203659123736158,326945,15702,311243
20771,1.2036011747147466,326945,15702,311243
20772,1.2035432312728673,326945,15702,311243
20773,1.2034852934097144,326945,15702,311243
20774,1.2034273611244826,326945,15702,311243
20775,1.203369434416366,326945,15702,311243
20776,1.203311513284559,326945,15702,311243
20777,1.2032535977282572,326945,15702,311243
20778,1.2031956877466552,326945,15702,311243
20779,1.203137783338948,326945,15702,311243
20780,1.2030798845043311,326889,15702,311187
20781,1.203021991242,326889,15702,311187
20782,1.20296410355115,326889,15702,311187
20783,1.2029062214309771,326889,15702,311187
20784,1.2028483448806775,326889,15702,311187
20785,1.2027904738994468,326889,15702,311187
20786,1.2027326084864813,326889,15702,311187
20787,1.2026747486409775,326889,15702,311187
20788,1.202616894362132,326889,15702,311187
20789,1.2025590456491413,326889,15702,311187
20790,1.2025012025012025,326889,15702,311187
20791,1.2024433649175124,326889,15702,311187
20792,1.2023855328972681,326889,15702,311187
20793,1.2023277064396671,326889,15702,311187
20794,1.202269885543907,326889,15702,311187
20795,1.202212070209185,326889,15702,311187
20796,1.202154260434699,326889,15702,311187
20797,1.202096456219647,326889,15702,311187
20798,1.2020386575632271,326889,15702,311187
20799,1.2019808644646377,326889,15702,311187
20800,1.2019230769230769,326889,15702,311187
20801,1.2018652949377433,326889,15702,311187
20802,1.2018075185078358,326889,15702,311187
20803,1.201749747632553,326889,15702,311187
20804,1.201691982311094,326889,15702,311187
20805,1.201634222542658,326889,15702,311187
20806,1.2015764683264443,326889,15702,311187
20807,1.2015187196616524,326889,15702,311187
20808,1.2014609765474817,326889,15702,311187
20809,1.2014032389831324,326889,15702,311187
20810,1.2013455069678038,326889,15702,311187
20811,1.2012877805006967,326889,15702,311187
20812,1.201230059581011,326889,15702,311187
20813,1.201172344207947,326889,15702,311187
20814,1.2011146343807053,326889,15702,311187
20815,1.2010569300984866,326889,15702,311187
20816,1.200999231360492,326889,15702,311187
20817,1.200941538165922,326889,15702,311187
20818,1.2008838505139783,326889,15702,311187
20819,1.200826168403862,326889,15702,311187
20820,1.2007684918347743,326889,15702,311187
20821,1.2007108208059172,326889,15702,311187
20822,1.200653155316492,326889,15702,311187
20823,1.2005954953657014,326889,15702,311187
20824,1.2005378409527467,326889,15702,311187
20825,1.2004801920768307,326889,15702,311187
20826,1.2004225487371554,326889,15702,311187
20827,1.2003649109329235,326889,15702,311187
20828,1.2003072786633378,326889,15702,311187
20829,1.200249651927601,326889,15702,311187
20830,1.200192030724916,326889,15702,311187
20831,1.2001344150544861,326889,15702,311187
20832,1.2000768049155146,326889,15702,311187
20833,1.200019200307205,326889,15702,311187
20834,1.1999616012287606,326889,15702,311187
20835,1.1999040076793857,326889,15702,311187
20836,1.1998464196582836,326889,15702,311187
20837,1.199788837164659,326889,15702,311187
20838,1.1997312601977157,326889,15702,311187
20839,1.1996736887566581,326889,15702,311187
20840,1.199616122840691,326889,15702,311187
20841,1.1995585624490188,326889,15702,311187
20842,1.1995010075808463,326889,15702,311187
20843,1.1994434582353788,326889,15702,311187
20844,1.199385914411821,326889,15702,311187
20845,1.1993283761093787,326889,15702,311187
20846,1.199270843327257,326889,15702,311187
20847,1.1992133160646616,326181,15702,310479
20848,1.1991557943207982,326181,15702,310479
20849,1.1990982780948727,326181,15702,310479
20850,1.1990407673860912,326181,15702,310479
20851,1.1989832621936598,326181,15702,310479
20852,1.198925762516785,326181,15702,310479
20853,1.1988682683546732,326181,15702,310479
20854,1.198810779706531,326181,15702,310479
20855,1.1987532965715655,326181,15702,310479
20856,1.1986958189489836,326181,15702,310479
20857,1.198638346837992,326181,15702,310479
20858,1.1985808802377984,326181,15702,310479
20859,1.1985234191476102,326181,15702,310479
20860,1.1984659635666348,326181,15702,310479
20861,1.1984085134940798,326181,15702,310479
20862,1.1983510689291534,326181,15702,310479
20863,1.1982936298710636,326181,15702,310479
20864,1.1982361963190185,326181,15702,310479
20865,1.1981787682722262,326181,15702,310479
20866,1.1981213457298956,326065,15918,310147
20867,1.198063928691235,326065,15918,310147
20868,1.1980065171554533,326065,15918,310147
20869,1.1979491111217595,326065,15918,310147
20870,1.1978917105893627,326065,15918,310147
20871,1.197834315557472,326065,15918,310147
20872,1.197776926025297,326065,15918,310147
20873,1.1977195419920472,326065,15918,310147
20874,1.197662163456932,326065,15918,310147
20875,1.1976047904191616,326065,15918,310147
20876,1.197547422877946,326065,15918,310147
20877,1.197490060832495,326065,15918,310147
20878,1.1974327042820194,326065,15918,310147
20879,1.1973753532257292,326065,15918,310147
20880,1.1973180076628354,326065,15918,310147
20881,1.1972606675925483,326065,15918,310147
20882,1.1972033330140792,326065,15918,310147
20883,1.1971460039266388,326065,15918,310147
20884,1.1970886803294387,326065,15918,310147
20885,1.1970313622216902,326065,15918,310147
20886,1.1969740496026047,326065,15918,310147
20887,1.1969167424713938,326065,15918,310147
20888,1.1968594408272692,326065,15918,310147
20889,1.1968021446694432,326065,15918,310147
20890,1.1967448539971277,326010,15918,310092
20891,1.1966875688095353,326010,15918,310092
20892,1.1966302891058778,326010,15918,310092
20893,1.1965730148853684,326010,15918,310092
20894,1.1965157461472193,325969,15918,310051
20895,1.1964584828906437,325969,15918,310051
20896,1.1964012251148546,325969,15918,310051
20897,1.196343972819065,325969,15918,310051
20898,1.1962867260024883,325969,15918,310051
20899,1.196229484664338,325969,15918,310051
20900,1.1961722488038278,325969,15918,310051
20901,1.1961150184201712,325969,15918,310051
20902,1.1960577935125825,325969,15918,310051
20903,1.1960005740802755,325969,15918,310051
20904,1.1959433601224645,325969,15918,310051
20905,1.195886151638364,325969,15918,310051
20906,1.1958289486271885,325969,15918,310051
20907,1.1957717510881523,325969,15918,310051
20908,1.1957145590204705,325969,15918,310051
20909,1.1956573724233583,325969,15918,310051
20910,1.1956001912960306,325969,15918,310051
20911,1.1955430156377027,325969,15918,310051
20912,1.1954858454475898,325969,15918,310051
20913,1.195428680724908,325969,15918,310051
20914,1.1953715214688725,325969,15918,310051
20915,1.1953143676786995,325969,15918,310051
20916,1.1952572193536048,325969,15918,310051
20917,1.1952000764928048,325969,15918,310051
20918,1.1951429390955157,325969,15918,310051
20919,1.1950858071609542,325969,15918,310051
20920,1.1950286806883366,325652,15918,309734
20921,1.1949715596768797,325652,15918,309734
20922,1.1949144441258006,325652,15918,309734
20923,1.1948573340343163,325652,15918,309734
20924,1.194800229401644,325652,15918,309734
20925,1.1947431302270013,325652,15918,309734
20926,1.1946860365096053,325652,15918,309734
20927,1.194628948248674,325652,15918,309734
20928,1.194571865443425,325652,15918,309734
20929,1.1945147880930767,325652,15918,309734
20930,1.1944577161968466,325652,15918,309734
20931,1.1944006497539534,325652,15918,309734
20932,1.1943435887636156,325652,15918,309734
20933,1.1942865332250514,325652,15918,309734
20934,1.1942294831374798,325652,15918,309734
20935,1.1941724385001193,325652,15918,309734
20936,1.1941153993121896,325652,15918,309734
20937,1.1940583655729091,325652,15918,309734
20938,1.1940013372814977,325652,15918,309734
20939,1.1939443144371746,325652,15918,309734
20940,1.1938872970391594,325652,15918,309734
20941,1.193830285086672,325652,15918,309734
20942,1.1937732785789323,325652,15918,309734
20943,1.1937162775151602,325652,15918,309734
20944,1.193659281894576,325652,15918,309734
20945,1.1936022917164002,325652,15918,309734
20946,1.193545306979853,325652,15918,309734
20947,1.1934883276841552,325652,15918,309734
20948,1.1934313538285277,325652,15918,309734
20949,1.1933743854121914,325652,15918,309734
20950,1.1933174224343674,325652,15918,309734
20951,1.193260464894277,325652,15918,309734
20952,1.1932035127911416,325652,15918,309734
20953,1.1931465661241827,325652,15918,309734
20954,1.193089624892622,325652,15918,309734
20955,1.1930326890956813,325652,15918,309734
20956,1.1929757587325827,325652,15918,309734
20957,1.192918833802548,325652,15918,309734
20958,1.1928619143048,325652,15918,309734
20959,1.192805000238561,325652,15918,309734
20960,1.1927480916030535,325652,15918,309734
20961,1.1926911883975002,325652,15918,309734
20962,1.192634290621124,325652,15918,309734
20963,1.192577398273148,325652,15918,309734
20964,1.1925205113527952,325652,15918,309734
20965,1.1924636298592892,325652,15918,309734
20966,1.1924067537918535,325652,15918,309734
20967,1.1923498831497115,325652,15918,309734
20968,1.192293017932087,325652,15918,309734
20969,1.192236158138204,325652,15918,309734
20970,1.1921793037672865,325652,15918,309734
20971,1.192122454818559,325652,15918,309734
20972,1.1920656112912456,325652,15918,309734
20973,1.1920087731845705,325652,15918,309734
20974,1.1919519404977592,325652,15918,309734
20975,1.1918951132300357,325652,15918,309734
20976,1.1918382913806256,325652,15918,309734
20977,1.1917814749487534,325652,15918,309734
20978,1.1917246639336447,325652,15918,309734
20979,1.191667858334525,325652,15918,309734
20980,1.1916110581506196,325652,15918,309734
20981,1.1915542633811544,325652,15918,309734
20982,1.191497474025355,325652,15918,309734
20983,1.1914406900824477,325652,15918,309734
20984,1.1913839115516585,325652,15918,309734
20985,1.1913271384322135,325652,15918,309734
20986,1.1912703707233394,325652,15918,309734
20987,1.1912136084242626,325652,15918,309734
20988,1.19115685153421,325652,15918,309734
20989,1.1911001000524084,325652,15918,309734
20990,1.1910433539780847,325652,15918,309734
20991,1.1909866133104663,325652,15918,309734
20992,1.1909298780487805,325652,15918,309734
20993,1.1908731481922545,325652,15918,309734
20994,1.1908164237401162,325652,15918,309734
20995,1.1907597046915932,325463,15918,309545
20996,1.1907029910459135,325463,15918,309545
20997,1.190646282802305,325349,15918,309431
20998,1.1905895799599961,325349,15918,309431
20999,1.190532882518215,325349,15918,309431
21000,1.1904761904761905,325349,15918,309431
21001,1.1904195038331509,325349,15918,309431
21002,1.190362822588325,325349,15918,309431
21003,1.1903061467409417,325349,15918,309431
21004,1.1902494762902305,325349,15918,309431
21005,1.19019281123542,325349,15918,309431
21006,1.1901361515757403,325349,15918,309431
21007,1.1900794973104203,325349,15918,309431
21008,1.19002284843869,325349,15918,309431
21009,1.1899662049597792,325349,15918,309431
21010,1.1899095668729176,325349,15918,309431
21011,1.1898529341773356,325349,15918,309431
21012,1.1897963068722635,325349,15918,309431
21013,1.1897396849569315,325272,15918,309354
21014,1.1896830684305701,325272,15918,309354
21015,1.1896264572924102,325272,15918,309354
21016,1.1895698515416826,325150,15969,309181
21017,1.189513251177618,325150,15969,309181
21018,1.1894566561994482,325150,15969,309181
21019,1.1894000666064037,325150,15969,309181
21020,1.1893434823977165,325150,15969,309181
21021,1.189286903572618,325150,15969,309181
21022,1.1892303301303397,325150,15969,309181
21023,1.1891737620701137,325150,15969,309181
21024,1.189117199391172,325150,15969,309181
21025,1.1890606420927468,325150,15969,309181
21026,1.1890040901740702,325150,15969,309181
21027,1.1889475436343748,325150,15969,309181
21028,1.1888910024728934,325048,16021,309027
21029,1.1888344666888582,325048,16021,309027
21030,1.1887779362815025,325048,16021,309027
21031,1.1887214112500595,325048,16021,309027
21032,1.1886648915937619,325048,16021,309027
21033,1.1886083773118432,325048,16021,309027
21034,1.1885518684035372,325048,16021,309027
21035,1.188495364868077,325048,16021,309027
21036,1.1884388667046968,325048,16021,309027
21037,1.18838237391263,325048,16021,309027
21038,1.1883258864911113,324909,16021,308888
21039,1.1882694044393745,324909,16021,308888
21040,1.188212927756654,324909,16021,308888
21041,1.1881564564421843,324909,16021,308888
21042,1.1880999904952,324909,16021,308888
21043,1.1880435299149361,324909,16021,308888
21044,1.1879870747006274,324909,16021,308888
21045,1.1879306248515087,324909,16021,308888
21046,1.1878741803668156,324909,16021,308888
21047,1.1878177412457833,324909,16021,308888
21048,1.1877613074876472,324909,16021,308888
21049,1.1877048790916434,324909,16021,308888
21050,1.187648456057007,324909,16021,308888
21051,1.1875920383829748,324909,16021,308888
21052,1.1875356260687822,324909,16021,308888
21053,1.1874792191136656,324909,16021,308888
21054,1.1874228175168613,324909,16021,308888
21055,1.1873664212776063,324909,16021,308888
21056,1.1873100303951367,324848,16064,308784
21057,1.1872536448686897,324676,16064,308612
21058,1.1871972646975022,324676,16064,308612
21059,1.1871408898808111,324676,16064,308612
21060,1.1870845204178537,324676,16064,308612
21061,1.1870281563078677,324676,16064,308612
21062,1.1869717975500902,324676,16064,308612
21063,1.1869154441437593,324676,16064,308612
21064,1.1868590960881125,324676,16064,308612
21065,1.186802753382388,324433,16064,308369
21066,1.1867464160258236,324433,16064,308369
21067,1.186690084017658,324433,16064,308369
21068,1.1866337573571293,324433,16064,308369
21069,1.1865774360434762,324433,16064,308369
21070,1.1865211200759374,324433,16064,308369
21071,1.1864648094537515,324433,16064,308369
21072,1.1864085041761578,324433,16064,308369
21073,1.1863522042423955,324433,16064,308369
21074,1.1862959096517036,324433,16064,308369
21075,1.1862396204033214,324433,16064,308369
21076,1.1861833364964889,324433,16064,308369
21077,1.1861270579304455,324433,16064,308369
21078,1.1860707847044312,324433,16064,308369
21079,1.1860145168176859,324354,16064,308290
21080,1.1859582542694498,324354,16064,308290
21081,1.185901997058963,324354,16064,308290
21082,1.1858457451854663,324354,16064,308290
21083,1.1857894986482,324354,16064,308290
21084,1.1857332574464048,324354,16064,308290
21085,1.1856770215793218,324354,16064,308290
21086,1.1856207910461918,324354,16064,308290
21087,1.185564565846256,324354,16064,308290
21088,1.1855083459787557,324354,16064,308290
21089,1.1854521314429323,324354,16064,308290
21090,1.1853959222380275,324354,16064,308290
21091,1.185339718363283,324354,16064,308290
21092,1.1852835198179406,324354,16064,308290
21093,1.185227326601242,324354,16064,308290
21094,1.1851711387124302,324354,16064,308290
21095,1.1851149561507466,324354,16064,308290
21096,1.185058778915434,324354,16064,308290
21097,1.1850026070057353,324354,16064,308290
21098,1.184946440420893,324354,16064,308290
21099,1.1848902791601497,324354,16064,308290
21100,1.1848341232227488,324354,16064,308290
21101,1.1847779726079333,324354,16064,308290
21102,1.1847218273149465,324323,16064,308259
21103,1.184665687343032,324323,16064,308259
21104,1.1846095526914329,324323,16064,308259
21105,1.1845534233593935,324323,16064,308259
21106,1.1844972993461576,324323,16064,308259
21107,1.184441180650969,324323,16064,308259
21108,1.1843850672730718,324323,16064,308259
21109,1.1843289592117106,324323,16064,308259
21110,1.1842728564661298,324323,16064,308259
21111,1.1842167590355739,324323,16064,308259
21112,1.1841606669192877,324323,16064,308259
21113,1.184104580116516,324323,16064,308259
21114,1.1840484986265036,324323,16064,308259
21115,1.1839924224484963,324323,16064,308259
21116,1.183936351581739,324323,16064,308259
21117,1.1838802860254771,324295,16064,308231
21118,1.1838242257789564,324295,16064,308231
21119,1.1837681708414225,324295,16064,308231
21120,1.183712121212121,324295,16064,308231
21121,1.1836560768902988,324295,16064,308231
21122,1.1836000378752012,324295,16064,308231
21123,1.183544004166075,324295,16064,308231
21124,1.1834879757621664,324295,16064,308231
21125,1.183431952662722,324295,16064,308231
21126,1.1833759348669886,324295,16064,308231
21127,1.183319922374213,324295,16064,308231
21128,1.1832639151836426,324176,16052,308124
21129,1.1832079132945241,324176,16052,308124
21130,1.183151916706105,324176,16052,308124
21131,1.1830959254176328,324176,16052,308124
21132,1.183039939428355,324176,16052,308124
21133,1.1829839587375195,324176,16052,308124
21134,1.182927983344374,324176,16052,308124
21135,1.1828720132481665,323964,16114,307850
21136,1.1828160484481454,323964,16114,307850
21137,1.1827600889435588,323964,16114,307850
21138,1.182704134733655,323964,16114,307850
21139,1.182648185817683,323964,16114,307850
21140,1.1825922421948911,323964,16114,307850
21141,1.1825363038645287,323964,16114,307850
21142,1.1824803708258442,323964,16114,307850
21143,1.1824244430780873,323964,16114,307850
21144,1.182368520620507,323964,16114,307850
21145,1.1823126034523528,323964,16114,307850
21146,1.1822566915728743,323770,15766,308004
21147,1.1822007849813212,323770,15766,308004
21148,1.1821448836769435,323679,15781,307898
21149,1.182088987658991,323679,15781,307898
21150,1.1820330969267139,323679,15781,307898
21151,1.1819772114793627,323679,15781,307898
21152,1.1819213313161876,323679,15781,307898
21153,1.1818654564364393,323679,15781,307898
21154,1.1818095868393685,323679,15781,307898
21155,1.181753722524226,323679,15781,307898
21156,1.1816978634902628,323679,15781,307898
21157,1.1816420097367302,323679,15781,307898
21158,1.1815861612628793,323679,15781,307898
21159,1.1815303180679617,323679,15781,307898
21160,1.1814744801512287,323679,15781,307898
21161,1.1814186475119324,323679,15781,307898
21162,1.1813628201493243,323332,15781,307551
21163,1.1813069980626565,323332,15781,307551
21164,1.1812511812511812,323332,15781,307551
21165,1.1811953697141506,323332,15781,307551
21166,1.1811395634508173,323332,15781,307551
21167,1.1810837624604338,323332,15781,307551
21168,1.1810279667422525,323332,15781,307551
21169,1.1809721762955265,323332,15781,307551
21170,1.1809163911195086,323332,15781,307551
21171,1.1808606112134523,323332,15781,307551
21172,1.1808048365766106,323332,15781,307551
21173,1.1807490672082368,323332,15781,307551
21174,1.1806933031075848,323332,15781,307551
21175,1.1806375442739079,323332,15781,307551
21176,1.1805817907064602,323332,15781,307551
21177,1.1805260424044954,323332,15781,307551
21178,1.180470299367268,323258,15781,307477
21179,1.1804145615940318,323258,15781,307477
21180,1.1803588290840414,323258,15781,307477
21181,1.1803031018365515,323258,15781,307477
21182,1.1802473798508166,323258,15781,307477
21183,1.1801916631260916,323258,15781,307477
21184,1.1801359516616314,323258,15781,307477
21185,1.180080245456691,323258,15781,307477
21186,1.1800245445105257,323258,15781,307477
21187,1.1799688488223912,323258,15781,307477
21188,1.1799131583915423,323258,15781,307477
21189,1.1798574732172353,323258,15781,307477
21190,1.179801793298726,323258,15781,307477
21191,1.1797461186352698,323258,15781,307477
21192,1.179690449226123,323258,15781,307477
21193,1.1796347850705422,323258,15781,307477
21194,1.1795791261677833,323258,15781,307477
21195,1.179523472517103,323258,15781,307477
21196,1.179467824117758,323258,15781,307477
21197,1.179412180969005,323258,15781,307477
21198,1.179356543070101,323258,15781,307477
21199,1.179300910420303,323258,15781,307477
21200,1.179245283018868,323258,15781,307477
21201,1.1791896608650536,323258,15781,307477
21202,1.179134043958117,323258,15781,307477
21203,1.1790784322973165,323258,15781,307477
21204,1.179022825881909,323258,15781,307477
21205,1.1789672247111531,323258,15781,307477
21206,1.1789116287843062,323258,15781,307477
21207,1.1788560381006272,323258,15781,307477
21208,1.1788004526593738,323258,15781,307477
21209,1.1787448724598049,323258,15781,307477
21210,1.1786892975011787,323258,15781,307477
21211,1.1786337277827543,323258,15781,307477
21212,1.1785781633037904,323258,15781,307477
21213,1.178522604063546,323258,15781,307477
21214,1.1784670500612804,323258,15781,307477
21215,1.1784115012962526,323258,15781,307477
21216,1.1783559577677225,323258,15781,307477
21217,1.1783004194749493,323258,15781,307477
21218,1.178244886417193,323258,15781,307477
21219,1.178189358593713,323258,15781,307477
21220,1.17813383600377,323258,15781,307477
21221,1.1780783186466237,323258,15781,307477
21222,1.1780228065215343,323190,15781,307409
21223,1.1779672996277624,323190,15781,307409
21224,1.1779117979645684,323030,15685,307345
21225,1.1778563015312131,323030,15685,307345
21226,1.1778008103269575,323030,15685,307345
21227,1.1777453243510623,323030,15685,307345
21228,1.1776898436027887,323030,15685,307345
21229,1.177634368081398,323030,15685,307345
21230,1.1775788977861517,323030,15685,307345
21231,1.177523432716311,323030,15685,307345
21232,1.177467972871138,323030,15685,307345
21233,1.177412518249894,323030,15685,307345
21234,1.1773570688518413,323030,15685,307345
21235,1.177301624676242,323030,15685,307345
21236,1.1772461857223582,323030,15685,307345
21237,1.1771907519894524,323030,15685,307345
21238,1.177135323476787,323030,15685,307345
21239,1.1770799001836245,323030,15685,307345
21240,1.177024482109228,323030,15685,307345
21241,1.17696906925286,323030,15685,307345
21242,1.176913661613784,322731,15685,307046
21243,1.176858259191263,322731,15685,307046
21244,1.1768028619845603,322622,15681,306941
21245,1.1767474699929394,322622,15681,306941
21246,1.1766920832156642,322622,15681,306941
21247,1.1766367016519979,322622,15681,306941
21248,1.1765813253012047,322622,15681,306941
21249,1.1765259541625488,322622,15681,306941
21250,1.1764705882352942,322622,15681,306941
21251,1.176415227518705,322622,15681,306941
21252,1.1763598720120458,322622,15681,306941
21253,1.1763045217145816,322622,15681,306941
21254,1.1762491766255763,322622,15681,306941
21255,1.1761938367442955,322622,15681,306941
21256,1.1761385020700037,322569,15681,306888
21257,1.1760831726019665,322569,15681,306888
21258,1.1760278483394486,322569,15681,306888
21259,1.175972529281716,322569,15681,306888
21260,1.175917215428034,322569,15681,306888
21261,1.175861906777668,322569,15681,306888
21262,1.1758066033298844,322569,15681,306888
21263,1.1757513050839485,322569,15681,306888
21264,1.175696012039127,322569,15681,306888
21265,1.175640724194686,322569,15681,306888
21266,1.1755854415498919,322569,15681,306888
21267,1.175530164104011,322569,15681,306888
21268,1.17547489185631,322569,15681,306888
21269,1.1754196248060558,322569,15681,306888
21270,1.1753643629525152,322569,15681,306888
21271,1.1753091062949557,322569,15681,306888
21272,1.1752538548326439,322569,15681,306888
21273,1.1751986085648474,322569,15681,306888
21274,1.1751433674908338,322569,15681,306888
21275,1.1750881316098707,322569,15681,306888
21276,1.1750329009212257,322569,15681,306888
21277,1.174977675424167,322569,15681,306888
21278,1.1749224551179622,322569,15681,306888
21279,1.1748672400018798,322569,15681,306888
21280,1.1748120300751879,322569,15681,306888
21281,1.1747568253371552,322569,15681,306888
21282,1.1747016257870502,322569,15681,306888
21283,1.1746464314241414,322569,15681,306888
21284,1.1745912422476978,322569,15681,306888
21285,1.1745360582569886,322569,15681,306888
21286,1.1744808794512824,322569,15681,306888
21287,1.1744257058298493,322569,15681,306888
21288,1.174370537391958,322569,15681,306888
21289,1.1743153741368781,322569,15681,306888
21290,1.1742602160638798,322569,15681,306888
21291,1.1742050631722325,322569,15681,306888
21292,1.174149915461206,322569,15681,306888
21293,1.1740947729300708,322569,15681,306888
21294,1.174039635578097,322569,15681,306888
21295,1.173984503404555,322569,15681,306888
21296,1.1739293764087153,322569,15681,306888
21297,1.1738742545898484,322569,15681,306888
21298,1.1738191379472251,322569,15681,306888
21299,1.1737640264801164,322569,15681,306888
21300,1.1737089201877935,322569,15681,306888
21301,1.1736538190695271,322569,15681,306888
21302,1.1735987231245892,322569,15681,306888
21303,1.1735436323522508,322569,15681,306888
21304,1.1734885467517837,322569,15681,306888
21305,1.1734334663224595,322569,15681,306888
21306,1.1733783910635502,322569,15681,306888
21307,1.1733233209743277,322569,15681,306888
21308,1.1732682560540642,322569,15681,306888
21309,1.173213196302032,322569,15681,306888
21310,1.1731581417175034,322569,15681,306888
21311,1.1731030922997514,322569,15681,306888
21312,1.173048048048048,322569,15681,306888
21313,1.1729930089616667,322569,15681,306888
21314,1.1729379750398798,322569,15681,306888
21315,1.172882946281961,322569,15681,306888
21316,1.1728279226871834,322569,15681,306888
21317,1.17277290425482,322560,15681,306879
21318,1.172717890984145,322560,15681,306879
21319,1.1726628828744312,322560,15681,306879
21320,1.172607879924953,322560,15681,306879
21321,1.1725528821349842,322560,15681,306879
21322,1.172497889503799,322560,15681,306879
21323,1.172442902030671,322560,15681,306879
21324,1.1723879197148752,322560,15681,306879
21325,1.1723329425556859,322560,15681,306879
21326,1.1722779705523774,322560,15681,306879
21327,1.1722230037042247,322560,15681,306879
21328,1.1721680420105027,322560,15681,306879
21329,1.1721130854704862,322560,15681,306879
21330,1.1720581340834506,322560,15681,306879
21331,1.172003187848671,322560,15681,306879
21332,1.1719482467654228,322560,15681,306879
21333,1.1718933108329819,322560,15681,306879
21334,1.1718383800506234,322560,15681,306879
21335,1.1717834544176235,322560,15681,306879
21336,1.1717285339332584,322560,15681,306879
21337,1.1716736185968037,322560,15681,306879
21338,1.1716187084075358,322560,15681,306879
21339,1.1715638033647313,322452,15681,306771
21340,1.1715089034676665,322452,15681,306771
21341,1.1714540087156178,322452,15681,306771
21342,1.1713991191078625,322452,15681,306771
21343,1.171344234643677,322452,15681,306771
21344,1.171289355322339,322452,15681,306771
21345,1.1712344811431248,322452,15681,306771
21346,1.1711796121053124,322452,15681,306771
21347,1.1711247482081792,322452,15681,306771
21348,1.1710698894510025,322452,15681,306771
21349,1.17101503583306,322452,15681,306771
21350,1.17096018735363,322452,15681,306771
21351,1.17090534401199,322452,15681,306771
21352,1.1708505058074186,322452,15681,306771
21353,1.1707956727391935,322452,15681,306771
21354,1.1707408448065937,322452,15681,306771
21355,1.1706860220088973,322452,15681,306771
21356,1.170631204345383,322452,15681,306771
21357,1.1705763918153298,322452,15681,306771
21358,1.1705215844180166,322452,15681,306771
21359,1.1704667821527226,322452,15681,306771
21360,1.1704119850187267,322452,15681,306771
21361,1.1703571930153083,322452,15681,306771
21362,1.170302406141747,322452,15681,306771
21363,1.1702476243973226,322452,15681,306771
21364,1.1701928477813144,322452,15681,306771
21365,1.1701380762930025,322452,15681,306771
21366,1.1700833099316672,322452,15681,306771
21367,1.1700285486965882,322452,15681,306771
21368,1.1699737925870461,322452,15681,306771
21369,1.169919041602321,322452,15681,306771
21370,1.169864295741694,322452,15681,306771
21371,1.1698095550044452,322452,15681,306771
21372,1.169754819389856,322452,15681,306771
21373,1.1697000888972067,322452,15681,306771
21374,1.169645363525779,322452,15681,306771
21375,1.1695906432748537,322452,15681,306771
21376,1.1695359281437125,322452,15681,306771
21377,1.1694812181316367,322452,15681,306771
21378,1.169426513237908,322452,15681,306771
21379,1.1693718134618083,322452,15681,306771
21380,1.1693171188026192,322452,15681,306771
21381,1.169262429259623,322452,15681,306771
21382,1.1692077448321017,322452,15681,306771
21383,1.1691530655193378,322452,15681,306771
21384,1.1690983913206134,322452,15681,306771
21385,1.1690437222352117,322452,15681,306771
21386,1.1689890582624147,322452,15681,306771
21387,1.1689343994015056,322452,15681,306771
21388,1.1688797456517674,322452,15681,306771
21389,1.1688250970124832,322452,15681,306771
21390,1.168770453482936,322452,15681,306771
21391,1.1687158150624095,322452,15681,306771
21392,1.168661181750187,322452,15681,306771
21393,1.1686065535455523,322452,15681,306771
21394,1.1685519304477892,322452,15681,306771
21395,1.1684973124561813,322452,15681,306771
21396,1.168442699570013,322452,15681,306771
21397,1.1683880917885685,322452,15681,306771
21398,1.1683334891111319,322452,15681,306771
21399,1.1682788915369877,322452,15681,306771
21400,1.1682242990654206,322452,15681,306771
21401,1.1681697116957153,322452,15681,306771
21402,1.1681151294271563,322452,15681,306771
21403,1.168060552259029,322452,15681,306771
21404,1.1680059801906186,322452,15681,306771
21405,1.16795141322121,322452,15681,306771
21406,1.1678968513500887,322452,15681,306771
21407,1.1678422945765403,322452,15681,306771
21408,1.1677877428998504,322452,15681,306771
21409,1.167733196319305,322452,15681,306771
21410,1.1676786548341895,322452,15681,306771
21411,1.1676241184437905,322452,15681,306771
21412,1.167569587147394,322452,15681,306771
21413,1.1675150609442861,322452,15681,306771
21414,1.1674605398337536,322452,15681,306771
21415,1.167406023815083,322452,15681,306771
21416,1.1673515128875607,322452,15681,306771
21417,1.167297007050474,322452,15681,306771
21418,1.1672425063031096,322452,15681,306771
21419,1.1671880106447547,322452,15681,306771
21420,1.1671335200746966,322452,15681,306771
21421,1.1670790345922226,322452,15681,306771
21422,1.1670245541966202,322452,15681,306771
21423,1.1669700788871773,322452,15681,306771
21424,1.1669156086631816,322452,15681,306771
21425,1.1668611435239207,322452,15681,306771
21426,1.166806683468683,320422,15681,304741
21427,1.1667522284967564,320422,15681,304741
21428,1.1666977786074295,320422,15681,304741
21429,1.1666433337999906,320422,15681,304741
21430,1.1665888940737283,320422,15681,304741
21431,1.1665344594279314,320422,15681,304741
21432,1.1664800298618887,320422,15681,304741
21433,1.1664256053748892,320422,15681,304741
21434,1.1663711859662218,320422,15681,304741
21435,1.166316771635176,319738,15937,303801
21436,1.1662623623810413,319738,15937,303801
21437,1.1662079582031069,319738,15937,303801
21438,1.1661535591006624,319738,15937,303801
21439,1.1660991650729977,319738,15937,303801
21440,1.166044776119403,319738,15937,303801
21441,1.165990392239168,319738,15937,303801
21442,1.1659360134315828,319738,15937,303801
21443,1.1658816396959382,319738,15937,303801
21444,1.165827271031524,319738,15937,303801
21445,1.165772907437631,319738,15937,303801
21446,1.1657185489135504,319738,15937,303801
21447,1.1656641954585722,319738,15937,303801
21448,1.165609847071988,319738,15937,303801
21449,1.1655555037530887,319738,15937,303801
21450,1.1655011655011656,319738,15937,303801
21451,1.1654468323155098,319738,15937,303801
21452,1.165392504195413,319738,15937,303801
21453,1.1653381811401669,319738,15937,303801
21454,1.1652838631490632,319738,15937,303801
21455,1.1652295502213936,319738,15937,303801
21456,1.1651752423564503,319738,15937,303801
21457,1.1651209395535256,319738,15937,303801
21458,1.1650666418119116,319738,15937,303801
21459,1.1650123491309008,319738,15937,303801
21460,1.1649580615097856,319738,15937,303801
21461,1.164903778947859,319738,15937,303801
21462,1.1648495014444133,319738,15937,303801
21463,1.164795228998742,319738,15937,303801
21464,1.1647409616101378,319738,15937,303801
21465,1.1646866992778941,319738,15937,303801
21466,1.1646324420013043,319738,15937,303801
21467,1.1645781897796619,319738,15937,303801
21468,1.16452394261226,319738,15937,303801
21469,1.164469700498393,319738,15937,303801
21470,1.1644154634373545,319738,15937,303801
21471,1.1643612314284384,319738,15937,303801
21472,1.164307004470939,319738,15937,303801
21473,1.1642527825641504,319738,15937,303801
21474,1.164198565707367,319738,15937,303801
21475,1.1641443538998837,319738,15937,303801
21476,1.1640901471409946,319738,15937,303801
21477,1.164035945429995,319738,15937,303801
21478,1.1639817487661794,319738,15937,303801
21479,1.163927557148843,319738,15937,303801
21480,1.1638733705772812,319738,15937,303801
21481,1.163819189050789,319738,15937,303801
21482,1.163765012568662,319738,15937,303801
21483,1.163710841130196,319738,15937,303801
21484,1.1636566747346864,319738,15937,303801
21485,1.163602513381429,319738,15937,303801
21486,1.1635483570697198,319738,15937,303801
21487,1.163494205798855,319738,15937,303801
21488,1.1634400595681311,319738,15937,303801
21489,1.163385918376844,319738,15937,303801
21490,1.1633317822242903,319738,15937,303801
21491,1.1632776511097669,319738,15937,303801
21492,1.1632235250325702,319738,15937,303801
21493,1.1631694039919973,319738,15937,303801
21494,1.1631152879873452,319738,15937,303801
21495,1.1630611770179111,319738,15937,303801
21496,1.1630070710829923,319220,15937,303283
21497,1.162952970181886,319220,15937,303283
21498,1.1628988743138897,319220,15937,303283
21499,1.1628447834783013,319220,15937,303283
21500,1.1627906976744187,319220,15937,303283
21501,1.1627366169015394,319220,15937,303283
21502,1.1626825411589619,319160,15937,303223
21503,1.1626284704459844,319160,15937,303223
21504,1.1625744047619047,319160,15937,303223
21505,1.162520344106022,319160,15937,303223
21506,1.1624662884776342,319160,15937,303223
21507,1.1624122378760404,319160,15937,303223
21508,1.1623581923005393,319160,15937,303223
21509,1.16230415175043,319160,15937,303223
21510,1.1622501162250116,319160,15937,303223
21511,1.1621960857235833,319160,15937,303223
21512,1.1621420602454444,319160,15937,303223
21513,1.1620880397898945,319160,15937,303223
21514,1.162034024356233,319160,15937,303223
21515,1.1619800139437602,319160,15937,303223
21516,1.1619260085517755,319160,15937,303223
21517,1.161872008179579,319160,15937,303223
21518,1.1618180128264708,319160,15937,303223
21519,1.1617640224917514,319160,15937,303223
21520,1.161710037174721,319160,15937,303223
21521,1.1616560568746805,319160,15937,303223
21522,1.1616020815909303,319160,15937,303223
21523,1.161548111322771,319160,15937,303223
21524,1.1614941460695039,319160,15937,303223
21525,1.1614401858304297,319160,15937,303223
21526,1.16138623060485,319160,15937,303223
21527,1.1613322803920658,319160,15937,303223
21528,1.1612783351913787,319160,15937,303223
21529,1.1612243950020902,319160,15937,303223
21530,1.1611704598235022,319160,15937,303223
21531,1.1611165296549162,319160,15937,303223
21532,1.1610626044956345,319160,15937,303223
21533,1.161008684344959,319160,15937,303223
21534,1.160954769202192,319160,15937,303223
21535,1.1609008590666356,319160,15937,303223
21536,1.160846953937593,319160,15937,303223
21537,1.160793053814366,319160,15937,303223
21538,1.1607391586962579,319160,15937,303223
21539,1.160685268582571,319160,15937,303223
21540,1.1606313834726092,319160,15937,303223
21541,1.1605775033656747,319160,15937,303223
21542,1.1605236282610714,319160,15937,303223
21543,1.1604697581581025,319160,15937,303223
21544,1.1604158930560713,319160,15937,303223
21545,1.1603620329542816,319160,15937,303223
21546,1.1603081778520374,319160,15937,303223
21547,1.1602543277486426,319160,15937,303223
21548,1.1602004826434007,319160,15937,303223
21549,1.1601466425356166,319160,15937,303223
21550,1.160092807424594,319160,15937,303223
21551,1.1600389773096376,319160,15937,303223
21552,1.159985152190052,319103,15937,303166
21553,1.1599313320651417,319103,15937,303166
21554,1.1598775169342117,319103,15937,303166
21555,1.1598237067965669,319103,15937,303166
21556,1.1597699016515124,319103,15937,303166
21557,1.1597161014983532,319103,15937,303166
21558,1.1596623063363949,319103,15937,303166
21559,1.1596085161649428,319103,15937,303166
21560,1.1595547309833023,319103,15937,303166
21561,1.1595009507907796,319103,15937,303166
21562,1.1594471755866802,319103,15937,303166
21563,1.1593934053703103,319030,15937,303093
21564,1.1593396401409757,319030,15937,303093
21565,1.1592858798979828,319030,15937,303093
21566,1.159232124640638,319030,15937,303093
21567,1.1591783743682478,319030,15937,303093
21568,1.1591246290801187,319030,15937,303093
21569,1.1590708887755574,319030,15937,303093
21570,1.1590171534538711,319030,15937,303093
21571,1.1589634231143666,319030,15937,303093
21572,1.1589096977563509,319030,15937,303093
21573,1.1588559773791314,319030,15937,303093
21574,1.1588022619820153,319030,15937,303093
21575,1.1587485515643106,319030,15937,303093
21576,1.1586948461253244,319030,15937,303093
21577,1.1586411456643648,319030,15937,303093
21578,1.1585874501807396,319030,15937,303093
21579,1.1585337596737568,319030,15937,303093
21580,1.1584800741427248,319030,15937,303093
21581,1.1584263935869514,319030,15937,303093
21582,1.1583727180057455,319030,15937,303093
21583,1.1583190473984155,319030,15937,303093
21584,1.1582653817642699,319030,15937,303093
21585,1.1582117211026175,319030,15937,303093
21586,1.1581580654127674,319030,15937,303093
21587,1.158104414694029,319030,15937,303093
21588,1.1580507689457107,319030,15937,303093
21589,1.1579971281671222,319030,15937,303093
21590,1.1579434923575729,319030,15937,303093
21591,1.1578898615163726,318993,15937,303056
21592,1.1578362356428307,318993,15937,303056
21593,1.157782614736257,318993,15937,303056
21594,1.1577289987959618,318993,15937,303056
21595,1.157675387821255,318993,15937,303056
21596,1.1576217818114465,318993,15937,303056
21597,1.157568180765847,318993,15937,303056
21598,1.1575145846837671,318993,15937,303056
21599,1.1574609935645168,318993,15937,303056
21600,1.1574074074074074,318993,15937,303056
21601,1.1573538262117495,318993,15937,303056
21602,1.157300249976854,318993,15937,303056
21603,1.1572466787020321,318993,15937,303056
21604,1.157193112386595,318993,15937,303056
21605,1.157139551029854,318993,15937,303056
21606,1.157085994631121,318993,15937,303056
21607,1.157032443189707,318993,15937,303056
21608,1.1569788967049242,318993,15937,303056
21609,1.156925355176084,318993,15937,303056
21610,1.1568718186024989,318993,15937,303056
21611,1.1568182869834807,318993,15937,303056
21612,1.1567647603183417,318993,15937,303056
21613,1.1567112386063942,318993,15937,303056
21614,1.1566577218469511,318993,15937,303056
21615,1.1566042100393246,318993,15937,303056
21616,1.1565507031828275,318993,15937,303056
21617,1.156497201276773,318993,15937,303056
21618,1.1564437043204736,318993,15937,303056
21619,1.156390212313243,318993,15937,303056
21620,1.1563367252543941,318993,15937,303056
21621,1.1562832431432404,318993,15937,303056
21622,1.1562297659790954,318993,15937,303056
21623,1.1561762937612727,318993,15937,303056
21624,1.1561228264890862,318993,15937,303056
21625,1.1560693641618498,318993,15937,303056
21626,1.1560159067788773,318993,15937,303056
21627,1.155962454339483,318993,15937,303056
21628,1.1559090068429814,318993,15937,303056
21629,1.1558555642886865,318993,15937,303056
21630,1.155802126675913,318993,15937,303056
21631,1.1557486940039758,318993,15937,303056
21632,1.1556952662721893,318993,15937,303056
21633,1.1556418434798688,318993,15937,303056
21634,1.155588425626329,318993,15937,303056
21635,1.1555350127108852,318993,15937,303056
21636,1.1554816047328527,318993,15937,303056
21637,1.155428201691547,318993,15937,303056
21638,1.1553748035862834,318993,15937,303056
21639,1.1553214104163778,318993,15937,303056
21640,1.155268022181146,318993,15937,303056
21641,1.1552146388799038,318993,15937,303056
21642,1.1551612605119674,318993,15937,303056
21643,1.155107887076653,318993,15937,303056
21644,1.1550545185732766,318993,15937,303056
21645,1.155001155001155,318993,15937,303056
21646,1.1549477963596047,318993,15937,303056
21647,1.154894442647942,318993,15937,303056
21648,1.154841093865484,318993,15937,303056
21649,1.154787750011548,318993,15937,303056
21650,1.1547344110854503,318993,15937,303056
21651,1.1546810770865088,318993,15937,303056
21652,1.1546277480140403,318993,15937,303056
21653,1.1545744238673625,318993,15937,303056
21654,1.1545211046457928,318993,15937,303056
21655,1.1544677903486493,318985,15937,303048
21656,1.1544144809752495,318985,15937,303048
21657,1.154361176524911,318985,15937,303048
21658,1.1543078769969526,318985,15937,303048
21659,1.154254582390692,318985,15937,303048
21660,1.154201292705448,318985,15937,303048
21661,1.1541480079405384,318985,15937,303048
21662,1.154094728095282,318985,15937,303048
21663,1.1540414531689978,318985,15937,303048
21664,1.1539881831610044,318985,15937,303048
21665,1.1539349180706209,318985,15937,303048
21666,1.153881657897166,318985,15937,303048
21667,1.1538284026399594,318985,15937,303048
21668,1.1537751522983202,318985,15937,303048
21669,1.1537219068715676,318985,15937,303048
21670,1.1536686663590217,318985,15937,303048
21671,1.153615430760002,318985,15937,303048
21672,1.153562200073828,318985,15937,303048
21673,1.1535089742998201,318985,15937,303048
21674,1.1534557534372982,318985,15937,303048
21675,1.1534025374855825,318985,15937,303048
21676,1.1533493264439934,318985,15937,303048
21677,1.1532961203118512,318985,15937,303048
21678,1.1532429190884768,318985,15937,303048
21679,1.1531897227731907,318985,15937,303048
21680,1.1531365313653137,318985,15937,303048
21681,1.1530833448641669,318985,15937,303048
21682,1.1530301632690712,318985,15937,303048
21683,1.1529769865793478,318985,15937,303048
21684,1.1529238147943184,318985,15937,303048
21685,1.1528706479133042,318985,15937,303048
21686,1.1528174859356266,318985,15937,303048
21687,1.1527643288606078,318985,15937,303048
21688,1.152711176687569,318985,15937,303048
21689,1.1526580294158328,318985,15937,303048
21690,1.152604887044721,318985,15937,303048
21691,1.1525517495735558,318985,15937,303048
21692,1.1524986170016596,318985,15937,303048
21693,1.1524454893283547,318985,15937,303048
21694,1.1523923665529638,318985,15937,303048
21695,1.1523392486748099,318985,15937,303048
21696,1.1522861356932153,318985,15937,303048
21697,1.1522330276075032,318985,15937,303048
21698,1.152179924416997,318985,15937,303048
21699,1.1521268261210194,318985,15937,303048
21700,1.152073732718894,318985,15937,303048
21701,1.1520206442099443,318985,15937,303048
21702,1.1519675605934936,318985,15937,303048
21703,1.151914481868866,318985,15937,303048
21704,1.1518614080353853,318985,15937,303048
21705,1.151808339092375,318985,15937,303048
21706,1.1517552750391598,318985,15937,303048
21707,1.1517022158750634,318985,15937,303048
21708,1.1516491615994104,318985,15937,303048
21709,1.1515961122115252,318985,15937,303048
21710,1.1515430677107323,318985,15937,303048
21711,1.1514900280963567,318985,15937,303048
21712,1.1514369933677229,318985,15937,303048
21713,1.151383963524156,318985,15937,303048
21714,1.151330938564981,318985,15937,303048
21715,1.1512779184895234,318985,15937,303048
21716,1.151224903297108,318985,15937,303048
21717,1.151171892987061,318985,15937,303048
21718,1.151118887558707,318985,15937,303048
21719,1.1510658870113726,318985,15937,303048
21720,1.1510128913443831,318985,15937,303048
21721,1.1509599005570645,318985,15937,303048
21722,1.1509069146487432,318985,15937,303048
21723,1.150853933618745,318985,15937,303048
21724,1.1508009574663967,318985,15937,303048
21725,1.1507479861910241,318985,15937,303048
21726,1.1506950197919543,318985,15937,303048
21727,1.1506420582685137,318985,15937,303048
21728,1.1505891016200294,318985,15937,303048
21729,1.1505361498458282,318985,15937,303048
21730,1.150483202945237,318985,15937,303048
21731,1.1504302609175832,318985,15937,303048
21732,1.150377323762194,318985,15937,303048
21733,1.150324391478397,318985,15937,303048
21734,1.1502714640655194,318985,15937,303048
21735,1.1502185415228894,318985,15937,303048
21736,1.1501656238498343,318985,15937,303048
21737,1.1501127110456826,318079,15937,302142
21738,1.1500598031097617,318079,15937,302142
21739,1.1500069000414002,318079,15937,302142
21740,1.1499540018399264,318079,15937,302142
21741,1.1499011085046686,318079,15937,302142
21742,1.1498482200349553,318079,15937,302142
21743,1.1497953364301154,318079,15937,302142
21744,1.1497424576894775,318079,15937,302142
21745,1.1496895838123706,318079,15937,302142
21746,1.1496367147981237,318079,15937,302142
21747,1.149583850646066,318079,15937,302142
21748,1.149530991355527,318079,15937,302142
21749,1.1494781369258358,318079,15937,302142
21750,1.1494252873563218,318079,15937,302142
21751,1.1493724426463152,318079,15937,302142
21752,1.1493196027951453,318079,15937,302142
21753,1.1492667678021422,318079,15937,302142
21754,1.149213937666636,318079,15937,302142
21755,1.1491611123879568,318079,15937,302142
21756,1.1491082919654347,318079,15937,302142
21757,1.1490554763984004,318079,15937,302142
21758,1.1490026656861845,317490,15937,301553
21759,1.1489498598281171,317490,15937,301553
21760,1.1488970588235294,317490,15937,301553
21761,1.1488442626717523,317490,15937,301553
21762,1.1487914713721166,317490,15937,301553
21763,1.1487386849239536,317490,15937,301553
21764,1.1486859033265944,317490,15937,301553
21765,1.1486331265793706,317490,15937,301553
21766,1.1485803546816136,317490,15937,301553
21767,1.1485275876326548,317490,15937,301553
21768,1.1484748254318264,317490,15937,301553
21769,1.1484220680784603,317490,15937,301553
21770,1.148369315571888,317490,15937,301553
21771,1.1483165679114418,317490,15937,301553
21772,1.148263825096454,317490,15937,301553
21773,1.1482110871262572,317490,15937,301553
21774,1.1481583540001836,317490,15937,301553
21775,1.148105625717566,317490,15937,301553
21776,1.148052902277737,317490,15937,301553
21777,1.1480001836800293,317490,15937,301553
21778,1.1479474699237764,317490,15937,301553
21779,1.1478947610083108,317490,15937,301553
21780,1.147842056932966,317490,15937,301553
21781,1.1477893576970755,317490,15937,301553
21782,1.1477366632999724,317490,15937,301553
21783,1.1476839737409907,317490,15937,301553
21784,1.1476312890194638,317490,15937,301553
21785,1.1475786091347258,317490,15937,301553
21786,1.1475259340861104,317490,15937,301553
21787,1.1474732638729517,317490,15937,301553
21788,1.1474205984945842,317490,15937,301553
21789,1.1473679379503419,317490,15937,301553
21790,1.1473152822395594,317490,15937,301553
21791,1.1472626313615713,317490,15937,301553
21792,1.1472099853157123,317490,15937,301553
21793,1.147157344101317,317490,15937,301553
21794,1.1471047077177206,317490,15937,301553
21795,1.1470520761642578,317490,15937,301553
21796,1.1469994494402642,317490,15937,301553
21797,1.146946827545075,317490,15937,301553
21798,1.1468942104780255,317490,15937,301553
21799,1.1468415982384512,317490,15937,301553
21800,1.146788990825688,317490,15937,301553
21801,1.1467363882390715,317490,15937,301553
21802,1.146683790477938,317490,15937,301553
21803,1.1466311975416228,317490,15937,301553
21804,1.1465786094294625,317490,15937,301553
21805,1.1465260261407935,317490,15937,301553
21806,1.1464734476749519,317490,15937,301553
21807,1.1464208740312745,317490,15937,301553
21808,1.1463683052090976,317490,15937,301553
21809,1.1463157412077583,317490,15937,301553
21810,1.1462631820265934,317490,15937,301553
21811,1.1462106276649398,317490,15937,301553
21812,1.1461580781221345,317490,15937,301553
21813,1.1461055333975152,316550,16022,300528
21814,1.146052993490419,316550,16022,300528
21815,1.1460004584001833,316550,16022,300528
21816,1.145947928126146,316550,16022,300528
21817,1.1458954026676444,316550,16022,300528
21818,1.145842882024017,316550,16022,300528
21819,1.145790366194601,316550,16022,300528
21820,1.1457378551787352,316550,16022,300528
21821,1.1456853489757572,316550,16022,300528
21822,1.145632847585006,316550,16022,300528
21823,1.1455803510058196,316550,16022,300528
21824,1.1455278592375366,316550,16022,300528
21825,1.145475372279496,316550,16022,300528
21826,1.1454228901310364,316550,16022,300528
21827,1.1453704127914968,316550,16022,300528
21828,1.1453179402602163,316550,16022,300528
21829,1.1452654725365339,316550,16022,300528
21830,1.1452130096197892,316550,16022,300528
21831,1.1451605515093215,316550,16022,300528
21832,1.1451080982044706,316465,16024,300441
21833,1.1450556497045756,316465,16024,300441
21834,1.1450032060089768,316465,16024,300441
21835,1.144950767117014,316465,16024,300441
21836,1.1448983330280271,316465,16024,300441
21837,1.1448459037413563,316465,16024,300441
21838,1.1447934792563421,316464,16024,300440
21839,1.1447410595723246,316464,16024,300440
21840,1.1446886446886446,316464,16024,300440
21841,1.1446362346046426,316464,16024,300440
21842,1.1445838293196593,316464,16024,300440
21843,1.1445314288330357,316464,16024,300440
21844,1.1444790331441128,316464,16024,300440
21845,1.1444266422522316,316464,16024,300440
21846,1.1443742561567336,316464,16024,300440
21847,1.1443218748569597,316464,16024,300440
21848,1.144269498352252,316464,16024,300440
21849,1.1442171266419516,316464,16024,300440
21850,1.1441647597254005,316464,16024,300440
21851,1.1441123976019405,316464,16024,300440
21852,1.1440600402709133,316464,16024,300440
21853,1.1440076877316616,316464,16024,300440
21854,1.143955339983527,316464,16024,300440
21855,1.1439029970258523,316464,16024,300440
21856,1.1438506588579795,316464,16024,300440
21857,1.1437983254792514,316464,16024,300440
21858,1.143745996889011,316464,16024,300440
21859,1.1436936730866005,316464,16024,300440
21860,1.1436413540713632,316464,16024,300440
21861,1.143589039842642,316464,16024,300440
21862,1.1435367303997805,316464,16024,300440
21863,1.1434844257421215,316464,16024,300440
21864,1.1434321258690083,316450,16024,300426
21865,1.1433798307797851,316450,16024,300426
21866,1.143327540473795,316450,16024,300426
21867,1.143275254950382,316450,16024,300426
21868,1.1432229742088897,316450,16024,300426
21869,1.1431706982486625,316450,16024,300426
21870,1.1431184270690444,316450,16024,300426
21871,1.1430661606693795,316450,16024,300426
21872,1.1430138990490124,316450,16024,300426
21873,1.1429616422072875,316450,16024,300426
21874,1.1429093901435494,316435,16008,300427
21875,1.1428571428571428,316435,16008,300427
21876,1.1428049003474128,316435,16008,300427
21877,1.142752662613704,316435,16008,300427
21878,1.1427004296553616,316435,16008,300427
21879,1.142648201471731,316435,16008,300427
21880,1.1425959780621573,316435,16008,300427
21881,1.142543759425986,316435,16008,300427
21882,1.1424915455625628,316435,16008,300427
21883,1.1424393364712333,316435,16008,300427
21884,1.1423871321513435,316435,16008,300427
21885,1.142334932602239,316435,16008,300427
21886,1.142282737823266,316435,16008,300427
21887,1.1422305478137706,316435,16008,300427
21888,1.1421783625730995,316435,16008,300427
21889,1.1421261821005986,316435,16008,300427
21890,1.1420740063956145,316435,16008,300427
21891,1.142021835457494,316435,16008,300427
21892,1.1419696692855839,316435,16008,300427
21893,1.1419175078792307,316435,16008,300427
21894,1.141865351237782,316435,16008,300427
21895,1.1418131993605847,316435,16008,300427
21896,1.1417610522469857,316435,16008,300427
21897,1.141708909896333,316435,16008,300427
21898,1.1416567723079734,316435,16008,300427
21899,1.141604639481255,316435,16008,300427
21900,1.1415525114155252,316161,15711,300450
21901,1.141500388110132,316161,15711,300450
21902,1.1414482695644232,316161,15711,300450
21903,1.1413961557777474,316161,15711,300450
21904,1.1413440467494522,316161,15711,300450
21905,1.141291942478886,316161,15711,300450
21906,1.1412398429653976,316161,15711,300450
21907,1.1411877482083352,316161,15711,300450
21908,1.1411356582070475,316161,15711,300450
21909,1.1410835729608837,316161,15711,300450
21910,1.1410314924691922,316161,15711,300450
21911,1.140979416731322,316161,15711,300450
21912,1.140927345746623,316161,15711,300450
21913,1.1408752795144435,316161,15711,300450
21914,1.1408232180341333,316161,15711,300450
21915,1.1407711613050422,316161,15711,300450
21916,1.1407191093265194,316161,15711,300450
21917,1.140667062097915,316161,15711,300450
21918,1.1406150196185783,316161,15711,300450
21919,1.1405629818878598,316161,15711,300450
21920,1.1405109489051095,316161,15711,300450
21921,1.1404589206696776,316056,15703,300353
21922,1.1404068971809143,316056,15703,300353
21923,1.1403548784381698,316056,15703,300353
21924,1.1403028644407955,316056,15703,300353
21925,1.1402508551881414,316056,15703,300353
21926,1.1401988506795586,316056,15703,300353
21927,1.1401468509143977,316056,15703,300353
21928,1.1400948558920103,316056,15703,300353
21929,1.140042865611747,316056,15703,300353
21930,1.1399908800729595,316056,15703,300353
21931,1.1399388992749988,316056,15703,300353
21932,1.1398869232172169,316056,15703,300353
21933,1.139834951898965,316056,15703,300353
21934,1.139782985319595,316056,15703,300353
21935,1.139731023478459,316056,15703,300353
21936,1.1396790663749088,316056,15703,300353
21937,1.1396271140082965,316056,15703,300353
21938,1.1395751663779743,316056,15703,300353
21939,1.1395232234832946,316056,15703,300353
21940,1.1394712853236098,316056,15703,300353
21941,1.1394193518982727,316056,15703,300353
21942,1.1393674232066358,316056,15703,300353
21943,1.1393154992480519,315698,15703,299995
21944,1.1392635800218738,315698,15703,299995
21945,1.139211665527455,315519,15702,299817
21946,1.1391597557641484,315519,15702,299817
21947,1.1391078507313073,315519,15702,299817
21948,1.1390559504282851,315519,15702,299817
21949,1.1390040548544353,315519,15702,299817
21950,1.1389521640091116,315519,15702,299817
21951,1.1389002778916677,315519,15702,299817
21952,1.1388483965014577,315519,15702,299817
21953,1.1387965198378354,315519,15702,299817
21954,1.1387446479001548,315519,15702,299817
21955,1.1386927806877705,315519,15702,299817
21956,1.1386409182000365,315519,15702,299817
21957,1.1385890604363074,315519,15702,299817
21958,1.1385372073959377,315519,15702,299817
21959,1.1384853590782822,315519,15702,299817
21960,1.138433515482696,315519,15702,299817
21961,1.1383816766085333,315519,15702,299817
21962,1.1383298424551498,315519,15702,299817
21963,1.1382780130219006,315519,15702,299817
21964,1.1382261883081406,315519,15702,299817
21965,1.1381743683132255,315519,15702,299817
21966,1.1381225530365109,315519,15702,299817
21967,1.1380707424773524,315519,15702,299817
21968,1.1380189366351057,315519,15702,299817
21969,1.1379671355091265,315519,15702,299817
21970,1.137915339098771,315519,15702,299817
21971,1.1378635474033953,315519,15702,299817
21972,1.1378117604223557,315519,15702,299817
21973,1.1377599781550085,315519,15702,299817
21974,1.13770820060071,315519,15702,299817
21975,1.1376564277588168,315519,15702,299817
21976,1.1376046596286857,315519,15702,299817
21977,1.1375528962096737,315368,15723,299645
21978,1.1375011375011375,315368,15723,299645
21979,1.1374493835024342,315368,15723,299645
21980,1.1373976342129208,315368,15723,299645
21981,1.1373458896319548,315368,15723,299645
21982,1.1372941497588935,315368,15723,299645
21983,1.1372424145930946,315368,15723,299645
21984,1.1371906841339157,315368,15723,299645
21985,1.137138958380714,315368,15723,299645
21986,1.1370872373328482,315368,15723,299645
21987,1.1370355209896756,315368,15723,299645
21988,1.1369838093505549,315368,15723,299645
21989,1.1369321024148438,315368,15723,299645
21990,1.1368804001819008,315279,15723,299556
21991,1.1368287026510846,315279,15723,299556
21992,1.1367770098217533,315279,15723,299556
21993,1.136725321693266,315279,15723,299556
21994,1.1366736382649814,315279,15723,299556
21995,1.1366219595362583,315279,15723,299556
21996,1.1365702855064557,315279,15723,299556
21997,1.136518616174933,315279,15723,299556
21998,1.1364669515410493,315279,15723,299556
21999,1.1364152916041639,315279,15723,299556
22000,1.1363636363636365,315279,15723,299556
22001,1.1363119858188264,315279,15723,299556
22002,1.1362603399690938,315279,15723,299556
22003,1.136208698813798,315279,15723,299556
22004,1.1361570623522996,315279,15723,299556
22005,1.1361054305839582,315279,15723,299556
22006,1.1360538035081342,315279,15723,299556
22007,1.1360021811241878,315279,15723,299556
22008,1.1359505634314795,315279,15723,299556
22009,1.1358989504293697,315215,15636,299579
22010,1.1358473421172195,315215,15636,299579
22011,1.135795738494389,315215,15636,299579
22012,1.13574413956024,315215,15636,299579
22013,1.1356925453141327,315215,15636,299579
22014,1.1356409557554283,315215,15636,299579
22015,1.1355893708834885,315096,15682,299414
22016,1.1355377906976745,315096,15682,299414
22017,1.1354862151973475,315096,15682,299414
22018,1.1354346443818695,315096,15682,299414
22019,1.1353830782506018,315096,15682,299414
22020,1.1353315168029066,315096,15682,299414
22021,1.1352799600381454,315096,15682,299414
22022,1.1352284079556807,315096,15682,299414
22023,1.1351768605548744,315096,15682,299414
22024,1.135125317835089,315096,15682,299414
22025,1.1350737797956867,315096,15682,299414
22026,1.1350222464360302,315096,15682,299414
22027,1.134970717755482,315096,15682,299414
22028,1.1349191937534047,315096,15682,299414
22029,1.1348676744291615,315096,15682,299414
22030,1.1348161597821154,315096,15682,299414
22031,1.134764649811629,315096,15682,299414
22032,1.1347131445170662,315096,15682,299414
22033,1.1346616438977897,315096,15682,299414
22034,1.1346101479531634,315096,15682,299414
22035,1.1345586566825505,315096,15682,299414
22036,1.1345071700853149,315096,15682,299414
22037,1.1344556881608205,315096,15682,299414
22038,1.134404210908431,315096,15682,299414
22039,1.1343527383275103,315096,15682,299414
22040,1.134301270417423,315096,15682,299414
22041,1.1342498071775329,315096,15682,299414
22042,1.1341983486072045,315096,15682,299414
22043,1.1341468947058022,315096,15682,299414
22044,1.134095445472691,315096,15682,299414
22045,1.1340440009072352,315096,15682,299414
22046,1.1339925610087997,315096,15682,299414
22047,1.1339411257767498,315096,15682,299414
22048,1.13388969521045,315096,15682,299414
22049,1.1338382693092657,315096,15682,299414
22050,1.1337868480725624,315096,15682,299414
22051,1.1337354314997052,315096,15682,299414
22052,1.13368401959006,315096,15682,299414
22053,1.1336326123429918,315096,15682,299414
22054,1.133581209757867,315096,15682,299414
22055,1.1335298118340513,315096,15682,299414
22056,1.1334784185709104,315096,15682,299414
22057,1.1334270299678106,315096,15682,299414
22058,1.1333756460241182,315096,15682,299414
22059,1.1333242667391994,315096,15682,299414
22060,1.1332728921124207,315096,15682,299414
22061,1.1332215221431485,315096,15682,299414
22062,1.1331701568307497,315096,15682,299414
22063,1.133118796174591,315096,15682,299414
22064,1.1330674401740393,315096,15682,299414
22065,1.1330160888284613,315096,15682,299414
22066,1.1329647421372246,315096,15682,299414
22067,1.1329134000996963,315096,15682,299414
22068,1.1328620627152437,315096,15682,299414
22069,1.1328107299832344,315096,15682,299414
22070,1.1327594019030358,315096,15682,299414
22071,1.1327080784740158,315096,15682,299414
22072,1.132656759695542,315096,15682,299414
22073,1.1326054455669823,315096,15682,299414
22074,1.132554136087705,315096,15682,299414
22075,1.1325028312570782,315096,15682,299414
22076,1.13245153107447,315096,15682,299414
22077,1.132400235539249,315096,15682,299414
22078,1.1323489446507835,315096,15682,299414
22079,1.1322976584084423,315096,15682,299414
22080,1.1322463768115942,315096,15682,299414
22081,1.1321950998596078,313598,15682,297916
22082,1.1321438275518523,313598,15682,297916
22083,1.1320925598876965,313598,15682,297916
22084,1.1320412968665097,313598,15682,297916
22085,1.1319900384876613,313598,15682,297916
22086,1.1319387847505207,313598,15682,297916
22087,1.1318875356544573,313598,15682,297916
22088,1.131836291198841,313598,15682,297916
22089,1.1317850513830414,313598,15682,297916
22090,1.1317338162064283,313598,15682,297916
22091,1.1316825856683717,313598,15682,297916
22092,1.131631359768242,313598,15682,297916
22093,1.131580138505409,313598,15682,297916
22094,1.1315289218792433,313598,15682,297916
22095,1.1314777098891151,313598,15682,297916
22096,1.1314265025343955,313598,15682,297916
22097,1.1313752998144544,313598,15682,297916
22098,1.1313241017286633,313598,15682,297916
22099,1.1312729082763926,313598,15682,297916
22100,1.1312217194570136,313598,15682,297916
22101,1.1311705352698973,313598,15682,297916
22102,1.131119355714415,313598,15682,297916
22103,1.131068180789938,313598,15682,297916
22104,1.131017010495838,313598,15682,297916
22105,1.130965844831486,313598,15682,297916
22106,1.1309146837962545,313598,15682,297916
22107,1.1308635273895147,313598,15682,297916
22108,1.1308123756106387,313598,15682,297916
22109,1.1307612284589985,313598,15682,297916
22110,1.1307100859339665,313598,15682,297916
22111,1.1306589480349147,313598,15682,297916
22112,1.1306078147612155,313598,15682,297916
22113,1.1305566861122416,313598,15682,297916
22114,1.1305055620873654,313598,15682,297916
22115,1.1304544426859597,313598,15682,297916
22116,1.1304033279073973,313598,15682,297916
22117,1.1303522177510512,313588,15682,297906
22118,1.1303011122162945,313588,15682,297906
22119,1.1302500113025,313588,15682,297906
22120,1.1301989150090417,313588,15682,297906
22121,1.1301478233352922,313588,15682,297906
22122,1.1300967362806256,313588,15682,297906
22123,1.1300456538444152,313588,15682,297906
22124,1.129994576026035,313588,15682,297906
22125,1.1299435028248588,313588,15682,297906
22126,1.1298924342402603,313588,15682,297906
22127,1.129841370271614,313588,15682,297906
22128,1.1297903109182936,313588,15682,297906
22129,1.1297392561796737,313588,15682,297906
22130,1.1296882060551288,313588,15682,297906
22131,1.1296371605440332,313588,15682,297906
22132,1.1295861196457617,313588,15682,297906
22133,1.129535083359689,313588,15682,297906
22134,1.1294840516851903,313588,15682,297906
22135,1.12943302462164,313588,15682,297906
22136,1.1293820021684133,313588,15682,297906
22137,1.129330984324886,313588,15682,297906
22138,1.1292799710904327,313503,15682,297821
22139,1.1292289624644294,313503,15682,297821
22140,1.1291779584462511,313503,15682,297821
22141,1.129126959035274,313503,15682,297821
22142,1.1290759642308734,313503,15682,297821
22143,1.1290249740324256,313503,15682,297821
22144,1.1289739884393064,313503,15682,297821
22145,1.1289230074508918,313503,15682,297821
22146,1.1288720310665583,313503,15682,297821
22147,1.128821059285682,313503,15682,297821
22148,1.1287700921076396,313503,15682,297821
22149,1.1287191295318073,313503,15682,297821
22150,1.1286681715575622,313503,15682,297821
22151,1.1286172181842806,313503,15682,297821
22152,1.1285662694113399,313503,15682,297821
22153,1.1285153252381168,313503,15682,297821
22154,1.1284643856639884,313503,15682,297821
22155,1.128413450688332,313503,15682,297821
22156,1.1283625203105254,313503,15682,297821
22157,1.1283115945299453,313503,15682,297821
22158,1.12826067334597,313503,15682,297821
22159,1.1282097567579765,313503,15682,297821
22160,1.128158844765343,313503,15682,297821
22161,1.1281079373674474,313503,15682,297821
22162,1.1280570345636676,313503,15682,297821
22163,1.1280061363533818,313503,15682,297821
22164,1.1279552427359683,313503,15682,297821
22165,1.1279043537108053,313503,15682,297821
22166,1.1278534692772715,313503,15682,297821
22167,1.1278025894347454,313503,15682,297821
22168,1.1277517141826054,313503,15682,297821
22169,1.127700843520231,313503,15682,297821
22170,1.1276499774470004,313503,15682,297821
22171,1.1275991159622931,313237,15682,297555
22172,1.127548259065488,313237,15682,297555
22173,1.1274974067559644,313237,15682,297555
22174,1.1274465590331018,313237,15682,297555
22175,1.1273957158962795,313237,15682,297555
22176,1.1273448773448773,313237,15682,297555
22177,1.1272940433782748,313237,15682,297555
22178,1.1272432139958517,313237,15682,297555
22179,1.1271923891969882,313237,15682,297555
22180,1.127141568981064,313237,15682,297555
22181,1.1270907533474595,313237,15682,297555
22182,1.127039942295555,313237,15682,297555
22183,1.1269891358247306,313237,15682,297555
22184,1.126938333934367,313237,15682,297555
22185,1.1268875366238449,313237,15682,297555
22186,1.1268367438925448,313237,15682,297555
22187,1.1267859557398476,313237,15682,297555
22188,1.1267351721651344,313237,15682,297555
22189,1.126684393167786,313237,15682,297555
22190,1.1266336187471835,313237,15682,297555
22191,1.1265828489027083,313237,15682,297555
22192,1.1265320836337418,313237,15682,297555
22193,1.1264813229396657,313237,15682,297555
22194,1.1264305668198613,313237,15682,297555
22195,1.1263798152737103,313237,15682,297555
22196,1.1263290683005946,313237,15682,297555
22197,1.1262783258998963,313237,15682,297555
22198,1.1262275880709973,313237,15682,297555
22199,1.1261768548132798,313237,15682,297555
22200,1.1261261261261262,313237,15682,297555
22201,1.1260754020089185,313237,15682,297555
22202,1.1260246824610396,313237,15682,297555
22203,1.1259739674818718,313237,15682,297555
22204,1.125923257070798,313237,15682,297555
22205,1.125872551227201,313237,15682,297555
22206,1.1258218499504637,313237,15682,297555
22207,1.1257711532399695,313237,15682,297555
22208,1.1257204610951008,313237,15682,297555
22209,1.1256697735152417,313237,15682,297555
22210,1.125619090499775,313237,15682,297555
22211,1.1255684120480842,313237,15682,297555
22212,1.1255177381595534,313237,15682,297555
22213,1.125467068833566,313237,15682,297555
22214,1.1254164040695058,313237,15682,297555
22215,1.1253657438667568,313237,15682,297555
22216,1.125315088224703,313237,15682,297555
22217,1.1252644371427285,313237,15682,297555
22218,1.1252137906202178,313237,15682,297555
22219,1.1251631486565552,313237,15682,297555
22220,1.125112511251125,313237,15682,297555
22221,1.1250618784033122,313237,15682,297555
22222,1.1250112501125011,313237,15682,297555
22223,1.1249606263780767,313237,15682,297555
22224,1.124910007199424,313237,15682,297555
22225,1.124859392575928,313237,15682,297555
22226,1.124808782506974,313237,15682,297555
22227,1.1247581769919468,313237,15682,297555
22228,1.124707576030232,313237,15682,297555
22229,1.1246569796212156,313237,15682,297555
22230,1.1246063877642825,313237,15682,297555
22231,1.1245558004588188,313237,15682,297555
22232,1.12450521770421,313237,15682,297555
22233,1.1244546394998425,313237,15682,297555
22234,1.124404065845102,313237,15682,297555
22235,1.124353496739375,313237,15682,297555
22236,1.124302932182047,313237,15682,297555
22237,1.1242523721725053,313237,15682,297555
22238,1.1242018167101357,313224,15682,297542
22239,1.1241512657943253,313224,15682,297542
22240,1.1241007194244603,313224,15682,297542
22241,1.124050177599928,313224,15682,297542
22242,1.1239996403201151,313224,15682,297542
22243,1.1239491075844086,313224,15682,297542
22244,1.1238985793921956,313224,15682,297542
22245,1.1238480557428636,313224,15682,297542
22246,1.1237975366357997,313224,15682,297542
22247,1.1237470220703916,313224,15682,297542
22248,1.1236965120460267,313224,15682,297542
22249,1.1236460065620926,313224,15682,297542
22250,1.1235955056179776,313224,15682,297542
22251,1.123545009213069,313224,15682,297542
22252,1.1234945173467554,313224,15682,297542
22253,1.1234440300184245,313224,15682,297542
22254,1.1233935472274648,313224,15682,297542
22255,1.1233430689732644,313224,15682,297542
22256,1.123292595255212,313224,15682,297542
22257,1.1232421260726961,313224,15682,297542
22258,1.1231916614251056,313224,15682,297542
22259,1.123141201311829,313224,15682,297542
22260,1.1230907457322552,313224,15682,297542
22261,1.1230402946857734,313224,15682,297542
22262,1.1229898481717726,313224,15682,297542
22263,1.122939406189642,313224,15682,297542
22264,1.122888968738771,313224,15682,297542
22265,1.1228385358185493,313224,15682,297542
22266,1.122788107428366,313224,15682,297542
22267,1.1227376835676113,313224,15682,297542
22268,1.1226872642356744,313224,15682,297542
22269,1.1226368494319459,313224,15682,297542
22270,1.122586439155815,313224,15682,297542
22271,1.1225360334066723,313224,15682,297542
22272,1.122485632183908,313224,15682,297542
22273,1.1224352354869125,313224,15682,297542
22274,1.1223848433150758,313130,15682,297448
22275,1.122334455667789,313130,15682,297448
22276,1.1222840725444425,313130,15682,297448
22277,1.122233693944427,313130,15682,297448
22278,1.1221833198671336,313130,15682,297448
22279,1.122132950311953,313130,15682,297448
22280,1.1220825852782765,313130,15682,297448
22281,1.1220322247654952,313130,15682,297448
22282,1.1219818687730005,313130,15682,297448
22283,1.121931517300184,313130,15682,297448
22284,1.1218811703464369,313130,15682,297448
22285,1.121830827911151,313130,15682,297448
22286,1.121780489993718,313130,15682,297448
22287,1.1217301565935298,313130,15682,297448
22288,1.1216798277099784,313130,15682,297448
22289,1.121629503342456,313130,15682,297448
22290,1.1215791834903543,313130,15682,297448
22291,1.1215288681530662,313130,15682,297448
22292,1.121478557329984,313130,15682,297448
22293,1.1214282510204998,313130,15682,297448
22294,1.1213779492240064,313130,15682,297448
22295,1.121327651939897,313130,15682,297448
22296,1.1212773591675638,313130,15682,297448
22297,1.1212270709064,313130,15682,297448
22298,1.1211767871557987,313130,15682,297448
22299,1.1211265079151531,313130,15682,297448
22300,1.1210762331838564,313130,15682,297448
22301,1.1210259629613022,313130,15682,297448
22302,1.1209756972468836,313130,15682,297448
22303,1.1209254360399947,313130,15682,297448
22304,1.1208751793400287,313130,15682,297448
22305,1.1208249271463797,313130,15682,297448
22306,1.1207746794584417,313130,15682,297448
22307,1.1207244362756086,313130,15682,297448
22308,1.1206741975972745,313130,15682,297448
22309,1.1206239634228339,313130,15682,297448
22310,1.1205737337516808,313130,15682,297448
22311,1.1205235085832101,313130,15682,297448
22312,1.120473287916816,313130,15682,297448
22313,1.1204230717518935,313130,15682,297448
22314,1.1203728600878373,313130,15682,297448
22315,1.1203226529240422,313101,15682,297419
22316,1.1202724502599033,313101,15682,297419
22317,1.1202222520948155,313101,15682,297419
22318,1.1201720584281745,313101,15682,297419
22319,1.1201218692593755,313101,15682,297419
22320,1.1200716845878136,313101,15682,297419
22321,1.1200215044128847,313101,15682,297419
22322,1.1199713287339843,313101,15682,297419
22323,1.1199211575505084,313101,15682,297419
22324,1.1198709908618527,313101,15682,297419
22325,1.1198208286674132,313101,15682,297419
22326,1.119770670966586,313101,15682,297419
22327,1.1197205177587675,313101,15682,297419
22328,1.1196703690433536,313101,15682,297419
22329,1.119620224819741,313101,15682,297419
22330,1.1195700850873265,313101,15682,297419
22331,1.1195199498455062,313101,15682,297419
22332,1.1194698190936772,313101,15682,297419
22333,1.1194196928312363,313101,15682,297419
22334,1.1193695710575804,313101,15682,297419
22335,1.1193194537721065,313101,15682,297419
22336,1.119269340974212,313101,15682,297419
22337,1.1192192326632942,313101,15682,297419
22338,1.1191691288387502,313101,15682,297419
22339,1.1191190294999775,313101,15682,297419
22340,1.1190689346463742,313101,15682,297419
22341,1.1190188442773377,313101,15682,297419
22342,1.1189687583922656,313101,15682,297419
22343,1.1189186769905564,313101,15682,297419
22344,1.1188686000716075,313101,15682,297419
22345,1.1188185276348177,313101,15682,297419
22346,1.1187684596795846,313101,15682,297419
22347,1.118718396205307,313101,15682,297419
22348,1.1186683372113835,313101,15682,297419
22349,1.1186182826972124,313101,15682,297419
22350,1.1185682326621924,313101,15682,297419
22351,1.1185181871057224,313101,15682,297419
22352,1.1184681460272012,313101,15682,297419
22353,1.118418109426028,313101,15682,297419
22354,1.1183680773016016,313101,15682,297419
22355,1.1183180496533214,313101,15682,297419
22356,1.1182680264805869,313101,15682,297419
22357,1.1182180077827972,313101,15682,297419
22358,1.1181679935593523,313101,15682,297419
22359,1.1181179838096515,313101,15682,297419
22360,1.118067978533095,313101,15682,297419
22361,1.118017977729082,313101,15682,297419
22362,1.1179679813970127,313101,15682,297419
22363,1.1179179895362876,313101,15682,297419
22364,1.1178680021463065,313101,15682,297419
22365,1.11781801922647,313101,15682,297419
22366,1.117768040776178,313101,15682,297419
22367,1.1177180667948317,313101,15682,297419
22368,1.1176680972818311,313101,15682,297419
22369,1.1176181322365775,313101,15682,297419
22370,1.117568171658471,313012,15682,297330
22371,1.1175182155469134,313012,15682,297330
22372,1.1174682639013052,313012,15682,297330
22373,1.1174183167210476,313012,15682,297330
22374,1.1173683740055422,313012,15682,297330
22375,1.1173184357541899,313012,15682,297330
22376,1.1172685019663926,313012,15682,297330
22377,1.1172185726415516,313012,15682,297330
22378,1.1171686477790688,313012,15682,297330
22379,1.1171187273783458,313012,15682,297330
22380,1.1170688114387846,313012,15682,297330
22381,1.1170188999597874,313012,15682,297330
22382,1.116968992940756,313012,15682,297330
22383,1.1169190903810928,313012,15682,297330
22384,1.1168691922802,313012,15682,297330
22385,1.1168192986374805,313012,15682,297330
22386,1.1167694094523364,313012,15682,297330
22387,1.1167195247241704,313012,15682,297330
22388,1.1166696444523851,313012,15682,297330
22389,1.116619768636384,313012,15682,297330
22390,1.1165698972755695,313012,15682,297330
22391,1.1165200303693448,313012,15682,297330
22392,1.1164701679171132,313012,15682,297330
22393,1.1164203099182781,313012,15682,297330
22394,1.1163704563722425,313012,15682,297330
22395,1.1163206072784104,313012,15682,297330
22396,1.116270762636185,312214,15682,296532
22397,1.1162209224449704,312214,15682,296532
22398,1.11617108670417,312214,15682,296532
22399,1.116121255413188,312176,15682,296494
22400,1.1160714285714286,312176,15682,296494
22401,1.1160216061782957,312176,15682,296494
22402,1.1159717882331934,312176,15682,296494
22403,1.1159219747355265,312176,15682,296494
22404,1.1158721656846993,312176,15682,296494
22405,1.1158223610801161,312176,15682,296494
22406,1.115772560921182,312176,15682,296494
22407,1.1157227652073012,312176,15682,296494
22408,1.1156729739378792,312176,15682,296494
22409,1.115623187112321,312176,15682,296494
22410,1.1155734047300312,312176,15682,296494
22411,1.1155236267904154,312083,15682,296401
22412,1.1154738532928787,312083,15682,296401
22413,1.1154240842368268,312083,15682,296401
22414,1.115374319621665,312083,15682,296401
22415,1.115324559446799,312083,15682,296401
22416,1.1152748037116345,312083,15682,296401
22417,1.1152250524155776,312083,15682,296401
22418,1.1151753055580338,312083,15682,296401
22419,1.1151255631384094,312083,15682,296401
22420,1.1150758251561106,312083,15682,296401
22421,1.1150260916105437,312083,15682,296401
22422,1.1149763625011149,312083,15682,296401
22423,1.114926637827231,312083,15682,296401
22424,1.1148769175882982,311994,15682,296312
22425,1.1148272017837235,311994,15682,296312
22426,1.1147774904129135,311994,15682,296312
22427,1.1147277834752753,311994,15682,296312
22428,1.1146780809702157,311994,15682,296312
22429,1.1146283828971422,311994,15682,296312
22430,1.1145786892554614,311994,15682,296312
22431,1.114529000044581,311994,15682,296312
22432,1.1144793152639088,311956,15682,296274
22433,1.1144296349128515,311956,15682,296274
22434,1.1143799589908174,311956,15682,296274
22435,1.114330287497214,311956,15682,296274
22436,1.1142806204314495,311956,15682,296274
22437,1.1142309577929312,311956,15682,296274
22438,1.1141812995810678,311956,15682,296274
22439,1.1141316457952672,311956,15682,296274
22440,1.1140819964349375,311956,15682,296274
22441,1.1140323514994876,311956,15682,296274
22442,1.1139827109883254,311956,15682,296274
22443,1.11393307490086,311956,15682,296274
22444,1.1138834432364997,311956,15682,296274
22445,1.1138338159946537,311956,15682,296274
22446,1.1137841931747305,311956,15682,296274
22447,1.1137345747761394,311956,15682,296274
22448,1.1136849607982893,311956,15682,296274
22449,1.1136353512405899,311956,15682,296274
22450,1.1135857461024499,311956,15682,296274
22451,1.113536145383279,311956,15682,296274
22452,1.113486549082487,311956,15682,296274
22453,1.1134369571994833,311956,15682,296274
22454,1.1133873697336778,311956,15682,296274
22455,1.11333778668448,311956,15682,296274
22456,1.1132882080513002,311956,15682,296274
22457,1.1132386338335485,311956,15682,296274
22458,1.113189064030635,311956,15682,296274
22459,1.1131394986419698,311956,15682,296274
22460,1.1130899376669634,311956,15682,296274
22461,1.1130403811050265,311956,15682,296274
22462,1.1129908289555694,311956,15682,296274
22463,1.1129412812180028,311956,15682,296274
22464,1.1128917378917378,311956,15682,296274
22465,1.1128421989761852,311956,15682,296274
22466,1.1127926644707558,311956,15682,296274
22467,1.1127431343748608,311956,15682,296274
22468,1.1126936086879118,311956,15682,296274
22469,1.1126440874093195,311956,15682,296274
22470,1.1125945705384959,311956,15682,296274
22471,1.112545058074852,311956,15682,296274
22472,1.1124955500178,311956,15682,296274
22473,1.1124460463667512,311956,15682,296274
22474,1.1123965471211177,311956,15682,296274
22475,1.1123470522803114,311956,15682,296274
22476,1.1122975618437445,311956,15682,296274
22477,1.1122480758108289,311956,15682,296274
22478,1.1121985941809769,311956,15682,296274
22479,1.112149116953601,311956,15682,296274
22480,1.112099644128114,311956,15682,296274
22481,1.1120501757039278,311956,15682,296274
22482,1.1120007116804556,311956,15682,296274
22483,1.1119512520571098,311956,15682,296274
22484,1.1119017968333036,311956,15682,296274
22485,1.1118523460084502,311956,15682,296274
22486,1.1118028995819622,311894,15682,296212
22487,1.111753457553253,311894,15682,296212
22488,1.111704019921736,311894,15682,296212
22489,1.1116545866868246,311894,15682,296212
22490,1.1116051578479325,311894,15682,296212
22491,1.111555733404473,311894,15682,296212
22492,1.1115063133558598,311894,15682,296212
22493,1.1114568977015071,311894,15682,296212
22494,1.1114074864408288,311894,15682,296212
22495,1.1113580795732385,311894,15682,296212
22496,1.1113086770981508,311894,15682,296212
22497,1.1112592790149798,311894,15682,296212
22498,1.1112098853231398,311894,15682,296212
22499,1.1111604960220454,311894,15682,296212
22500,1.1111111111111112,311894,15682,296212
22501,1.1110617305897517,311894,15682,296212
22502,1.1110123544573816,311894,15682,296212
22503,1.110962982713416,311894,15682,296212
22504,1.1109136153572698,311894,15682,296212
22505,1.110864252388358,311894,15682,296212
22506,1.1108148938060962,311894,15682,296212
22507,1.1107655396098992,311894,15682,296212
22508,1.1107161897991824,311894,15682,296212
22509,1.1106668443733618,311894,15682,296212
22510,1.1106175033318526,311894,15682,296212
22511,1.1105681666740705,311894,15682,296212
22512,1.1105188343994314,311752,15682,296070
22513,1.1104695065073513,311752,15682,296070
22514,1.1104201829972462,311752,15682,296070
22515,1.1103708638685321,311752,15682,296070
22516,1.1103215491206253,311752,15682,296070
22517,1.1102722387529422,311752,15682,296070
22518,1.1102229327648991,311752,15682,296070
22519,1.1101736311559127,311752,15682,296070
22520,1.1101243339253997,311752,15682,296070
22521,1.1100750410727764,311752,15682,296070
22522,1.1100257525974602,311752,15682,296070
22523,1.1099764684988678,311752,15682,296070
22524,1.1099271887764162,311752,15682,296070
22525,1.1098779134295227,311624,15682,295942
22526,1.1098286424576045,311624,15682,295942
22527,1.109779375860079,311589,15649,295940
22528,1.1097301136363635,311589,15649,295940
22529,1.109680855785876,311589,15649,295940
22530,1.1096316023080337,311589,15649,295940
22531,1.1095823532022546,311589,15649,295940
22532,1.1095331084679567,311589,15649,295940
22533,1.1094838681045578,311589,15649,295940
22534,1.109434632111476,311589,15649,295940
22535,1.1093854004881296,311589,15649,295940
22536,1.1093361732339369,311589,15649,295940
22537,1.109286950348316,311589,15649,295940
22538,1.1092377318306859,311589,15649,295940
22539,1.109188517680465,311589,15649,295940
22540,1.109139307897072,311589,15649,295940
22541,1.1090901024799256,311589,15649,295940
22542,1.1090409014284446,311589,15649,295940
22543,1.1089917047420486,311589,15649,295940
22544,1.1089425124201562,311589,15649,295940
22545,1.1088933244621868,311589,15649,295940
22546,1.1088441408675596,311589,15649,295940
22547,1.1087949616356942,311589,15649,295940
22548,1.1087457867660102,311589,15649,295940
22549,1.1086966162579273,311184,15649,295535
22550,1.1086474501108647,311184,15649,295535
22551,1.108598288324243,311184,15649,295535
22552,1.1085491308974813,311184,15649,295535
22553,1.1084999778300004,311184,15649,295535
22554,1.1084508291212203,311184,15649,295535
22555,1.108401684770561,311184,15649,295535
22556,1.1083525447774427,311184,15649,295535
22557,1.1083034091412864,311184,15649,295535
22558,1.1082542778615125,311184,15649,295535
22559,1.1082051509375415,311184,15649,295535
22560,1.1081560283687943,311184,15649,295535
22561,1.1081069101546916,311134,15649,295485
22562,1.1080577962946547,311134,15649,295485
22563,1.1080086867881045,311134,15649,295485
22564,1.107959581634462,311134,15649,295485
22565,1.1079104808331486,311134,15649,295485
22566,1.1078613843835858,311134,15649,295485
22567,1.1078122922851952,311134,15649,295485
22568,1.1077632045373982,311134,15649,295485
22569,1.1077141211396162,311134,15649,295485
22570,1.1076650420912717,310231,15649,294582
22571,1.107615967391786,310231,15649,294582
22572,1.1075668970405812,310231,15649,294582
22573,1.1075178310370797,310231,15649,294582
22574,1.1074687693807035,310231,15649,294582
22575,1.1074197120708749,310231,15649,294582
22576,1.1073706591070163,310231,15649,294582
22577,1.1073216104885504,310231,15649,294582
22578,1.1072725662148994,310231,15649,294582
22579,1.1072235262854866,310231,15649,294582
22580,1.1071744906997343,310231,15649,294582
22581,1.1071254594570656,310231,15649,294582
22582,1.1070764325569038,310231,15649,294582
22583,1.1070274099986717,310231,15649,294582
22584,1.1069783917817924,310231,15649,294582
22585,1.1069293779056897,310231,15649,294582
22586,1.1068803683697865,309595,15649,293946
22587,1.106831363173507,309595,15649,293946
22588,1.106782362316274,309595,15649,293946
22589,1.106733365797512,309595,15649,293946
22590,1.1066843736166445,309595,15649,293946
22591,1.1066353857730955,309595,15649,293946
22592,1.106586402266289,309595,15649,293946
22593,1.106537423095649,309595,15649,293946
22594,1.1064884482606,309595,15649,293946
22595,1.1064394777605664,309595,15649,293946
22596,1.1063905115949726,309595,15649,293946
22597,1.106341549763243,309595,15649,293946
22598,1.1062925922648021,309595,15649,293946
22599,1.106243639099075,309595,15649,293946
22600,1.1061946902654867,309595,15649,293946
22601,1.1061457457634618,309595,15649,293946
22602,1.1060968055924254,309595,15649,293946
22603,1.1060478697518028,309595,15649,293946
22604,1.1059989382410194,309595,15649,293946
22605,1.1059500110595002,309595,15649,293946
22606,1.1059010882066709,309549,15649,293900
22607,1.105852169681957,309549,15649,293900
22608,1.105803255484784,309549,15649,293900
22609,1.1057543456145782,309549,15649,293900
22610,1.105705440070765,309549,15649,293900
22611,1.1056565388527708,309549,15649,293900
22612,1.1056076419600211,309549,15649,293900
22613,1.1055587493919428,309549,15649,293900
22614,1.1055098611479615,309549,15649,293900
22615,1.105460977227504,309549,15649,293900
22616,1.1054120976299964,309524,15649,293875
22617,1.1053632223548657,309524,15649,293875
22618,1.1053143514015387,309524,15649,293875
22619,1.1052654847694416,309524,15649,293875
22620,1.1052166224580018,309524,15649,293875
22621,1.105167764466646,309524,15649,293875
22622,1.1051189107948016,309524,15649,293875
22623,1.1050700614418953,309524,15649,293875
22624,1.105021216407355,309524,15649,293875
22625,1.1049723756906078,309524,15649,293875
22626,1.104923539291081,309524,15649,293875
22627,1.1048747072082026,309524,15649,293875
22628,1.1048258794414,309524,15649,293875
22629,1.1047770559901011,309524,15649,293875
22630,1.104728236853734,309524,15649,293875
22631,1.1046794220317264,309524,15649,293875
22632,1.1046306115235065,309524,15649,293875
22633,1.1045818053285026,309524,15649,293875
22634,1.104533003446143,309524,15649,293875
22635,1.104484205875856,309524,15649,293875
22636,1.1044354126170701,309524,15649,293875
22637,1.1043866236692141,309524,15649,293875
22638,1.1043378390317167,309524,15649,293875
22639,1.1042890587040064,309524,15649,293875
22640,1.1042402826855124,309524,15649,293875
22641,1.1041915109756637,309524,15649,293875
22642,1.1041427435738893,309524,15649,293875
22643,1.1040939804796184,309524,15649,293875
22644,1.1040452216922805,309524,15649,293875
22645,1.103996467211305,309524,15649,293875
22646,1.1039477170361212,309524,15649,293875
22647,1.1038989711661589,309524,15649,293875
22648,1.1038502296008477,309318,15649,293669
22649,1.1038014923396176,309318,15649,293669
22650,1.1037527593818985,309318,15649,293669
22651,1.1037040307271202,309318,15649,293669
22652,1.103655306374713,309318,15649,293669
22653,1.1036065863241071,309318,15649,293669
22654,1.1035578705747329,309318,15649,293669
22655,1.1035091591260207,309318,15649,293669
22656,1.1034604519774012,309318,15649,293669
22657,1.1034117491283046,309318,15649,293669
22658,1.1033630505781622,309318,15649,293669
22659,1.1033143563264045,309318,15649,293669
22660,1.1032656663724625,309318,15649,293669
22661,1.1032169807157672,309157,15553,293604
22662,1.1031682993557497,309157,15553,293604
22663,1.1031196222918414,309157,15553,293604
22664,1.1030709495234734,309157,15553,293604
22665,1.1030222810500772,309157,15553,293604
22666,1.1029736168710844,309157,15553,293604
22667,1.1029249569859267,309157,15553,293604
22668,1.1028763013940357,309157,15553,293604
22669,1.102827650094843,309157,15553,293604
22670,1.1027790030877813,309157,15553,293604
22671,1.1027303603722818,309157,15553,293604
22672,1.102681721947777,309157,15553,293604
22673,1.1026330878136992,309157,15553,293604
22674,1.1025844579694806,309157,15553,293604
22675,1.1025358324145536,309157,15553,293604
22676,1.1024872111483506,309157,15553,293604
22677,1.1024385941703048,309157,15553,293604
22678,1.1023899814798483,309157,15553,293604
22679,1.1023413730764142,309157,15553,293604
22680,1.1022927689594357,309157,15553,293604
22681,1.1022441691283453,309157,15553,293604
22682,1.1021955735825766,309157,15553,293604
22683,1.1021469823215624,309157,15553,293604
22684,1.1020983953447363,309157,15553,293604
22685,1.102049812651532,309157,15553,293604
22686,1.1020012342413823,309157,15553,293604
22687,1.1019526601137215,309157,15553,293604
22688,1.101904090267983,309157,15553,293604
22689,1.1018555247036008,309157,15553,293604
22690,1.1018069634200087,309157,15553,293604
22691,1.101758406416641,309157,15553,293604
22692,1.1017098536929315,309157,15553,293604
22693,1.1016613052483144,309157,15553,293604
22694,1.1016127610822244,309157,15553,293604
22695,1.1015642211940957,309157,15553,293604
22696,1.1015156855833628,309157,15553,293604
22697,1.1014671542494603,309157,15553,293604
22698,1.1014186271918232,309157,15553,293604
22699,1.1013701044098858,308974,15553,293421
22700,1.1013215859030836,308974,15553,293421
22701,1.1012730716708514,308974,15553,293421
22702,1.1012245617126244,308974,15553,293421
22703,1.1011760560278376,308974,15553,293421
22704,1.1011275546159267,308974,15553,293421
22705,1.1010790574763267,308974,15553,293421
22706,1.1010305646084735,308835,15553,293282
22707,1.1009820760118025,308835,15553,293282
22708,1.1009335916857494,308835,15553,293282
22709,1.1008851116297502,308835,15553,293282
22710,1.1008366358432409,308835,15553,293282
22711,1.1007881643256572,308835,15553,293282
22712,1.1007396970764354,308835,15553,293282
22713,1.1006912340950117,308835,15553,293282
22714,1.1006427753808223,308835,15553,293282
22715,1.100594320933304,308835,15553,293282
22716,1.100545870751893,308835,15553,293282
22717,1.100497424836026,308835,15553,293282
22718,1.1004489831851396,308835,15553,293282
22719,1.1004005457986707,308835,15553,293282
22720,1.1003521126760563,308835,15553,293282
22721,1.1003036838167335,308835,15553,293282
22722,1.1002552592201391,308835,15553,293282
22723,1.1002068388857105,308835,15553,293282
22724,1.1001584228128851,308835,15553,293282
22725,1.1001100110011002,308835,15553,293282
22726,1.1000616034497932,308835,15553,293282
22727,1.100013200158402,308835,15553,293282
22728,1.0999648011263639,308835,15553,293282
22729,1.0999164063531173,308835,15553,293282
22730,1.0998680158380993,308835,15553,293282
22731,1.0998196295807487,308835,15553,293282
22732,1.0997712475805033,308835,15553,293282
22733,1.0997228698368011,308750,15553,293197
22734,1.0996744963490808,308750,15553,293197
22735,1.0996261271167802,308750,15553,293197
22736,1.0995777621393386,308750,15553,293197
22737,1.0995294014161938,308750,15553,293197
22738,1.0994810449467851,308750,15553,293197
22739,1.099432692730551,308750,15553,293197
22740,1.0993843447669305,308750,15553,293197
22741,1.0993360010553626,308750,15553,293197
22742,1.0992876615952862,308750,15553,293197
22743,1.0992393263861409,308750,15553,293197
22744,1.0991909954273655,308750,15553,293197
22745,1.0991426687183996,308750,15553,293197
22746,1.0990943462586829,308750,15553,293197
22747,1.0990460280476546,308750,15553,293197
22748,1.0989977140847547,308750,15553,293197
22749,1.0989494043694228,308750,15553,293197
22750,1.098901098901099,308750,15553,293197
22751,1.0988527976792228,308750,15553,293197
22752,1.098804500703235,308661,15553,293108
22753,1.098756207972575,308661,15553,293108
22754,1.0987079194866836,308661,15553,293108
22755,1.098659635245001,308661,15553,293108
22756,1.0986113552469678,308661,15553,293108
22757,1.0985630794920245,308661,15553,293108
22758,1.0985148079796117,308661,15553,293108
22759,1.09846654070917,308661,15553,293108
22760,1.0984182776801406,308661,15553,293108
22761,1.0983700188919643,308661,15553,293108
22762,1.0983217643440824,308661,15553,293108
22763,1.0982735140359354,308661,15553,293108
22764,1.0982252679669653,308661,15553,293108
22765,1.0981770261366133,308661,15553,293108
22766,1.0981287885443205,308661,15553,293108
22767,1.0980805551895287,308661,15553,293108
22768,1.0980323260716796,308661,15553,293108
22769,1.0979841011902147,308661,15553,293108
22770,1.0979358805445762,308661,15553,293108
22771,1.0978876641342057,308661,15553,293108
22772,1.0978394519585455,308661,15553,293108
22773,1.0977912440170376,308661,15553,293108
22774,1.0977430403091244,308661,15553,293108
22775,1.0976948408342482,308661,15553,293108
22776,1.097646645591851,308661,15553,293108
22777,1.097598454581376,308661,15553,293108
22778,1.0975502678022653,308661,15553,293108
22779,1.097502085253962,308661,15553,293108
22780,1.0974539069359086,308661,15553,293108
22781,1.0974057328475484,308661,15553,293108
22782,1.097357562988324,308661,15553,293108
22783,1.097309397357679,308661,15553,293108
22784,1.0972612359550562,308661,15553,293108
22785,1.097213078779899,308661,15553,293108
22786,1.097164925831651,308661,15553,293108
22787,1.0971167771097556,308661,15553,293108
22788,1.0970686326136563,308661,15553,293108
22789,1.0970204923427969,308661,15553,293108
22790,1.0969723562966214,308661,15553,293108
22791,1.0969242244745734,308661,15553,293108
22792,1.0968760968760969,308661,15553,293108
22793,1.096827973500636,308624,15553,293071
22794,1.0967798543476353,308624,15553,293071
22795,1.0967317394165388,308624,15553,293071
22796,1.0966836287067907,308624,15553,293071
22797,1.0966355222178357,308624,15553,293071
22798,1.0965874199491183,308624,15553,293071
22799,1.0965393219000834,308624,15553,293071
22800,1.0964912280701755,308624,15553,293071
22801,1.0964431384588396,308624,15553,293071
22802,1.0963950530655207,308624,15553,293071
22803,1.0963469718896637,308624,15553,293071
22804,1.096298894930714,308624,15553,293071
22805,1.0962508221881166,308624,15553,293071
22806,1.0962027536613173,308624,15553,293071
22807,1.0961546893497611,308624,15553,293071
22808,1.0961066292528938,308624,15553,293071
22809,1.0960585733701609,308624,15553,293071
22810,1.0960105217010083,308624,15553,293071
22811,1.095962474244882,308624,15553,293071
22812,1.0959144310012274,308624,15553,293071
22813,1.095866391969491,308624,15553,293071
22814,1.095818357149119,308624,15553,293071
22815,1.0957703265395573,308624,15553,293071
22816,1.0957223001402525,308624,15553,293071
22817,1.0956742779506508,308624,15553,293071
22818,1.095626259970199,308624,15553,293071
22819,1.0955782461983434,308624,15553,293071
22820,1.0955302366345312,308624,15553,293071
22821,1.0954822312782087,308624,15553,293071
22822,1.0954342301288231,308624,15553,293071
22823,1.0953862331858213,308624,15553,293071
22824,1.0953382404486505,308624,15553,293071
22825,1.095290251916758,308624,15553,293071
22826,1.0952422675895908,308624,15553,293071
22827,1.0951942874665965,308624,15553,293071
22828,1.0951463115472226,308624,15553,293071
22829,1.0950983398309169,308624,15553,293071
22830,1.0950503723171265,308624,15553,293071
22831,1.0950024090052999,308624,15553,293071
22832,1.0949544498948844,308624,15553,293071
22833,1.0949064949853282,308624,15553,293071
22834,1.0948585442760794,308624,15553,293071
22835,1.0948105977665863,308624,15553,293071
22836,1.094762655456297,308624,15553,293071
22837,1.09471471734466,308624,15553,293071
22838,1.0946667834311237,308624,15553,293071
22839,1.0946188537151365,308624,15553,293071
22840,1.094570928196147,308624,15553,293071
22841,1.0945230068736045,308624,15553,293071
22842,1.0944750897469573,308624,15553,293071
22843,1.0944271768156546,308624,15553,293071
22844,1.0943792680791455,308624,15553,293071
22845,1.094331363536879,308624,15553,293071
22846,1.0942834631883043,308624,15553,293071
22847,1.0942355670328707,308624,15553,293071
22848,1.0941876750700281,308624,15553,293071
22849,1.0941397872992253,308624,15553,293071
22850,1.0940919037199124,308624,15553,293071
22851,1.094044024331539,308624,15553,293071
22852,1.093996149133555,308624,15553,293071
22853,1.0939482781254102,308624,15553,293071
22854,1.0939004113065547,308624,15553,293071
22855,1.0938525486764383,308624,15553,293071
22856,1.0938046902345118,308624,15553,293071
22857,1.0937568359802248,308624,15553,293071
22858,1.0937089859130282,308624,15553,293071
22859,1.0936611400323724,308624,15553,293071
22860,1.0936132983377078,308624,15553,293071
22861,1.0935654608284853,308624,15553,293071
22862,1.0935176275041554,308624,15553,293071
22863,1.0934697983641692,308624,15553,293071
22864,1.0934219734079775,308624,15553,293071
22865,1.0933741526350318,308624,15553,293071
22866,1.0933263360447827,308624,15553,293071
22867,1.0932785236366818,308624,15553,293071
22868,1.0932307154101801,308624,15553,293071
22869,1.0931829113647296,308624,15553,293071
22870,1.0931351114997814,308624,15553,293071
22871,1.0930873158147874,308624,15553,293071
22872,1.093039524309199,308497,15586,292911
22873,1.0929917369824684,308497,15586,292911
22874,1.0929439538340473,308497,15586,292911
22875,1.092896174863388,308497,15586,292911
22876,1.0928484000699423,308497,15586,292911
22877,1.0928006294531625,308497,15586,292911
22878,1.0927528630125012,308497,15586,292911
22879,1.0927051007474102,308497,15586,292911
22880,1.0926573426573427,308497,15586,292911
22881,1.0926095887417508,308497,15586,292911
22882,1.0925618390000873,308497,15586,292911
22883,1.0925140934318052,308497,15586,292911
22884,1.0924663520363573,308497,15586,292911
22885,1.0924186148131965,308497,15586,292911
22886,1.0923708817617757,308497,15586,292911
22887,1.0923231528815485,308497,15586,292911
22888,1.0922754281719678,308327,15586,292741
22889,1.092227707632487,308327,15586,292741
22890,1.09217999126256,308327,15586,292741
22891,1.09213227906164,308327,15586,292741
22892,1.0920845710291804,308327,15586,292741
22893,1.0920368671646354,308327,15586,292741
22894,1.0919891674674587,308327,15586,292741
22895,1.0919414719371041,308327,15586,292741
22896,1.0918937805730258,308327,15586,292741
22897,1.0918460933746779,308327,15586,292741
22898,1.0917984103415146,308327,15586,292741
22899,1.0917507314729902,308327,15586,292741
22900,1.091703056768559,308327,15586,292741
22901,1.0916553862276757,308327,15586,292741
22902,1.0916077198497949,308327,15586,292741
22903,1.0915600576343711,308327,15586,292741
22904,1.0915123995808593,308327,15586,292741
22905,1.0914647456887143,308327,15586,292741
22906,1.091417095957391,308327,15586,292741
22907,1.0913694503863447,308327,15586,292741
22908,1.0913218089750305,308327,15586,292741
22909,1.0912741717229038,308327,15586,292741
22910,1.0912265386294195,308327,15586,292741
22911,1.0911789096940334,308327,15586,292741
22912,1.0911312849162011,308327,15586,292741
22913,1.091083664295378,308327,15586,292741
22914,1.0910360478310204,308327,15586,292741
22915,1.0909884355225834,308327,15586,292741
22916,1.0909408273695236,308327,15586,292741
22917,1.0908932233712965,308327,15586,292741
22918,1.0908456235273585,308327,15586,292741
22919,1.0907980278371656,308327,15586,292741
22920,1.0907504363001745,308327,15586,292741
22921,1.0907028489158415,308327,15586,292741
22922,1.0906552656836228,308327,15586,292741
22923,1.0906076866029752,308327,15586,292741
22924,1.0905601116733554,308327,15586,292741
22925,1.0905125408942202,308327,15586,292741
22926,1.0904649742650265,308327,15586,292741
22927,1.0904174117852314,308327,15586,292741
22928,1.0903698534542916,308327,15586,292741
22929,1.0903222992716648,308327,15586,292741
22930,1.0902747492368077,308327,15586,292741
22931,1.090227203349178,308327,15586,292741
22932,1.090179661608233,308327,15586,292741
22933,1.0901321240134305,308327,15586,292741
22934,1.0900845905642278,308327,15586,292741
22935,1.090037061260083,308327,15586,292741
22936,1.0899895361004535,308327,15586,292741
22937,1.0899420150847976,308327,15586,292741
22938,1.0898944982125731,308327,15586,292741
22939,1.0898469854832382,308327,15586,292741
22940,1.0897994768962511,308327,15586,292741
22941,1.08975197245107,308327,15586,292741
22942,1.0897044721471536,308327,15586,292741
22943,1.0896569759839603,308327,15586,292741
22944,1.0896094839609485,308327,15586,292741
22945,1.0895619960775769,308327,15586,292741
22946,1.0895145123333043,308327,15586,292741
22947,1.0894670327275897,308327,15586,292741
22948,1.089419557259892,308327,15586,292741
22949,1.08937208592967,308327,15586,292741
22950,1.0893246187363834,308327,15586,292741
22951,1.0892771556794911,308327,15586,292741
22952,1.0892296967584525,308327,15586,292741
22953,1.0891822419727268,308327,15586,292741
22954,1.089134791321774,308327,15586,292741
22955,1.0890873448050533,308327,15586,292741
22956,1.0890399024220248,308327,15586,292741
22957,1.088992464172148,308197,15581,292616
22958,1.0889450300548829,308197,15581,292616
22959,1.0888976000696895,308197,15581,292616
22960,1.088850174216028,308197,15581,292616
22961,1.0888027524933583,308173,15557,292616
22962,1.088755334901141,308173,15557,292616
22963,1.0887079214388364,308173,15557,292616
22964,1.088660512105905,308173,15557,292616
22965,1.088613106901807,308173,15557,292616
22966,1.0885657058260036,308173,15557,292616
22967,1.0885183088779553,308173,15557,292616
22968,1.0884709160571229,308173,15557,292616
22969,1.0884235273629674,308173,15557,292616
22970,1.0883761427949499,308173,15557,292616
22971,1.0883287623525315,308173,15557,292616
22972,1.0882813860351732,308173,15557,292616
22973,1.0882340138423368,308173,15557,292616
22974,1.088186645773483,308173,15557,292616
22975,1.088139281828074,308173,15557,292616
22976,1.088091922005571,308173,15557,292616
22977,1.088044566305436,308173,15557,292616
22978,1.0879972147271304,308173,15557,292616
22979,1.0879498672701162,308173,15557,292616
22980,1.0879025239338556,308173,15557,292616
22981,1.0878551847178104,308173,15557,292616
22982,1.087807849621443,308173,15557,292616
22983,1.0877605186442152,308173,15557,292616
22984,1.08771319178559,308173,15557,292616
22985,1.0876658690450294,308173,15557,292616
22986,1.087618550421996,308173,15557,292616
22987,1.0875712359159524,308173,15557,292616
22988,1.0875239255263616,308173,15557,292616
22989,1.0874766192526861,308173,15557,292616
22990,1.087429317094389,308173,15557,292616
22991,1.087382019050933,308173,15557,292616
22992,1.0873347251217815,308173,15557,292616
22993,1.0872874353063977,308173,15557,292616
22994,1.0872401496042445,308173,15557,292616
22995,1.0871928680147858,308173,15557,292616
22996,1.0871455905374847,308173,15557,292616
22997,1.087098317171805,308173,15557,292616
22998,1.0870510479172102,308173,15557,292616
22999,1.087003782773164,307690,15557,292133
23000,1.0869565217391304,307690,15557,292133
23001,1.0869092648145733,307690,15557,292133
23002,1.0868620119989567,307690,15557,292133
23003,1.0868147632917446,307690,15557,292133
23004,1.0867675186924013,307574,15557,292017
23005,1.0867202782003913,307574,15557,292017
23006,1.0866730418151787,307574,15557,292017
23007,1.086625809536228,307574,15557,292017
23008,1.0865785813630042,307574,15557,292017
23009,1.0865313572949715,307574,15557,292017
23010,1.086484137331595,307574,15557,292017
23011,1.0864369214723393,307574,15557,292017
23012,1.0863897097166695,307574,15557,292017
23013,1.0863425020640507,307574,15557,292017
23014,1.086295298513948,307574,15557,292017
23015,1.0862480990658265,307574,15557,292017
23016,1.0862009037191518,307574,15557,292017
23017,1.0861537124733893,307574,15557,292017
23018,1.0861065253280042,307574,15557,292017
23019,1.0860593422824623,307574,15557,292017
23020,1.0860121633362294,307570,15692,291878
23021,1.0859649884887712,307570,15692,291878
23022,1.0859178177395534,307570,15692,291878
23023,1.0858706510880425,307570,15692,291878
23024,1.085823488533704,307570,15692,291878
23025,1.0857763300760044,307570,15692,291878
23026,1.0857291757144099,307570,15692,291878
23027,1.0856820254483868,307570,15692,291878
23028,1.0856348792774013,307570,15692,291878
23029,1.0855877372009206,307570,15692,291878
23030,1.0855405992184108,307570,15692,291878
23031,1.0854934653293387,307570,15692,291878
23032,1.0854463355331712,307570,15692,291878
23033,1.0853992098293752,307570,15692,291878
23034,1.0853520882174177,307570,15692,291878
23035,1.0853049706967657,307570,15692,291878
23036,1.0852578572668865,307570,15692,291878
23037,1.0852107479272475,307529,15697,291832
23038,1.0851636426773157,307529,15697,291832
23039,1.085116541516559,307514,15677,291837
23040,1.0850694444444444,307514,15677,291837
23041,1.08502235146044,307514,15677,291837
23042,1.0849752625640134,307514,15677,291837
23043,1.0849281777546327,307514,15677,291837
23044,1.0848810970317653,307514,15677,291837
23045,1.0848340203948796,307514,15677,291837
23046,1.0847869478434435,307514,15677,291837
23047,1.0847398793769254,307514,15677,291837
23048,1.0846928149947934,307514,15677,291837
23049,1.084645754696516,307514,15677,291837
23050,1.0845986984815619,307514,15677,291837
23051,1.0845516463493992,307514,15677,291837
23052,1.0845045982994967,307514,15677,291837
23053,1.0844575543313235,307514,15677,291837
23054,1.084410514444348,307472,15677,291795
23055,1.0843634786380394,307472,15677,291795
23056,1.0843164469118667,307472,15677,291795
23057,1.084269419265299,307472,15677,291795
23058,1.0842223956978054,307472,15677,291795
23059,1.0841753762088555,307472,15677,291795
23060,1.0841283607979184,307472,15677,291795
23061,1.0840813494644639,307472,15677,291795
23062,1.0840343422079612,307472,15677,291795
23063,1.0839873390278802,307472,15677,291795
23064,1.0839403399236907,307436,15677,291759
23065,1.0838933448948624,307436,15677,291759
23066,1.0838463539408654,307436,15677,291759
23067,1.0837993670611696,307436,15677,291759
23068,1.0837523842552454,307436,15677,291759
23069,1.0837054055225628,307436,15677,291759
23070,1.083658430862592,307436,15677,291759
23071,1.083611460274804,307436,15677,291759
23072,1.0835644937586686,307436,15677,291759
23073,1.0835175313136567,307436,15677,291759
23074,1.0834705729392389,307436,15677,291759
23075,1.0834236186348862,307436,15677,291759
23076,1.0833766684000694,307436,15677,291759
23077,1.0833297222342593,307436,15677,291759
23078,1.083282780136927,307436,15677,291759
23079,1.0832358421075436,307436,15677,291759
23080,1.0831889081455806,307436,15677,291759
23081,1.0831419782505092,307436,15677,291759
23082,1.0830950524218006,307436,15677,291759
23083,1.0830481306589266,307436,15677,291759
23084,1.0830012129613584,307436,15677,291759
23085,1.0829542993285683,307436,15677,291759
23086,1.0829073897600276,307436,15677,291759
23087,1.0828604842552085,307436,15677,291759
23088,1.0828135828135828,307436,15677,291759
23089,1.0827666854346225,307436,15677,291759
23090,1.0827197921178,307436,15677,291759
23091,1.0826729028625872,307436,15677,291759
23092,1.0826260176684566,307436,15677,291759
23093,1.0825791365348807,307395,15677,291718
23094,1.082532259461332,307395,15677,291718
23095,1.082485386447283,307395,15677,291718
23096,1.0824385174922064,307166,15677,291489
23097,1.0823916525955752,307166,15677,291489
23098,1.082344791756862,307166,15677,291489
23099,1.0822979349755402,307166,15677,291489
23100,1.0822510822510822,307166,15677,291489
23101,1.0822042335829618,307141,15684,291457
23102,1.082157388970652,307141,15684,291457
23103,1.082110548413626,307141,15684,291457
23104,1.0820637119113574,307141,15684,291457
23105,1.0820168794633196,307141,15684,291457
23106,1.0819700510689865,307141,15684,291457
23107,1.0819232267278314,307141,15684,291457
23108,1.0818764064393285,307141,15684,291457
23109,1.0818295902029513,307141,15684,291457
23110,1.081782778018174,307141,15684,291457
23111,1.0817359698844706,307141,15684,291457
23112,1.0816891658013152,307141,15684,291457
23113,1.0816423657681824,307141,15684,291457
23114,1.081595569784546,307141,15684,291457
23115,1.0815487778498811,307141,15684,291457
23116,1.0815019899636615,307141,15684,291457
23117,1.0814552061253624,307141,15684,291457
23118,1.081408426334458,307141,15684,291457
23119,1.0813616505904236,307141,15684,291457
23120,1.0813148788927336,307141,15684,291457
23121,1.0812681112408633,307141,15684,291457
23122,1.0812213476342878,307141,15684,291457
23123,1.081174588072482,307108,15684,291424
23124,1.0811278325549214,307108,15684,291424
23125,1.0810810810810811,307108,15684,291424
23126,1.0810343336504367,307108,15684,291424
23127,1.0809875902624637,307108,15684,291424
23128,1.0809408509166378,307108,15684,291424
23129,1.0808941156124345,307108,15684,291424
23130,1.0808473843493298,307108,15684,291424
23131,1.0808006571267996,307108,15684,291424
23132,1.0807539339443195,307108,15684,291424
23133,1.0807072148013661,307108,15684,291424
23134,1.080660499697415,307108,15684,291424
23135,1.080613788631943,307108,15684,291424
23136,1.080567081604426,307064,15684,291380
23137,1.0805203786143407,307064,15684,291380
23138,1.0804736796611634,307064,15684,291380
23139,1.080426984744371,307064,15684,291380
23140,1.08038029386344,307064,15684,291380
23141,1.080333607017847,307064,15684,291380
23142,1.0802869242070694,307064,15684,291380
23143,1.0802402454305837,307064,15684,291380
23144,1.0801935706878674,307064,15684,291380
23145,1.080146899978397,307064,15684,291380
23146,1.0801002333016505,307064,15684,291380
23147,1.0800535706571046,307064,15684,291380
23148,1.080006912044237,307064,15684,291380
23149,1.0799602574625253,307064,15684,291380
23150,1.079913606911447,307064,15684,291380
23151,1.0798669603904798,307064,15684,291380
23152,1.0798203178991015,307064,15684,291380
23153,1.07977367943679,307064,15684,291380
23154,1.0797270450030232,307064,15684,291380
23155,1.0796804145972791,307064,15684,291380
23156,1.079633788219036,307064,15684,291380
23157,1.0795871658677723,307064,15684,291380
23158,1.0795405475429658,307064,15684,291380
23159,1.0794939332440951,307064,15684,291380
23160,1.079447322970639,307064,15684,291380
23161,1.0794007167220758,307064,15684,291380
23162,1.0793541144978844,307064,15684,291380
23163,1.0793075162975434,307064,15684,291380
23164,1.0792609221205318,307064,15684,291380
23165,1.0792143319663285,307064,15684,291380
23166,1.0791677458344124,306931,15682,291249
23167,1.079121163724263,306931,15682,291249
23168,1.0790745856353592,306931,15682,291249
23169,1.0790280115671802,306931,15682,291249
23170,1.0789814415192058,306931,15682,291249
23171,1.0789348754909154,306931,15682,291249
23172,1.0788883134817884,306931,15682,291249
23173,1.0788417554913046,306931,15682,291249
23174,1.0787952015189437,306931,15682,291249
23175,1.0787486515641855,306931,15682,291249
23176,1.0787021056265103,306931,15682,291249
23177,1.0786555637053976,306931,15682,291249
23178,1.0786090258003278,306931,15682,291249
23179,1.0785624919107812,306931,15682,291249
23180,1.0785159620362381,306931,15682,291249
23181,1.0784694361761789,306931,15682,291249
23182,1.0784229143300836,306931,15682,291249
23183,1.0783763964974336,306931,15682,291249
23184,1.0783298826777088,306931,15682,291249
23185,1.0782833728703904,306931,15682,291249
23186,1.0782368670749591,306931,15682,291249
23187,1.0781903652908957,306931,15682,291249
23188,1.0781438675176815,306931,15682,291249
23189,1.0780973737547976,306931,15682,291249
23190,1.0780508840017249,306931,15682,291249
23191,1.0780043982579448,306931,15682,291249
23192,1.077957916522939,306931,15682,291249
23193,1.0779114387961886,306931,15682,291249
23194,1.0778649650771752,306931,15682,291249
23195,1.0778184953653804,306931,15682,291249
23196,1.0777720296602862,306931,15682,291249
23197,1.0777255679613744,306931,15682,291249
23198,1.0776791102681265,306931,15682,291249
23199,1.077632656580025,306931,15682,291249
23200,1.0775862068965518,306931,15682,291249
23201,1.0775397612171889,306931,15682,291249
23202,1.077493319541419,306931,15682,291249
23203,1.077446881868724,306931,15682,291249
23204,1.0774004481985864,306931,15682,291249
23205,1.077354018530489,306931,15682,291249
23206,1.0773075928639144,306931,15682,291249
23207,1.0772611711983453,306931,15682,291249
23208,1.0772147535332643,306931,15682,291249
23209,1.0771683398681546,306931,15682,291249
23210,1.077121930202499,306931,15682,291249
23211,1.0770755245357804,306931,15682,291249
23212,1.0770291228674824,306931,15682,291249
23213,1.0769827251970878,306931,15682,291249
23214,1.0769363315240803,306931,15682,291249
23215,1.0768899418479432,306931,15682,291249
23216,1.07684355616816,306931,15682,291249
23217,1.0767971744842142,306931,15682,291249
23218,1.0767507967955896,306931,15682,291249
23219,1.0767044231017702,306931,15682,291249
23220,1.0766580534022394,306931,15682,291249
23221,1.0766116876964815,306931,15682,291249
23222,1.0765653259839807,306931,15682,291249
23223,1.0765189682642209,306931,15682,291249
23224,1.076472614536686,306931,15682,291249
23225,1.0764262648008611,306931,15682,291249
23226,1.07637991905623,306931,15682,291249
23227,1.0763335773022775,306931,15682,291249
23228,1.076287239538488,306931,15682,291249
23229,1.0762409057643463,306931,15682,291249
23230,1.076194575979337,306931,15682,291249
23231,1.0761482501829451,306931,15682,291249
23232,1.0761019283746556,306931,15682,291249
23233,1.0760556105539534,306931,15682,291249
23234,1.0760092967203236,306769,15682,291087
23235,1.0759629868732516,306769,15682,291087
23236,1.0759166810122225,306769,15682,291087
23237,1.0758703791367217,306769,15682,291087
23238,1.0758240812462345,306769,15682,291087
23239,1.075777787340247,306769,15682,291087
23240,1.0757314974182444,306769,15682,291087
23241,1.0756852114797126,306769,15682,291087
23242,1.0756389295241373,306769,15682,291087
23243,1.0755926515510046,306769,15682,291087
23244,1.0755463775598004,306769,15682,291087
23245,1.0755001075500108,306769,15682,291087
23246,1.075453841521122,306769,15682,291087
23247,1.0754075794726201,306769,15682,291087
23248,1.0753613214039917,306769,15682,291087
23249,1.0753150673147231,306769,15682,291087
23250,1.075268817204301,306769,15682,291087
23251,1.0752225710722119,306769,15682,291087
23252,1.0751763289179426,306769,15682,291087
23253,1.0751300907409798,306769,15682,291087
23254,1.0750838565408103,306769,15682,291087
23255,1.075037626316921,306769,15682,291087
23256,1.0749914000687995,306769,15682,291087
23257,1.0749451777959325,306769,15682,291087
23258,1.0748989594978071,306769,15682,291087
23259,1.0748527451739112,306769,15682,291087
23260,1.0748065348237317,306769,15682,291087
23261,1.0747603284467564,306769,15682,291087
23262,1.0747141260424726,306769,15682,291087
23263,1.0746679276103683,306769,15682,291087
23264,1.0746217331499313,306769,15682,291087
23265,1.0745755426606491,306769,15682,291087
23266,1.0745293561420097,306769,15682,291087
23267,1.0744831735935014,306769,15682,291087
23268,1.0744369950146124,306769,15682,291087
23269,1.0743908204048305,306769,15682,291087
23270,1.0743446497636442,306769,15682,291087
23271,1.0742984830905418,306769,15682,291087
23272,1.074252320385012,306769,15682,291087
23273,1.0742061616465433,306769,15682,291087
23274,1.074160006874624,306769,15682,291087
23275,1.0741138560687433,306769,15682,291087
23276,1.0740677092283897,306769,15682,291087
23277,1.0740215663530523,306769,15682,291087
23278,1.0739754274422202,306769,15682,291087
23279,1.073929292495382,306769,15682,291087
23280,1.0738831615120275,306769,15682,291087
23281,1.0738370344916455,306769,15682,291087
23282,1.0737909114337256,306769,15682,291087
23283,1.0737447923377572,306769,15682,291087
23284,1.0736986772032298,306769,15682,291087
23285,1.0736525660296328,306769,15682,291087
23286,1.0736064588164562,306769,15682,291087
23287,1.0735603555631898,306769,15682,291087
23288,1.0735142562693232,306769,15682,291087
23289,1.0734681609343466,306769,15682,291087
23290,1.07342206955775,306769,15682,291087
23291,1.0733759821390236,306769,15682,291087
23292,1.0733298986776576,306769,15682,291087
23293,1.0732838191731422,306769,15682,291087
23294,1.0732377436249678,306769,15682,291087
23295,1.073191672032625,306769,15682,291087
23296,1.0731456043956045,306718,15682,291036
23297,1.0730995407133965,306718,15682,291036
23298,1.0730534809854924,306718,15682,291036
23299,1.0730074252113824,306719,15682,291037
23300,1.0729613733905579,306719,15682,291037
23301,1.0729153255225097,306719,15682,291037
23302,1.0728692816067291,306719,15682,291037
23303,1.072823241642707,306719,15682,291037
23304,1.0727772056299347,306719,15682,291037
23305,1.072731173567904,306719,15682,291037
23306,1.0726851454561057,306719,15682,291037
23307,1.0726391212940318,306719,15682,291037
23308,1.0725931010811738,306719,15682,291037
23309,1.0725470848170235,306719,15682,291037
23310,1.0725010725010724,306719,15682,291037
23311,1.0724550641328128,306629,15682,290947
23312,1.0724090597117364,306629,15682,290947
23313,1.0723630592373354,306629,15682,290947
23314,1.0723170627091019,306629,15682,290947
23315,1.072271070126528,306629,15682,290947
23316,1.0722250814891061,306629,15682,290947
23317,1.072179096796329,306629,15682,290947
23318,1.0721331160476886,306629,15682,290947
23319,1.0720871392426776,306629,15682,290947
23320,1.072041166380789,306629,15682,290947
23321,1.0719951974615154,306629,15682,290947
23322,1.0719492324843496,306629,15682,290947
23323,1.0719032714487844,306629,15682,290947
23324,1.071857314354313,306629,15682,290947
23325,1.0718113612004287,306629,15682,290947
23326,1.0717654119866244,306629,15682,290947
23327,1.0717194667123933,306629,15682,290947
23328,1.0716735253772292,306629,15682,290947
23329,1.071627587980625,306629,15682,290947
23330,1.0715816545220747,306629,15682,290947
23331,1.0715357250010715,306629,15682,290947
23332,1.0714897994171095,306629,15682,290947
23333,1.0714438777696824,306629,15682,290947
23334,1.0713979600582841,306629,15682,290947
23335,1.0713520462824084,306629,15682,290947
23336,1.0713061364415495,306629,15682,290947
23337,1.0712602305352017,306629,15682,290947
23338,1.0712143285628588,306629,15682,290947
23339,1.0711684305240157,306629,15682,290947
23340,1.0711225364181662,306629,15682,290947
23341,1.0710766462448054,306629,15682,290947
23342,1.0710307600034272,306629,15682,290947
23343,1.070984877693527,306629,15682,290947
23344,1.070938999314599,306629,15682,290947
23345,1.0708931248661384,306629,15682,290947
23346,1.07084725434764,306629,15682,290947
23347,1.0708013877585985,306629,15682,290947
23348,1.0707555250985095,306629,15682,290947
23349,1.070709666366868,306629,15682,290947
23350,1.0706638115631693,306629,15682,290947
23351,1.0706179606869084,306629,15682,290947
23352,1.0705721137375814,306629,15682,290947
23353,1.0705262707146834,306629,15682,290947
23354,1.0704804316177101,306629,15682,290947
23355,1.0704345964461572,306629,15682,290947
23356,1.0703887651995205,306629,15682,290947
23357,1.070342937877296,306629,15682,290947
23358,1.0702971144789795,306629,15682,290947
23359,1.070251295004067,306629,15682,290947
23360,1.0702054794520548,306629,15682,290947
23361,1.0701596678224392,306629,15682,290947
23362,1.0701138601147162,306629,15682,290947
23363,1.0700680563283824,306629,15682,290947
23364,1.0700222564629345,306629,15682,290947
23365,1.0699764605178685,306629,15682,290947
23366,1.0699306684926817,306629,15682,290947
23367,1.0698848803868704,306629,15682,290947
23368,1.0698390961999316,306629,15682,290947
23369,1.069793315931362,306629,15682,290947
23370,1.069747539580659,306629,15682,290947
23371,1.0697017671473192,306629,15682,290947
23372,1.0696559986308403,306629,15682,290947
23373,1.0696102340307192,306629,15682,290947
23374,1.0695644733464533,306629,15682,290947
23375,1.0695187165775402,306629,15682,290947
23376,1.069472963723477,306629,15682,290947
23377,1.0694272147837618,306629,15682,290947
23378,1.069381469757892,306629,15682,290947
23379,1.0693357286453655,306629,15682,290947
23380,1.0692899914456802,306578,15708,290870
23381,1.0692442581583337,306578,15708,290870
23382,1.0691985287828243,306578,15708,290870
23383,1.0691528033186504,306578,15708,290870
23384,1.0691070817653097,306578,15708,290870
23385,1.0690613641223006,306578,15708,290870
23386,1.0690156503891217,306578,15708,290870
23387,1.0689699405652713,306578,15708,290870
23388,1.0689242346502479,306578,15708,290870
23389,1.0688785326435504,306578,15708,290870
23390,1.0688328345446771,306578,15708,290870
23391,1.0687871403531273,306578,15708,290870
23392,1.0687414500683994,306578,15708,290870
23393,1.0686957636899928,306578,15708,290870
23394,1.0686500812174062,306578,15708,290870
23395,1.068604402650139,306189,15708,290481
23396,1.0685587279876902,306189,15708,290481
23397,1.0685130572295594,306189,15708,290481
23398,1.0684673903752457,306189,15708,290481
23399,1.068421727424249,306189,15708,290481
23400,1.0683760683760684,306189,15708,290481
23401,1.0683304132302038,306189,15708,290481
23402,1.068284761986155,306189,15708,290481
23403,1.0682391146434218,306189,15708,290481
23404,1.068193471201504,306189,15708,290481
23405,1.0681478316599018,306189,15708,290481
23406,1.068102196018115,306189,15708,290481
23407,1.068056564275644,306189,15708,290481
23408,1.068010936431989,306189,15708,290481
23409,1.0679653124866504,306189,15708,290481
23410,1.0679196924391285,306189,15708,290481
23411,1.067874076288924,306189,15708,290481
23412,1.0678284640355373,306189,15708,290481
23413,1.0677828556784692,306189,15708,290481
23414,1.0677372512172205,306189,15708,290481
23415,1.067691650651292,306189,15708,290481
23416,1.0676460539801844,306189,15708,290481
23417,1.0676004612033991,306189,15708,290481
23418,1.0675548723204373,306189,15708,290481
23419,1.0675092873307999,306189,15708,290481
23420,1.067463706233988,306189,15708,290481
23421,1.0674181290295035,306189,15708,290481
23422,1.0673725557168474,306189,15708,290481
23423,1.0673269862955215,306189,15708,290481
23424,1.0672814207650274,306189,15708,290481
23425,1.0672358591248665,306189,15708,290481
23426,1.0671903013745412,306189,15708,290481
23427,1.0671447475135527,306189,15708,290481
23428,1.0670991975414035,306189,15708,290481
23429,1.0670536514575952,306189,15708,290481
23430,1.0670081092616304,306189,15708,290481
23431,1.066962570953011,306189,15708,290481
23432,1.0669170365312393,306189,15708,290481
23433,1.0668715059958178,306189,15708,290481
23434,1.0668259793462491,306189,15708,290481
23435,1.0667804565820354,306189,15708,290481
23436,1.0667349377026796,306189,15708,290481
23437,1.0666894227076844,306189,15708,290481
23438,1.0666439115965527,306189,15708,290481
23439,1.066598404368787,306189,15708,290481
23440,1.0665529010238908,306189,15708,290481
23441,1.066507401561367,306189,15708,290481
23442,1.0664619059807183,306189,15708,290481
23443,1.0664164142814485,306189,15708,290481
23444,1.066370926463061,306189,15708,290481
23445,1.0663254425250586,306189,15708,290481
23446,1.0662799624669452,306189,15708,290481
23447,1.0662344862882245,306189,15708,290481
23448,1.0661890139883998,306189,15708,290481
23449,1.0661435455669752,306190,15580,290610
23450,1.0660980810234542,306190,15580,290610
23451,1.0660526203573408,306190,15580,290610
23452,1.0660071635681392,306190,15580,290610
23453,1.0659617106553532,306190,15580,290610
23454,1.0659162616184872,306190,15580,290610
23455,1.0658708164570454,306190,15580,290610
23456,1.065825375170532,306190,15580,290610
23457,1.0657799377584516,306190,15580,290610
23458,1.0657345042203086,306190,15580,290610
23459,1.0656890745556076,306190,15580,290610
23460,1.0656436487638534,306190,15580,290610
23461,1.0655982268445505,306190,15580,290610
23462,1.065552808797204,306190,15580,290610
23463,1.0655073946213187,306190,15580,290610
23464,1.0654619843163995,306190,15580,290610
23465,1.0654165778819518,306190,15580,290610
23466,1.0653711753174806,306190,15580,290610
23467,1.065325776622491,306190,15580,290610
23468,1.0652803817964889,306190,15580,290610
23469,1.065234990838979,306190,15580,290610
23470,1.0651896037494675,306190,15580,290610
23471,1.0651442205274595,306190,15580,290610
23472,1.065098841172461,306190,15580,290610
23473,1.0650534656839774,306190,15580,290610
23474,1.065008094061515,306190,15580,290610
23475,1.0649627263045793,306190,15580,290610
23476,1.0649173624126769,306190,15580,290610
23477,1.0648720023853133,306190,15580,290610
23478,1.064826646221995,306190,15580,290610
23479,1.0647812939222283,306190,15580,290610
23480,1.0647359454855196,306190,15580,290610
23481,1.0646906009113752,306190,15580,290610
23482,1.0646452601993015,306190,15580,290610
23483,1.0645999233488055,306190,15580,290610
23484,1.0645545903593936,306190,15580,290610
23485,1.0645092612305727,306190,15580,290610
23486,1.0644639359618495,306190,15580,290610
23487,1.0644186145527312,306190,15580,290610
23488,1.0643732970027249,306190,15580,290610
23489,1.0643279833113373,306190,15580,290610
23490,1.0642826734780757,306190,15580,290610
23491,1.0642373675024477,306190,15580,290610
23492,1.0641920653839605,306087,15580,290507
23493,1.0641467671221214,306087,15580,290507
23494,1.0641014727164382,306087,15580,290507
23495,1.0640561821664183,306087,15580,290507
23496,1.0640108954715697,306087,15580,290507
23497,1.0639656126313997,306087,15580,290507
23498,1.0639203336454166,306087,15580,290507
23499,1.0638750585131282,306087,15580,290507
23500,1.0638297872340425,306087,15580,290507
23501,1.0637845198076679,306087,15580,290507
23502,1.063739256233512,306087,15580,290507
23503,1.0636939965110837,306087,15580,290507
23504,1.0636487406398911,306087,15580,290507
23505,1.0636034886194428,306087,15580,290507
23506,1.063558240449247,306087,15580,290507
23507,1.0635129961288128,306087,15580,290507
23508,1.0634677556576484,306087,15580,290507
23509,1.063422519035263,306087,15580,290507
23510,1.0633772862611655,306087,15580,290507
23511,1.0633320573348646,306087,15580,290507
23512,1.0632868322558693,306087,15580,290507
23513,1.063241611023689,306087,15580,290507
23514,1.0631963936378328,306087,15580,290507
23515,1.06315118009781,306087,15580,290507
23516,1.0631059704031298,306087,15580,290507
23517,1.063060764553302,306087,15580,290507
23518,1.0630155625478357,306087,15580,290507
23519,1.062970364386241,306087,15580,290507
23520,1.0629251700680271,306087,15580,290507
23521,1.0628799795927044,306087,15580,290507
23522,1.0628347929597823,306087,15580,290507
23523,1.062789610168771,305803,15580,290223
23524,1.0627444312191805,305803,15580,290223
23525,1.0626992561105206,305803,15580,290223
23526,1.062654084842302,305803,15580,290223
23527,1.062608917414035,305803,15580,290223
23528,1.0625637538252295,305803,15580,290223
23529,1.0625185940753963,305803,15580,290223
23530,1.062473438164046,305803,15580,290223
23531,1.0624282860906888,305803,15580,290223
23532,1.062383137854836,305803,15580,290223
23533,1.062337993455998,305803,15580,290223
23534,1.0622928528936857,305803,15580,290223
23535,1.0622477161674102,305803,15580,290223
23536,1.0622025832766826,305803,15580,290223
23537,1.0621574542210137,305803,15580,290223
23538,1.062112328999915,305803,15580,290223
23539,1.0620672076128976,305803,15580,290223
23540,1.0620220900594732,305803,15580,290223
23541,1.061976976339153,305803,15580,290223
23542,1.0619318664514485,305803,15580,290223
23543,1.0618867603958715,305803,15580,290223
23544,1.0618416581719334,305803,15580,290223
23545,1.0617965597791463,305803,15580,290223
23546,1.061751465217022,305794,15580,290214
23547,1.0617063744850723,305794,15580,290214
23548,1.0616612875828095,305794,15580,290214
23549,1.0616162045097457,305794,15580,290214
23550,1.0615711252653928,305794,15580,290214
23551,1.0615260498492634,305794,15580,290214
23552,1.0614809782608696,305794,15580,290214
23553,1.061435910499724,305692,15580,290112
23554,1.0613908465653392,305692,15580,290112
23555,1.0613457864572278,305692,15580,290112
23556,1.0613007301749025,305692,15580,290112
23557,1.0612556777178759,305692,15580,290112
23558,1.0612106290856609,305692,15580,290112
23559,1.0611655842777707,305692,15580,290112
23560,1.061120543293718,305692,15580,290112
23561,1.0610755061330164,305692,15580,290112
23562,1.0610304727951787,305692,15580,290112
23563,1.060985443279718,305692,15580,290112
23564,1.0609404175861483,305692,15580,290112
23565,1.0608953957139826,305692,15580,290112
23566,1.0608503776627345,305692,15580,290112
23567,1.0608053634319174,305692,15580,290112
23568,1.0607603530210454,305692,15580,290112
23569,1.0607153464296322,305692,15580,290112
23570,1.0606703436571914,305692,15580,290112
23571,1.060625344703237,305692,15580,290112
23572,1.0605803495672832,305692,15580,290112
23573,1.060535358248844,305692,15580,290112
23574,1.0604903707474336,305692,15580,290112
23575,1.0604453870625663,305692,15580,290112
23576,1.0604004071937563,305692,15580,290112
23577,1.0603554311405183,305692,15580,290112
23578,1.0603104589023666,305692,15580,290112
23579,1.0602654904788158,305692,15580,290112
23580,1.0602205258693809,305692,15580,290112
23581,1.0601755650735762,305692,15580,290112
23582,1.0601306080909167,305692,15580,290112
23583,1.0600856549209177,305692,15580,290112
23584,1.0600407055630936,305692,15580,290112
23585,1.0599957600169598,305692,15580,290112
23586,1.0599508182820316,305692,15580,290112
23587,1.0599058803578243,305692,15580,290112
23588,1.0598609462438529,305692,15580,290112
23589,1.0598160159396328,305692,15580,290112
23590,1.05977108944468,305692,15580,290112
23591,1.0597261667585096,305599,15580,290019
23592,1.0596812478806374,305599,15580,290019
23593,1.0596363328105793,305599,15580,290019
23594,1.0595914215478512,305599,15580,290019
23595,1.0595465140919686,305599,15580,290019
23596,1.059501610442448,305599,15580,290019
23597,1.0594567105988049,305599,15580,290019
23598,1.059411814560556,305599,15580,290019
23599,1.0593669223272173,305599,15580,290019
23600,1.0593220338983051,305599,15580,290019
23601,1.059277149273336,305599,15580,290019
23602,1.059232268451826,305599,15580,290019
23603,1.0591873914332923,305599,15580,290019
23604,1.0591425182172514,305599,15580,290019
23605,1.0590976488032195,305599,15580,290019
23606,1.0590527831907142,305599,15580,290019
23607,1.0590079213792518,305599,15580,290019
23608,1.0589630633683498,305599,15580,290019
23609,1.0589182091575247,305599,15580,290019
23610,1.058873358746294,305599,15580,290019
23611,1.0588285121341747,305599,15580,290019
23612,1.0587836693206845,305599,15580,290019
23613,1.0587388303053402,305599,15580,290019
23614,1.05869399508766,305599,15580,290019
23615,1.0586491636671607,305551,15580,289971
23616,1.0586043360433603,305551,15580,289971
23617,1.0585595122157767,305551,15580,289971
23618,1.0585146921839275,305551,15580,289971
23619,1.0584698759473306,305551,15580,289971
23620,1.058425063505504,305551,15580,289971
23621,1.0583802548579653,305551,15580,289971
23622,1.0583354500042332,305551,15580,289971
23623,1.058290648943826,305551,15580,289971
23624,1.0582458516762614,305551,15580,289971
23625,1.0582010582010581,305551,15580,289971
23626,1.0581562685177346,305400,15580,289820
23627,1.0581114826258096,305400,15580,289820
23628,1.058066700524801,305400,15580,289820
23629,1.0580219222142282,305400,15580,289820
23630,1.0579771476936097,305400,15580,289820
23631,1.0579323769624644,305400,15580,289820
23632,1.0578876100203114,305400,15580,289820
23633,1.0578428468666694,305400,15580,289820
23634,1.0577980875010577,305400,15580,289820
23635,1.0577533319229955,305400,15580,289820
23636,1.057708580132002,305400,15580,289820
23637,1.0576638321275966,305400,15580,289820
23638,1.0576190879092986,305400,15580,289820
23639,1.0575743474766277,305296,15580,289716
23640,1.0575296108291032,305296,15580,289716
23641,1.0574848779662451,305296,15580,289716
23642,1.0574401488875729,305296,15580,289716
23643,1.0573954235926066,305296,15580,289716
23644,1.0573507020808661,305296,15580,289716
23645,1.0573059843518715,305296,15580,289716
23646,1.0572612704051425,305296,15580,289716
23647,1.0572165602401995,305296,15580,289716
23648,1.0571718538565629,305296,15580,289716
23649,1.0571271512537528,305296,15580,289716
23650,1.0570824524312896,305296,15580,289716
23651,1.057037757388694,305296,15580,289716
23652,1.0569930661254863,305296,15580,289716
23653,1.056948378641187,305296,15580,289716
23654,1.0569036949353174,305296,15580,289716
23655,1.056859015007398,305296,15580,289716
23656,1.0568143388569495,305296,15580,289716
23657,1.0567696664834934,305296,15580,289716
23658,1.05672499788655,305296,15580,289716
23659,1.056680333065641,305296,15580,289716
23660,1.0566356720202874,305296,15580,289716
23661,1.0565910147500106,305296,15580,289716
23662,1.0565463612543318,305296,15580,289716
23663,1.0565017115327726,305296,15580,289716
23664,1.0564570655848546,305296,15580,289716
23665,1.0564124234100993,305296,15580,289716
23666,1.0563677850080284,305296,15580,289716
23667,1.0563231503781636,305296,15580,289716
23668,1.056278519520027,305296,15580,289716
23669,1.0562338924331405,304527,15580,288947
23670,1.0561892691170258,304527,15580,288947
23671,1.0561446495712052,304527,15580,288947
23672,1.0561000337952011,304527,15580,288947
23673,1.0560554217885354,304527,15580,288947
23674,1.0560108135507307,304527,15580,288947
23675,1.0559662090813093,304527,15580,288947
23676,1.055921608379794,304527,15580,288947
23677,1.0558770114457068,304527,15580,288947
23678,1.0558324182785708,304527,15580,288947
23679,1.0557878288779088,304527,15580,288947
23680,1.0557432432432432,304527,15580,288947
23681,1.0556986613740973,304446,15575,288871
23682,1.055654083269994,304446,15575,288871
23683,1.0556095089304565,304446,15575,288871
23684,1.0555649383550076,304360,15575,288785
23685,1.0555203715431707,304360,15575,288785
23686,1.0554758084944693,304360,15575,288785
23687,1.0554312492084266,304360,15575,288785
23688,1.055386693684566,304360,15575,288785
23689,1.0553421419224112,304360,15575,288785
23690,1.055297593921486,304360,15575,288785
23691,1.0552530496813135,304360,15575,288785
23692,1.0552085092014183,304360,15575,288785
23693,1.0551639724813235,304360,15575,288785
23694,1.0551194395205536,304360,15575,288785
23695,1.0550749103186325,304360,15575,288785
23696,1.0550303848750844,304360,15575,288785
23697,1.0549858631894333,304360,15575,288785
23698,1.0549413452612035,304360,15575,288785
23699,1.0548968310899194,303777,15575,288202
23700,1.0548523206751055,303777,15575,288202
23701,1.0548078140162862,303777,15575,288202
23702,1.0547633111129862,303777,15575,288202
23703,1.0547188119647302,303777,15575,288202
23704,1.0546743165710428,303777,15575,288202
23705,1.054629824931449,303777,15575,288202
23706,1.0545853370454736,303777,15575,288202
23707,1.0545408529126419,303777,15575,288202
23708,1.0544963725324785,303777,15575,288202
23709,1.0544518959045088,303777,15575,288202
23710,1.054407423028258,303777,15575,288202
23711,1.0543629539032517,303777,15575,288202
23712,1.0543184885290149,303777,15575,288202
23713,1.0542740269050732,303777,15575,288202
23714,1.0542295690309522,303777,15575,288202
23715,1.0541851149061776,303777,15575,288202
23716,1.0541406645302749,303777,15575,288202
23717,1.0540962179027702,303777,15575,288202
23718,1.054051775023189,303777,15575,288202
23719,1.0540073358910578,303777,15575,288202
23720,1.0539629005059021,303777,15575,288202
23721,1.0539184688672485,303777,15575,288202
23722,1.0538740409746228,303777,15575,288202
23723,1.0538296168275514,303777,15575,288202
23724,1.0537851964255607,303777,15575,288202
23725,1.053740779768177,303777,15575,288202
23726,1.053696366854927,303777,15575,288202
23727,1.0536519576853374,303777,15575,288202
23728,1.0536075522589345,303777,15575,288202
23729,1.0535631505752454,303777,15575,288202
23730,1.0535187526337968,303777,15575,288202
23731,1.0534743584341157,303777,15575,288202
23732,1.053429967975729,303777,15575,288202
23733,1.0533855812581638,303777,15575,288202
23734,1.053341198280947,303777,15575,288202
23735,1.0532968190436065,303777,15575,288202
23736,1.053252443545669,303777,15575,288202
23737,1.053208071786662,303777,15575,288202
23738,1.0531637037661135,303777,15575,288202
23739,1.0531193394835503,303777,15575,288202
23740,1.0530749789385003,303777,15575,288202
23741,1.0530306221304915,303777,15575,288202
23742,1.0529862690590515,303777,15575,288202
23743,1.052941919723708,303777,15575,288202
23744,1.0528975741239892,303777,15575,288202
23745,1.052853232259423,303777,15575,288202
23746,1.0528088941295377,303777,15575,288202
23747,1.052764559733861,303777,15575,288202
23748,1.0527202290719218,303777,15575,288202
23749,1.0526759021432481,303777,15575,288202
23750,1.0526315789473684,303777,15575,288202
23751,1.0525872594838113,303777,15575,288202
23752,1.052542943752105,303777,15575,288202
23753,1.0524986317517788,303777,15575,288202
23754,1.052454323482361,303777,15575,288202
23755,1.0524100189433803,303777,15575,288202
23756,1.052365718134366,303777,15575,288202
23757,1.052321421054847,303760,15647,288113
23758,1.052277127704352,303760,15647,288113
23759,1.0522328380824109,303673,15647,288026
23760,1.0521885521885521,303673,15647,288026
23761,1.0521442700223054,303673,15647,288026
23762,1.0520999915832001,303673,15647,288026
23763,1.0520557168707654,303673,15647,288026
23764,1.0520114458845313,303673,15647,288026
23765,1.051967178624027,303673,15647,288026
23766,1.0519229150887823,303502,15636,287866
23767,1.051878655278327,303502,15636,287866
23768,1.0518343991921912,303502,15636,287866
23769,1.0517901468299045,303502,15636,287866
23770,1.051745898190997,303502,15636,287866
23771,1.051701653274999,303502,15636,287866
23772,1.0516574120814404,303502,15636,287866
23773,1.0516131746098516,303502,15636,287866
23774,1.0515689408597628,303502,15636,287866
23775,1.0515247108307044,303502,15636,287866
23776,1.0514804845222072,303502,15636,287866
23777,1.0514362619338016,303502,15636,287866
23778,1.051392043065018,303502,15636,287866
23779,1.0513478279153876,303333,15638,287695
23780,1.0513036164844407,303333,15638,287695
23781,1.0512594087717084,303333,15638,287695
23782,1.0512152047767218,303333,15638,287695
23783,1.051171004499012,303333,15638,287695
23784,1.0511268079381098,303333,15638,287695
23785,1.0510826150935464,303333,15638,287695
23786,1.0510384259648533,303328,15655,287673
23787,1.0509942405515618,303328,15655,287673
23788,1.0509500588532033,303328,15655,287673
23789,1.0509058808693093,303328,15655,287673
23790,1.0508617065994115,303328,15655,287673
23791,1.0508175360430414,303328,15655,287673
23792,1.050773369199731,303328,15655,287673
23793,1.0507292060690119,303328,15655,287673
23794,1.050685046650416,303328,15655,287673
23795,1.0506408909434755,303328,15655,287673
23796,1.0505967389477222,303328,15655,287673
23797,1.0505525906626885,303328,15655,287673
23798,1.0505084460879066,303328,15655,287673
23799,1.0504643052229086,303328,15655,287673
23800,1.050420168067227,303328,15655,287673
23801,1.050376034620394,303328,15655,287673
23802,1.0503319048819426,303328,15655,287673
23803,1.0502877788514053,303328,15655,287673
23804,1.0502436565283146,303328,15655,287673
23805,1.0501995379122033,303328,15655,287673
23806,1.0501554230026044,303328,15655,287673
23807,1.0501113117990506,303328,15655,287673
23808,1.0500672043010753,303328,15655,287673
23809,1.0500231005082112,303328,15655,287673
23810,1.0499790004199916,303328,15655,287673
23811,1.0499349040359498,303328,15655,287673
23812,1.0498908113556191,303328,15655,287673
23813,1.0498467223785328,303328,15655,287673
23814,1.0498026371042244,303328,15655,287673
23815,1.0497585555322275,303328,15655,287673
23816,1.049714477662076,303328,15655,287673
23817,1.049670403493303,303328,15655,287673
23818,1.049626333025443,303328,15655,287673
23819,1.0495822662580292,303328,15655,287673
23820,1.0495382031905962,303328,15655,287673
23821,1.0494941438226775,303328,15655,287673
23822,1.0494500881538074,303328,15655,287673
23823,1.04940603618352,303328,15655,287673
23824,1.0493619879113498,303328,15655,287673
23825,1.0493179433368311,303328,15655,287673
23826,1.049273902459498,302755,15793,286962
23827,1.0492298652788854,302755,15793,286962
23828,1.0491858317945275,302755,15793,286962
23829,1.049141802005959,302755,15793,286962
23830,1.0490977759127151,302755,15793,286962
23831,1.04905375351433,302755,15793,286962
23832,1.049009734810339,302755,15793,286962
23833,1.0489657198002769,302755,15793,286962
23834,1.0489217084836788,302755,15793,286962
23835,1.0488777008600798,302755,15793,286962
23836,1.0488336969290148,302755,15793,286962
23837,1.0487896966900196,302755,15793,286962
23838,1.0487457001426295,302755,15793,286962
23839,1.0487017072863796,302755,15793,286962
23840,1.0486577181208054,302755,15793,286962
23841,1.0486137326454428,302755,15793,286962
23842,1.0485697508598273,302755,15793,286962
23843,1.0485257727634945,302755,15793,286962
23844,1.0484817983559804,302755,15793,286962
23845,1.0484378276368211,302755,15793,286962
23846,1.0483938606055523,302755,15793,286962
23847,1.04834989726171,302755,15793,286962
23848,1.0483059376048305,302755,15793,286962
23849,1.04826198163445,302755,15793,286962
23850,1.0482180293501049,302755,15793,286962
23851,1.0481740807513311,302755,15793,286962
23852,1.0481301358376656,302755,15793,286962
23853,1.0480861946086446,302755,15793,286962
23854,1.0480422570638048,302755,15793,286962
23855,1.0479983232026828,302755,15793,286962
23856,1.0479543930248156,302755,15793,286962
23857,1.0479104665297396,302755,15793,286962
23858,1.0478665437169923,302755,15793,286962
23859,1.04782262458611,302755,15793,286962
23860,1.0477787091366304,302755,15793,286962
23861,1.0477347973680902,302755,15793,286962
23862,1.0476908892800267,302755,15793,286962
23863,1.0476469848719776,302755,15793,286962
23864,1.0476030841434798,302755,15793,286962
23865,1.0475591870940708,302755,15793,286962
23866,1.0475152937232883,302755,15793,286962
23867,1.04747140403067,302755,15793,286962
23868,1.0474275180157533,302755,15793,286962
23869,1.0473836356780761,302755,15793,286962
23870,1.0473397570171763,302755,15793,286962
23871,1.047295882032592,302755,15793,286962
23872,1.0472520107238605,302755,15793,286962
23873,1.0472081430905207,302755,15793,286962
23874,1.0471642791321103,302755,15793,286962
23875,1.0471204188481675,302755,15793,286962
23876,1.0470765622382308,302755,15793,286962
23877,1.0470327093018386,302747,15789,286958
23878,1.046988860038529,302747,15789,286958
23879,1.0469450144478412,302747,15789,286958
23880,1.0469011725293131,302747,15789,286958
23881,1.046857334282484,302747,15789,286958
23882,1.0468134997068923,302747,15789,286958
23883,1.046769668802077,302747,15789,286958
23884,1.0467258415675766,302747,15789,286958
23885,1.0466820180029308,302747,15789,286958
23886,1.0466381981076782,302747,15789,286958
23887,1.0465943818813581,302747,15789,286958
23888,1.0465505693235098,302747,15789,286958
23889,1.0465067604336724,302747,15789,286958
23890,1.0464629552113855,302747,15789,286958
23891,1.0464191536561884,302747,15789,286958
23892,1.046375355767621,302747,15789,286958
23893,1.0463315615452224,302731,15767,286964
23894,1.0462877709885328,302731,15767,286964
23895,1.0462439840970914,302731,15767,286964
23896,1.0462002008704385,302731,15767,286964
23897,1.046156421308114,302731,15767,286964
23898,1.0461126454096576,302731,15767,286964
23899,1.0460688731746097,302731,15767,286964
23900,1.0460251046025104,302731,15767,286964
23901,1.0459813396928999,302731,15767,286964
23902,1.0459375784453184,302731,15767,286964
23903,1.0458938208593063,302731,15767,286964
23904,1.0458500669344042,302731,15767,286964
23905,1.0458063166701528,302731,15767,286964
23906,1.0457625700660922,302731,15767,286964
23907,1.0457188271217635,302731,15767,286964
23908,1.0456750878367074,302731,15767,286964
23909,1.0456313522104648,302731,15767,286964
23910,1.0455876202425762,302731,15767,286964
23911,1.0455438919325832,302731,15767,286964
23912,1.0455001672800268,302731,15767,286964
23913,1.0454564462844478,302731,15767,286964
23914,1.0454127289453876,302731,15767,286964
23915,1.0453690152623876,302731,15767,286964
23916,1.0453253052349891,302731,15767,286964
23917,1.0452815988627335,302731,15767,286964
23918,1.0452378961451627,302731,15767,286964
23919,1.0451941970818177,302731,15767,286964
23920,1.0451505016722409,302731,15767,286964
23921,1.0451068099159735,302731,15767,286964
23922,1.0450631218125574,302731,15767,286964
23923,1.045019437361535,302731,15767,286964
23924,1.0449757565624478,302731,15767,286964
23925,1.044932079414838,302731,15767,286964
23926,1.044888405918248,302731,15767,286964
23927,1.0448447360722197,302731,15767,286964
23928,1.0448010698762955,302731,15767,286964
23929,1.0447574073300179,302731,15767,286964
23930,1.0447137484329294,302731,15767,286964
23931,1.0446700931845723,302731,15767,286964
23932,1.0446264415844895,302731,15767,286964
23933,1.0445827936322234,302731,15767,286964
23934,1.0445391493273168,302731,15767,286964
23935,1.0444955086693126,302731,15767,286964
23936,1.044451871657754,302731,15767,286964
23937,1.0444082382921835,302731,15767,286964
23938,1.0443646085721447,302731,15767,286964
23939,1.0443209824971804,302731,15767,286964
23940,1.0442773600668338,302731,15767,286964
23941,1.0442337412806482,302731,15767,286964
23942,1.0441901261381672,302731,15767,286964
23943,1.0441465146389342,302731,15767,286964
23944,1.0441029067824925,302731,15767,286964
23945,1.044059302568386,302731,15767,286964
23946,1.044015701996158,302731,15767,286964
23947,1.0439721050653528,302731,15767,286964
23948,1.0439285117755137,302589,15767,286822
23949,1.0438849221261848,302589,15767,286822
23950,1.0438413361169103,302589,15767,286822
23951,1.0437977537472338,302589,15767,286822
23952,1.0437541750167,302383,15796,286587
23953,1.0437105999248528,302383,15796,286587
23954,1.0436670284712366,302383,15796,286587
23955,1.0436234606553956,302383,15796,286587
23956,1.0435798964768743,302383,15796,286587
23957,1.0435363359352172,302383,15796,286587
23958,1.043492779029969,302383,15796,286587
23959,1.0434492257606744,302383,15796,286587
23960,1.0434056761268782,302383,15796,286587
23961,1.0433621301281248,302383,15796,286587
23962,1.0433185877639597,302383,15796,286587
23963,1.0432750490339273,302383,15796,286587
23964,1.043231513937573,302383,15796,286587
23965,1.0431879824744419,302383,15796,286587
23966,1.0431444546440791,302383,15796,286587
23967,1.04310093044603,302383,15796,286587
23968,1.0430574098798397,302383,15796,286587
23969,1.043013892945054,302383,15796,286587
23970,1.0429703796412182,302383,15796,286587
23971,1.0429268699678778,302383,15796,286587
23972,1.0428833639245787,302383,15796,286587
23973,1.0428398615108665,302383,15796,286587
23974,1.0427963627262868,302383,15796,286587
23975,1.0427528675703859,302383,15796,286587
23976,1.0427093760427093,302383,15796,286587
23977,1.0426658881428035,302383,15796,286587
23978,1.0426224038702143,302383,15796,286587
23979,1.0425789232244882,302383,15796,286587
23980,1.042535446205171,302383,15796,286587
23981,1.0424919728118094,302383,15796,286587
23982,1.0424485030439496,302383,15796,286587
23983,1.0424050369011384,302383,15796,286587
23984,1.042361574382922,302383,15796,286587
23985,1.0423181154888472,302383,15796,286587
23986,1.0422746602184607,302383,15796,286587
23987,1.0422312085713095,302383,15796,286587
23988,1.04218776054694,302383,15796,286587
23989,1.0421443161448998,302383,15796,286587
23990,1.0421008753647354,302383,15796,286587
23991,1.042057438205994,302383,15796,286587
23992,1.0420140046682227,302383,15796,286587
23993,1.041970574750969,302383,15796,286587
23994,1.0419271484537802,302383,15796,286587
23995,1.0418837257762035,302383,15796,286587
23996,1.0418403067177864,302383,15796,286587
23997,1.0417968912780764,302383,15796,286587
23998,1.0417534794566214,302383,15796,286587
23999,1.0417100712529688,302052,15796,286256
24000,1.0416666666666667,302052,15796,286256
24001,1.0416232656972626,302052,15796,286256
24002,1.0415798683443047,302052,15796,286256
24003,1.0415364746073408,302052,15796,286256
24004,1.041493084485919,302052,15796,286256
24005,1.0414496979795875,302052,15796,286256
24006,1.0414063150878947,302052,15796,286256
24007,1.0413629358103886,301825,15807,286018
24008,1.0413195601466179,301825,15807,286018
24009,1.0412761880961305,301825,15807,286018
24010,1.0412328196584757,301825,15807,286018
24011,1.0411894548332015,301825,15807,286018
24012,1.0411460936198567,301825,15807,286018
24013,1.0411027360179903,301825,15807,286018
24014,1.0410593820271508,301825,15807,286018
24015,1.0410160316468873,301825,15807,286018
24016,1.0409726848767489,301825,15807,286018
24017,1.0409293417162844,301825,15807,286018
24018,1.0408860021650428,301825,15807,286018
24019,1.0408426662225738,301825,15807,286018
24020,1.0407993338884263,301825,15807,286018
24021,1.0407560051621498,301825,15807,286018
24022,1.0407126800432935,301825,15807,286018
24023,1.0406693585314073,301825,15807,286018
24024,1.0406260406260406,301825,15807,286018
24025,1.0405827263267429,301825,15807,286018
24026,1.0405394156330643,301825,15807,286018
24027,1.040496108544554,301825,15807,286018
24028,1.0404528050607624,301825,15807,286018
24029,1.0404095051812394,301825,15807,286018
24030,1.0403662089055348,301825,15807,286018
24031,1.0403229162331988,301825,15807,286018
24032,1.0402796271637815,301825,15807,286018
24033,1.0402363416968334,301825,15807,286018
24034,1.040193059831905,301825,15807,286018
24035,1.0401497815685459,301825,15807,286018
24036,1.0401065069063071,301825,15807,286018
24037,1.0400632358447393,301825,15807,286018
24038,1.040019968383393,301825,15807,286018
24039,1.0399767045218187,301825,15807,286018
24040,1.0399334442595674,301825,15807,286018
24041,1.03989018759619,301825,15807,286018
24042,1.039846934531237,301825,15807,286018
24043,1.0398036850642598,301825,15807,286018
24044,1.0397604391948094,301825,15807,286018
24045,1.039717196922437,301825,15807,286018
24046,1.0396739582466938,301593,15807,285786
24047,1.0396307231671311,301593,15807,285786
24048,1.0395874916833001,301593,15807,285786
24049,1.0395442637947523,301593,15807,285786
24050,1.0395010395010396,301593,15807,285786
24051,1.039457818801713,301593,15807,285786
24052,1.0394146016963246,301593,15807,285786
24053,1.039371388184426,301485,15807,285678
24054,1.0393281782655692,301485,15807,285678
24055,1.0392849719393058,301485,15807,285678
24056,1.0392417692051878,301485,15807,285678
24057,1.0391985700627675,301485,15807,285678
24058,1.039155374511597,301485,15807,285678
24059,1.0391121825512282,301485,15807,285678
24060,1.0390689941812137,301485,15807,285678
24061,1.0390258094011056,301485,15807,285678
24062,1.0389826282104564,301485,15807,285678
24063,1.0389394506088185,301485,15807,285678
24064,1.0388962765957446,301485,15807,285678
24065,1.0388531061707875,301485,15807,285678
24066,1.0388099393334995,301485,15807,285678
24067,1.0387667760834338,301485,15807,285678
24068,1.038723616420143,301485,15807,285678
24069,1.03868046034318,301485,15807,285678
24070,1.038637307852098,301485,15807,285678
24071,1.03859415894645,301485,15807,285678
24072,1.0385510136257894,301485,15807,285678
24073,1.038507871889669,301485,15807,285678
24074,1.0384647337376423,301485,15807,285678
24075,1.0384215991692627,301485,15807,285678
24076,1.0383784681840837,301485,15807,285678
24077,1.038335340781659,301485,15807,285678
24078,1.0382922169615416,301485,15807,285678
24079,1.0382490967232858,301485,15807,285678
24080,1.0382059800664452,301485,15807,285678
24081,1.0381628669905736,301485,15807,285678
24082,1.0381197574952246,301485,15807,285678
24083,1.0380766515799527,301485,15807,285678
24084,1.0380335492443116,301485,15807,285678
24085,1.0379904504878554,301485,15807,285678
24086,1.0379473553101386,301485,15807,285678
24087,1.0379042637107154,301485,15807,285678
24088,1.0378611756891398,301485,15807,285678
24089,1.0378180912449666,301485,15807,285678
24090,1.03777501037775,301485,15807,285678
24091,1.037731933087045,301485,15807,285678
24092,1.0376888593724058,301485,15807,285678
24093,1.0376457892333872,301431,15807,285624
24094,1.0376027226695443,301431,15807,285624
24095,1.0375596596804317,301431,15807,285624
24096,1.0375166002656042,301431,15807,285624
24097,1.0374735444246173,301431,15807,285624
24098,1.0374304921570254,301431,15807,285624
24099,1.0373874434623844,301431,15807,285624
24100,1.037344398340249,301431,15807,285624
24101,1.0373013567901748,301431,15807,285624
24102,1.0372583188117168,301431,15807,285624
24103,1.037215284404431,301431,15807,285624
24104,1.0371722535678725,301352,15647,285705
24105,1.0371292263015972,301352,15647,285705
24106,1.0370862026051606,301352,15647,285705
24107,1.0370431824781183,301352,15647,285705
24108,1.0370001659200265,301352,15647,285705
24109,1.0369571529304409,301352,15647,285705
24110,1.0369141435089175,301352,15647,285705
24111,1.0368711376550122,301352,15647,285705
24112,1.0368281353682813,301352,15647,285705
24113,1.036785136648281,301352,15647,285705
24114,1.0367421414945674,301352,15647,285705
24115,1.036699149906697,301352,15647,285705
24116,1.0366561618842263,301352,15647,285705
24117,1.0366131774267116,301352,15647,285705
24118,1.0365701965337093,301352,15647,285705
24119,1.0365272192047763,301352,15647,285705
24120,1.0364842454394694,301352,15647,285705
24121,1.036441275237345,301352,15647,285705
24122,1.0363983085979604,301352,15647,285705
24123,1.0363553455208723,301352,15647,285705
24124,1.0363123860056376,301352,15647,285705
24125,1.0362694300518134,301352,15647,285705
24126,1.0362264776589571,301352,15647,285705
24127,1.0361835288266257,301352,15647,285705
24128,1.0361405835543767,301352,15647,285705
24129,1.0360976418417671,301352,15647,285705
24130,1.0360547036883547,301352,15647,285705
24131,1.036011769093697,301352,15647,285705
24132,1.0359688380573513,301352,15647,285705
24133,1.0359259105788754,301352,15647,285705
24134,1.0358829866578272,301352,15647,285705
24135,1.0358400662937643,301352,15647,285705
24136,1.0357971494862446,301352,15647,285705
24137,1.0357542362348262,301352,15647,285705
24138,1.035711326539067,301352,15647,285705
24139,1.0356684203985251,301352,15647,285705
24140,1.035625517812759,301352,15647,285705
24141,1.0355826187813264,301352,15647,285705
24142,1.035539723303786,301352,15647,285705
24143,1.035496831379696,301352,15647,285705
24144,1.035453943008615,301352,15647,285705
24145,1.0354110581901015,301352,15647,285705
24146,1.035368176923714,301352,15647,285705
24147,1.0353252992090114,301352,15647,285705
24148,1.0352824250455523,301352,15647,285705
24149,1.0352395544328958,301352,15647,285705
24150,1.0351966873706004,301352,15647,285705
24151,1.0351538238582254,301352,15647,285705
24152,1.0351109638953295,301352,15647,285705
24153,1.0350681074814723,301352,15647,285705
24154,1.0350252546162126,301352,15647,285705
24155,1.03498240529911,301352,15647,285705
24156,1.0349395595297235,301352,15647,285705
24157,1.0348967173076127,301352,15647,285705
24158,1.0348538786323371,301352,15647,285705
24159,1.0348110435034563,301352,15647,285705
24160,1.0347682119205297,301352,15647,285705
24161,1.0347253838831174,301352,15647,285705
24162,1.034682559390779,301352,15647,285705
24163,1.034639738443074,301352,15647,285705
24164,1.034596921039563,301352,15647,285705
24165,1.0345541071798054,301352,15647,285705
24166,1.0345112968633619,301352,15647,285705
24167,1.0344684900897918,301244,15647,285597
24168,1.034425686858656,301244,15647,285597
24169,1.0343828871695147,301242,15647,285595
24170,1.034340091021928,301242,15647,285595
24171,1.0342972984154566,301242,15647,285595
24172,1.0342545093496607,301242,15647,285595
24173,1.0342117238241013,301242,15647,285595
24174,1.0341689418383386,301242,15647,285595
24175,1.0341261633919339,301242,15647,285595
24176,1.0340833884844474,301242,15647,285595
24177,1.0340406171154404,301242,15647,285595
24178,1.0339978492844735,301242,15647,285595
24179,1.0339550849911079,301242,15647,285595
24180,1.0339123242349049,301242,15647,285595
24181,1.0338695670154254,301242,15647,285595
24182,1.0338268133322306,301242,15647,285595
24183,1.033784063184882,301242,15647,285595
24184,1.0337413165729408,301242,15647,285595
24185,1.0336985734959685,301242,15647,285595
24186,1.033655833953527,301242,15647,285595
24187,1.0336130979451772,301242,15647,285595
24188,1.0335703654704813,301242,15647,285595
24189,1.0335276365290007,301242,15647,285595
24190,1.0334849111202977,301242,15647,285595
24191,1.0334421892439336,301242,15647,285595
24192,1.033399470899471,301242,15647,285595
24193,1.0333567560864714,301242,15647,285595
24194,1.033314044804497,301242,15647,285595
24195,1.0332713370531101,301147,15647,285500
24196,1.033228632831873,301147,15647,285500
24197,1.033185932140348,301147,15647,285500
24198,1.0331432349780973,301147,15647,285500
24199,1.0331005413446837,301147,15647,285500
24200,1.0330578512396693,301147,15647,285500
24201,1.0330151646626173,301147,15647,285500
24202,1.0329724816130899,301104,15647,285457
24203,1.0329298020906499,301104,15647,285457
24204,1.0328871260948604,301104,15647,285457
24205,1.032844453625284,301104,15647,285457
24206,1.0328017846814839,301104,15647,285457
24207,1.032759119263023,301104,15647,285457
24208,1.0327164573694647,301104,15647,285457
24209,1.0326737990003718,301104,15647,285457
24210,1.0326311441553078,301104,15647,285457
24211,1.0325884928338358,301104,15647,285457
24212,1.0325458450355196,301104,15647,285457
24213,1.0325032007599224,301104,15647,285457
24214,1.0324605600066077,301104,15647,285457
24215,1.0324179227751393,301104,15647,285457
24216,1.032375289065081,301104,15647,285457
24217,1.0323326588759962,301104,15647,285457
24218,1.032290032207449,301104,15647,285457
24219,1.0322474090590033,301104,15647,285457
24220,1.0322047894302229,301104,15647,285457
24221,1.032162173320672,301077,15647,285430
24222,1.032119560729915,301077,15647,285430
24223,1.0320769516575157,301077,15647,285430
24224,1.0320343461030383,301077,15647,285430
24225,1.0319917440660475,301077,15647,285430
24226,1.0319491455461074,301077,15647,285430
24227,1.031906550542783,301077,15647,285430
24228,1.0318639590556382,301077,15647,285430
24229,1.0318213710842379,301077,15647,285430
24230,1.031778786628147,301077,15647,285430
24231,1.03173620568693,301077,15647,285430
24232,1.0316936282601519,301077,15647,285430
24233,1.0316510543473776,301077,15647,285430
24234,1.031608483948172,301077,15647,285430
24235,1.0315659170621003,301077,15647,285430
24236,1.0315233536887276,301077,15647,285430
24237,1.031480793827619,301077,15647,285430
24238,1.0314382374783397,301077,15647,285430
24239,1.0313956846404555,301077,15647,285430
24240,1.0313531353135315,301077,15647,285430
24241,1.031310589497133,301077,15647,285430
24242,1.0312680471908258,301077,15647,285430
24243,1.0312255083941757,301077,15647,285430
24244,1.0311829731067481,301077,15647,285430
24245,1.031140441328109,301077,15647,285430
24246,1.031097913057824,301077,15647,285430
24247,1.0310553882954592,301077,15647,285430
24248,1.0310128670405807,301077,15647,285430
24249,1.0309703492927544,301077,15647,285430
24250,1.0309278350515463,301077,15647,285430
24251,1.030885324316523,301077,15647,285430
24252,1.0308428170872506,301077,15647,285430
24253,1.0308003133632953,301077,15647,285430
24254,1.0307578131442237,301077,15647,285430
24255,1.0307153164296021,301077,15647,285430
24256,1.0306728232189974,301077,15647,285430
24257,1.030630333511976,301077,15647,285430
24258,1.0305878473081045,301077,15647,285430
24259,1.03054536460695,301077,15647,285430
24260,1.030502885408079,301077,15647,285430
24261,1.030460409711059,301077,15647,285430
24262,1.0304179375154563,301077,15647,285430
24263,1.0303754688208384,301077,15647,285430
24264,1.0303330036267722,301077,15647,285430
24265,1.030290541932825,301077,15647,285430
24266,1.0302480837385641,301077,15647,285430
24267,1.030205629043557,301077,15647,285430
24268,1.030163177847371,301077,15647,285430
24269,1.0301207301495736,301077,15647,285430
24270,1.0300782859497322,301077,15647,285430
24271,1.0300358452474145,301077,15647,285430
24272,1.0299934080421886,301077,15647,285430
24273,1.0299509743336217,301077,15647,285430
24274,1.029908544121282,301077,15647,285430
24275,1.0298661174047374,301077,15647,285430
24276,1.0298236941835557,301077,15647,285430
24277,1.0297812744573052,301077,15647,285430
24278,1.029738858225554,301077,15647,285430
24279,1.02969644548787,301077,15647,285430
24280,1.029654036243822,301077,15647,285430
24281,1.029611630492978,301077,15647,285430
24282,1.0295692282349065,301077,15647,285430
24283,1.029526829469176,301077,15647,285430
24284,1.029484434195355,301077,15647,285430
24285,1.0294420424130122,301077,15647,285430
24286,1.0293996541217163,301077,15647,285430
24287,1.029357269321036,301077,15647,285430
24288,1.0293148880105403,301077,15647,285430
24289,1.029272510189798,301077,15647,285430
24290,1.029230135858378,301077,15647,285430
24291,1.0291877650158494,301077,15647,285430
24292,1.0291453976617817,301077,15647,285430
24293,1.0291030337957436,301077,15647,285430
24294,1.0290606734173047,301077,15647,285430
24295,1.0290183165260343,301077,15647,285430
24296,1.0289759631215014,301077,15647,285430
24297,1.028933613203276,301077,15647,285430
24298,1.0288912667709276,301077,15647,285430
24299,1.0288489238240257,301077,15647,285430
24300,1.02880658436214,301077,15647,285430
24301,1.02876424838484,301077,15647,285430
24302,1.0287219158916963,301077,15647,285430
24303,1.028679586882278,301077,15647,285430
24304,1.0286372613561554,301077,15647,285430
24305,1.0285949393128986,301077,15647,285430
24306,1.0285526207520777,301077,15647,285430
24307,1.0285103056732627,301077,15647,285430
24308,1.0284679940760244,301077,15647,285430
24309,1.0284256859599326,301077,15647,285430
24310,1.0283833813245578,301077,15647,285430
24311,1.0283410801694706,301077,15647,285430
24312,1.0282987824942416,301077,15647,285430
24313,1.028256488298441,301077,15647,285430
24314,1.0282141975816401,301077,15647,285430
24315,1.0281719103434095,301077,15647,285430
24316,1.0281296265833195,301077,15647,285430
24317,1.0280873463009417,301077,15647,285430
24318,1.0280450694958467,301077,15647,285430
24319,1.0280027961676055,301077,15647,285430
24320,1.0279605263157894,301077,15647,285430
24321,1.0279182599399697,301077,15647,285430
24322,1.027875997039717,301077,15647,285430
24323,1.0278337376146034,301077,15647,285430
24324,1.0277914816642,300897,15773,285124
24325,1.027749229188078,300897,15773,285124
24326,1.0277069801858094,300897,15773,285124
24327,1.0276647346569656,300897,15773,285124
24328,1.0276224926011182,300897,15773,285124
24329,1.0275802540178387,300897,15773,285124
24330,1.0275380189066996,300897,15773,285124
24331,1.0274957872672723,300897,15773,285124
24332,1.0274535590991287,300897,15773,285124
24333,1.0274113344018412,300897,15773,285124
24334,1.0273691131749816,300897,15773,285124
24335,1.027326895418122,300897,15773,285124
24336,1.027284681130835,300897,15773,285124
24337,1.0272424703126926,300897,15773,285124
24338,1.0272002629632673,300897,15773,285124
24339,1.0271580590821316,300897,15773,285124
24340,1.0271158586688578,300897,15773,285124
24341,1.0270736617230187,300897,15773,285124
24342,1.027031468244187,300897,15773,285124
24343,1.0269892782319352,300897,15773,285124
24344,1.0269470916858363,300897,15773,285124
24345,1.0269049086054631,300897,15773,285124
24346,1.0268627289903887,300897,15773,285124
24347,1.0268205528401857,300897,15773,285124
24348,1.0267783801544275,300897,15773,285124
24349,1.0267362109326872,300897,15773,285124
24350,1.0266940451745379,300897,15773,285124
24351,1.0266518828795532,300897,15773,285124
24352,1.0266097240473062,300897,15773,285124
24353,1.0265675686773703,300897,15773,285124
24354,1.0265254167693192,300897,15773,285124
24355,1.0264832683227263,300897,15773,285124
24356,1.0264411233371653,300897,15773,285124
24357,1.0263989818122101,300897,15773,285124
24358,1.0263568437474342,300897,15773,285124
24359,1.0263147091424114,300897,15773,285124
24360,1.026272577996716,300897,15773,285124
24361,1.0262304503099215,300897,15773,285124
24362,1.0261883260816025,300897,15773,285124
24363,1.0261462053113328,300897,15773,285124
24364,1.0261040879986867,300801,15791,285010
24365,1.0260619741432382,300801,15791,285010
24366,1.026019863744562,300801,15791,285010
24367,1.0259777568022326,300801,15791,285010
24368,1.025935653315824,300801,15791,285010
24369,1.0258935532849112,300801,15791,285010
24370,1.0258514567090686,300801,15791,285010
24371,1.025809363587871,300801,15791,285010
24372,1.0257672739208927,300801,15791,285010
24373,1.0257251877077094,300801,15791,285010
24374,1.0256831049478954,300801,15791,285010
24375,1.0256410256410255,300801,15791,285010
24376,1.0255989497866753,300801,15791,285010
24377,1.0255568773844197,300801,15791,285010
24378,1.0255148084338337,300801,15791,285010
24379,1.0254727429344928,300801,15791,285010
24380,1.0254306808859721,300801,15791,285010
24381,1.025388622287847,300801,15791,285010
24382,1.0253465671396933,300801,15791,285010
24383,1.025304515441086,300801,15791,285010
24384,1.025262467191601,300801,15791,285010
24385,1.0252204223908141,300801,15791,285010
24386,1.0251783810383006,300801,15791,285010
24387,1.0251363431336367,300801,15791,285010
24388,1.0250943086763982,300801,15791,285010
24389,1.025052277666161,300801,15791,285010
24390,1.0250102501025011,300801,15791,285010
24391,1.0249682259849944,300801,15791,285010
24392,1.0249262053132175,300801,15791,285010
24393,1.0248841880867463,300801,15791,285010
24394,1.024842174305157,300801,15791,285010
24395,1.0248001639680262,300801,15791,285010
24396,1.0247581570749302,300801,15791,285010
24397,1.0247161536254457,300801,15791,285010
24398,1.024674153619149,300801,15791,285010
24399,1.024632157055617,300801,15791,285010
24400,1.0245901639344261,300801,15791,285010
24401,1.0245481742551534,300801,15791,285010
24402,1.0245061880173756,300801,15791,285010
24403,1.0244642052206696,300801,15791,285010
24404,1.0244222258646123,300801,15791,285010
24405,1.024380249948781,300801,15791,285010
24406,1.0243382774727525,300801,15791,285010
24407,1.0242963084361043,300801,15791,285010
24408,1.0242543428384137,300801,15791,285010
24409,1.0242123806792576,300801,15791,285010
24410,1.024170421958214,300801,15791,285010
24411,1.0241284666748598,300801,15791,285010
24412,1.0240865148287728,300801,15791,285010
24413,1.0240445664195306,300801,15791,285010
24414,1.0240026214467108,300801,15791,285010
24415,1.0239606799098915,300801,15791,285010
24416,1.0239187418086502,300801,15791,285010
24417,1.0238768071425646,300801,15791,285010
24418,1.023834875911213,300801,15791,285010
24419,1.0237929481141734,300801,15791,285010
24420,1.0237510237510237,300801,15791,285010
24421,1.0237091028213423,300501,15791,284710
24422,1.0236671853247072,300501,15791,284710
24423,1.0236252712606968,300501,15791,284710
24424,1.0235833606288895,300501,15791,284710
24425,1.0235414534288638,300501,15791,284710
24426,1.0234995496601982,300501,15791,284710
24427,1.023457649322471,300501,15791,284710
24428,1.0234157524152612,300501,15791,284710
24429,1.0233738589381474,300501,15791,284710
24430,1.023331968890708,300501,15791,284710
24431,1.0232900822725226,300501,15791,284710
24432,1.0232481990831697,300447,15791,284656
24433,1.023206319322228,300447,15791,284656
24434,1.0231644429892772,300447,15791,284656
24435,1.023122570083896,300447,15791,284656
24436,1.0230807006056637,300447,15791,284656
24437,1.0230388345541597,300447,15791,284656
24438,1.022996971928963,300447,15791,284656
24439,1.0229551127296534,300447,15791,284656
24440,1.0229132569558101,300447,15791,284656
24441,1.0228714046070129,300447,15791,284656
24442,1.022829555682841,300447,15791,284656
24443,1.0227877101828744,300447,15791,284656
24444,1.0227458681066928,300447,15791,284656
24445,1.022704029453876,300447,15791,284656
24446,1.022662194224004,300447,15791,284656
24447,1.0226203624166565,300447,15791,284656
24448,1.0225785340314135,300447,15791,284656
24449,1.0225367090678554,300447,15791,284656
24450,1.0224948875255624,300447,15791,284656
24451,1.0224530694041143,300447,15791,284656
24452,1.0224112547030917,300447,15791,284656
24453,1.022369443422075,300447,15791,284656
24454,1.0223276355606445,300447,15791,284656
24455,1.0222858311183807,300447,15791,284656
24456,1.0222440300948643,300447,15791,284656
24457,1.0222022324896758,300447,15791,284656
24458,1.022160438302396,300447,15791,284656
24459,1.0221186475326056,300447,15791,284656
24460,1.0220768601798855,300447,15791,284656
24461,1.0220350762438166,300447,15791,284656
24462,1.0219932957239801,300447,15791,284656
24463,1.0219515186199566,300447,15791,284656
24464,1.0219097449313277,300447,15791,284656
24465,1.0218679746576742,300447,15791,284656
24466,1.0218262077985776,300447,15791,284656
24467,1.0217844443536193,300447,15791,284656
24468,1.0217426843223802,300447,15791,284656
24469,1.0217009277044424,300447,15791,284656
24470,1.021659174499387,300447,15791,284656
24471,1.0216174247067957,300331,15791,284540
24472,1.0215756783262504,300331,15791,284540
24473,1.0215339353573325,300331,15791,284540
24474,1.0214921957996241,300331,15791,284540
24475,1.0214504596527068,300331,15791,284540
24476,1.0214087269161627,300331,15791,284540
24477,1.0213669975895738,300331,15791,284540
24478,1.0213252716725223,300331,15791,284540
24479,1.02128354916459,300331,15791,284540
24480,1.0212418300653594,300331,15791,284540
24481,1.0212001143744127,300331,15791,284540
24482,1.0211584020913325,300331,15791,284540
24483,1.0211166932157008,300331,15791,284540
24484,1.0210749877471001,300331,15791,284540
24485,1.0210332856851134,300331,15791,284540
24486,1.020991587029323,300331,15791,284540
24487,1.0209498917793114,300331,15791,284540
24488,1.0209081999346619,300331,15791,284540
24489,1.0208665114949569,300331,15791,284540
24490,1.0208248264597795,300331,15791,284540
24491,1.0207831448287126,300331,15791,284540
24492,1.0207414666013392,300331,15791,284540
24493,1.0206997917772425,300331,15791,284540
24494,1.0206581203560054,300331,15791,284540
24495,1.0206164523372117,300331,15791,284540
24496,1.020574787720444,300331,15791,284540
24497,1.0205331265052864,300331,15791,284540
24498,1.0204914686913218,300331,15791,284540
24499,1.0204498142781337,300331,15791,284540
24500,1.0204081632653061,300331,15791,284540
24501,1.0203665156524224,300331,15791,284540
24502,1.0203248714390662,300331,15791,284540
24503,1.0202832306248215,300331,15791,284540
24504,1.0202415932092719,300331,15791,284540
24505,1.0201999591920017,300331,15791,284540
24506,1.0201583285725944,300331,15791,284540
24507,1.0201167013506345,300331,15791,284540
24508,1.020075077525706,300331,15791,284540
24509,1.0200334570973928,300331,15791,284540
24510,1.0199918400652794,300331,15791,284540
24511,1.0199502264289502,300331,15791,284540
24512,1.0199086161879896,300331,15791,284540
24513,1.0198670093419817,300331,15791,284540
24514,1.0198254058905116,300331,15791,284540
24515,1.0197838058331634,300331,15791,284540
24516,1.0197422091695219,300331,15791,284540
24517,1.019700615899172,300331,15791,284540
24518,1.0196590260216984,300331,15791,284540
24519,1.019617439536686,300331,15791,284540
24520,1.0195758564437194,300331,15791,284540
24521,1.019534276742384,300331,15791,284540
24522,1.019492700432265,300331,15791,284540
24523,1.019451127512947,300331,15791,284540
24524,1.0194095579840157,300331,15791,284540
24525,1.019367991845056,300272,15791,284481
24526,1.0193264290956536,300272,15791,284481
24527,1.0192848697353936,300272,15791,284481
24528,1.0192433137638617,300272,15791,284481
24529,1.0192017611806434,300272,15791,284481
24530,1.019160211985324,300272,15791,284481
24531,1.0191186661774898,300272,15791,284481
24532,1.019077123756726,300272,15791,284481
24533,1.0190355847226185,300272,15791,284481
24534,1.0189940490747533,300272,15791,284481
24535,1.0189525168127165,300272,15791,284481
24536,1.0189109879360938,300272,15791,284481
24537,1.0188694624444716,300194,15791,284403
24538,1.0188279403374358,300194,15791,284403
24539,1.0187864216145728,300194,15791,284403
24540,1.0187449062754685,300194,15791,284403
24541,1.01870339431971,300194,15791,284403
24542,1.018661885746883,300194,15791,284403
24543,1.0186203805565741,300194,15791,284403
24544,1.0185788787483703,300194,15791,284403
24545,1.0185373803218578,300194,15791,284403
24546,1.0184958852766235,300194,15791,284403
24547,1.018454393612254,300194,15791,284403
24548,1.0184129053283364,300194,15791,284403
24549,1.0183714204244572,300194,15791,284403
24550,1.0183299389002036,300194,15791,284403
24551,1.0182884607551628,300194,15791,284403
24552,1.0182469859889214,300194,15791,284403
24553,1.0182055146010671,300194,15791,284403
24554,1.0181640465911868,300194,15791,284403
24555,1.018122581958868,300194,15791,284403
24556,1.0180811207036977,300194,15791,284403
24557,1.0180396628252637,300194,15791,284403
24558,1.0179982083231534,300194,15791,284403
24559,1.0179567571969543,300194,15791,284403
24560,1.017915309446254,300194,15791,284403
24561,1.0178738650706405,300194,15791,284403
24562,1.0178324240697012,300194,15791,284403
24563,1.0177909864430241,300194,15791,284403
24564,1.0177495521901971,300194,15791,284403
24565,1.0177081213108081,300194,15791,284403
24566,1.0176666938044452,300194,15791,284403
24567,1.0176252696706964,300194,15791,284403
24568,1.0175838489091502,300194,15791,284403
24569,1.0175424315193944,300194,15791,284403
24570,1.0175010175010175,300159,15791,284368
24571,1.017459606853608,300159,15791,284368
24572,1.017418199576754,300159,15791,284368
24573,1.0173767956700444,300159,15791,284368
24574,1.0173353951330675,300159,15791,284368
24575,1.017293997965412,300159,15791,284368
24576,1.0172526041666667,300159,15791,284368
24577,1.0172112137364202,300159,15791,284368
24578,1.0171698266742615,300159,15791,284368
24579,1.0171284429797796,300159,15791,284368
24580,1.017087062652563,300159,15791,284368
24581,1.0170456856922012,300159,15791,284368
24582,1.0170043120982832,300159,15791,284368
24583,1.0169629418703983,300159,15791,284368
24584,1.0169215750081353,300159,15791,284368
24585,1.016880211511084,300159,15791,284368
24586,1.0168388513788336,300159,15791,284368
24587,1.0167974946109732,300159,15791,284368
24588,1.016756141207093,300159,15791,284368
24589,1.016714791166782,300159,15791,284368
24590,1.01667344448963,300159,15791,284368
24591,1.0166321011752266,300159,15791,284368
24592,1.016590761223162,300159,15791,284368
24593,1.0165494246330256,300159,15791,284368
24594,1.0165080914044076,300159,15791,284368
24595,1.0164667615368976,300159,15791,284368
24596,1.016425435030086,300159,15791,284368
24597,1.016384111883563,300159,15791,284368
24598,1.0163427920969184,300159,15791,284368
24599,1.0163014756697426,300159,15791,284368
24600,1.016260162601626,300159,15791,284368
24601,1.016218852892159,300159,15791,284368
24602,1.0161775465409317,300159,15791,284368
24603,1.016136243547535,300001,15813,284188
24604,1.0160949439115592,300001,15813,284188
24605,1.016053647632595,300001,15813,284188
24606,1.0160123547102333,300001,15813,284188
24607,1.0159710651440648,300001,15813,284188
24608,1.01592977893368,300001,15813,284188
24609,1.0158884960786705,300001,15813,284188
24610,1.0158472165786265,300001,15813,284188
24611,1.0158059404331397,300001,15813,284188
24612,1.0157646676418008,300001,15813,284188
24613,1.015723398204201,300001,15813,284188
24614,1.0156821321199316,300001,15813,284188
24615,1.015640869388584,300001,15813,284188
24616,1.0155996100097497,300001,15813,284188
24617,1.01555835398302,300001,15813,284188
24618,1.015517101307986,300001,15813,284188
24619,1.0154758519842397,300001,15813,284188
24620,1.0154346060113728,300001,15813,284188
24621,1.015393363388977,300001,15813,284188
24622,1.0153521241166437,300001,15813,284188
24623,1.015310888193965,300001,15813,284188
24624,1.0152696556205327,300001,15813,284188
24625,1.015228426395939,300001,15813,284188
24626,1.015187200519776,300001,15813,284188
24627,1.0151459779916352,300001,15813,284188
24628,1.0151047588111093,300001,15813,284188
24629,1.0150635429777903,300001,15813,284188
24630,1.0150223304912709,300001,15813,284188
24631,1.0149811213511428,300001,15813,284188
24632,1.014939915556999,300001,15813,284188
24633,1.0148987131084317,300001,15813,284188
24634,1.0148575140050338,300001,15813,284188
24635,1.0148163182463974,300001,15813,284188
24636,1.0147751258321156,300001,15813,284188
24637,1.0147339367617811,300001,15813,284188
24638,1.0146927510349866,300001,15813,284188
24639,1.014651568651325,300001,15813,284188
24640,1.0146103896103895,300001,15813,284188
24641,1.014569213911773,300001,15813,284188
24642,1.0145280415550686,300001,15813,284188
24643,1.0144868725398692,300001,15813,284188
24644,1.0144457068657686,300001,15813,284188
24645,1.0144045445323595,300001,15813,284188
24646,1.0143633855392356,300001,15813,284188
24647,1.0143222298859902,300001,15813,284188
24648,1.0142810775722169,300001,15813,284188
24649,1.014239928597509,300001,15813,284188
24650,1.0141987829614605,300001,15813,284188
24651,1.0141576406636648,300001,15813,284188
24652,1.0141165017037157,300001,15813,284188
24653,1.0140753660812072,300001,15813,284188
24654,1.0140342337957329,300001,15813,284188
24655,1.013993104846887,300001,15813,284188
24656,1.0139519792342635,300001,15813,284188
24657,1.0139108569574562,300001,15813,284188
24658,1.0138697380160597,300001,15813,284188
24659,1.013828622409668,300001,15813,284188
24660,1.013787510137875,300001,15813,284188
24661,1.0137464012002757,300001,15813,284188
24662,1.0137052955964643,300001,15813,284188
24663,1.0136641933260349,300001,15813,284188
24664,1.0136230943885824,299882,15786,284096
24665,1.0135819987837016,299826,15786,284040
24666,1.0135409065109868,299826,15786,284040
24667,1.013499817570033,299826,15786,284040
24668,1.0134587319604347,299826,15786,284040
24669,1.0134176496817868,299826,15786,284040
24670,1.0133765707336846,299826,15786,284040
24671,1.013335495115723,299826,15786,284040
24672,1.0132944228274967,299826,15786,284040
24673,1.0132533538686013,299826,15786,284040
24674,1.0132122882386319,299826,15786,284040
24675,1.0131712259371835,299826,15786,284040
24676,1.0131301669638515,299826,15786,284040
24677,1.0130891113182316,299826,15786,284040
24678,1.013048058999919,299826,15786,284040
24679,1.0130070100085093,299826,15786,284040
24680,1.012965964343598,299826,15786,284040
24681,1.012924922004781,299826,15786,284040
24682,1.0128838829916538,299826,15786,284040
24683,1.0128428473038122,299826,15786,284040
24684,1.0128018149408524,299826,15786,284040
24685,1.01276078590237,299826,15786,284040
24686,1.0127197601879607,299826,15786,284040
24687,1.0126787377972213,299826,15786,284040
24688,1.0126377187297473,299826,15786,284040
24689,1.012596702985135,299826,15786,284040
24690,1.012555690562981,299826,15786,284040
24691,1.0125146814628811,299826,15786,284040
24692,1.0124736756844321,299826,15786,284040
24693,1.0124326732272304,299826,15786,284040
24694,1.0123916740908723,299826,15786,284040
24695,1.0123506782749545,299826,15786,284040
24696,1.0123096857790734,299826,15786,284040
24697,1.0122686966028263,299826,15786,284040
24698,1.0122277107458093,299826,15786,284040
24699,1.0121867282076198,299826,15786,284040
24700,1.0121457489878543,299826,15786,284040
24701,1.01210477308611,299826,15786,284040
24702,1.0120638005019837,299826,15786,284040
24703,1.0120228312350728,299826,15786,284040
24704,1.0119818652849741,299826,15786,284040
24705,1.0119409026512851,299826,15786,284040
24706,1.0118999433336031,299826,15786,284040
24707,1.0118589873315256,299826,15786,284040
24708,1.0118180346446495,299826,15786,284040
24709,1.0117770852725727,299826,15786,284040
24710,1.0117361392148927,299826,15786,284040
24711,1.011695196471207,299826,15786,284040
24712,1.0116542570411136,299826,15786,284040
24713,1.01161332092421,299826,15786,284040
24714,1.011572388120094,299826,15786,284040
24715,1.0115314586283632,299826,15786,284040
24716,1.0114905324486163,299826,15786,284040
24717,1.0114496095804506,299826,15786,284040
24718,1.0114086900234647,299826,15786,284040
24719,1.0113677737772564,299826,15786,284040
24720,1.0113268608414239,299826,15786,284040
24721,1.0112859512155656,299826,15786,284040
24722,1.01124504489928,299826,15786,284040
24723,1.0112041418921651,299826,15786,284040
24724,1.0111632421938197,299826,15786,284040
24725,1.0111223458038423,299826,15786,284040
24726,1.0110814527218313,299826,15786,284040
24727,1.0110405629473855,299826,15786,284040
24728,1.0109996764801035,299826,15786,284040
24729,1.0109587933195843,299826,15786,284040
24730,1.0109179134654267,299826,15786,284040
24731,1.0108770369172293,299826,15786,284040
24732,1.0108361636745917,299826,15786,284040
24733,1.0107952937371123,299826,15786,284040
24734,1.0107544271043907,299826,15786,284040
24735,1.0107135637760258,299826,15786,284040
24736,1.010672703751617,299826,15786,284040
24737,1.0106318470307636,299826,15786,284040
24738,1.0105909936130648,299826,15786,284040
24739,1.0105501434981203,299826,15786,284040
24740,1.0105092966855296,299826,15786,284040
24741,1.010468453174892,299826,15786,284040
24742,1.0104276129658072,299826,15786,284040
24743,1.0103867760578749,299826,15786,284040
24744,1.010345942450695,299826,15786,284040
24745,1.0103051121438675,299826,15786,284040
24746,1.0102642851369918,299826,15786,284040
24747,1.0102234614296683,299826,15786,284040
24748,1.0101826410214967,299826,15786,284040
24749,1.0101418239120772,299826,15786,284040
24750,1.0101010101010102,299826,15786,284040
24751,1.0100601995878955,299826,15786,284040
24752,1.0100193923723335,299826,15786,284040
24753,1.0099785884539247,299826,15786,284040
24754,1.0099377878322695,299826,15786,284040
24755,1.0098969905069684,299826,15786,284040
24756,1.0098561964776216,299826,15786,284040
24757,1.00981540574383,299826,15786,284040
24758,1.0097746183051943,299826,15786,284040
24759,1.0097338341613151,299826,15786,284040
24760,1.0096930533117932,299826,15786,284040
24761,1.0096522757562296,299207,15798,283409
24762,1.009611501494225,299207,15798,283409
24763,1.0095707305253807,299207,15798,283409
24764,1.0095299628492973,299207,15798,283409
24765,1.0094891984655765,299207,15798,283409
24766,1.0094484373738188,299207,15798,283409
24767,1.0094076795736262,299207,15798,283409
24768,1.0093669250645996,299207,15798,283409
24769,1.0093261738463402,299207,15798,283409
24770,1.0092854259184498,299207,15798,283409
24771,1.0092446812805296,299207,15798,283409
24772,1.0092039399321815,299207,15798,283409
24773,1.009163201873007,299207,15798,283409
24774,1.0091224671026076,299207,15798,283409
24775,1.0090817356205852,299207,15798,283409
24776,1.009041007426542,299207,15798,283409
24777,1.009000282520079,299207,15798,283409
24778,1.008959560900799,299207,15798,283409
24779,1.0089188425683038,299207,15798,283409
24780,1.0088781275221954,299207,15798,283409
24781,1.0088374157620759,299207,15798,283409
24782,1.0087967072875474,299207,15798,283409
24783,1.0087560020982125,299207,15798,283409
24784,1.0087153001936733,299207,15798,283409
24785,1.0086746015735324,299207,15798,283409
24786,1.0086339062373921,299207,15798,283409
24787,1.008593214184855,299207,15798,283409
24788,1.0085525254155236,299207,15798,283409
24789,1.0085118399290007,299207,15798,283409
24790,1.008471157724889,299207,15798,283409
24791,1.0084304788027914,299207,15798,283409
24792,1.0083898031623104,299207,15798,283409
24793,1.0083491308030492,299207,15798,283409
24794,1.0083084617246107,299207,15798,283409
24795,1.0082677959265982,299207,15798,283409
24796,1.0082271334086144,299207,15798,283409
24797,1.0081864741702626,299207,15798,283409
24798,1.008145818211146,299207,15798,283409
24799,1.0081051655308682,299207,15798,283409
24800,1.0080645161290323,299207,15798,283409
24801,1.0080238700052417,299207,15798,283409
24802,1.0079832271591,299207,15798,283409
24803,1.0079425875902108,299207,15798,283409
24804,1.0079019512981777,299207,15798,283409
24805,1.0078613182826044,299207,15798,283409
24806,1.0078206885430945,299207,15798,283409
24807,1.0077800620792519,299207,15798,283409
24808,1.0077394388906804,299207,15798,283409
24809,1.0076988189769842,299207,15798,283409
24810,1.007658202337767,299207,15798,283409
24811,1.007617588972633,299207,15798,283409
24812,1.0075769788811866,299207,15798,283409
24813,1.0075363720630315,299207,15798,283409
24814,1.0074957685177721,299207,15798,283409
24815,1.007455168245013,299207,15798,283409
24816,1.0074145712443585,299207,15798,283409
24817,1.007373977515413,299207,15798,283409
24818,1.0073333870577807,299117,15798,283319
24819,1.0072927998710666,299117,15798,283319
24820,1.0072522159548751,299117,15798,283319
24821,1.0072116353088112,299117,15798,283319
24822,1.0071710579324793,299117,15798,283319
24823,1.0071304838254844,299117,15798,283319
24824,1.0070899129874316,299117,15798,283319
24825,1.0070493454179255,299036,15798,283238
24826,1.0070087811165713,299036,15798,283238
24827,1.0069682200829742,299036,15798,283238
24828,1.0069276623167391,299036,15798,283238
24829,1.0068871078174715,299036,15798,283238
24830,1.0068465565847764,299036,15798,283238
24831,1.0068060086182595,299036,15798,283238
24832,1.0067654639175259,299036,15798,283238
24833,1.006724922482181,299036,15798,283238
24834,1.0066843843118305,299036,15798,283238
24835,1.00664384940608,299036,15798,283238
24836,1.0066033177645353,299036,15798,283238
24837,1.0065627893868019,299036,15798,283238
24838,1.0065222642724858,298946,15798,283148
24839,1.0064817424211925,298946,15798,283148
24840,1.0064412238325282,298946,15798,283148
24841,1.0064007085060989,298946,15798,283148
24842,1.0063601964415103,298946,15798,283148
24843,1.0063196876383689,298946,15798,283148
24844,1.0062791820962809,298946,15798,283148
24845,1.0062386798148522,298946,15798,283148
24846,1.006198180793689,298946,15798,283148
24847,1.0061576850323983,298946,15798,283148
24848,1.006117192530586,298946,15798,283148
24849,1.0060767032878586,298946,15798,283148
24850,1.0060362173038229,298946,15798,283148
24851,1.0059957345780854,298946,15798,283148
24852,1.0059552551102526,298946,15798,283148
24853,1.0059147788999316,298946,15798,283148
24854,1.005874305946729,298946,15798,283148
24855,1.0058338362502515,298946,15798,283148
24856,1.0057933698101063,298946,15798,283148
24857,1.0057529066259001,298946,15798,283148
24858,1.0057124466972402,298946,15798,283148
24859,1.0056719900237339,298946,15798,283148
24860,1.005631536604988,298946,15798,283148
24861,1.0055910864406097,298946,15798,283148
24862,1.0055506395302067,298899,15798,283101
24863,1.005510195873386,298899,15798,283101
24864,1.0054697554697554,298899,15798,283101
24865,1.0054293183189222,298899,15798,283101
24866,1.005388884420494,298899,15798,283101
24867,1.005348453774078,298899,15798,283101
24868,1.0053080263792826,298899,15798,283101
24869,1.0052676022357152,298899,15798,283101
24870,1.0052271813429836,298899,15798,283101
24871,1.0051867637006955,298899,15798,283101
24872,1.0051463493084594,298899,15798,283101
24873,1.0051059381658827,298899,15798,283101
24874,1.0050655302725737,298899,15798,283101
24875,1.0050251256281406,298899,15798,283101
24876,1.0049847242321917,298899,15798,283101
24877,1.004944326084335,298899,15798,283101
24878,1.0049039311841788,298899,15798,283101
24879,1.0048635395313317,298899,15798,283101
24880,1.004823151125402,298899,15798,283101
24881,1.0047827659659982,298899,15798,283101
24882,1.004742384052729,298899,15798,283101
24883,1.0047020053852027,298899,15798,283101
24884,1.0046616299630284,298899,15798,283101
24885,1.0046212577858147,298899,15798,283101
24886,1.0045808888531704,298899,15798,283101
24887,1.0045405231647044,298899,15798,283101
24888,1.0045001607200257,298899,15798,283101
24889,1.0044598015187431,298899,15798,283101
24890,1.004419445560466,298899,15798,283101
24891,1.0043790928448033,298899,15798,283101
24892,1.0043387433713642,298899,15798,283101
24893,1.004298397139758,298899,15798,283101
24894,1.0042580541495942,298899,15798,283101
24895,1.004217714400482,298899,15798,283101
24896,1.0041773778920309,298899,15798,283101
24897,1.0041370446238502,298899,15798,283101
24898,1.00409671459555,298899,15798,283101
24899,1.0040563878067392,298899,15798,283101
24900,1.0040160642570282,298899,15798,283101
24901,1.0039757439460262,298899,15798,283101
24902,1.0039354268733436,298899,15798,283101
24903,1.0038951130385898,298899,15798,283101
24904,1.003854802441375,298899,15798,283101
24905,1.003814495081309,298899,15798,283101
24906,1.003774190958002,298899,15798,283101
24907,1.0037338900710644,298899,15798,283101
24908,1.003693592420106,298721,15825,282896
24909,1.0036532980047372,298721,15825,282896
24910,1.0036130068245686,298721,15825,282896
24911,1.00357271887921,298721,15825,282896
24912,1.0035324341682723,298721,15825,282896
24913,1.003492152691366,298721,15825,282896
24914,1.0034518744481016,298721,15825,282896
24915,1.0034115994380894,298721,15825,282896
24916,1.0033713276609408,298721,15825,282896
24917,1.003331059116266,298721,15825,282896
24918,1.0032907938036761,298721,15825,282896
24919,1.0032505317227818,298721,15825,282896
24920,1.0032102728731942,298721,15825,282896
24921,1.0031700172545244,298721,15825,282896
24922,1.003129764866383,298721,15825,282896
24923,1.003089515708382,298721,15825,282896
24924,1.0030492697801316,298721,15825,282896
24925,1.0030090270812437,298721,15825,282896
24926,1.0029687876113296,298721,15825,282896
24927,1.0029285513700004,298721,15825,282896
24928,1.0028883183568678,298721,15825,282896
24929,1.0028480885715432,298721,15825,282896
24930,1.0028078620136383,298721,15825,282896
24931,1.0027676386827644,298721,15825,282896
24932,1.0027274185785335,298721,15825,282896
24933,1.0026872017005575,298721,15825,282896
24934,1.0026469880484479,298721,15825,282896
24935,1.0026067776218168,298244,15825,282419
24936,1.002566570420276,298244,15825,282419
24937,1.0025263664434374,298208,15825,282383
24938,1.0024861656909134,298088,15825,282263
24939,1.0024459681623161,298031,15876,282155
24940,1.0024057738572574,298031,15876,282155
24941,1.00236558277535,298031,15876,282155
24942,1.0023253949162056,298031,15876,282155
24943,1.002285210279437,298031,15876,282155
24944,1.002245028864657,298031,15876,282155
24945,1.0022048506714774,298031,15876,282155
24946,1.0021646756995108,298031,15876,282155
24947,1.0021245039483706,298031,15876,282155
24948,1.0020843354176687,298031,15876,282155
24949,1.0020441701070184,298031,15876,282155
24950,1.002004008016032,298031,15876,282155
24951,1.0019638491443228,298031,15876,282155
24952,1.0019236934915037,298031,15876,282155
24953,1.0018835410571876,298031,15876,282155
24954,1.0018433918409875,298031,15876,282155
24955,1.0018032458425166,298031,15876,282155
24956,1.001763103061388,298031,15876,282155
24957,1.0017229634972151,298031,15876,282155
24958,1.0016828271496114,298031,15876,282155
24959,1.0016426940181897,298031,15876,282155
24960,1.001602564102564,298031,15876,282155
24961,1.0015624374023477,298031,15876,282155
24962,1.001522313917154,298031,15876,282155
24963,1.001482193646597,298031,15876,282155
24964,1.00144207659029,298031,15876,282155
24965,1.001401962747847,298031,15876,282155
24966,1.0013618521188816,298031,15876,282155
24967,1.001321744703008,298031,15876,282155
24968,1.0012816404998397,298031,15876,282155
24969,1.001241539508991,298031,15876,282155
24970,1.001201441730076,298031,15876,282155
24971,1.0011613471627088,298031,15876,282155
24972,1.0011212558065032,298031,15876,282155
24973,1.001081167661074,298031,15876,282155
24974,1.001041082726035,298031,15876,282155
24975,1.001001001001001,298031,15876,282155
24976,1.0009609224855862,298031,15876,282155
24977,1.000920847179405,298031,15876,282155
24978,1.0008807750820723,298031,15876,282155
24979,1.0008407061932023,298031,15876,282155
24980,1.00080064051241,298031,15876,282155
24981,1.0007605780393098,298031,15876,282155
24982,1.0007205187735169,298031,15876,282155
24983,1.000680462714646,298031,15876,282155
24984,1.0006404098623118,298031,15876,282155
24985,1.0006003602161297,298031,15876,282155
24986,1.0005603137757144,298031,15876,282155
24987,1.000520270540681,298031,15876,282155
24988,1.000480230510645,298031,15876,282155
24989,1.0004401936852214,298031,15876,282155
24990,1.0004001600640255,298031,15876,282155
24991,1.0003601296466729,298031,15876,282155
24992,1.0003201024327786,298031,15876,282155
24993,1.000280078421958,297945,16017,281928
24994,1.0002400576138273,297945,16017,281928
24995,1.0002000400080016,297945,16017,281928
24996,1.0001600256040966,297945,16017,281928
24997,1.0001200144017282,297945,16017,281928
24998,1.000080006400512,297945,16017,281928
24999,1.000040001600064,297945,16017,281928
25000,1,297753,16017,281736
25001,0.999960001599936,297753,16017,281736
