time,temperature,cost,edge_cost,delay_cost
1,25000,133210,82340,50870
2,12500,133252,82340,50912
3,8333.333333333334,133283,82340,50943
4,6250,133369,82340,51029
5,5000,133415,82340,51075
6,4166.666666666667,133474,82340,51134
7,3571.4285714285716,133464,82059,51405
8,3125,133344,81826,51518
9,2777.777777777778,133219,81588,51631
10,2500,133251,81588,51663
11,2272.7272727272725,133276,81588,51688
12,2083.3333333333335,133308,81588,51720
13,1923.076923076923,134334,81588,52746
14,1785.7142857142858,134334,81588,52746
15,1666.6666666666667,134364,81588,52776
16,1562.5,134424,81588,52836
17,1470.5882352941176,134482,81588,52894
18,1388.888888888889,134512,81588,52924
19,1315.7894736842106,134512,81588,52924
20,1250,134752,81808,52944
21,1190.4761904761904,134752,81808,52944
22,1136.3636363636363,134752,81808,52944
23,1086.9565217391305,134752,81808,52944
24,1041.6666666666667,134825,81808,53017
25,1000,134901,81808,53093
26,961.5384615384615,134962,81809,53153
27,925.925925925926,135018,81809,53209
28,892.8571428571429,135018,81809,53209
29,862.0689655172414,135018,81809,53209
30,833.3333333333334,135044,81809,53235
31,806.4516129032259,133739,80445,53294
32,781.25,133188,80187,53001
33,757.5757575757576,133188,80187,53001
34,735.2941176470588,132616,79614,53002
35,714.2857142857143,132636,79614,53022
36,694.4444444444445,132656,79614,53042
37,675.6756756756756,132310,79203,53107
38,657.8947368421053,132368,79203,53165
39,641.025641025641,132368,79203,53165
40,625,132428,79203,53225
41,609.7560975609756,132428,79203,53225
42,595.2380952380952,132428,79203,53225
43,581.3953488372093,132510,79203,53307
44,568.1818181818181,132570,79203,53367
45,555.5555555555555,132570,79203,53367
46,543.4782608695652,132572,79203,53369
47,531.9148936170212,132690,79203,53487
48,520.8333333333334,132690,79203,53487
49,510.2040816326531,132690,79203,53487
50,500,132690,79203,53487
51,490.19607843137254,132690,79203,53487
52,480.7692307692308,132690,79203,53487
53,471.6981132075472,132711,79203,53508
54,462.962962962963,132767,79203,53564
55,454.54545454545456,132787,79203,53584
56,446.42857142857144,132906,79267,53639
57,438.5964912280702,132971,79267,53704
58,431.0344827586207,133031,79267,53764
59,423.728813559322,133119,79303,53816
60,416.6666666666667,133183,79303,53880
61,409.8360655737705,133183,79303,53880
62,403.2258064516129,132843,78898,53945
63,396.8253968253968,132909,78898,54011
64,390.625,132723,78711,54012
65,384.61538461538464,132815,78711,54104
66,378.7878787878788,132841,78711,54130
67,373.13432835820896,132841,78711,54130
68,367.6470588235294,132474,78343,54131
69,362.3188405797101,132487,78343,54144
70,357.14285714285717,132487,78343,54144
71,352.11267605633805,132507,78343,54164
72,347.22222222222223,132507,78343,54164
73,342.4657534246575,132567,78343,54224
74,337.8378378378378,132567,78343,54224
75,333.3333333333333,132610,78340,54270
76,328.94736842105266,132610,78340,54270
77,324.6753246753247,132610,78340,54270
78,320.5128205128205,132642,78340,54302
79,316.45569620253167,132642,78340,54302
80,312.5,132106,77803,54303
81,308.641975308642,132125,77803,54322
82,304.8780487804878,132265,77803,54462
83,301.2048192771084,132265,77803,54462
84,297.6190476190476,131995,77473,54522
85,294.11764705882354,131995,77473,54522
86,290.69767441860466,131995,77473,54522
87,287.35632183908046,131995,77473,54522
88,284.09090909090907,131995,77473,54522
89,280.8988764044944,132061,77473,54588
90,277.77777777777777,132119,77473,54646
91,274.72527472527474,132119,77473,54646
92,271.7391304347826,132119,77473,54646
93,268.81720430107526,132119,77473,54646
94,265.9574468085106,132119,77473,54646
95,263.1578947368421,132149,77473,54676
96,260.4166666666667,132221,77473,54748
97,257.7319587628866,132253,77473,54780
98,255.10204081632654,132253,77473,54780
99,252.5252525252525,132253,77473,54780
100,250,132365,77473,54892
101,247.52475247524754,132401,77473,54928
102,245.09803921568627,132445,77473,54972
103,242.71844660194174,132445,77473,54972
104,240.3846153846154,132445,77473,54972
105,238.0952380952381,132465,77473,54992
106,235.8490566037736,132493,77473,55020
107,233.6448598130841,132493,77473,55020
108,231.4814814814815,132501,77473,55028
109,229.3577981651376,132501,77473,55028
110,227.27272727272728,132537,77473,55064
111,225.22522522522522,132597,77473,55124
112,223.21428571428572,132597,77473,55124
113,221.23893805309734,132629,77473,55156
114,219.2982456140351,132629,77473,55156
115,217.3913043478261,132793,77473,55320
116,215.51724137931035,132823,77473,55350
117,213.67521367521368,132837,77473,55364
118,211.864406779661,132819,77473,55346
119,210.08403361344537,132819,77473,55346
120,208.33333333333334,132825,77473,55352
121,206.61157024793388,132871,77473,55398
122,204.91803278688525,132910,77473,55437
123,203.2520325203252,132956,77473,55483
124,201.61290322580646,132952,77244,55708
125,200,132952,77244,55708
126,198.4126984126984,132978,77244,55734
127,196.8503937007874,132978,77244,55734
128,195.3125,132999,77244,55755
129,193.7984496124031,133005,77244,55761
130,192.30769230769232,133005,77244,55761
131,190.83969465648855,132581,76756,55825
132,189.3939393939394,132647,76756,55891
133,187.9699248120301,132647,76756,55891
134,186.56716417910448,132693,76756,55937
135,185.1851851851852,132659,76756,55903
136,183.8235294117647,132659,76756,55903
137,182.4817518248175,132659,76756,55903
138,181.15942028985506,132705,76756,55949
139,179.85611510791367,132725,76756,55969
140,178.57142857142858,132796,76756,56040
141,177.3049645390071,132555,76504,56051
142,176.05633802816902,132616,76504,56112
143,174.82517482517483,132672,76504,56168
144,173.61111111111111,132672,76504,56168
145,172.41379310344828,132672,76504,56168
146,171.23287671232876,132698,76504,56194
147,170.06802721088437,132717,76504,56213
148,168.9189189189189,132717,76504,56213
149,167.78523489932886,132717,76504,56213
150,166.66666666666666,132783,76504,56279
151,165.56291390728478,132803,76504,56299
152,164.47368421052633,132841,76504,56337
153,163.3986928104575,132915,76504,56411
154,162.33766233766235,132915,76504,56411
155,161.29032258064515,132856,76447,56409
156,160.25641025641025,132856,76447,56409
157,159.23566878980893,132876,76447,56429
158,158.22784810126583,132899,76447,56452
159,157.23270440251574,132965,76447,56518
160,156.25,133035,76447,56588
161,155.27950310559007,133056,76447,56609
162,154.320987654321,133100,76447,56653
163,153.37423312883436,133100,76447,56653
164,152.4390243902439,132801,76108,56693
165,151.5151515151515,132827,76108,56719
166,150.6024096385542,132827,76108,56719
167,149.7005988023952,132847,76108,56739
168,148.8095238095238,132847,76108,56739
169,147.92899408284023,132847,76108,56739
170,147.05882352941177,132835,76108,56727
171,146.19883040935673,132893,76108,56785
172,145.34883720930233,132913,76108,56805
173,144.50867052023122,132913,76108,56805
174,143.67816091954023,132913,76108,56805
175,142.85714285714286,132913,76108,56805
176,142.04545454545453,132913,76108,56805
177,141.24293785310735,132664,75791,56873
178,140.4494382022472,132700,75791,56909
179,139.66480446927375,132700,75791,56909
180,138.88888888888889,132764,75791,56973
181,138.12154696132598,132764,75791,56973
182,137.36263736263737,132764,75791,56973
183,136.6120218579235,132803,75791,57012
184,135.8695652173913,132803,75791,57012
185,135.13513513513513,132803,75791,57012
186,134.40860215053763,132849,75791,57058
187,133.6898395721925,132849,75791,57058
188,132.9787234042553,132870,75791,57079
189,132.27513227513228,132889,75791,57098
190,131.57894736842104,132889,75791,57098
191,130.89005235602093,132889,75791,57098
192,130.20833333333334,132064,74795,57269
193,129.5336787564767,132064,74795,57269
194,128.8659793814433,131703,74083,57620
195,128.2051282051282,131703,74083,57620
196,127.55102040816327,131773,74083,57690
197,126.90355329949239,131797,74083,57714
198,126.26262626262626,131817,74083,57734
199,125.62814070351759,131817,74083,57734
200,125,131863,74083,57780
201,124.37810945273633,131893,74083,57810
202,123.76237623762377,131893,74083,57810
203,123.15270935960591,131941,74083,57858
204,122.54901960784314,131981,74083,57898
205,121.95121951219512,132004,74084,57920
206,121.35922330097087,132024,74084,57940
207,120.77294685990339,132118,74132,57986
208,120.1923076923077,132118,74132,57986
209,119.61722488038278,132118,74132,57986
210,119.04761904761905,132142,74132,58010
211,118.48341232227489,132142,74132,58010
212,117.9245283018868,132142,74132,58010
213,117.37089201877934,132162,74132,58030
214,116.82242990654206,132208,74132,58076
215,116.27906976744185,132208,74132,58076
216,115.74074074074075,130414,72308,58106
217,115.2073732718894,130414,72308,58106
218,114.6788990825688,130414,72308,58106
219,114.15525114155251,130429,72308,58121
220,113.63636363636364,130429,72308,58121
221,113.12217194570135,130429,72308,58121
222,112.61261261261261,130429,72308,58121
223,112.10762331838565,130355,72168,58187
224,111.60714285714286,130355,72168,58187
225,111.11111111111111,130371,72168,58203
226,110.61946902654867,130371,72168,58203
227,110.13215859030836,130371,72168,58203
228,109.64912280701755,130371,72168,58203
229,109.17030567685589,130371,72168,58203
230,108.69565217391305,130371,72168,58203
231,108.22510822510823,130499,72168,58331
232,107.75862068965517,129614,71253,58361
233,107.29613733905579,129680,71253,58427
234,106.83760683760684,129716,71253,58463
235,106.38297872340425,129716,71253,58463
236,105.9322033898305,129716,71253,58463
237,105.48523206751055,129716,71253,58463
238,105.04201680672269,129716,71253,58463
239,104.60251046025104,129716,71253,58463
240,104.16666666666667,129799,71253,58546
241,103.7344398340249,129799,71253,58546
242,103.30578512396694,129799,71253,58546
243,102.88065843621399,129799,71253,58546
244,102.45901639344262,129811,71253,58558
245,102.04081632653062,129811,71253,58558
246,101.6260162601626,129811,71253,58558
247,101.21457489878543,129811,71253,58558
248,100.80645161290323,129693,71253,58440
249,100.40160642570281,129693,71253,58440
250,100,129693,71253,58440
251,99.60159362549801,129693,71253,58440
252,99.2063492063492,129758,71253,58505
253,98.81422924901186,129758,71253,58505
254,98.4251968503937,129758,71253,58505
255,98.03921568627452,129758,71253,58505
256,97.65625,129760,71189,58571
257,97.27626459143968,129964,71297,58667
258,96.89922480620154,129964,71297,58667
259,96.52509652509653,129964,71297,58667
260,96.15384615384616,130164,71297,58867
261,95.78544061302682,130246,71297,58949
262,95.41984732824427,130246,71297,58949
263,95.05703422053232,130246,71297,58949
264,94.6969696969697,130246,71297,58949
265,94.33962264150944,130246,71297,58949
266,93.98496240601504,130246,71297,58949
267,93.63295880149813,130276,71297,58979
268,93.28358208955224,130276,71297,58979
269,92.93680297397769,130276,71297,58979
270,92.5925925925926,130315,71297,59018
271,92.25092250922509,130388,71297,59091
272,91.91176470588235,130388,71297,59091
273,91.57509157509158,130441,71297,59144
274,91.24087591240875,130441,71297,59144
275,90.9090909090909,130441,71297,59144
276,90.57971014492753,130421,71297,59124
277,90.25270758122744,130421,71297,59124
278,89.92805755395683,130421,71297,59124
279,89.60573476702508,130302,71233,59069
280,89.28571428571429,130296,71233,59063
281,88.96797153024912,130296,71233,59063
282,88.65248226950355,130296,71233,59063
283,88.33922261484099,130342,71233,59109
284,88.02816901408451,130342,71233,59109
285,87.71929824561404,130342,71233,59109
286,87.41258741258741,130362,71233,59129
287,87.10801393728222,130369,71233,59136
288,86.80555555555556,130369,71233,59136
289,86.50519031141869,130369,71233,59136
290,86.20689655172414,130336,71106,59230
291,85.91065292096219,130384,71106,59278
292,85.61643835616438,130434,71106,59328
293,85.32423208191126,130434,71106,59328
294,85.03401360544218,130434,71106,59328
295,84.7457627118644,130448,71106,59342
296,84.45945945945945,130494,71106,59388
297,84.17508417508418,130539,71106,59433
298,83.89261744966443,130503,71106,59397
299,83.61204013377926,130569,71106,59463
300,83.33333333333333,130638,71106,59532
301,83.05647840531562,130684,71106,59578
302,82.78145695364239,130684,71106,59578
303,82.50825082508251,130730,71106,59624
304,82.23684210526316,130806,71106,59700
305,81.9672131147541,130806,71106,59700
306,81.69934640522875,130806,71106,59700
307,81.43322475570032,130806,71106,59700
308,81.16883116883118,130806,71106,59700
309,80.90614886731392,130806,71106,59700
310,80.64516129032258,130806,71106,59700
311,80.38585209003216,130806,71106,59700
312,80.12820512820512,130806,71106,59700
313,79.87220447284345,130819,71118,59701
314,79.61783439490446,130819,71118,59701
315,79.36507936507937,130600,70833,59767
316,79.11392405063292,130660,70837,59823
317,78.86435331230284,130711,70845,59866
318,78.61635220125787,130711,70845,59866
319,78.36990595611286,130351,70446,59905
320,78.125,130351,70446,59905
321,77.88161993769471,130417,70446,59971
322,77.63975155279503,130417,70446,59971
323,77.39938080495357,130417,70446,59971
324,77.1604938271605,130417,70446,59971
325,76.92307692307692,130437,70446,59991
326,76.68711656441718,130503,70446,60057
327,76.4525993883792,130577,70446,60131
328,76.21951219512195,130598,70446,60152
329,75.98784194528875,130598,70446,60152
330,75.75757575757575,130594,70446,60148
331,75.52870090634441,130600,70446,60154
332,75.3012048192771,130666,70446,60220
333,75.07507507507508,130666,70446,60220
334,74.8502994011976,130666,70446,60220
335,74.6268656716418,130666,70446,60220
336,74.4047619047619,130692,70446,60246
337,74.1839762611276,130694,70446,60248
338,73.96449704142012,130574,70446,60128
339,73.74631268436578,130636,70446,60190
340,73.52941176470588,130776,70446,60330
341,73.31378299120234,130776,70446,60330
342,73.09941520467837,130567,70171,60396
343,72.8862973760933,130567,70171,60396
344,72.67441860465117,130567,70171,60396
345,72.46376811594203,130627,70171,60456
346,72.25433526011561,129967,69339,60628
347,72.04610951008645,129997,69339,60658
348,71.83908045977012,129997,69339,60658
349,71.63323782234957,129997,69339,60658
350,71.42857142857143,129997,69339,60658
351,71.22507122507122,129932,69339,60593
352,71.02272727272727,129991,69339,60652
353,70.8215297450425,129991,69339,60652
354,70.62146892655367,130067,69339,60728
355,70.4225352112676,130067,69339,60728
356,70.2247191011236,130067,69339,60728
357,70.0280112044818,130067,69339,60728
358,69.83240223463687,130067,69339,60728
359,69.63788300835654,130067,69339,60728
360,69.44444444444444,130067,69339,60728
361,69.25207756232687,130067,69339,60728
362,69.06077348066299,130127,69339,60788
363,68.87052341597796,130150,69339,60811
364,68.68131868131869,130188,69339,60849
365,68.4931506849315,130214,69339,60875
366,68.30601092896175,130285,69339,60946
367,68.11989100817439,130321,69339,60982
368,67.93478260869566,129803,68820,60983
369,67.75067750677506,129803,68820,60983
370,67.56756756756756,129834,68820,61014
371,67.38544474393531,129834,68820,61014
372,67.20430107526882,129834,68820,61014
373,67.02412868632707,129822,68820,61002
374,66.84491978609626,129822,68820,61002
375,66.66666666666667,129822,68820,61002
376,66.48936170212765,129822,68820,61002
377,66.3129973474801,129822,68820,61002
378,66.13756613756614,129876,68820,61056
379,65.96306068601584,129876,68820,61056
380,65.78947368421052,129876,68820,61056
381,65.61679790026247,129908,68820,61088
382,65.44502617801047,129908,68820,61088
383,65.27415143603133,129967,68820,61147
384,65.10416666666667,129967,68820,61147
385,64.93506493506493,129967,68820,61147
386,64.76683937823834,129967,68820,61147
387,64.59948320413437,129952,68820,61132
388,64.43298969072166,129952,68820,61132
389,64.26735218508998,129952,68820,61132
390,64.1025641025641,129956,68816,61140
391,63.9386189258312,129956,68816,61140
392,63.775510204081634,129956,68816,61140
393,63.61323155216285,129956,68816,61140
394,63.45177664974619,129956,68816,61140
395,63.29113924050633,128860,67655,61205
396,63.13131313131313,128860,67655,61205
397,62.97229219143577,128881,67655,61226
398,62.814070351758794,128881,67655,61226
399,62.65664160401003,128823,67655,61168
400,62.5,128901,67652,61249
401,62.34413965087282,128901,67652,61249
402,62.18905472636816,128927,67652,61275
403,62.03473945409429,128927,67652,61275
404,61.881188118811885,128927,67652,61275
405,61.72839506172839,128927,67652,61275
406,61.576354679802954,128927,67652,61275
407,61.42506142506142,128950,67652,61298
408,61.27450980392157,128964,67652,61312
409,61.12469437652812,128765,67387,61378
410,60.97560975609756,128733,67387,61346
411,60.82725060827251,128759,67387,61372
412,60.679611650485434,128819,67387,61432
413,60.53268765133172,128819,67387,61432
414,60.38647342995169,128839,67387,61452
415,60.24096385542169,128839,67387,61452
416,60.09615384615385,128899,67387,61512
417,59.95203836930455,128899,67387,61512
418,59.80861244019139,128816,67211,61605
419,59.665871121718375,128648,67042,61606
420,59.523809523809526,128648,67042,61606
421,59.38242280285036,128648,67042,61606
422,59.241706161137444,128648,67042,61606
423,59.1016548463357,128694,67042,61652
424,58.9622641509434,128694,67042,61652
425,58.8235294117647,128733,67048,61685
426,58.68544600938967,128751,67048,61703
427,58.5480093676815,128751,67048,61703
428,58.41121495327103,128530,66791,61739
429,58.27505827505828,128553,66791,61762
430,58.13953488372093,127134,65327,61807
431,58.0046403712297,127174,65327,61847
432,57.870370370370374,127194,65327,61867
433,57.736720554272516,127194,65327,61867
434,57.6036866359447,127194,65327,61867
435,57.47126436781609,127194,65327,61867
436,57.3394495412844,125563,63636,61927
437,57.20823798627002,125623,63636,61987
438,57.077625570776256,125623,63636,61987
439,56.94760820045558,125683,63636,62047
440,56.81818181818182,125657,63636,62021
441,56.68934240362812,125687,63636,62051
442,56.56108597285068,125687,63636,62051
443,56.433408577878104,125687,63636,62051
444,56.306306306306304,125687,63636,62051
445,56.17977528089887,125701,63636,62065
446,56.053811659192824,125701,63636,62065
447,55.92841163310962,125701,63636,62065
448,55.80357142857143,125731,63636,62095
449,55.67928730512249,125731,63636,62095
450,55.55555555555556,125665,63636,62029
451,55.432372505543235,125197,62980,62217
452,55.309734513274336,125197,62980,62217
453,55.18763796909492,125236,62980,62256
454,55.06607929515418,125236,62980,62256
455,54.94505494505494,125242,62980,62262
456,54.824561403508774,125301,62980,62321
457,54.70459518599562,124944,62605,62339
458,54.585152838427945,124990,62605,62385
459,54.46623093681917,124990,62605,62385
460,54.34782608695652,124990,62605,62385
461,54.229934924078094,124979,62605,62374
462,54.112554112554115,124940,62599,62341
463,53.99568034557235,124940,62599,62341
464,53.87931034482759,124940,62599,62341
465,53.763440860215056,124940,62599,62341
466,53.648068669527895,124940,62599,62341
467,53.53319057815846,124908,62599,62309
468,53.41880341880342,124908,62599,62309
469,53.304904051172706,124934,62599,62335
470,53.191489361702125,124990,62599,62391
471,53.07855626326964,124990,62599,62391
472,52.96610169491525,125014,62599,62415
473,52.854122621564485,125054,62656,62398
474,52.742616033755276,125054,62656,62398
475,52.63157894736842,124772,62335,62437
476,52.52100840336134,124772,62335,62437
477,52.41090146750524,124772,62335,62437
478,52.30125523012552,124772,62335,62437
479,52.19206680584551,124772,62335,62437
480,52.083333333333336,124706,62335,62371
481,51.975051975051976,124706,62335,62371
482,51.86721991701245,124767,62335,62432
483,51.75983436853002,124767,62335,62432
484,51.65289256198347,124767,62335,62432
485,51.54639175257732,124767,62335,62432
486,51.440329218106996,124767,62335,62432
487,51.3347022587269,124767,62335,62432
488,51.22950819672131,124767,62335,62432
489,51.124744376278116,124767,62335,62432
490,51.02040816326531,124767,62335,62432
491,50.91649694501018,124752,62335,62417
492,50.8130081300813,124752,62335,62417
493,50.70993914807302,124812,62335,62477
494,50.607287449392715,124812,62335,62477
495,50.505050505050505,124812,62335,62477
496,50.403225806451616,124818,62336,62482
497,50.30181086519115,124822,62336,62486
498,50.200803212851405,124882,62336,62546
499,50.100200400801604,124882,62336,62546
500,50,124905,62336,62569
501,49.9001996007984,124940,62336,62604
502,49.800796812749006,124940,62336,62604
503,49.70178926441352,124940,62336,62604
504,49.6031746031746,124940,62336,62604
505,49.504950495049506,124940,62336,62604
506,49.40711462450593,124940,62336,62604
507,49.30966469428008,124940,62336,62604
508,49.21259842519685,124940,62336,62604
509,49.115913555992144,124940,62336,62604
510,49.01960784313726,124960,62336,62624
511,48.923679060665364,124960,62336,62624
512,48.828125,124980,62336,62644
513,48.732943469785575,124988,62336,62652
514,48.63813229571984,125032,62336,62696
515,48.54368932038835,125032,62336,62696
516,48.44961240310077,125032,62336,62696
517,48.355899419729205,125053,62336,62717
518,48.262548262548265,125053,62336,62717
519,48.16955684007707,125119,62336,62783
520,48.07692307692308,125119,62336,62783
521,47.98464491362764,125119,62336,62783
522,47.89272030651341,125121,62336,62785
523,47.80114722753346,125121,62336,62785
524,47.70992366412214,125159,62336,62823
525,47.61904761904762,125159,62336,62823
526,47.52851711026616,125159,62336,62823
527,47.43833017077799,125229,62336,62893
528,47.34848484848485,125229,62336,62893
529,47.25897920604915,125229,62336,62893
530,47.16981132075472,125206,62336,62870
531,47.080979284369114,125262,62336,62926
532,46.99248120300752,125262,62336,62926
533,46.90431519699813,125256,62336,62920
534,46.81647940074907,125256,62336,62920
535,46.728971962616825,125256,62336,62920
536,46.64179104477612,125256,62336,62920
537,46.554934823091244,125256,62336,62920
538,46.468401486988846,125256,62336,62920
539,46.3821892393321,125316,62336,62980
540,46.2962962962963,125316,62336,62980
541,46.21072088724584,125300,62386,62914
542,46.125461254612546,125300,62386,62914
543,46.04051565377532,125300,62386,62914
544,45.955882352941174,125300,62386,62914
545,45.87155963302752,125300,62386,62914
546,45.78754578754579,125300,62386,62914
547,45.703839122486286,125300,62386,62914
548,45.62043795620438,125319,62386,62933
549,45.537340619307834,125319,62386,62933
550,45.45454545454545,125319,62386,62933
551,45.37205081669691,125319,62386,62933
552,45.289855072463766,125305,62386,62919
553,45.20795660036166,125305,62386,62919
554,45.12635379061372,125305,62386,62919
555,45.04504504504504,125305,62386,62919
556,44.96402877697842,125305,62386,62919
557,44.88330341113106,125305,62386,62919
558,44.80286738351254,125305,62386,62919
559,44.72271914132379,125147,62227,62920
560,44.642857142857146,125147,62227,62920
561,44.563279857397504,125147,62227,62920
562,44.48398576512456,125147,62227,62920
563,44.40497335701598,125147,62227,62920
564,44.326241134751776,125170,62227,62943
565,44.24778761061947,125193,62227,62966
566,44.169611307420496,125061,62070,62991
567,44.091710758377424,125061,62070,62991
568,44.014084507042256,125061,62070,62991
569,43.936731107205624,125061,62070,62991
570,43.85964912280702,125091,62070,63021
571,43.78283712784589,125091,62070,63021
572,43.70629370629371,125117,62070,63047
573,43.63001745200698,125117,62070,63047
574,43.55400696864111,125177,62070,63107
575,43.47826086956522,125147,62070,63077
576,43.40277777777778,125147,62070,63077
577,43.327556325823224,125160,62070,63090
578,43.25259515570934,125160,62070,63090
579,43.17789291882556,125160,62070,63090
580,43.10344827586207,123969,60846,63123
581,43.029259896729776,123969,60846,63123
582,42.955326460481096,123969,60846,63123
583,42.88164665523156,123969,60846,63123
584,42.80821917808219,123969,60846,63123
585,42.73504273504273,123969,60846,63123
586,42.66211604095563,123990,60846,63144
587,42.58943781942078,124020,60846,63174
588,42.51700680272109,124068,60846,63222
589,42.444821731748725,123157,59901,63256
590,42.3728813559322,123163,59901,63262
591,42.30118443316413,123163,59901,63262
592,42.229729729729726,123163,59901,63262
593,42.158516020236085,123163,59901,63262
594,42.08754208754209,123229,59901,63328
595,42.016806722689076,123229,59901,63328
596,41.946308724832214,123229,59901,63328
597,41.87604690117253,123229,59901,63328
598,41.80602006688963,123229,59901,63328
599,41.736227045075125,123229,59901,63328
600,41.666666666666664,123252,59901,63351
601,41.597337770382694,123252,59901,63351
602,41.52823920265781,123132,59901,63231
603,41.459369817578775,123152,59901,63251
604,41.390728476821195,122845,59593,63252
605,41.32231404958678,122823,59593,63230
606,41.254125412541256,122823,59593,63230
607,41.18616144975288,122823,59593,63230
608,41.11842105263158,122752,59593,63159
609,41.050903119868636,122731,59593,63138
610,40.98360655737705,122731,59593,63138
611,40.91653027823241,122760,59593,63167
612,40.849673202614376,122760,59593,63167
613,40.783034257748774,122760,59593,63167
614,40.71661237785016,122760,59593,63167
615,40.65040650406504,122786,59593,63193
616,40.58441558441559,122786,59593,63193
617,40.51863857374392,122840,59593,63247
618,40.45307443365696,122866,59593,63273
619,40.38772213247173,122866,59593,63273
620,40.32258064516129,122926,59593,63333
621,40.25764895330113,122946,59593,63353
622,40.19292604501608,122954,59593,63361
623,40.12841091492777,122954,59593,63361
624,40.06410256410256,122769,59342,63427
625,40,122619,59191,63428
626,39.936102236421725,122619,59191,63428
627,39.87240829346093,122619,59191,63428
628,39.80891719745223,122619,59191,63428
629,39.7456279809221,122619,59191,63428
630,39.682539682539684,122619,59191,63428
631,39.61965134706814,122645,59191,63454
632,39.55696202531646,122691,59191,63500
633,39.494470774091624,122691,59191,63500
634,39.43217665615142,122691,59191,63500
635,39.37007874015748,122721,59191,63530
636,39.308176100628934,122737,59191,63546
637,39.24646781789639,122763,59191,63572
638,39.18495297805643,122763,59191,63572
639,39.123630672926446,122809,59191,63618
640,39.0625,122809,59191,63618
641,39.0015600624025,122809,59191,63618
642,38.940809968847354,122809,59191,63618
643,38.88024883359253,122789,59191,63598
644,38.81987577639752,122783,59191,63592
645,38.75968992248062,122783,59191,63592
646,38.69969040247678,122807,59191,63616
647,38.639876352395675,122807,59191,63616
648,38.58024691358025,122807,59191,63616
649,38.52080123266564,122807,59191,63616
650,38.46153846153846,122807,59191,63616
651,38.40245775729647,122807,59191,63616
652,38.34355828220859,122659,59042,63617
653,38.28483920367535,122636,59042,63594
654,38.2262996941896,122064,58234,63830
655,38.16793893129771,122064,58234,63830
656,38.109756097560975,122064,58234,63830
657,38.051750380517504,122064,58234,63830
658,37.993920972644375,121942,58087,63855
659,37.93626707132018,121942,58087,63855
660,37.878787878787875,121978,58087,63891
661,37.821482602118,121978,58087,63891
662,37.764350453172206,121978,58087,63891
663,37.70739064856712,121978,58087,63891
664,37.65060240963855,121978,58087,63891
665,37.59398496240601,121960,58087,63873
666,37.53753753753754,121986,58087,63899
667,37.481259370314845,121098,57160,63938
668,37.4251497005988,121110,57160,63950
669,37.369207772795214,121066,57160,63906
670,37.3134328358209,121036,57160,63876
671,37.257824143070046,121112,57160,63952
672,37.20238095238095,121112,57160,63952
673,37.147102526002975,121112,57160,63952
674,37.0919881305638,121112,57160,63952
675,37.03703703703704,121112,57160,63952
676,36.98224852071006,121112,57160,63952
677,36.92762186115214,121088,57160,63928
678,36.87315634218289,121088,57160,63928
679,36.81885125184094,121088,57160,63928
680,36.76470588235294,121088,57160,63928
681,36.71071953010279,121088,57160,63928
682,36.65689149560117,121088,57160,63928
683,36.603221083455345,121088,57160,63928
684,36.54970760233918,121088,57160,63928
685,36.496350364963504,121088,57160,63928
686,36.44314868804665,121088,57160,63928
687,36.3901018922853,121114,57160,63954
688,36.33720930232558,121114,57160,63954
689,36.2844702467344,121155,57160,63995
690,36.231884057971016,121155,57160,63995
691,36.1794500723589,121155,57160,63995
692,36.127167630057805,121155,57160,63995
693,36.075036075036074,121129,57160,63969
694,36.023054755043226,121155,57160,63995
695,35.97122302158273,121155,57160,63995
696,35.91954022988506,121181,57160,64021
697,35.86800573888092,121195,57160,64035
698,35.816618911174785,121201,57160,64041
699,35.7653791130186,121201,57160,64041
700,35.714285714285715,121201,57160,64041
701,35.66333808844508,121201,57160,64041
702,35.61253561253561,121201,57160,64041
703,35.56187766714083,121175,57160,64015
704,35.51136363636363,121175,57160,64015
705,35.46099290780142,121227,57160,64067
706,35.41076487252125,121227,57160,64067
707,35.36067892503536,121205,57160,64045
708,35.31073446327684,121205,57160,64045
709,35.26093088857546,121169,57160,64009
710,35.2112676056338,121169,57160,64009
711,35.16174402250352,121161,57160,64001
712,35.1123595505618,121171,57160,64011
713,35.06311360448808,121171,57160,64011
714,35.0140056022409,121177,57160,64017
715,34.96503496503497,121223,57160,64063
716,34.91620111731844,121223,57160,64063
717,34.86750348675035,121223,57160,64063
718,34.81894150417827,121223,57160,64063
719,34.770514603616135,121223,57160,64063
720,34.72222222222222,121223,57160,64063
721,34.674063800277395,121223,57160,64063
722,34.62603878116344,121294,57160,64134
723,34.57814661134163,121152,56984,64168
724,34.530386740331494,121152,56984,64168
725,34.48275862068966,121152,56984,64168
726,34.43526170798898,121152,56984,64168
727,34.3878954607978,121152,56984,64168
728,34.34065934065934,121152,56984,64168
729,34.29355281207133,121119,56984,64135
730,34.24657534246575,121119,56984,64135
731,34.19972640218878,121135,56984,64151
732,34.15300546448088,121121,57000,64121
733,34.106412005457024,121121,57000,64121
734,34.059945504087196,121121,57000,64121
735,34.01360544217687,121144,57000,64144
736,33.96739130434783,121176,57000,64176
737,33.921302578018995,121176,57000,64176
738,33.87533875338753,121176,57000,64176
739,33.82949932341001,121176,57000,64176
740,33.78378378378378,121176,57000,64176
741,33.738191632928476,121176,57000,64176
742,33.692722371967655,121176,57000,64176
743,33.64737550471063,121197,57000,64197
744,33.60215053763441,121207,57000,64207
745,33.557046979865774,121207,57000,64207
746,33.51206434316354,121207,57000,64207
747,33.467202141900934,121230,57000,64230
748,33.42245989304813,121230,57000,64230
749,33.37783711615487,121224,57000,64224
750,33.333333333333336,121224,57000,64224
751,33.28894806924101,121137,56838,64299
752,33.244680851063826,121177,56838,64339
753,33.200531208499335,121177,56838,64339
754,33.15649867374005,121177,56838,64339
755,33.11258278145695,121177,56838,64339
756,33.06878306878307,121177,56838,64339
757,33.02509907529723,121069,56670,64399
758,32.98153034300792,120776,56377,64399
759,32.93807641633729,120776,56377,64399
760,32.89473684210526,120776,56377,64399
761,32.8515111695138,120776,56377,64399
762,32.808398950131235,120776,56377,64399
763,32.765399737876805,120802,56377,64425
764,32.72251308900523,120802,56377,64425
765,32.6797385620915,120802,56377,64425
766,32.637075718015666,120802,56377,64425
767,32.59452411994785,120802,56377,64425
768,32.552083333333336,120802,56377,64425
769,32.50975292587776,120776,56377,64399
770,32.467532467532465,120776,56377,64399
771,32.425421530479895,120776,56377,64399
772,32.38341968911917,120802,56377,64425
773,32.341526520051744,120802,56377,64425
774,32.299741602067186,120782,56377,64405
775,32.25806451612903,120759,56377,64382
776,32.21649484536083,120759,56377,64382
777,32.17503217503217,120759,56377,64382
778,32.13367609254499,120765,56377,64388
779,32.09242618741977,120771,56377,64394
780,32.05128205128205,120771,56377,64394
781,32.010243277848915,120771,56377,64394
782,31.9693094629156,120771,56377,64394
783,31.928480204342275,120834,56380,64454
784,31.887755102040817,120848,56380,64468
785,31.84713375796178,120848,56380,64468
786,31.806615776081426,120848,56380,64468
787,31.76620076238882,120848,56380,64468
788,31.725888324873097,120875,56380,64495
789,31.685678073510772,120258,55729,64529
790,31.645569620253166,120258,55729,64529
791,31.605562579013906,120258,55729,64529
792,31.565656565656564,120279,55729,64550
793,31.525851197982345,119821,54974,64847
794,31.486146095717885,119821,54974,64847
795,31.446540880503143,119821,54974,64847
796,31.407035175879397,119815,54974,64841
797,31.36762860727729,119821,54974,64847
798,31.328320802005013,119821,54974,64847
799,31.289111389236545,119881,54974,64907
800,31.25,119881,54974,64907
801,31.210986267166042,119866,54828,65038
802,31.17206982543641,119933,54849,65084
803,31.133250311332503,119973,54849,65124
804,31.09452736318408,119973,54849,65124
805,31.055900621118013,119973,54849,65124
806,31.017369727047146,119824,54709,65115
807,30.97893432465923,119824,54709,65115
808,30.940594059405942,119824,54709,65115
809,30.902348578491967,119824,54709,65115
810,30.864197530864196,119798,54709,65089
811,30.826140567200987,119798,54709,65089
812,30.788177339901477,119831,54709,65122
813,30.75030750307503,119831,54709,65122
814,30.71253071253071,119831,54709,65122
815,30.67484662576687,119831,54709,65122
816,30.637254901960784,119808,54709,65099
817,30.599755201958384,119808,54709,65099
818,30.56234718826406,119808,54709,65099
819,30.525030525030527,119808,54709,65099
820,30.48780487804878,119808,54709,65099
821,30.450669914738125,119808,54709,65099
822,30.413625304136254,119382,54301,65081
823,30.37667071688943,119382,54301,65081
824,30.339805825242717,119376,54301,65075
825,30.303030303030305,119376,54301,65075
826,30.26634382566586,118790,54448,64342
827,30.22974607013301,118790,54448,64342
828,30.193236714975846,118790,54448,64342
829,30.156815440289506,118790,54448,64342
830,30.120481927710845,118790,54448,64342
831,30.084235860409144,118790,54448,64342
832,30.048076923076923,118790,54448,64342
833,30.012004801920767,118790,54448,64342
834,29.976019184652277,118556,54220,64336
835,29.940119760479043,118556,54220,64336
836,29.904306220095695,118556,54220,64336
837,29.86857825567503,118575,54220,64355
838,29.832935560859188,118575,54220,64355
839,29.797377830750893,118575,54220,64355
840,29.761904761904763,118575,54220,64355
841,29.72651605231867,118575,54220,64355
842,29.69121140142518,118621,54220,64401
843,29.655990510083036,118621,54220,64401
844,29.620853080568722,118621,54220,64401
845,29.585798816568047,118621,54220,64401
846,29.55082742316785,118621,54220,64401
847,29.515938606847698,118621,54220,64401
848,29.4811320754717,118621,54220,64401
849,29.44640753828033,118621,54220,64401
850,29.41176470588235,118621,54220,64401
851,29.37720329024677,118621,54220,64401
852,29.342723004694836,118621,54220,64401
853,29.308323563892145,118647,54220,64427
854,29.27400468384075,118647,54220,64427
855,29.239766081871345,118647,54220,64427
856,29.205607476635514,118647,54220,64427
857,29.171528588098017,118655,54220,64435
858,29.13752913752914,118655,54220,64435
859,29.10360884749709,118676,54240,64436
860,29.069767441860463,118676,54240,64436
861,29.036004645760745,118656,54240,64416
862,29.00232018561485,118656,54240,64416
863,28.968713789107763,118670,54240,64430
864,28.935185185185187,118670,54240,64430
865,28.90173410404624,118670,54240,64430
866,28.868360277136258,118670,54240,64430
867,28.83506343713956,118727,54240,64487
868,28.80184331797235,118727,54240,64487
869,28.768699654775602,118785,54240,64545
870,28.735632183908045,118785,54240,64545
871,28.70264064293915,118785,54240,64545
872,28.6697247706422,118785,54240,64545
873,28.6368843069874,118785,54240,64545
874,28.60411899313501,118785,54240,64545
875,28.571428571428573,118785,54240,64545
876,28.538812785388128,118785,54240,64545
877,28.506271379703534,118785,54240,64545
878,28.47380410022779,118750,54240,64510
879,28.441410693970422,118750,54240,64510
880,28.40909090909091,118750,54240,64510
881,28.37684449489217,118750,54240,64510
882,28.34467120181406,118750,54240,64510
883,28.312570781426952,118776,54240,64536
884,28.28054298642534,118776,54240,64536
885,28.24858757062147,118782,54240,64542
886,28.216704288939052,118782,54240,64542
887,28.18489289740699,118782,54240,64542
888,28.153153153153152,118797,54240,64557
889,28.1214848143982,118797,54240,64557
890,28.089887640449437,118797,54240,64557
891,28.058361391694724,118797,54240,64557
892,28.026905829596412,118797,54240,64557
893,27.99552071668533,118797,54240,64557
894,27.96420581655481,118797,54240,64557
895,27.932960893854748,118797,54240,64557
896,27.901785714285715,118797,54240,64557
897,27.870680044593087,118797,54240,64557
898,27.839643652561247,118832,54318,64514
899,27.808676307007786,118832,54318,64514
900,27.77777777777778,118832,54318,64514
901,27.74694783573807,118832,54318,64514
902,27.716186252771617,118832,54318,64514
903,27.685492801771872,118832,54318,64514
904,27.654867256637168,118832,54318,64514
905,27.624309392265193,118832,54318,64514
906,27.59381898454746,118832,54318,64514
907,27.563395810363836,118832,54318,64514
908,27.53303964757709,118832,54318,64514
909,27.502750275027502,118832,54318,64514
910,27.47252747252747,118812,54318,64494
911,27.442371020856204,118798,54318,64480
912,27.412280701754387,118798,54318,64480
913,27.38225629791895,118798,54318,64480
914,27.35229759299781,118798,54318,64480
915,27.3224043715847,118798,54318,64480
916,27.292576419213972,118798,54318,64480
917,27.262813522355508,118798,54318,64480
918,27.233115468409586,118819,54318,64501
919,27.20348204570185,118859,54318,64541
920,27.17391304347826,118859,54318,64541
921,27.14440825190011,118889,54318,64571
922,27.114967462039047,118889,54318,64571
923,27.085590465872155,118889,54318,64571
924,27.056277056277057,118874,54318,64556
925,27.027027027027028,118874,54318,64556
926,26.997840172786177,118874,54318,64556
927,26.968716289104638,118944,54318,64626
928,26.939655172413794,118944,54318,64626
929,26.910656620021527,118944,54318,64626
930,26.881720430107528,118944,54318,64626
931,26.852846401718583,118944,54318,64626
932,26.824034334763947,118944,54318,64626
933,26.79528403001072,118944,54318,64626
934,26.76659528907923,118944,54318,64626
935,26.737967914438503,118944,54318,64626
936,26.70940170940171,118944,54318,64626
937,26.680896478121664,118944,54318,64626
938,26.652452025586353,118944,54318,64626
939,26.624068157614484,118944,54318,64626
940,26.595744680851062,118944,54318,64626
941,26.56748140276302,118944,54318,64626
942,26.53927813163482,118944,54318,64626
943,26.511134676564158,118944,54318,64626
944,26.483050847457626,118944,54318,64626
945,26.455026455026456,118824,54173,64651
946,26.427061310782243,118900,54173,64727
947,26.399155227032736,118900,54173,64727
948,26.371308016877638,118900,54173,64727
949,26.343519494204426,118900,54173,64727
950,26.31578947368421,118900,54173,64727
951,26.288117770767613,118900,54173,64727
952,26.26050420168067,118900,54173,64727
953,26.232948583420775,118900,54173,64727
954,26.20545073375262,118900,54173,64727
955,26.17801047120419,118923,54173,64750
956,26.15062761506276,118885,54173,64712
957,26.12330198537095,118885,54173,64712
958,26.096033402922757,118845,54173,64672
959,26.068821689259646,118845,54173,64672
960,26.041666666666668,118845,54173,64672
961,26.014568158168576,118845,54173,64672
962,25.987525987525988,118845,54173,64672
963,25.96053997923157,118329,53597,64732
964,25.933609958506224,118329,53597,64732
965,25.906735751295336,118329,53597,64732
966,25.87991718426501,118329,53597,64732
967,25.853154084798344,118369,53597,64772
968,25.826446280991735,118369,53597,64772
969,25.799793601651185,118369,53597,64772
970,25.77319587628866,118369,53597,64772
971,25.746652935118433,118369,53597,64772
972,25.720164609053498,118369,53597,64772
973,25.693730729701954,118369,53597,64772
974,25.66735112936345,118369,53597,64772
975,25.641025641025642,118369,53597,64772
976,25.614754098360656,118369,53597,64772
977,25.588536335721596,118369,53597,64772
978,25.562372188139058,118369,53597,64772
979,25.53626149131767,118400,53597,64803
980,25.510204081632654,118400,53597,64803
981,25.4841997961264,118400,53597,64803
982,25.45824847250509,118400,53597,64803
983,25.4323499491353,118400,53597,64803
984,25.40650406504065,118400,53597,64803
985,25.380710659898476,118423,53597,64826
986,25.35496957403651,118423,53597,64826
987,25.329280648429584,118423,53597,64826
988,25.303643724696357,118423,53597,64826
989,25.278058645096056,118423,53597,64826
990,25.252525252525253,118423,53597,64826
991,25.22704339051463,118400,53597,64803
992,25.201612903225808,118400,53597,64803
993,25.17623363544814,118404,53597,64807
994,25.150905432595575,118404,53597,64807
995,25.12562814070352,118404,53597,64807
996,25.100401606425702,118404,53597,64807
997,25.075225677031092,118404,53597,64807
998,25.050100200400802,118404,53597,64807
999,25.025025025025027,117885,53033,64852
1000,25,117885,53033,64852
1001,24.975024975024976,117885,53033,64852
1002,24.9500998003992,117831,53033,64798
1003,24.92522432701894,117836,53041,64795
1004,24.900398406374503,117836,53041,64795
1005,24.875621890547265,117815,53021,64794
1006,24.85089463220676,117815,53021,64794
1007,24.826216484607745,117847,53021,64826
1008,24.8015873015873,117845,53021,64824
1009,24.777006937561943,117772,52637,65135
1010,24.752475247524753,117772,52637,65135
1011,24.727992087042534,117772,52637,65135
1012,24.703557312252965,117772,52637,65135
1013,24.679170779861796,117772,52637,65135
1014,24.65483234714004,117772,52637,65135
1015,24.63054187192118,117772,52637,65135
1016,24.606299212598426,117783,52637,65146
1017,24.582104228121928,117783,52637,65146
1018,24.557956777996072,117783,52637,65146
1019,24.53385672227674,117783,52637,65146
1020,24.50980392156863,117783,52637,65146
1021,24.48579823702253,117797,52637,65160
1022,24.461839530332682,117797,52637,65160
1023,24.437927663734115,117797,52637,65160
1024,24.4140625,117767,52637,65130
1025,24.390243902439025,117730,52571,65159
1026,24.366471734892787,117730,52571,65159
1027,24.342745861733203,117730,52571,65159
1028,24.31906614785992,117730,52571,65159
1029,24.295432458697764,117730,52571,65159
1030,24.271844660194176,117730,52571,65159
1031,24.248302618816684,117730,52571,65159
1032,24.224806201550386,117730,52571,65159
1033,24.20135527589545,117730,52571,65159
1034,24.177949709864603,117730,52571,65159
1035,24.154589371980677,117730,52571,65159
1036,24.131274131274132,117786,52571,65215
1037,24.108003857280618,117786,52571,65215
1038,24.084778420038536,117786,52571,65215
1039,24.06159769008662,117786,52571,65215
1040,24.03846153846154,117786,52571,65215
1041,24.015369836695484,117756,52571,65185
1042,23.99232245681382,117809,52571,65238
1043,23.969319271332694,117788,52571,65217
1044,23.946360153256705,117788,52571,65217
1045,23.923444976076556,117788,52571,65217
1046,23.90057361376673,117788,52571,65217
1047,23.87774594078319,117823,52571,65252
1048,23.85496183206107,117823,52571,65252
1049,23.83222116301239,117823,52571,65252
1050,23.80952380952381,117834,52571,65263
1051,23.78686964795433,117834,52571,65263
1052,23.76425855513308,117834,52571,65263
1053,23.741690408357076,117860,52571,65289
1054,23.719165085388994,117860,52571,65289
1055,23.696682464454977,117860,52571,65289
1056,23.674242424242426,117867,52571,65296
1057,23.651844843897823,117867,52571,65296
1058,23.629489603024574,117867,52571,65296
1059,23.607176581680832,117867,52571,65296
1060,23.58490566037736,117857,52571,65286
1061,23.5626767200754,117857,52571,65286
1062,23.540489642184557,117857,52571,65286
1063,23.51834430856068,117857,52571,65286
1064,23.49624060150376,117857,52571,65286
1065,23.474178403755868,117857,52571,65286
1066,23.452157598499063,117857,52571,65286
1067,23.430178069353328,117857,52571,65286
1068,23.408239700374533,117857,52571,65286
1069,23.386342376052387,117831,52571,65260
1070,23.364485981308412,117831,52571,65260
1071,23.34267040149393,117831,52571,65260
1072,23.32089552238806,117857,52571,65286
1073,23.299161230195715,117857,52571,65286
1074,23.277467411545622,117857,52571,65286
1075,23.25581395348837,117857,52571,65286
1076,23.234200743494423,117834,52571,65263
1077,23.212627669452182,117834,52571,65263
1078,23.19109461966605,117826,52571,65255
1079,23.169601482854496,117826,52571,65255
1080,23.14814814814815,117747,52475,65272
1081,23.12673450508788,117747,52475,65272
1082,23.10536044362292,117768,52475,65293
1083,23.08402585410896,117768,52475,65293
1084,23.062730627306273,117762,52475,65287
1085,23.04147465437788,117762,52475,65287
1086,23.02025782688766,117762,52475,65287
1087,22.999080036798528,117762,52475,65287
1088,22.977941176470587,117762,52475,65287
1089,22.95684113865932,117762,52475,65287
1090,22.93577981651376,117762,52475,65287
1091,22.9147571035747,117762,52475,65287
1092,22.893772893772894,117762,52475,65287
1093,22.872827081427264,117762,52475,65287
1094,22.851919561243143,117762,52475,65287
1095,22.831050228310502,117762,52475,65287
1096,22.81021897810219,117762,52475,65287
1097,22.789425706472198,117762,52475,65287
1098,22.768670309653917,117762,52475,65287
1099,22.747952684258415,117762,52475,65287
1100,22.727272727272727,117762,52475,65287
1101,22.70663033605813,117762,52475,65287
1102,22.686025408348456,117692,52371,65321
1103,22.665457842248415,117692,52371,65321
1104,22.644927536231883,117692,52371,65321
1105,22.624434389140273,117692,52371,65321
1106,22.60397830018083,117692,52371,65321
1107,22.583559168925024,117700,52362,65338
1108,22.56317689530686,117700,52362,65338
1109,22.54283137962128,117700,52362,65338
1110,22.52252252252252,117700,52362,65338
1111,22.502250225022504,117700,52362,65338
1112,22.48201438848921,117310,51939,65371
1113,22.461814914645103,117310,51939,65371
1114,22.44165170556553,117310,51939,65371
1115,22.42152466367713,117310,51939,65371
1116,22.40143369175627,117310,51939,65371
1117,22.381378692927484,117306,51939,65367
1118,22.361359570661897,117306,51939,65367
1119,22.341376228775694,117306,51939,65367
1120,22.321428571428573,117306,51939,65367
1121,22.301516503122212,117326,51939,65387
1122,22.281639928698752,117326,51939,65387
1123,22.26179875333927,117326,51939,65387
1124,22.24199288256228,117326,51939,65387
1125,22.22222222222222,117326,51939,65387
1126,22.20248667850799,117326,51939,65387
1127,22.182786157941436,117326,51939,65387
1128,22.163120567375888,117326,51939,65387
1129,22.143489813994684,117326,51939,65387
1130,22.123893805309734,117362,51939,65423
1131,22.104332449160037,117385,51939,65446
1132,22.084805653710248,117415,51939,65476
1133,22.06531332744925,117369,51939,65430
1134,22.045855379188712,117369,51939,65430
1135,22.026431718061673,117369,51939,65430
1136,22.007042253521128,117369,51939,65430
1137,21.98768689533861,117366,51793,65573
1138,21.968365553602812,117360,51793,65567
1139,21.949078138718175,117360,51793,65567
1140,21.92982456140351,117332,51793,65539
1141,21.910604732690622,117378,51793,65585
1142,21.891418563922944,117378,51793,65585
1143,21.872265966754156,117378,51793,65585
1144,21.853146853146853,117151,51526,65625
1145,21.83406113537118,117151,51526,65625
1146,21.81500872600349,117151,51526,65625
1147,21.79598953792502,117151,51526,65625
1148,21.777003484320556,117125,51526,65599
1149,21.75805047867711,117097,51526,65571
1150,21.73913043478261,117097,51526,65571
1151,21.720243266724587,117097,51526,65571
1152,21.70138888888889,117097,51526,65571
1153,21.682567215958368,117097,51526,65571
1154,21.663778162911612,117097,51526,65571
1155,21.645021645021647,117097,51526,65571
1156,21.62629757785467,117097,51526,65571
1157,21.6076058772688,117097,51526,65571
1158,21.58894645941278,117097,51526,65571
1159,21.570319240724764,117097,51526,65571
1160,21.551724137931036,117097,51526,65571
1161,21.533161068044787,117097,51526,65571
1162,21.514629948364888,117097,51526,65571
1163,21.496130696474633,117097,51526,65571
1164,21.477663230240548,117091,51526,65565
1165,21.459227467811157,117091,51526,65565
1166,21.44082332761578,117097,51526,65571
1167,21.422450728363327,117097,51526,65571
1168,21.404109589041095,117097,51526,65571
1169,21.3857998289136,117131,51526,65605
1170,21.367521367521366,117131,51526,65605
1171,21.34927412467976,117131,51526,65605
1172,21.331058020477816,117131,51526,65605
1173,21.312872975277067,117131,51526,65605
1174,21.29471890971039,117131,51526,65605
1175,21.27659574468085,117148,51529,65619
1176,21.258503401360546,117148,51529,65619
1177,21.240441801189466,117148,51529,65619
1178,21.222410865874362,116613,50993,65620
1179,21.20441051738762,116613,50993,65620
1180,21.1864406779661,116613,50993,65620
1181,21.168501270110077,116633,50993,65640
1182,21.150592216582066,116633,50993,65640
1183,21.132713440405748,116633,50993,65640
1184,21.114864864864863,116633,50993,65640
1185,21.09704641350211,116629,50993,65636
1186,21.079258010118043,116629,50993,65636
1187,21.061499578770007,116629,50993,65636
1188,21.043771043771045,116629,50993,65636
1189,21.026072329688816,116629,50993,65636
1190,21.008403361344538,116629,50993,65636
1191,20.990764063811923,116629,50993,65636
1192,20.973154362416107,116629,50993,65636
1193,20.955574182732608,116629,50993,65636
1194,20.938023450586265,116629,50993,65636
1195,20.92050209205021,116629,50993,65636
1196,20.903010033444815,116629,50993,65636
1197,20.885547201336674,116629,50993,65636
1198,20.868113522537563,116662,50999,65663
1199,20.85070892410342,116675,50999,65676
1200,20.833333333333332,116675,50999,65676
1201,20.815986677768525,116669,50999,65670
1202,20.798668885191347,116669,50999,65670
1203,20.781379883624272,116669,50999,65670
1204,20.764119601328904,116669,50999,65670
1205,20.74688796680498,116649,50999,65650
1206,20.729684908789388,116649,50999,65650
1207,20.712510356255176,116529,50819,65710
1208,20.695364238410598,116529,50819,65710
1209,20.678246484698096,116529,50819,65710
1210,20.66115702479339,116529,50819,65710
1211,20.64409578860446,116529,50819,65710
1212,20.627062706270628,116529,50819,65710
1213,20.610057708161584,116529,50819,65710
1214,20.59308072487644,116529,50819,65710
1215,20.5761316872428,116529,50819,65710
1216,20.55921052631579,116529,50819,65710
1217,20.542317173377157,116524,50819,65705
1218,20.525451559934318,116510,50835,65675
1219,20.50861361771944,116530,50835,65695
1220,20.491803278688526,116530,50835,65695
1221,20.475020475020475,116530,50835,65695
1222,20.458265139116204,116530,50835,65695
1223,20.44153720359771,116530,50835,65695
1224,20.424836601307188,116530,50835,65695
1225,20.408163265306122,116530,50835,65695
1226,20.391517128874387,116396,50835,65561
1227,20.37489812550937,116396,50835,65561
1228,20.35830618892508,116396,50835,65561
1229,20.34174125305126,116390,50835,65555
1230,20.32520325203252,116390,50835,65555
1231,20.30869212022746,116262,50647,65615
1232,20.292207792207794,116262,50647,65615
1233,20.275750202757504,116262,50647,65615
1234,20.25931928687196,116262,50647,65615
1235,20.242914979757085,116262,50647,65615
1236,20.22653721682848,116262,50647,65615
1237,20.21018593371059,116248,50647,65601
1238,20.193861066235865,116248,50647,65601
1239,20.177562550443906,116248,50647,65601
1240,20.161290322580644,116248,50647,65601
1241,20.1450443190975,116248,50647,65601
1242,20.128824476650564,116248,50647,65601
1243,20.11263073209976,116248,50647,65601
1244,20.09646302250804,116248,50647,65601
1245,20.080321285140563,116235,50647,65588
1246,20.064205457463885,116235,50647,65588
1247,20.04811547714515,116235,50647,65588
1248,20.03205128205128,116235,50647,65588
1249,20.0160128102482,116235,50647,65588
1250,20,116235,50647,65588
1251,19.984012789768187,116235,50647,65588
1252,19.968051118210862,116235,50647,65588
1253,19.952114924181963,116225,50647,65578
1254,19.936204146730464,116225,50647,65578
1255,19.9203187250996,116225,50647,65578
1256,19.904458598726116,116225,50647,65578
1257,19.88862370723946,116225,50647,65578
1258,19.87281399046105,116225,50647,65578
1259,19.857029388403493,116225,50647,65578
1260,19.841269841269842,116225,50647,65578
1261,19.825535289452816,116225,50647,65578
1262,19.80982567353407,116219,50647,65572
1263,19.79414093428345,116219,50647,65572
1264,19.77848101265823,116219,50647,65572
1265,19.76284584980237,116219,50647,65572
1266,19.747235387045812,116219,50647,65572
1267,19.73164956590371,116159,50647,65512
1268,19.71608832807571,116159,50647,65512
1269,19.70055161544523,116159,50647,65512
1270,19.68503937007874,116159,50647,65512
1271,19.66955153422502,116159,50635,65524
1272,19.654088050314467,116159,50635,65524
1273,19.638648860958366,116138,50635,65503
1274,19.623233908948194,116142,50635,65507
1275,19.607843137254903,116142,50635,65507
1276,19.592476489028215,116149,50635,65514
1277,19.57713390759593,116149,50635,65514
1278,19.561815336463223,116149,50635,65514
1279,19.546520719311964,116154,50640,65514
1280,19.53125,116026,50511,65515
1281,19.516003122560498,116026,50511,65515
1282,19.50078003120125,116026,50511,65515
1283,19.485580670303975,116026,50511,65515
1284,19.470404984423677,116026,50511,65515
1285,19.455252918287936,116026,50511,65515
1286,19.440124416796266,115989,50511,65478
1287,19.425019425019425,115989,50511,65478
1288,19.40993788819876,115989,50511,65478
1289,19.39487975174554,115989,50511,65478
1290,19.37984496124031,115989,50511,65478
1291,19.364833462432223,116013,50511,65502
1292,19.34984520123839,116013,50511,65502
1293,19.334880123743233,116013,50511,65502
1294,19.319938176197837,116027,50511,65516
1295,19.305019305019304,116027,50511,65516
1296,19.290123456790123,116027,50511,65516
1297,19.275250578257516,116027,50511,65516
1298,19.26040061633282,116047,50511,65536
1299,19.24557351809084,116047,50511,65536
1300,19.23076923076923,115921,50384,65537
1301,19.215987701767872,115921,50384,65537
1302,19.201228878648234,115921,50384,65537
1303,19.18649270913277,115921,50384,65537
1304,19.171779141104295,115921,50384,65537
1305,19.157088122605366,115671,50115,65556
1306,19.142419601837673,115666,50110,65556
1307,19.127773527161438,115666,50110,65556
1308,19.1131498470948,115666,50110,65556
1309,19.098548510313215,115630,50110,65520
1310,19.083969465648856,115630,50110,65520
1311,19.06941266209001,115630,50110,65520
1312,19.054878048780488,115636,50110,65526
1313,19.04036557501904,115626,50110,65516
1314,19.025875190258752,114764,49182,65582
1315,19.011406844106464,114764,49182,65582
1316,18.996960486322187,114764,49182,65582
1317,18.982536066818525,114756,49182,65574
1318,18.96813353566009,114726,49182,65544
1319,18.953752843062926,114726,49182,65544
1320,18.939393939393938,114736,49182,65554
1321,18.925056775170326,114736,49182,65554
1322,18.910741301059,114736,49182,65554
1323,18.89644746787604,114736,49182,65554
1324,18.882175226586103,114715,49182,65533
1325,18.867924528301888,114715,49182,65533
1326,18.85369532428356,114715,49182,65533
1327,18.839487565938207,114715,49182,65533
1328,18.825301204819276,114715,49182,65533
1329,18.811136192626034,114715,49182,65533
1330,18.796992481203006,114715,49182,65533
1331,18.782870022539445,114683,49182,65501
1332,18.76876876876877,114683,49182,65501
1333,18.754688672168044,114683,49182,65501
1334,18.740629685157423,114683,49182,65501
1335,18.726591760299627,114683,49182,65501
1336,18.7125748502994,114683,49182,65501
1337,18.698578908002993,114683,49182,65501
1338,18.684603886397607,114657,49182,65475
1339,18.670649738610905,114657,49182,65475
1340,18.65671641791045,114657,49182,65475
1341,18.642803877703205,114657,49182,65475
1342,18.628912071535023,114657,49182,65475
1343,18.615040953090098,114648,49182,65466
1344,18.601190476190474,114647,49182,65465
1345,18.587360594795538,114647,49182,65465
1346,18.573551263001487,114647,49182,65465
1347,18.55976243504083,114670,49182,65488
1348,18.5459940652819,114670,49182,65488
1349,18.532246108228318,114670,49182,65488
1350,18.51851851851852,114670,49182,65488
1351,18.50481125092524,114670,49182,65488
1352,18.49112426035503,114670,49182,65488
1353,18.477457501847745,114670,49182,65488
1354,18.46381093057607,114612,49182,65430
1355,18.45018450184502,114612,49182,65430
1356,18.436578171091444,114612,49182,65430
1357,18.422991893883566,114612,49182,65430
1358,18.40942562592047,114612,49182,65430
1359,18.39587932303164,114612,49182,65430
1360,18.38235294117647,114612,49182,65430
1361,18.368846436443793,114612,49182,65430
1362,18.355359765051396,114570,49185,65385
1363,18.34189288334556,114570,49185,65385
1364,18.328445747800586,114570,49185,65385
1365,18.315018315018314,114570,49185,65385
1366,18.301610541727673,114570,49185,65385
1367,18.2882223847842,114570,49185,65385
1368,18.27485380116959,114570,49185,65385
1369,18.261504747991236,114570,49185,65385
1370,18.248175182481752,114570,49185,65385
1371,18.23486506199854,114570,49185,65385
1372,18.221574344023324,114570,49185,65385
1373,18.20830298616169,114570,49185,65385
1374,18.19505094614265,114570,49185,65385
1375,18.181818181818183,114595,49185,65410
1376,18.16860465116279,114604,49185,65419
1377,18.15541031227306,114604,49185,65419
1378,18.1422351233672,114604,49185,65419
1379,18.12907904278463,114604,49185,65419
1380,18.115942028985508,114604,49185,65419
1381,18.102824040550328,114604,49185,65419
1382,18.08972503617945,114604,49185,65419
1383,18.076644974692698,114604,49185,65419
1384,18.063583815028903,114604,49185,65419
1385,18.050541516245488,114611,49190,65421
1386,18.037518037518037,114611,49190,65421
1387,18.02451333813987,114611,49190,65421
1388,18.011527377521613,114611,49190,65421
1389,17.998560115190784,114611,49190,65421
1390,17.985611510791365,114609,49190,65419
1391,17.97268152408339,114609,49190,65419
1392,17.95977011494253,114609,49190,65419
1393,17.946877243359655,114609,49190,65419
1394,17.93400286944046,114609,49190,65419
1395,17.921146953405017,114609,49190,65419
1396,17.908309455587393,114609,49190,65419
1397,17.89549033643522,114609,49190,65419
1398,17.8826895565093,114675,49190,65485
1399,17.8699070764832,114629,49190,65439
1400,17.857142857142858,114629,49190,65439
1401,17.84439685938615,114629,49190,65439
1402,17.83166904422254,114629,49190,65439
1403,17.81895937277263,114629,49190,65439
1404,17.806267806267805,114629,49190,65439
1405,17.793594306049823,114631,49190,65441
1406,17.780938833570413,114633,49130,65503
1407,17.768301350390903,114633,49130,65503
1408,17.755681818181817,114633,49130,65503
1409,17.7430801987225,114633,49130,65503
1410,17.73049645390071,114633,49130,65503
1411,17.71793054571226,114633,49130,65503
1412,17.705382436260624,114601,49130,65471
1413,17.692852087756545,114601,49130,65471
1414,17.68033946251768,114601,49130,65471
1415,17.6678445229682,114627,49130,65497
1416,17.65536723163842,114633,49130,65503
1417,17.64290755116443,114633,49130,65503
1418,17.63046544428773,114633,49130,65503
1419,17.618040873854827,114633,49130,65503
1420,17.6056338028169,114029,48525,65504
1421,17.593244194229417,114029,48525,65504
1422,17.58087201125176,114029,48525,65504
1423,17.568517217146873,114029,48525,65504
1424,17.5561797752809,114029,48525,65504
1425,17.54385964912281,114029,48525,65504
1426,17.53155680224404,114029,48525,65504
1427,17.51927119831815,114009,48525,65484
1428,17.50700280112045,114009,48525,65484
1429,17.49475157452764,114010,48525,65485
1430,17.482517482517483,114010,48525,65485
1431,17.470300489168412,114010,48525,65485
1432,17.45810055865922,114010,48525,65485
1433,17.445917655268666,114010,48525,65485
1434,17.433751743375176,114010,48525,65485
1435,17.421602787456447,114010,48525,65485
1436,17.409470752089135,114010,48525,65485
1437,17.397355601948504,114010,48525,65485
1438,17.385257301808068,114010,48525,65485
1439,17.373175816539263,114010,48525,65485
1440,17.36111111111111,114010,48525,65485
1441,17.349063150589867,113332,47817,65515
1442,17.337031900138697,113272,47817,65455
1443,17.325017325017324,113272,47817,65455
1444,17.31301939058172,113272,47817,65455
1445,17.301038062283737,113272,47817,65455
1446,17.289073305670815,113246,47817,65429
1447,17.277125086385624,113246,47817,65429
1448,17.265193370165747,113246,47817,65429
1449,17.25327812284334,113246,47817,65429
1450,17.24137931034483,113246,47817,65429
1451,17.22949689869056,113246,47817,65429
1452,17.21763085399449,113246,47817,65429
1453,17.205781142463866,113246,47817,65429
1454,17.1939477303989,113246,47817,65429
1455,17.18213058419244,113246,47817,65429
1456,17.17032967032967,113246,47817,65429
1457,17.158544955387782,113246,47817,65429
1458,17.146776406035666,113246,47817,65429
1459,17.135023989033584,113246,47817,65429
1460,17.123287671232877,113246,47817,65429
1461,17.111567419575632,113246,47817,65429
1462,17.09986320109439,113246,47817,65429
1463,17.088174982911823,113246,47817,65429
1464,17.07650273224044,113246,47817,65429
1465,17.064846416382252,113246,47817,65429
1466,17.053206002728512,113176,47817,65359
1467,17.041581458759374,113176,47817,65359
1468,17.029972752043598,113176,47817,65359
1469,17.018379850238258,113222,47817,65405
1470,17.006802721088434,113215,47817,65398
1471,16.99524133242692,113215,47817,65398
1472,16.983695652173914,113215,47817,65398
1473,16.972165648336727,113255,47817,65438
1474,16.960651289009498,113255,47817,65438
1475,16.949152542372882,113195,47817,65378
1476,16.937669376693766,113207,47817,65390
1477,16.926201760324982,112950,47530,65420
1478,16.914749661705006,112950,47530,65420
1479,16.903313049357674,112950,47530,65420
1480,16.89189189189189,112892,47530,65362
1481,16.88048615800135,112892,47530,65362
1482,16.869095816464238,112892,47530,65362
1483,16.857720836142953,112892,47530,65362
1484,16.846361185983827,112892,47530,65362
1485,16.835016835016834,112892,47530,65362
1486,16.823687752355315,112892,47530,65362
1487,16.812373907195695,112892,47530,65362
1488,16.801075268817204,112892,47530,65362
1489,16.789791806581597,112892,47530,65362
1490,16.778523489932887,112892,47530,65362
1491,16.76727028839705,112892,47530,65362
1492,16.75603217158177,112892,47530,65362
1493,16.744809109176156,112892,47530,65362
1494,16.733601070950467,112892,47530,65362
1495,16.722408026755854,112892,47530,65362
1496,16.711229946524064,112445,47082,65363
1497,16.7000668002672,112445,47082,65363
1498,16.688918558077436,112456,47091,65365
1499,16.67778519012675,112456,47091,65365
1500,16.666666666666668,112456,47091,65365
1501,16.655562958027982,112456,47091,65365
1502,16.644474034620504,112456,47091,65365
1503,16.633399866932802,112456,47091,65365
1504,16.622340425531913,112456,47091,65365
1505,16.611295681063122,112456,47091,65365
1506,16.600265604249667,112456,47091,65365
1507,16.5892501658925,112456,47091,65365
1508,16.578249336870027,112456,47091,65365
1509,16.56726308813784,112456,47091,65365
1510,16.556291390728475,112402,47007,65395
1511,16.545334215751158,112402,47007,65395
1512,16.534391534391535,112402,47007,65395
1513,16.523463317911435,112402,47007,65395
1514,16.512549537648614,112402,47007,65395
1515,16.501650165016503,112379,47007,65372
1516,16.49076517150396,112379,47007,65372
1517,16.47989452867502,112333,47007,65326
1518,16.469038208168644,112322,47007,65315
1519,16.458196181698487,112322,47007,65315
1520,16.44736842105263,112322,47007,65315
1521,16.43655489809336,112322,47007,65315
1522,16.4257555847569,112322,47007,65315
1523,16.414970453053183,112336,47007,65329
1524,16.404199475065617,112336,47007,65329
1525,16.39344262295082,112270,47007,65263
1526,16.382699868938403,112069,46766,65303
1527,16.371971185330715,112069,46766,65303
1528,16.361256544502616,112069,46766,65303
1529,16.350555918901243,112069,46766,65303
1530,16.33986928104575,112069,46766,65303
1531,16.329196603527105,112069,46766,65303
1532,16.318537859007833,112043,46766,65277
1533,16.307893020221787,112043,46766,65277
1534,16.297262059973924,112043,46766,65277
1535,16.286644951140065,112043,46766,65277
1536,16.276041666666668,112043,46766,65277
1537,16.26545217957059,112043,46766,65277
1538,16.25487646293888,112043,46766,65277
1539,16.244314489928524,112043,46766,65277
1540,16.233766233766232,112043,46766,65277
1541,16.223231667748216,112043,46766,65277
1542,16.212710765239947,112043,46766,65277
1543,16.202203499675957,112043,46766,65277
1544,16.191709844559586,112043,46766,65277
1545,16.181229773462782,112043,46766,65277
1546,16.170763260025872,112043,46766,65277
1547,16.160310277957336,112043,46766,65277
1548,16.149870801033593,112043,46766,65277
1549,16.139444803098772,112043,46766,65277
1550,16.129032258064516,112050,46766,65284
1551,16.118633139909736,112050,46766,65284
1552,16.108247422680414,112050,46766,65284
1553,16.097875080489377,112050,46766,65284
1554,16.087516087516086,112050,46766,65284
1555,16.077170418006432,112050,46766,65284
1556,16.066838046272494,112050,46766,65284
1557,16.056518946692357,112050,46766,65284
1558,16.046213093709884,112050,46766,65284
1559,16.03592046183451,112076,46766,65310
1560,16.025641025641026,112076,46766,65310
1561,16.01537475976938,112076,46766,65310
1562,16.005121638924457,112076,46766,65310
1563,15.99488163787588,112076,46766,65310
1564,15.9846547314578,110510,45170,65340
1565,15.97444089456869,110510,45170,65340
1566,15.964240102171138,110510,45170,65340
1567,15.95405232929164,110510,45170,65340
1568,15.943877551020408,110510,45170,65340
1569,15.933715742511154,110510,45170,65340
1570,15.92356687898089,110337,44964,65373
1571,15.913430935709739,110337,44964,65373
1572,15.903307888040713,110337,44964,65373
1573,15.89319771137953,110337,44964,65373
1574,15.88310038119441,110337,44964,65373
1575,15.873015873015873,110337,44964,65373
1576,15.862944162436548,110337,44964,65373
1577,15.85288522511097,109726,44352,65374
1578,15.842839036755386,109726,44352,65374
1579,15.832805573147562,109726,44352,65374
1580,15.822784810126583,109726,44352,65374
1581,15.812776723592663,109751,44347,65404
1582,15.802781289506953,109751,44347,65404
1583,15.792798483891346,109751,44347,65404
1584,15.782828282828282,109751,44347,65404
1585,15.772870662460567,109751,44347,65404
1586,15.762925598991172,109751,44347,65404
1587,15.75299306868305,109751,44347,65404
1588,15.743073047858942,109745,44347,65398
1589,15.733165512901195,109745,44347,65398
1590,15.723270440251572,109745,44347,65398
1591,15.713387806411061,109751,44347,65404
1592,15.703517587939698,109751,44347,65404
1593,15.693659761456372,109751,44347,65404
1594,15.683814303638645,109751,44347,65404
1595,15.67398119122257,109751,44347,65404
1596,15.664160401002507,109751,44347,65404
1597,15.654351909830932,109751,44347,65404
1598,15.644555694618273,109751,44347,65404
1599,15.634771732332707,109751,44347,65404
1600,15.625,109751,44347,65404
1601,15.61524047470331,109751,44347,65404
1602,15.605493133583021,109751,44347,65404
1603,15.595757953836557,109630,44347,65283
1604,15.586034912718205,109630,44347,65283
1605,15.576323987538942,109630,44347,65283
1606,15.566625155666252,109630,44347,65283
1607,15.556938394523957,109632,44347,65285
1608,15.54726368159204,109632,44347,65285
1609,15.537600994406464,109632,44347,65285
1610,15.527950310559007,109632,44347,65285
1611,15.518311607697083,109632,44347,65285
1612,15.508684863523573,109632,44347,65285
1613,15.499070055796652,109538,44252,65286
1614,15.489467162329616,109538,44252,65286
1615,15.479876160990711,109533,44244,65289
1616,15.470297029702971,109533,44244,65289
1617,15.460729746444033,109533,44244,65289
1618,15.451174289245984,109533,44244,65289
1619,15.441630636195182,109507,44244,65263
1620,15.432098765432098,109513,44244,65269
1621,15.422578655151142,109513,44244,65269
1622,15.413070283600494,109513,44244,65269
1623,15.403573629081947,109513,44244,65269
1624,15.394088669950738,109513,44244,65269
1625,15.384615384615385,109514,44212,65302
1626,15.375153751537516,109514,44212,65302
1627,15.365703749231715,109502,44212,65290
1628,15.356265356265355,109502,44212,65290
1629,15.346838551258442,109481,44212,65269
1630,15.337423312883436,109481,44212,65269
1631,15.328019619865113,109481,44212,65269
1632,15.318627450980392,109341,44024,65317
1633,15.309246785058175,109387,44024,65363
1634,15.299877600979192,109387,44024,65363
1635,15.290519877675841,109387,44024,65363
1636,15.28117359413203,109387,44024,65363
1637,15.271838729383017,109381,44024,65357
1638,15.262515262515263,109381,44024,65357
1639,15.25320317266626,109381,44024,65357
1640,15.24390243902439,109381,44024,65357
1641,15.234613040828762,109381,44024,65357
1642,15.225334957369062,109381,44024,65357
1643,15.216068167985393,109381,44024,65357
1644,15.206812652068127,109381,44024,65357
1645,15.19756838905775,109381,44024,65357
1646,15.188335358444714,109282,43776,65506
1647,15.179113539769277,109287,43687,65600
1648,15.169902912621358,109287,43687,65600
1649,15.160703456640388,109287,43687,65600
1650,15.151515151515152,109287,43687,65600
1651,15.142337976983645,109287,43687,65600
1652,15.13317191283293,109287,43687,65600
1653,15.124016938898972,109287,43687,65600
1654,15.114873035066505,109287,43687,65600
1655,15.105740181268882,109251,43687,65564
1656,15.096618357487923,109251,43687,65564
1657,15.087507543753771,109251,43687,65564
1658,15.078407720144753,109215,43687,65528
1659,15.06931886678722,109215,43687,65528
1660,15.060240963855422,109215,43687,65528
1661,15.051173991571343,109215,43687,65528
1662,15.042117930204572,109215,43687,65528
1663,15.033072760072159,109227,43687,65540
1664,15.024038461538462,109231,43687,65544
1665,15.015015015015015,109231,43687,65544
1666,15.006002400960384,109225,43687,65538
1667,14.997000599880025,109225,43687,65538
1668,14.988009592326138,109225,43687,65538
1669,14.979029358897543,109225,43687,65538
1670,14.970059880239521,109225,43687,65538
1671,14.961101137043686,109225,43687,65538
1672,14.952153110047847,109225,43687,65538
1673,14.943215780035864,109225,43687,65538
1674,14.934289127837514,109225,43687,65538
1675,14.925373134328359,109229,43687,65542
1676,14.916467780429594,109229,43687,65542
1677,14.907573047107931,109229,43687,65542
1678,14.898688915375446,109229,43687,65542
1679,14.889815366289458,109229,43687,65542
1680,14.880952380952381,109227,43687,65540
1681,14.8720999405116,109233,43687,65546
1682,14.863258026159334,109222,43687,65535
1683,14.854426619132502,109222,43687,65535
1684,14.84560570071259,109222,43687,65535
1685,14.836795252225519,109216,43687,65529
1686,14.827995255041518,109216,43687,65529
1687,14.819205690574986,109216,43687,65529
1688,14.810426540284361,109202,43687,65515
1689,14.801657785671996,109196,43687,65509
1690,14.792899408284024,109209,43687,65522
1691,14.78415138971023,109209,43687,65522
1692,14.775413711583925,109209,43687,65522
1693,14.766686355581808,109209,43687,65522
1694,14.757969303423849,108718,43167,65551
1695,14.749262536873156,108718,43167,65551
1696,14.74056603773585,108504,42943,65561
1697,14.731879787860931,108504,42943,65561
1698,14.723203769140165,108504,42943,65561
1699,14.714537963507945,108504,42943,65561
1700,14.705882352941176,108504,42943,65561
1701,14.697236919459142,108504,42943,65561
1702,14.688601645123384,108504,42943,65561
1703,14.67997651203758,108504,42943,65561
1704,14.671361502347418,108504,42943,65561
1705,14.662756598240469,108504,42943,65561
1706,14.654161781946073,108504,42943,65561
1707,14.645577035735208,108504,42943,65561
1708,14.637002341920375,108494,42943,65551
1709,14.628437682855472,108464,42943,65521
1710,14.619883040935672,108428,42883,65545
1711,14.611338398597312,108431,42883,65548
1712,14.602803738317757,108431,42883,65548
1713,14.594279042615295,108431,42883,65548
1714,14.585764294049008,108365,42883,65482
1715,14.577259475218659,108365,42883,65482
1716,14.56876456876457,108345,42883,65462
1717,14.560279557367501,108345,42883,65462
1718,14.551804423748544,108345,42883,65462
1719,14.543339150668993,108345,42883,65462
1720,14.534883720930232,108345,42883,65462
1721,14.52643811737362,108345,42883,65462
1722,14.518002322880372,108345,42883,65462
1723,14.509576320371446,108345,42883,65462
1724,14.501160092807424,108345,42883,65462
1725,14.492753623188406,108345,42883,65462
1726,14.484356894553882,108345,42883,65462
1727,14.475969889982629,108345,42883,65462
1728,14.467592592592593,108345,42883,65462
1729,14.459224985540775,108345,42883,65462
1730,14.45086705202312,108345,42883,65462
1731,14.442518775274408,108345,42883,65462
1732,14.434180138568129,108345,42883,65462
1733,14.425851125216388,108345,42883,65462
1734,14.41753171856978,108225,42775,65450
1735,14.409221902017292,108225,42775,65450
1736,14.400921658986174,108199,42775,65424
1737,14.392630972941854,108199,42775,65424
1738,14.384349827387801,108199,42775,65424
1739,14.37607820586544,108199,42775,65424
1740,14.367816091954023,108235,42775,65460
1741,14.359563469270535,108235,42775,65460
1742,14.351320321469576,108235,42775,65460
1743,14.343086632243258,108235,42775,65460
1744,14.3348623853211,108235,42775,65460
1745,14.326647564469914,108235,42775,65460
1746,14.3184421534937,108235,42775,65460
1747,14.310246136233543,108235,42775,65460
1748,14.302059496567505,108235,42775,65460
1749,14.29388221841052,108235,42775,65460
1750,14.285714285714286,108266,42775,65491
1751,14.277555682467161,108266,42775,65491
1752,14.269406392694064,108266,42775,65491
1753,14.26126640045636,108266,42775,65491
1754,14.253135689851767,108266,42775,65491
1755,14.245014245014245,108266,42775,65491
1756,14.236902050113896,108266,42775,65491
1757,14.228799089356858,108258,42775,65483
1758,14.220705346985211,108258,42775,65483
1759,14.212620807276862,108258,42775,65483
1760,14.204545454545455,108258,42775,65483
1761,14.19647927314026,108258,42775,65483
1762,14.188422247446084,108258,42775,65483
1763,14.180374361883153,108274,42775,65499
1764,14.17233560090703,108274,42775,65499
1765,14.164305949008499,108274,42775,65499
1766,14.156285390713476,108072,42526,65546
1767,14.148273910582908,108078,42526,65552
1768,14.14027149321267,108078,42526,65552
1769,14.132278123233466,108098,42526,65572
1770,14.124293785310735,108098,42526,65572
1771,14.116318464144552,108099,42396,65703
1772,14.108352144469526,108099,42396,65703
1773,14.10039481105471,108119,42396,65723
1774,14.092446448703495,108119,42396,65723
1775,14.084507042253522,108119,42396,65723
1776,14.076576576576576,108119,42396,65723
1777,14.068655036578503,108113,42396,65717
1778,14.0607424071991,108133,42396,65737
1779,14.05283867341203,108133,42396,65737
1780,14.044943820224718,108133,42396,65737
1781,14.03705783267827,108133,42396,65737
1782,14.029180695847362,108113,42396,65717
1783,14.021312394840157,108113,42396,65717
1784,14.013452914798206,108113,42396,65717
1785,14.005602240896359,108113,42396,65717
1786,13.997760358342665,107916,42145,65771
1787,13.989927252378287,107916,42145,65771
1788,13.982102908277405,107916,42145,65771
1789,13.97428731134712,107916,42145,65771
1790,13.966480446927374,107916,42145,65771
1791,13.958682300390842,107916,42145,65771
1792,13.950892857142858,107916,42145,65771
1793,13.943112102621305,107916,42145,65771
1794,13.935340022296543,107916,42145,65771
1795,13.927576601671309,107916,42145,65771
1796,13.919821826280623,107916,42145,65771
1797,13.912075681691709,107916,42145,65771
1798,13.904338153503893,107916,42145,65771
1799,13.896609227348527,107916,42145,65771
1800,13.88888888888889,107916,42145,65771
1801,13.8811771238201,107916,42145,65771
1802,13.873473917869035,107910,42145,65765
1803,13.865779256794232,107920,42145,65775
1804,13.858093126385809,107920,42145,65775
1805,13.850415512465373,107920,42145,65775
1806,13.842746400885936,107920,42145,65775
1807,13.835085777531821,107920,42145,65775
1808,13.827433628318584,107920,42145,65775
1809,13.819789939192924,107900,42145,65755
1810,13.812154696132596,107900,42145,65755
1811,13.804527885146328,107687,41890,65797
1812,13.79690949227373,107690,41889,65801
1813,13.789299503585218,107690,41889,65801
1814,13.781697905181918,107690,41889,65801
1815,13.774104683195592,107690,41889,65801
1816,13.766519823788546,107690,41889,65801
1817,13.75894331315355,107690,41889,65801
1818,13.751375137513751,107693,41886,65807
1819,13.743815283122595,107693,41886,65807
1820,13.736263736263735,107722,41886,65836
1821,13.72872048325096,107722,41886,65836
1822,13.721185510428102,107475,41641,65834
1823,13.713658804168952,107475,41641,65834
1824,13.706140350877194,107475,41641,65834
1825,13.698630136986301,107475,41641,65834
1826,13.691128148959475,107475,41641,65834
1827,13.683634373289546,107475,41641,65834
1828,13.676148796498905,107475,41641,65834
1829,13.66867140513942,107475,41641,65834
1830,13.66120218579235,107475,41641,65834
1831,13.653741125068269,107475,41641,65834
1832,13.646288209606986,107475,41641,65834
1833,13.638843426077468,107419,41641,65778
1834,13.631406761177754,107419,41641,65778
1835,13.623978201634877,107419,41641,65778
1836,13.616557734204793,107419,41641,65778
1837,13.609145345672292,107433,41641,65792
1838,13.601741022850925,107433,41641,65792
1839,13.594344752582925,107433,41641,65792
1840,13.58695652173913,107433,41641,65792
1841,13.579576317218903,107433,41641,65792
1842,13.572204125950055,107433,41641,65792
1843,13.564839934888768,107433,41641,65792
1844,13.557483731019524,107433,41641,65792
1845,13.550135501355014,107433,41641,65792
1846,13.542795232936077,107433,41641,65792
1847,13.535462912831619,107433,41641,65792
1848,13.528138528138529,107433,41641,65792
1849,13.520822065981612,107433,41641,65792
1850,13.513513513513514,107433,41641,65792
1851,13.50621285791464,107433,41641,65792
1852,13.498920086393088,107381,41641,65740
1853,13.491635186184565,107381,41641,65740
1854,13.484358144552319,107381,41641,65740
1855,13.477088948787062,107378,41642,65736
1856,13.469827586206897,107378,41642,65736
1857,13.462574044157243,107378,41642,65736
1858,13.455328310010763,107378,41642,65736
1859,13.448090371167295,107378,41642,65736
1860,13.440860215053764,107378,41642,65736
1861,13.433637829124127,107357,41642,65715
1862,13.426423200859292,107357,41642,65715
1863,13.419216317767042,107357,41642,65715
1864,13.412017167381974,107380,41642,65738
1865,13.404825737265416,107380,41642,65738
1866,13.39764201500536,107380,41642,65738
1867,13.39046598821639,107380,41642,65738
1868,13.383297644539615,107426,41642,65784
1869,13.37613697164259,107426,41642,65784
1870,13.368983957219251,107333,41539,65794
1871,13.361838588989846,107333,41539,65794
1872,13.354700854700855,107333,41539,65794
1873,13.347570742124933,107333,41539,65794
1874,13.340448239060832,107313,41539,65774
1875,13.333333333333334,107325,41539,65786
1876,13.326226012793176,107325,41539,65786
1877,13.319126265316996,107325,41539,65786
1878,13.312034078807242,107325,41539,65786
1879,13.304949441192123,107331,41539,65792
1880,13.297872340425531,107331,41539,65792
1881,13.290802764486974,107344,41539,65805
1882,13.28374070138151,107344,41539,65805
1883,13.27668613913967,107344,41539,65805
1884,13.26963906581741,107344,41539,65805
1885,13.26259946949602,107344,41539,65805
1886,13.255567338282079,107344,41539,65805
1887,13.248542660307367,107344,41539,65805
1888,13.241525423728813,107344,41539,65805
1889,13.234515616728428,107344,41539,65805
1890,13.227513227513228,107352,41539,65813
1891,13.220518244315176,107352,41539,65813
1892,13.213530655391121,107352,41539,65813
1893,13.206550449022716,107352,41539,65813
1894,13.199577613516368,107352,41539,65813
1895,13.192612137203167,107287,41408,65879
1896,13.185654008438819,107287,41408,65879
1897,13.178703215603585,107287,41408,65879
1898,13.171759747102213,107287,41408,65879
1899,13.164823591363875,107287,41408,65879
1900,13.157894736842104,107024,41135,65889
1901,13.150973172014728,107024,41135,65889
1902,13.144058885383807,107024,41135,65889
1903,13.137151865475564,107044,41135,65909
1904,13.130252100840336,107044,41135,65909
1905,13.123359580052494,107044,41135,65909
1906,13.116474291710388,107044,41135,65909
1907,13.109596224436288,107044,41135,65909
1908,13.10272536687631,107044,41135,65909
1909,13.095861707700367,107044,41135,65909
1910,13.089005235602095,107044,41135,65909
1911,13.082155939298797,107044,41135,65909
1912,13.07531380753138,107044,41135,65909
1913,13.068478829064297,106124,40215,65909
1914,13.061650992685475,106124,40215,65909
1915,13.054830287206267,106124,40215,65909
1916,13.048016701461378,106124,40215,65909
1917,13.041210224308816,106124,40215,65909
1918,13.034410844629823,106124,40215,65909
1919,13.027618551328818,106124,40215,65909
1920,13.020833333333334,106145,40215,65930
1921,13.014055179593962,106145,40215,65930
1922,13.007284079084288,106145,40215,65930
1923,13.000520020800833,106145,40215,65930
1924,12.993762993762994,106143,40215,65928
1925,12.987012987012987,106143,40215,65928
1926,12.980269989615785,106143,40215,65928
1927,12.973533990659055,106143,40215,65928
1928,12.966804979253112,106143,40215,65928
1929,12.960082944530845,105506,39523,65983
1930,12.953367875647668,105498,39523,65975
1931,12.94665976178146,105498,39523,65975
1932,12.939958592132506,105498,39523,65975
1933,12.933264355923436,105521,39523,65998
1934,12.926577042399172,105521,39523,65998
1935,12.919896640826874,105521,39523,65998
1936,12.913223140495868,105521,39523,65998
1937,12.906556530717605,105521,39523,65998
1938,12.899896800825593,105526,39515,66011
1939,12.893243940175347,105526,39515,66011
1940,12.88659793814433,105526,39515,66011
1941,12.87995878413189,105526,39515,66011
1942,12.873326467559217,105526,39515,66011
1943,12.866700977869275,105526,39515,66011
1944,12.860082304526749,105526,39515,66011
1945,12.853470437017995,105526,39515,66011
1946,12.846865364850977,105526,39515,66011
1947,12.840267077555213,105526,39515,66011
1948,12.833675564681725,105526,39515,66011
1949,12.827090815802975,105526,39515,66011
1950,12.820512820512821,105500,39515,65985
1951,12.813941568426449,105500,39515,65985
1952,12.807377049180328,105500,39515,65985
1953,12.800819252432156,105500,39515,65985
1954,12.794268167860798,105478,39479,65999
1955,12.787723785166241,105478,39479,65999
1956,12.781186094069529,105478,39479,65999
1957,12.774655084312723,105478,39479,65999
1958,12.768130745658835,105478,39479,65999
1959,12.761613067891782,105478,39479,65999
1960,12.755102040816327,105478,39479,65999
1961,12.748597654258031,105478,39479,65999
1962,12.7420998980632,105478,39479,65999
1963,12.735608762098828,105478,39479,65999
1964,12.729124236252545,105478,39479,65999
1965,12.72264631043257,105452,39479,65973
1966,12.71617497456765,105452,39479,65973
1967,12.709710218607016,105452,39479,65973
1968,12.703252032520325,105452,39479,65973
1969,12.696800406297614,105444,39479,65965
1970,12.690355329949238,105450,39479,65971
1971,12.683916793505835,105450,39479,65971
1972,12.677484787018255,105450,39479,65971
1973,12.671059300557527,105450,39479,65971
1974,12.664640324214792,105450,39479,65971
1975,12.658227848101266,105450,39479,65971
1976,12.651821862348179,105450,39479,65971
1977,12.645422357106728,105450,39479,65971
1978,12.639029322548028,105450,39479,65971
1979,12.632642748863063,105450,39479,65971
1980,12.626262626262626,105450,39479,65971
1981,12.619888944977284,105450,39479,65971
1982,12.613521695257315,105450,39479,65971
1983,12.607160867372668,105450,39479,65971
1984,12.600806451612904,105450,39479,65971
1985,12.594458438287154,105450,39479,65971
1986,12.58811681772407,105450,39479,65971
1987,12.581781580271766,105450,39479,65971
1988,12.575452716297788,105450,39479,65971
1989,12.56913021618904,105450,39479,65971
1990,12.56281407035176,105450,39479,65971
1991,12.556504269211452,105450,39479,65971
1992,12.550200803212851,105458,39473,65985
1993,12.54390366281987,105409,39473,65936
1994,12.537612838515546,105409,39473,65936
1995,12.531328320802006,105409,39473,65936
1996,12.525050100200401,105409,39473,65936
1997,12.518778167250876,105409,39473,65936
1998,12.512512512512513,105409,39473,65936
1999,12.506253126563282,105409,39473,65936
2000,12.5,105409,39473,65936
2001,12.493753123438282,105389,39473,65916
2002,12.487512487512488,104792,38846,65946
2003,12.481278082875686,104792,38846,65946
2004,12.4750499001996,104782,38846,65936
2005,12.468827930174564,104782,38846,65936
2006,12.46261216350947,104796,38846,65950
2007,12.45640259093174,104796,38846,65950
2008,12.450199203187251,104796,38846,65950
2009,12.444001991040318,104796,38846,65950
2010,12.437810945273633,104802,38846,65956
2011,12.431626056688215,104802,38846,65956
2012,12.42544731610338,104802,38846,65956
2013,12.419274714356682,104802,38846,65956
2014,12.413108242303872,104802,38846,65956
2015,12.40694789081886,104802,38846,65956
2016,12.40079365079365,104802,38846,65956
2017,12.394645513138324,104802,38846,65956
2018,12.388503468780971,104802,38846,65956
2019,12.382367508667658,104796,38846,65950
2020,12.376237623762377,104804,38846,65958
2021,12.370113805047007,104798,38846,65952
2022,12.363996043521267,104798,38846,65952
2023,12.357884330202669,104798,38846,65952
2024,12.351778656126482,104798,38846,65952
2025,12.345679012345679,104798,38846,65952
2026,12.339585389930898,104820,38846,65974
2027,12.333497779970399,104820,38846,65974
2028,12.32741617357002,104820,38846,65974
2029,12.32134056185313,104820,38846,65974
2030,12.31527093596059,104820,38846,65974
2031,12.309207287050715,104752,38753,65999
2032,12.303149606299213,104735,38753,65982
2033,12.297097884899165,104735,38753,65982
2034,12.291052114060964,104735,38753,65982
2035,12.285012285012286,104741,38753,65988
2036,12.278978388998036,104741,38753,65988
2037,12.272950417280315,104780,38753,66027
2038,12.26692836113837,104780,38753,66027
2039,12.260912211868563,104780,38753,66027
2040,12.254901960784315,104780,38753,66027
2041,12.24889759921607,104780,38753,66027
2042,12.242899118511264,104780,38753,66027
2043,12.236906510034263,104780,38753,66027
2044,12.230919765166341,104758,38762,65996
2045,12.224938875305623,104758,38762,65996
2046,12.218963831867057,104758,38762,65996
2047,12.212994626282365,104758,38762,65996
2048,12.20703125,104727,38762,65965
2049,12.201073694485114,104727,38762,65965
2050,12.195121951219512,104727,38762,65965
2051,12.189176011701608,104673,38762,65911
2052,12.183235867446394,104675,38765,65910
2053,12.177301509985387,104720,38765,65955
2054,12.171372930866601,104714,38765,65949
2055,12.165450121654501,104714,38765,65949
2056,12.15953307392996,104720,38765,65955
2057,12.153621779290228,104720,38765,65955
2058,12.147716229348882,104720,38765,65955
2059,12.141816415735795,104720,38765,65955
2060,12.135922330097088,104738,38765,65973
2061,12.1300339640951,104738,38765,65973
2062,12.124151309408342,104738,38765,65973
2063,12.118274357731458,104738,38765,65973
2064,12.112403100775193,104734,38762,65972
2065,12.106537530266344,104734,38762,65972
2066,12.100677637947726,104708,38762,65946
2067,12.094823415578132,104708,38762,65946
2068,12.088974854932301,104708,38762,65946
2069,12.08313194780087,104708,38762,65946
2070,12.077294685990339,104708,38762,65946
2071,12.071463061323032,104708,38762,65946
2072,12.065637065637066,104695,38762,65933
2073,12.0598166907863,104695,38762,65933
2074,12.054001928640309,104695,38762,65933
2075,12.048192771084338,104629,38762,65867
2076,12.042389210019268,104629,38762,65867
2077,12.036591237361579,104629,38762,65867
2078,12.03079884504331,104629,38762,65867
2079,12.025012025012025,104629,38762,65867
2080,12.01923076923077,104629,38762,65867
2081,12.01345506967804,104629,38762,65867
2082,12.007684918347742,104629,38762,65867
2083,12.00192030724916,104629,38762,65867
2084,11.99616122840691,104629,38762,65867
2085,11.990407673860911,104629,38762,65867
2086,11.984659635666347,104629,38762,65867
2087,11.978917105893627,104629,38762,65867
2088,11.973180076628353,104629,38762,65867
2089,11.967448539971278,104629,38762,65867
2090,11.961722488038278,104629,38762,65867
2091,11.956001912960305,104629,38762,65867
2092,11.950286806883366,104629,38762,65867
2093,11.944577161968466,104629,38762,65867
2094,11.938872970391595,104629,38762,65867
2095,11.933174224343675,104629,38762,65867
2096,11.927480916030534,104629,38762,65867
2097,11.921793037672867,104629,38762,65867
2098,11.916110581506196,104629,38762,65867
2099,11.910433539780849,104621,38768,65853
2100,11.904761904761905,104621,38768,65853
2101,11.899095668729176,104621,38768,65853
2102,11.893434823977165,104621,38768,65853
2103,11.887779362815026,104626,38768,65858
2104,11.88212927756654,104626,38768,65858
2105,11.876484560570072,104626,38768,65858
2106,11.870845204178538,104626,38768,65858
2107,11.865211200759374,104626,38768,65858
2108,11.859582542694497,104626,38768,65858
2109,11.853959222380276,104626,38768,65858
2110,11.848341232227488,104626,38768,65858
2111,11.842728564661298,104626,38768,65858
2112,11.837121212121213,104626,38768,65858
2113,11.831519167061051,104626,38768,65858
2114,11.825922421948912,104625,38768,65857
2115,11.82033096926714,104625,38768,65857
2116,11.814744801512287,104625,38768,65857
2117,11.809163911195087,104619,38768,65851
2118,11.803588290840416,104619,38768,65851
2119,11.798017932987259,104619,38768,65851
2120,11.79245283018868,104597,38768,65829
2121,11.786892975011787,104561,38768,65793
2122,11.7813383600377,104561,38768,65793
2123,11.775788977861517,104561,38768,65793
2124,11.770244821092279,104561,38768,65793
2125,11.764705882352942,104561,38768,65793
2126,11.75917215428034,104561,38768,65793
2127,11.753643629525152,104362,38571,65791
2128,11.74812030075188,104365,38571,65794
2129,11.742602160638798,104371,38571,65800
2130,11.737089201877934,104351,38571,65780
2131,11.731581417175034,104351,38571,65780
2132,11.726078799249532,104351,38571,65780
2133,11.720581340834505,104351,38571,65780
2134,11.715089034676664,104345,38571,65774
2135,11.7096018735363,104345,38571,65774
2136,11.704119850187267,104345,38571,65774
2137,11.69864295741694,104345,38571,65774
2138,11.693171188026193,104345,38571,65774
2139,11.68770453482936,104345,38571,65774
2140,11.682242990654206,104345,38571,65774
2141,11.676786548341896,104345,38571,65774
2142,11.671335200746965,104345,38571,65774
2143,11.665888940737284,104345,38571,65774
2144,11.66044776119403,104345,38571,65774
2145,11.655011655011656,104345,38571,65774
2146,11.649580615097857,103906,38087,65819
2147,11.644154634373544,103906,38087,65819
2148,11.638733705772811,103906,38087,65819
2149,11.633317822242903,103893,38087,65806
2150,11.627906976744185,103732,37896,65836
2151,11.622501162250117,103746,37896,65850
2152,11.617100371747211,103680,37896,65784
2153,11.61170459823502,103680,37896,65784
2154,11.606313834726091,103682,37896,65786
2155,11.600928074245939,103682,37896,65786
2156,11.595547309833025,103682,37896,65786
2157,11.590171534538712,103682,37896,65786
2158,11.584800741427248,103675,37925,65750
2159,11.579434923575729,103675,37925,65750
2160,11.574074074074074,103675,37925,65750
2161,11.568718186024988,103695,37925,65770
2162,11.56336725254394,103695,37925,65770
2163,11.55802126675913,103695,37925,65770
2164,11.55268022181146,103695,37925,65770
2165,11.547344110854503,103695,37925,65770
2166,11.54201292705448,103695,37925,65770
2167,11.536686663590217,103695,37925,65770
2168,11.531365313653136,103695,37925,65770
2169,11.52604887044721,103695,37925,65770
2170,11.52073732718894,103695,37925,65770
2171,11.515430677107323,103695,37925,65770
2172,11.51012891344383,103695,37925,65770
2173,11.50483202945237,103695,37925,65770
2174,11.499540018399264,103695,37925,65770
2175,11.494252873563218,103695,37925,65770
2176,11.488970588235293,103695,37925,65770
2177,11.483693155718878,103695,37925,65770
2178,11.47842056932966,103705,37925,65780
2179,11.473152822395594,103675,37900,65775
2180,11.46788990825688,103675,37900,65775
2181,11.462631820265933,103677,37900,65777
2182,11.45737855178735,103662,37900,65762
2183,11.452130096197893,103662,37900,65762
2184,11.446886446886447,103662,37900,65762
2185,11.441647597254004,103662,37900,65762
2186,11.436413540713632,103677,37900,65777
2187,11.431184270690444,103670,37901,65769
2188,11.425959780621572,103670,37901,65769
2189,11.420740063956144,103670,37901,65769
2190,11.415525114155251,103670,37901,65769
2191,11.41031492469192,103670,37901,65769
2192,11.405109489051094,103670,37901,65769
2193,11.399908800729595,103670,37901,65769
2194,11.394712853236099,103693,37936,65757
2195,11.389521640091116,103693,37936,65757
2196,11.384335154826958,103693,37936,65757
2197,11.37915339098771,103693,37936,65757
2198,11.373976342129207,103693,37936,65757
2199,11.368804001819008,103699,37936,65763
2200,11.363636363636363,103699,37936,65763
2201,11.358473421172194,103697,37936,65761
2202,11.353315168029065,103697,37936,65761
2203,11.348161597821154,103697,37936,65761
2204,11.343012704174228,103697,37936,65761
2205,11.337868480725623,103697,37936,65761
2206,11.332728921124207,103697,37936,65761
2207,11.327594019030357,103697,37936,65761
2208,11.322463768115941,103697,37936,65761
2209,11.317338162064283,103757,37936,65821
2210,11.312217194570136,103757,37936,65821
2211,11.307100859339664,103757,37936,65821
2212,11.301989150090415,103556,37913,65643
2213,11.296882060551289,103556,37913,65643
2214,11.291779584462512,103556,37913,65643
2215,11.286681715575622,103556,37913,65643
2216,11.28158844765343,103556,37913,65643
2217,11.276499774470004,103556,37913,65643
2218,11.27141568981064,103556,37913,65643
2219,11.266336187471834,103556,37913,65643
2220,11.26126126126126,103556,37913,65643
2221,11.256190904997748,103556,37913,65643
2222,11.251125112511252,103556,37913,65643
2223,11.246063877642825,103556,37913,65643
2224,11.241007194244604,103556,37913,65643
2225,11.235955056179776,103556,37913,65643
2226,11.230907457322552,103556,37913,65643
2227,11.22586439155815,103556,37913,65643
2228,11.220825852782765,103556,37913,65643
2229,11.215791834903545,103556,37913,65643
2230,11.210762331838565,103548,37913,65635
2231,11.205737337516808,103548,37913,65635
2232,11.200716845878135,103548,37913,65635
2233,11.195700850873264,103548,37913,65635
2234,11.190689346463742,103548,37913,65635
2235,11.185682326621924,103548,37913,65635
2236,11.180679785330948,103548,37913,65635
2237,11.175681716584712,103548,37913,65635
2238,11.170688114387847,103548,37913,65635
2239,11.165698972755694,103515,37913,65602
2240,11.160714285714286,103515,37913,65602
2241,11.155734047300312,103515,37913,65602
2242,11.150758251561106,103515,37913,65602
2243,11.145786892554614,103527,37913,65614
2244,11.140819964349376,103527,37913,65614
2245,11.135857461024498,103504,37913,65591
2246,11.130899376669635,103504,37913,65591
2247,11.125945705384957,103504,37913,65591
2248,11.12099644128114,103504,37913,65591
2249,11.116051578479324,103504,37913,65591
2250,11.11111111111111,103504,37913,65591
2251,11.106175033318525,103520,37913,65607
2252,11.101243339253996,103464,37913,65551
2253,11.096316023080337,103464,37913,65551
2254,11.091393078970718,103464,37913,65551
2255,11.086474501108647,103464,37913,65551
2256,11.081560283687944,103464,37913,65551
2257,11.076650420912715,103464,37913,65551
2258,11.071744906997342,103464,37913,65551
2259,11.066843736166446,103464,37913,65551
2260,11.061946902654867,103464,37913,65551
2261,11.057054400707651,103090,37529,65561
2262,11.052166224580018,103090,37529,65561
2263,11.04728236853734,103090,37529,65561
2264,11.042402826855124,103090,37529,65561
2265,11.037527593818984,103090,37529,65561
2266,11.032656663724625,103090,37529,65561
2267,11.027790030877812,103090,37529,65561
2268,11.022927689594356,103090,37529,65561
2269,11.018069634200089,103090,37529,65561
2270,11.013215859030836,103090,37529,65561
2271,11.008366358432408,103090,37529,65561
2272,11.003521126760564,103090,37529,65561
2273,10.998680158380994,103090,37529,65561
2274,10.993843447669304,103090,37529,65561
2275,10.989010989010989,103090,37529,65561
2276,10.984182776801406,103090,37529,65561
2277,10.979358805445761,103090,37529,65561
2278,10.974539069359087,103090,37529,65561
2279,10.969723562966212,103090,37529,65561
2280,10.964912280701755,103116,37529,65587
2281,10.960105217010083,103116,37529,65587
2282,10.955302366345311,103118,37529,65589
2283,10.950503723171266,103118,37529,65589
2284,10.945709281961472,103118,37529,65589
2285,10.940919037199125,103160,37511,65649
2286,10.936132983377078,103160,37511,65649
2287,10.931351114997813,103160,37511,65649
2288,10.926573426573427,103160,37511,65649
2289,10.9217999126256,103160,37511,65649
2290,10.91703056768559,103160,37511,65649
2291,10.912265386294195,103160,37511,65649
2292,10.907504363001745,103160,37511,65649
2293,10.902747492368077,103130,37511,65619
2294,10.89799476896251,103130,37511,65619
2295,10.893246187363834,103130,37511,65619
2296,10.888501742160278,103130,37511,65619
2297,10.8837614279495,103130,37511,65619
2298,10.879025239338555,103130,37511,65619
2299,10.874293170943888,103091,37511,65580
2300,10.869565217391305,103091,37511,65580
2301,10.864841373315949,103091,37511,65580
2302,10.860121633362294,103091,37511,65580
2303,10.855405992184108,103091,37511,65580
2304,10.850694444444445,103091,37511,65580
2305,10.845986984815617,103051,37511,65540
2306,10.841283607979184,103051,37511,65540
2307,10.836584308625921,103054,37511,65543
2308,10.831889081455806,103054,37511,65543
2309,10.827197921178,103054,37511,65543
2310,10.822510822510823,103054,37511,65543
2311,10.817827780181739,103054,37511,65543
2312,10.813148788927336,103054,37511,65543
2313,10.8084738434933,103015,37511,65504
2314,10.8038029386344,103015,37511,65504
2315,10.799136069114471,103015,37511,65504
2316,10.79447322970639,103015,37511,65504
2317,10.789814415192058,103015,37511,65504
2318,10.785159620362382,103015,37511,65504
2319,10.780508840017248,103015,37511,65504
2320,10.775862068965518,103015,37511,65504
2321,10.771219302024988,102995,37511,65484
2322,10.766580534022394,102995,37511,65484
2323,10.76194575979337,102975,37511,65464
2324,10.757314974182444,102975,37511,65464
2325,10.75268817204301,102975,37511,65464
2326,10.748065348237317,102976,37511,65465
2327,10.743446497636441,102976,37511,65465
2328,10.738831615120274,102976,37511,65465
2329,10.734220695577502,102976,37511,65465
2330,10.729613733905579,102976,37511,65465
2331,10.725010725010724,102976,37511,65465
2332,10.72041166380789,102976,37511,65465
2333,10.715816545220745,102980,37510,65470
2334,10.711225364181663,102980,37510,65470
2335,10.70663811563169,102980,37510,65470
2336,10.702054794520548,102980,37510,65470
2337,10.69747539580659,102980,37510,65470
2338,10.6928999144568,102980,37510,65470
2339,10.688328345446772,102980,37510,65470
2340,10.683760683760683,102980,37510,65470
2341,10.679196924391286,102980,37510,65470
2342,10.67463706233988,102980,37510,65470
2343,10.670081092616304,102980,37510,65470
2344,10.665529010238908,102980,37510,65470
2345,10.660980810234541,102980,37510,65470
2346,10.656436487638533,102980,37510,65470
2347,10.651896037494675,102969,37499,65470
2348,10.647359454855195,103039,37499,65540
2349,10.642826734780758,103039,37499,65540
2350,10.638297872340425,103039,37499,65540
2351,10.633772862611655,103039,37499,65540
2352,10.629251700680273,103039,37499,65540
2353,10.62473438164046,103039,37499,65540
2354,10.620220900594733,103039,37499,65540
2355,10.615711252653927,103039,37499,65540
2356,10.611205432937181,103039,37499,65540
2357,10.606703436571914,103039,37499,65540
2358,10.60220525869381,103039,37499,65540
2359,10.5977108944468,103039,37499,65540
2360,10.59322033898305,103039,37499,65540
2361,10.58873358746294,103039,37499,65540
2362,10.584250635055039,103039,37499,65540
2363,10.579771476936099,103039,37499,65540
2364,10.575296108291033,103039,37499,65540
2365,10.570824524312897,103039,37499,65540
2366,10.566356720202874,103039,37499,65540
2367,10.561892691170257,103039,37499,65540
2368,10.557432432432432,103039,37499,65540
2369,10.552975939214859,103039,37499,65540
2370,10.548523206751055,103039,37499,65540
2371,10.54407423028258,103045,37499,65546
2372,10.539629005059021,103053,37499,65554
2373,10.53518752633797,103053,37499,65554
2374,10.530749789385004,102881,37499,65382
2375,10.526315789473685,102881,37499,65382
2376,10.521885521885523,102881,37499,65382
2377,10.51745898190997,102881,37499,65382
2378,10.513036164844408,102881,37499,65382
2379,10.508617065994116,102881,37499,65382
2380,10.504201680672269,102881,37499,65382
2381,10.499790004199916,102881,37499,65382
2382,10.495382031905962,102881,37499,65382
2383,10.490977759127151,102815,37499,65316
2384,10.486577181208053,102815,37499,65316
2385,10.482180293501049,102815,37499,65316
2386,10.477787091366304,102815,37499,65316
2387,10.473397570171764,102815,37499,65316
2388,10.469011725293132,102815,37499,65316
2389,10.464629552113855,102815,37499,65316
2390,10.460251046025105,102815,37499,65316
2391,10.455876202425763,102815,37499,65316
2392,10.451505016722408,102815,37499,65316
2393,10.447137484329295,102815,37499,65316
2394,10.442773600668337,102815,37499,65316
2395,10.438413361169102,102815,37499,65316
2396,10.434056761268781,102815,37499,65316
2397,10.429703796412182,102815,37499,65316
2398,10.42535446205171,102801,37499,65302
2399,10.421008753647353,102801,37499,65302
2400,10.416666666666666,102801,37499,65302
2401,10.412328196584756,102801,37499,65302
2402,10.407993338884262,102801,37499,65302
2403,10.403662089055347,102801,37499,65302
2404,10.399334442595674,102801,37499,65302
2405,10.395010395010395,102801,37499,65302
2406,10.390689941812136,102801,37499,65302
2407,10.38637307852098,102801,37499,65302
2408,10.382059800664452,102761,37499,65262
2409,10.377750103777501,102761,37499,65262
2410,10.37344398340249,102761,37499,65262
2411,10.369141435089174,102761,37499,65262
2412,10.364842454394694,102761,37499,65262
2413,10.360547036883547,102761,37499,65262
2414,10.356255178127588,102761,37499,65262
2415,10.351966873706004,102761,37499,65262
2416,10.347682119205299,102761,37499,65262
2417,10.34340091021928,102761,37499,65262
2418,10.339123242349048,102753,37499,65254
2419,10.334849111202976,102753,37499,65254
2420,10.330578512396695,102753,37499,65254
2421,10.326311441553077,102753,37499,65254
2422,10.32204789430223,102727,37499,65228
2423,10.317787866281469,102727,37499,65228
2424,10.313531353135314,102727,37499,65228
2425,10.309278350515465,102727,37499,65228
2426,10.305028854080792,102750,37499,65251
2427,10.300782859497321,102750,37499,65251
2428,10.29654036243822,102750,37499,65251
2429,10.29230135858378,102750,37499,65251
2430,10.2880658436214,102750,37499,65251
2431,10.283833813245577,102750,37499,65251
2432,10.279605263157896,102750,37499,65251
2433,10.275380189066995,102750,37499,65251
2434,10.271158586688578,102750,37499,65251
2435,10.26694045174538,102750,37499,65251
2436,10.262725779967159,102750,37499,65251
2437,10.258514567090685,102750,37499,65251
2438,10.25430680885972,102641,37385,65256
2439,10.25010250102501,102641,37385,65256
2440,10.245901639344263,102641,37385,65256
2441,10.241704219582138,102641,37385,65256
2442,10.237510237510238,102641,37385,65256
2443,10.233319688907082,102641,37385,65256
2444,10.229132569558102,102641,37385,65256
2445,10.224948875255624,102641,37385,65256
2446,10.220768601798856,102641,37385,65256
2447,10.21659174499387,102641,37385,65256
2448,10.212418300653594,102641,37385,65256
2449,10.208248264597795,102627,37385,65242
2450,10.204081632653061,102627,37385,65242
2451,10.199918400652795,102627,37385,65242
2452,10.195758564437194,102627,37385,65242
2453,10.191602119853242,102601,37385,65216
2454,10.187449062754686,102603,37385,65218
2455,10.183299389002036,102603,37385,65218
2456,10.17915309446254,102603,37385,65218
2457,10.175010175010176,102603,37385,65218
2458,10.17087062652563,102622,37385,65237
2459,10.1667344448963,102620,37385,65235
2460,10.16260162601626,102620,37385,65235
2461,10.158472165786266,102620,37385,65235
2462,10.15434606011373,102626,37385,65241
2463,10.150223304912709,102626,37385,65241
2464,10.146103896103897,102626,37385,65241
2465,10.141987829614605,102626,37385,65241
2466,10.137875101378752,102626,37385,65241
2467,10.133765707336847,102626,37385,65241
2468,10.12965964343598,102626,37385,65241
2469,10.125556905629809,102635,37385,65250
2470,10.121457489878543,102635,37385,65250
2471,10.117361392148927,102635,37385,65250
2472,10.11326860841424,102635,37385,65250
2473,10.109179134654266,102635,37385,65250
2474,10.105092966855295,102609,37385,65224
2475,10.1010101010101,102609,37385,65224
2476,10.096930533117932,102609,37385,65224
2477,10.092854259184497,102609,37385,65224
2478,10.088781275221953,102609,37385,65224
2479,10.084711577248891,102609,37385,65224
2480,10.080645161290322,102609,37385,65224
2481,10.07658202337767,102609,37385,65224
2482,10.07252215954875,102609,37385,65224
2483,10.068465565847765,102609,37385,65224
2484,10.064412238325282,102609,37385,65224
2485,10.060362173038229,102609,37385,65224
2486,10.05631536604988,101804,36520,65284
2487,10.052271813429835,101804,36520,65284
2488,10.04823151125402,101804,36520,65284
2489,10.04419445560466,101804,36520,65284
2490,10.040160642570282,101798,36520,65278
2491,10.036130068245685,101798,36520,65278
2492,10.032102728731942,101798,36520,65278
2493,10.028078620136382,101798,36520,65278
2494,10.024057738572575,101798,36520,65278
2495,10.02004008016032,101798,36520,65278
2496,10.01602564102564,101798,36520,65278
2497,10.012014417300762,101798,36520,65278
2498,10.0080064051241,101798,36520,65278
2499,10.004001600640256,101790,36495,65295
2500,10,101790,36495,65295
2501,9.996001599360255,101790,36495,65295
2502,9.992006394884093,101790,36495,65295
2503,9.988014382740712,101790,36495,65295
2504,9.984025559105431,101790,36495,65295
2505,9.980039920159681,101790,36495,65295
2506,9.976057462090981,101790,36495,65295
2507,9.97207818109294,101790,36495,65295
2508,9.968102073365232,101790,36495,65295
2509,9.964129135113591,101790,36495,65295
2510,9.9601593625498,101790,36495,65295
2511,9.956192751891676,101790,36495,65295
2512,9.952229299363058,101807,36495,65312
2513,9.948269001193792,101807,36495,65312
2514,9.94431185361973,101809,36495,65314
2515,9.940357852882704,101809,36495,65314
2516,9.936406995230525,101829,36495,65334
2517,9.932459276916966,101829,36495,65334
2518,9.928514694201747,101829,36495,65334
2519,9.924573243350537,101830,36495,65335
2520,9.920634920634921,101830,36495,65335
2521,9.916699722332408,101830,36495,65335
2522,9.912767644726408,101830,36495,65335
2523,9.908838684106223,101760,36415,65345
2524,9.904912836767036,101760,36415,65345
2525,9.900990099009901,101760,36415,65345
2526,9.897070467141726,101760,36415,65345
2527,9.893153937475267,101760,36415,65345
2528,9.889240506329115,101721,36415,65306
2529,9.885330170027679,101721,36415,65306
2530,9.881422924901186,101721,36415,65306
2531,9.877518767285657,101721,36415,65306
2532,9.873617693522906,101721,36415,65306
2533,9.869719699960521,101721,36415,65306
2534,9.865824782951854,101721,36415,65306
2535,9.861932938856016,101721,36415,65306
2536,9.858044164037855,101721,36415,65306
2537,9.854158454867955,101721,36415,65306
2538,9.850275807722616,101721,36415,65306
2539,9.846396218983852,101721,36415,65306
2540,9.84251968503937,101721,36415,65306
2541,9.838646202282566,101721,36415,65306
2542,9.83477576711251,101721,36415,65306
2543,9.830908375933936,101735,36415,65320
2544,9.827044025157234,101642,36286,65356
2545,9.82318271119843,101642,36286,65356
2546,9.819324430479183,101642,36286,65356
2547,9.815469179426776,101634,36287,65347
2548,9.811616954474097,101634,36287,65347
2549,9.80776775205963,101634,36287,65347
2550,9.803921568627452,101651,36287,65364
2551,9.800078400627205,101651,36287,65364
2552,9.796238244514107,101651,36287,65364
2553,9.792401096748923,101651,36287,65364
2554,9.788566953797964,101638,36275,65363
2555,9.784735812133073,101638,36275,65363
2556,9.780907668231611,101638,36275,65363
2557,9.777082518576456,101510,36167,65343
2558,9.773260359655982,101470,36167,65303
2559,9.769441187964048,101481,36192,65289
2560,9.765625,101481,36192,65289
2561,9.761811792268645,101481,36192,65289
2562,9.758001561280249,101481,36192,65289
2563,9.754194303550527,101481,36192,65289
2564,9.750390015600624,101481,36192,65289
2565,9.746588693957115,101481,36192,65289
2566,9.742790335151987,101071,35757,65314
2567,9.738994935722634,101071,35757,65314
2568,9.735202492211839,101057,35757,65300
2569,9.73141300116777,101057,35757,65300
2570,9.727626459143968,101057,35757,65300
2571,9.723842862699339,101057,35757,65300
2572,9.720062208398133,101057,35757,65300
2573,9.71628449280995,101057,35757,65300
2574,9.712509712509712,101057,35757,65300
2575,9.70873786407767,101046,35757,65289
2576,9.70496894409938,101046,35757,65289
2577,9.701202949165696,101046,35757,65289
2578,9.69743987587277,101046,35757,65289
2579,9.693679720822024,101046,35757,65289
2580,9.689922480620154,101046,35757,65289
2581,9.686168151879116,100993,35757,65236
2582,9.682416731216112,100993,35757,65236
2583,9.67866821525358,100993,35757,65236
2584,9.674922600619196,100966,35757,65209
2585,9.671179883945841,100966,35757,65209
2586,9.667440061871616,100943,35676,65267
2587,9.663703131039814,100943,35676,65267
2588,9.659969088098919,100943,35676,65267
2589,9.656237929702588,100943,35676,65267
2590,9.652509652509652,100943,35676,65267
2591,9.648784253184099,100920,35676,65244
2592,9.645061728395062,100920,35676,65244
2593,9.641342074816814,100917,35676,65241
2594,9.637625289128758,100917,35676,65241
2595,9.633911368015415,100917,35676,65241
2596,9.63020030816641,100917,35676,65241
2597,9.626492106276473,100917,35676,65241
2598,9.62278675904542,100917,35676,65241
2599,9.619084263178145,100923,35676,65247
2600,9.615384615384615,100923,35676,65247
2601,9.611687812379854,100923,35676,65247
2602,9.607993850883936,100923,35676,65247
2603,9.604302727621974,100923,35676,65247
2604,9.600614439324117,100923,35676,65247
2605,9.596928982725528,100923,35676,65247
2606,9.593246354566386,100923,35676,65247
2607,9.589566551591869,100907,35677,65230
2608,9.585889570552148,100907,35677,65230
2609,9.582215408202376,100872,35677,65195
2610,9.578544061302683,100872,35677,65195
2611,9.574875526618154,100872,35677,65195
2612,9.571209800918837,100842,35677,65165
2613,9.567546880979716,100832,35677,65155
2614,9.563886763580719,100832,35677,65155
2615,9.560229445506693,100832,35677,65155
2616,9.5565749235474,100832,35677,65155
2617,9.552923194497517,100817,35677,65140
2618,9.549274255156607,100817,35677,65140
2619,9.545628102329133,100817,35677,65140
2620,9.541984732824428,100817,35677,65140
2621,9.538344143456696,100817,35677,65140
2622,9.534706331045005,100817,35677,65140
2623,9.531071292413268,100817,35677,65140
2624,9.527439024390244,100817,35677,65140
2625,9.523809523809524,100817,35677,65140
2626,9.52018278750952,100817,35677,65140
2627,9.51655881233346,100817,35677,65140
2628,9.512937595129376,100817,35677,65140
2629,9.509319132750095,100817,35677,65140
2630,9.505703422053232,100817,35677,65140
2631,9.502090459901178,100817,35677,65140
2632,9.498480243161094,100817,35677,65140
2633,9.4948727687049,100817,35677,65140
2634,9.491268033409263,100817,35677,65140
2635,9.487666034155598,100751,35677,65074
2636,9.484066767830045,100751,35677,65074
2637,9.480470231323473,100757,35677,65080
2638,9.476876421531463,100757,35677,65080
2639,9.473285335354301,100757,35677,65080
2640,9.469696969696969,100757,35677,65080
2641,9.46611132146914,100757,35677,65080
2642,9.462528387585163,100757,35677,65080
2643,9.458948164964056,100757,35677,65080
2644,9.4553706505295,100757,35677,65080
2645,9.45179584120983,100757,35677,65080
2646,9.44822373393802,100741,35677,65064
2647,9.444654325651682,100741,35677,65064
2648,9.441087613293051,100735,35677,65058
2649,9.437523593808985,100734,35688,65046
2650,9.433962264150944,100734,35688,65046
2651,9.43040362127499,100734,35688,65046
2652,9.42684766214178,100734,35688,65046
2653,9.423294383716547,100734,35688,65046
2654,9.419743782969103,100648,35596,65052
2655,9.416195856873824,100648,35596,65052
2656,9.412650602409638,100668,35596,65072
2657,9.40910801656003,100668,35596,65072
2658,9.405568096313017,100699,35596,65103
2659,9.402030838661151,100702,35596,65106
2660,9.398496240601503,100702,35596,65106
2661,9.394964299135664,100702,35596,65106
2662,9.391435011269722,100702,35596,65106
2663,9.38790837401427,100702,35596,65106
2664,9.384384384384385,100706,35596,65110
2665,9.380863039399625,100706,35596,65110
2666,9.377344336084022,100706,35596,65110
2667,9.373828271466067,100706,35596,65110
2668,9.370314842578711,100706,35596,65110
2669,9.366804046459348,100706,35596,65110
2670,9.363295880149813,100706,35596,65110
2671,9.35979034069637,100706,35596,65110
2672,9.3562874251497,100706,35596,65110
2673,9.352787130564908,100674,35596,65078
2674,9.349289454001497,100674,35596,65078
2675,9.345794392523365,100644,35596,65048
2676,9.342301943198803,100644,35596,65048
2677,9.338812103100485,100644,35596,65048
2678,9.335324869305452,100644,35596,65048
2679,9.33184023889511,100644,35596,65048
2680,9.328358208955224,100644,35596,65048
2681,9.324878776575904,100644,35596,65048
2682,9.321401938851603,100644,35596,65048
2683,9.317927692881103,100644,35596,65048
2684,9.314456035767511,100580,35596,64984
2685,9.31098696461825,100580,35596,64984
2686,9.307520476545049,100550,35596,64954
2687,9.304056568663938,100550,35596,64954
2688,9.300595238095237,100550,35596,64954
2689,9.297136481963555,99679,34695,64984
2690,9.293680297397769,99673,34695,64978
2691,9.29022668153103,99673,34695,64978
2692,9.286775631500744,99673,34695,64978
2693,9.28332714444857,99673,34695,64978
2694,9.279881217520416,99399,34391,65008
2695,9.276437847866418,99399,34391,65008
2696,9.27299703264095,99399,34391,65008
2697,9.269558769002595,99399,34391,65008
2698,9.266123054114159,99369,34391,64978
2699,9.262689885142645,99369,34391,64978
2700,9.25925925925926,99369,34391,64978
2701,9.255831173639393,99369,34391,64978
2702,9.25240562546262,99369,34391,64978
2703,9.24898261191269,99369,34391,64978
2704,9.245562130177515,99360,34391,64969
2705,9.242144177449168,99360,34391,64969
2706,9.238728750923872,99360,34391,64969
2707,9.235315847801996,99360,34391,64969
2708,9.231905465288035,99360,34391,64969
2709,9.228497600590623,99360,34391,64969
2710,9.22509225092251,99360,34391,64969
2711,9.221689413500552,99320,34391,64929
2712,9.218289085545722,99320,34391,64929
2713,9.214891264283082,99320,34391,64929
2714,9.211495946941783,99320,34391,64929
2715,9.208103130755065,99320,34391,64929
2716,9.204712812960235,99320,34391,64929
2717,9.201324990798675,99320,34391,64929
2718,9.19793966151582,99320,34391,64929
2719,9.194556822361163,99009,34079,64930
2720,9.191176470588236,99009,34079,64930
2721,9.187798603454612,99009,34079,64930
2722,9.184423218221896,99009,34079,64930
2723,9.18105031215571,99009,34079,64930
2724,9.177679882525698,99015,34079,64936
2725,9.174311926605505,99015,34079,64936
2726,9.17094644167278,99015,34079,64936
2727,9.167583425009168,99021,34079,64942
2728,9.164222873900293,99021,34079,64942
2729,9.160864785635765,99021,34079,64942
2730,9.157509157509157,99021,34079,64942
2731,9.154155986818015,99021,34079,64942
2732,9.150805270863836,99021,34079,64942
2733,9.147457006952067,99021,34079,64942
2734,9.1441111923921,99021,34079,64942
2735,9.140767824497258,99021,34079,64942
2736,9.137426900584796,99021,34079,64942
2737,9.134088417975885,99021,34079,64942
2738,9.130752373995618,99021,34079,64942
2739,9.127418765972983,99021,34079,64942
2740,9.124087591240876,99021,34079,64942
2741,9.120758847136083,99021,34079,64942
2742,9.11743253099927,99021,34079,64942
2743,9.11410864017499,99021,34079,64942
2744,9.110787172011662,99030,34079,64951
2745,9.107468123861567,99030,34079,64951
2746,9.104151493080845,99030,34079,64951
2747,9.100837277029486,99029,34079,64950
2748,9.097525473071325,99036,34079,64957
2749,9.094216078574027,99036,34079,64957
2750,9.090909090909092,99036,34079,64957
2751,9.087604507451836,99036,34079,64957
2752,9.084302325581396,99036,34079,64957
2753,9.081002542680713,99036,34079,64957
2754,9.07770515613653,99036,34079,64957
2755,9.074410163339383,99036,34079,64957
2756,9.0711175616836,99036,34079,64957
2757,9.067827348567283,99036,34079,64957
2758,9.064539521392314,99036,34079,64957
2759,9.061254077564335,99036,34079,64957
2760,9.057971014492754,99036,34079,64957
2761,9.054690329590729,99036,34079,64957
2762,9.051412020275164,99036,34079,64957
2763,9.048136083966703,99036,34079,64957
2764,9.044862518089724,99036,34079,64957
2765,9.041591320072333,99036,34079,64957
2766,9.038322487346349,99036,34079,64957
2767,9.035056017347307,99036,34079,64957
2768,9.031791907514451,99036,34079,64957
2769,9.028530155290719,99036,34079,64957
2770,9.025270758122744,99036,34079,64957
2771,9.022013713460844,99036,34079,64957
2772,9.018759018759019,99036,34079,64957
2773,9.015506671474936,99036,34079,64957
2774,9.012256669069934,99036,34079,64957
2775,9.00900900900901,99036,34079,64957
2776,9.005763688760807,99036,34079,64957
2777,9.002520705797624,99036,34079,64957
2778,8.999280057595392,99036,34079,64957
2779,8.99604174163368,99036,34079,64957
2780,8.992805755395683,99010,34079,64931
2781,8.989572096368214,99010,34079,64931
2782,8.986340762041696,99010,34079,64931
2783,8.983111749910169,99010,34079,64931
2784,8.979885057471265,99010,34079,64931
2785,8.976660682226212,99010,34079,64931
2786,8.973438621679827,99010,34079,64931
2787,8.97021887334051,99010,34079,64931
2788,8.96700143472023,99010,34079,64931
2789,8.963786303334528,99010,34079,64931
2790,8.960573476702509,99010,34079,64931
2791,8.957362952346829,99010,34079,64931
2792,8.954154727793696,99010,34079,64931
2793,8.95094880057286,99010,34079,64931
2794,8.94774516821761,99010,34079,64931
2795,8.94454382826476,99010,34079,64931
2796,8.94134477825465,99010,34079,64931
2797,8.93814801573114,99010,34079,64931
2798,8.9349535382416,99010,34079,64931
2799,8.931761343336905,99010,34079,64931
2800,8.928571428571429,99002,34079,64923
2801,8.925383791503034,99002,34079,64923
2802,8.922198429693076,99002,34079,64923
2803,8.919015340706386,99060,34082,64978
2804,8.91583452211127,99060,34082,64978
2805,8.9126559714795,99060,34082,64978
2806,8.909479686386314,99060,34082,64978
2807,8.906305664410402,99073,34082,64991
2808,8.903133903133902,99007,34082,64925
2809,8.8999644001424,99007,34082,64925
2810,8.896797153024911,99033,34082,64951
2811,8.893632159373889,99033,34082,64951
2812,8.890469416785207,99011,34082,64929
2813,8.887308922858159,99011,34082,64929
2814,8.884150675195452,99011,34082,64929
2815,8.880994671403197,98939,34009,64930
2816,8.877840909090908,98869,33938,64931
2817,8.874689385871495,98869,33938,64931
2818,8.87154009936125,98869,33938,64931
2819,8.86839304717985,98869,33938,64931
2820,8.865248226950355,98869,33938,64931
2821,8.862105636299185,98867,33937,64930
2822,8.85896527285613,98867,33937,64930
2823,8.855827134254339,98867,33937,64930
2824,8.852691218130312,98867,33937,64930
2825,8.849557522123893,98867,33937,64930
2826,8.846426043878273,98867,33937,64930
2827,8.843296781039971,98865,33937,64928
2828,8.84016973125884,98865,33937,64928
2829,8.837044892188052,98865,33937,64928
2830,8.8339222614841,98865,33937,64928
2831,8.830801836806781,98865,33937,64928
2832,8.82768361581921,98865,33937,64928
2833,8.824567596187787,98850,33968,64882
2834,8.821453775582215,98850,33968,64882
2835,8.818342151675486,98850,33968,64882
2836,8.815232722143865,98850,33968,64882
2837,8.812125484666902,98860,33968,64892
2838,8.809020436927414,98699,33968,64731
2839,8.805917576611483,98699,33968,64731
2840,8.80281690140845,98699,33968,64731
2841,8.79971840901091,98699,33968,64731
2842,8.796622097114708,98699,33968,64731
2843,8.793527963418924,98699,33968,64731
2844,8.79043600562588,98699,33968,64731
2845,8.787346221441124,98699,33968,64731
2846,8.784258608573436,98699,33968,64731
2847,8.781173164734808,98699,33968,64731
2848,8.77808988764045,98699,33968,64731
2849,8.775008775008775,98699,33968,64731
2850,8.771929824561404,98699,33968,64731
2851,8.76885303402315,98699,33968,64731
2852,8.76577840112202,98699,33968,64731
2853,8.762705923589204,98699,33968,64731
2854,8.759635599159076,98699,33968,64731
2855,8.756567425569177,98699,33968,64731
2856,8.753501400560225,98699,33968,64731
2857,8.750437521876094,98699,33968,64731
2858,8.74737578726382,98699,33968,64731
2859,8.744316194473592,98699,33968,64731
2860,8.741258741258742,98699,33968,64731
2861,8.738203425375742,98699,33968,64731
2862,8.735150244584206,98699,33968,64731
2863,8.732099196646875,98670,33968,64702
2864,8.72905027932961,98670,33968,64702
2865,8.726003490401396,98670,33968,64702
2866,8.722958827634333,98670,33968,64702
2867,8.719916288803628,98627,33968,64659
2868,8.716875871687588,98627,33968,64659
2869,8.71383757406762,98627,33968,64659
2870,8.710801393728223,98627,33968,64659
2871,8.707767328456983,98627,33968,64659
2872,8.704735376044567,98627,33968,64659
2873,8.70170553428472,98627,33968,64659
2874,8.698677800974252,98627,33968,64659
2875,8.695652173913043,98627,33968,64659
2876,8.692628650904034,98627,33968,64659
2877,8.689607229753214,98627,33968,64659
2878,8.686587908269631,98627,33968,64659
2879,8.68357068426537,98627,33968,64659
2880,8.680555555555555,98627,33968,64659
2881,8.677542519958347,98627,33968,64659
2882,8.674531575294933,98627,33968,64659
2883,8.671522719389525,98627,33968,64659
2884,8.668515950069349,98627,33968,64659
2885,8.665511265164644,98627,33968,64659
2886,8.662508662508662,98627,33968,64659
2887,8.659508139937651,98627,33968,64659
2888,8.65650969529086,98627,33968,64659
2889,8.653513326410522,98627,33968,64659
2890,8.650519031141869,98627,33968,64659
2891,8.647526807333103,98627,33968,64659
2892,8.644536652835408,98627,33968,64659
2893,8.641548565502939,98627,33968,64659
2894,8.638562543192812,98627,33968,64659
2895,8.635578583765112,98627,33968,64659
2896,8.632596685082873,98627,33968,64659
2897,8.629616845012082,98627,33968,64659
2898,8.62663906142167,98627,33968,64659
2899,8.623663332183511,98627,33968,64659
2900,8.620689655172415,98621,33968,64653
2901,8.617718028266115,98621,33968,64653
2902,8.61474844934528,98621,33968,64653
2903,8.611780916293489,98621,33968,64653
2904,8.608815426997245,98621,33968,64653
2905,8.605851979345955,98621,33968,64653
2906,8.602890571231933,98621,33968,64653
2907,8.599931200550396,98629,33968,64661
2908,8.59697386519945,98638,33968,64670
2909,8.594018563080096,98144,33408,64736
2910,8.59106529209622,98148,33408,64740
2911,8.588114050154585,98148,33408,64740
2912,8.585164835164836,98148,33408,64740
2913,8.582217645039478,98148,33408,64740
2914,8.579272477693891,98148,33408,64740
2915,8.576329331046312,98154,33408,64746
2916,8.573388203017833,98154,33408,64746
2917,8.570449091532396,98114,33408,64706
2918,8.567511994516792,98114,33408,64706
2919,8.564576909900651,98083,33443,64640
2920,8.561643835616438,98083,33443,64640
2921,8.558712769599452,98083,33443,64640
2922,8.555783709787816,98083,33443,64640
2923,8.552856654122477,98083,33443,64640
2924,8.549931600547195,98015,33374,64641
2925,8.547008547008547,98015,33374,64641
2926,8.544087491455912,98015,33374,64641
2927,8.541168431841475,97995,33374,64621
2928,8.53825136612022,97995,33374,64621
2929,8.535336292249914,97995,33374,64621
2930,8.532423208191126,97995,33374,64621
2931,8.529512111907199,97995,33374,64621
2932,8.526603001364256,97995,33374,64621
2933,8.523695874531196,97995,33374,64621
2934,8.520790729379687,97995,33374,64621
2935,8.517887563884157,97969,33374,64595
2936,8.514986376021799,97955,33377,64578
2937,8.512087163772557,97955,33377,64578
2938,8.509189925119129,97955,33377,64578
2939,8.506294658046954,97955,33377,64578
2940,8.503401360544217,97918,33342,64576
2941,8.500510030601836,97914,33342,64572
2942,8.49762066621346,97914,33342,64572
2943,8.494733265375467,97914,33342,64572
2944,8.491847826086957,97914,33342,64572
2945,8.488964346349745,97914,33342,64572
2946,8.486082824168363,97914,33342,64572
2947,8.48320325755005,97858,33342,64516
2948,8.480325644504749,97858,33342,64516
2949,8.4774499830451,97858,33342,64516
2950,8.474576271186441,97858,33342,64516
2951,8.471704506946798,97858,33342,64516
2952,8.468834688346883,97858,33342,64516
2953,8.465966813410091,97858,33342,64516
2954,8.463100880162491,97858,33342,64516
2955,8.460236886632826,97878,33342,64536
2956,8.457374830852503,97878,33342,64536
2957,8.454514710855596,97878,33342,64536
2958,8.451656524678837,97878,33342,64536
2959,8.448800270361609,97878,33342,64536
2960,8.445945945945946,97878,33342,64536
2961,8.443093549476528,97878,33342,64536
2962,8.440243079000675,97878,33342,64536
2963,8.437394532568343,97878,33342,64536
2964,8.434547908232119,97878,33342,64536
2965,8.431703204047217,97878,33342,64536
2966,8.428860418071476,97878,33342,64536
2967,8.426019548365351,97878,33342,64536
2968,8.423180592991914,97878,33342,64536
2969,8.42034355001684,97878,33342,64536
2970,8.417508417508417,97878,33342,64536
2971,8.41467519353753,97878,33342,64536
2972,8.411843876177658,97878,33342,64536
2973,8.409014463504878,97878,33342,64536
2974,8.406186953597848,97878,33342,64536
2975,8.403361344537815,97817,33342,64475
2976,8.400537634408602,97807,33342,64465
2977,8.397715821296607,97807,33342,64465
2978,8.394895903290799,97807,33342,64465
2979,8.392077878482713,97827,33342,64485
2980,8.389261744966444,97827,33342,64485
2981,8.386447500838644,97823,33342,64481
2982,8.383635144198525,97823,33342,64481
2983,8.380824673147838,97823,33342,64481
2984,8.378016085790884,97846,33342,64504
2985,8.375209380234505,97846,33342,64504
2986,8.372404554588078,97846,33342,64504
2987,8.369601606963508,97846,33342,64504
2988,8.366800535475234,97846,33342,64504
2989,8.364001338240215,97846,33342,64504
2990,8.361204013377927,97846,33342,64504
2991,8.358408559010364,97846,33342,64504
2992,8.355614973262032,97846,33342,64504
2993,8.35282325425994,97846,33342,64504
2994,8.3500334001336,97846,33342,64504
2995,8.347245409015025,97800,33342,64458
2996,8.344459279038718,97800,33342,64458
2997,8.341675008341674,97800,33342,64458
2998,8.338892595063376,97800,33342,64458
2999,8.336112037345782,97726,33342,64384
3000,8.333333333333334,97726,33342,64384
3001,8.330556481172943,97726,33342,64384
3002,8.327781479013991,97726,33342,64384
3003,8.325008325008325,97726,33342,64384
3004,8.322237017310252,97726,33342,64384
3005,8.319467554076539,97726,33342,64384
3006,8.316699933466401,97726,33342,64384
3007,8.313934153641503,97726,33342,64384
3008,8.311170212765957,97726,33342,64384
3009,8.308408109006315,97724,33339,64385
3010,8.305647840531561,97724,33339,64385
3011,8.302889405513119,97724,33339,64385
3012,8.300132802124834,97724,33339,64385
3013,8.29737802854298,97724,33339,64385
3014,8.29462508294625,97724,33339,64385
3015,8.291873963515755,97724,33339,64385
3016,8.289124668435013,97724,33339,64385
3017,8.286377195889957,97724,33339,64385
3018,8.28363154406892,97724,33339,64385
3019,8.280887711162636,97724,33339,64385
3020,8.278145695364238,97724,33339,64385
3021,8.275405494869249,97724,33339,64385
3022,8.272667107875579,97724,33339,64385
3023,8.269930532583526,97724,33339,64385
3024,8.267195767195767,97724,33339,64385
3025,8.264462809917354,97724,33339,64385
3026,8.261731658955718,97697,33339,64358
3027,8.259002312520648,97697,33339,64358
3028,8.256274768824307,97698,33339,64359
3029,8.253549026081215,97698,33339,64359
3030,8.250825082508252,97698,33339,64359
3031,8.248102936324646,97698,33339,64359
3032,8.24538258575198,97698,33339,64359
3033,8.242664029014177,97698,33339,64359
3034,8.23994726433751,97698,33339,64359
3035,8.237232289950576,97698,33339,64359
3036,8.234519104084322,97698,33339,64359
3037,8.231807704972011,97698,33339,64359
3038,8.229098090849243,97698,33339,64359
3039,8.226390259953932,97698,33339,64359
3040,8.223684210526315,97698,33339,64359
3041,8.220979940808945,97698,33339,64359
3042,8.21827744904668,97698,33339,64359
3043,8.21557673348669,97698,33339,64359
3044,8.21287779237845,97698,33339,64359
3045,8.210180623973727,97698,33339,64359
3046,8.207485226526591,97535,33136,64399
3047,8.204791598293403,97535,33136,64399
3048,8.202099737532809,97535,33136,64399
3049,8.19940964250574,97535,33136,64399
3050,8.19672131147541,97535,33136,64399
3051,8.19403474270731,97535,33136,64399
3052,8.191349934469201,97535,33136,64399
3053,8.188666885031116,97535,33136,64399
3054,8.185985592665357,97535,33136,64399
3055,8.183306055646481,97535,33136,64399
3056,8.180628272251308,97535,33136,64399
3057,8.177952240758914,97535,33136,64399
3058,8.175277959450622,97515,33136,64379
3059,8.172605426610003,97499,33136,64363
3060,8.169934640522875,97499,33136,64363
3061,8.167265599477295,97499,33136,64363
3062,8.164598301763553,97499,33136,64363
3063,8.161932745674175,97493,33136,64357
3064,8.159268929503916,97493,33136,64357
3065,8.156606851549755,97472,33136,64336
3066,8.153946510110893,97472,33136,64336
3067,8.15128790348875,97472,33136,64336
3068,8.148631029986962,97472,33136,64336
3069,8.145975887911371,97472,33136,64336
3070,8.143322475570033,97474,33139,64335
3071,8.140670791273202,97474,33139,64335
3072,8.138020833333334,97454,33139,64315
3073,8.135372600065082,97454,33139,64315
3074,8.132726089785296,97454,33139,64315
3075,8.130081300813009,97454,33139,64315
3076,8.12743823146944,97454,33139,64315
3077,8.124796880077998,97454,33139,64315
3078,8.122157244964262,97454,33139,64315
3079,8.119519324455991,97454,33139,64315
3080,8.116883116883116,97454,33139,64315
3081,8.114248620577735,97454,33139,64315
3082,8.111615833874108,97454,33139,64315
3083,8.10898475510866,97454,33139,64315
3084,8.106355382619974,97454,33139,64315
3085,8.103727714748784,97454,33139,64315
3086,8.101101749837978,97454,33139,64315
3087,8.098477486232587,97454,33139,64315
3088,8.095854922279793,97454,33139,64315
3089,8.093234056328908,97454,33139,64315
3090,8.090614886731391,97454,33139,64315
3091,8.087997411840828,97454,33139,64315
3092,8.085381630012936,97454,33139,64315
3093,8.08276753960556,97454,33139,64315
3094,8.080155138978668,97454,33139,64315
3095,8.077544426494345,97454,33139,64315
3096,8.074935400516797,97428,33139,64289
3097,8.072328059412335,97420,33139,64281
3098,8.069722401549386,97420,33139,64281
3099,8.067118425298483,97420,33139,64281
3100,8.064516129032258,97420,33139,64281
3101,8.061915511125443,97420,33139,64281
3102,8.059316569954868,97420,33139,64281
3103,8.056719303899452,97420,33139,64281
3104,8.054123711340207,97420,33139,64281
3105,8.051529790660226,97420,33139,64281
3106,8.048937540244689,97420,33139,64281
3107,8.04634695848085,97420,33139,64281
3108,8.043758043758043,97420,33139,64281
3109,8.041170794467675,97205,32950,64255
3110,8.038585209003216,97205,32950,64255
3111,8.036001285760205,97205,32950,64255
3112,8.033419023136247,97157,32950,64207
3113,8.030838419531,97157,32950,64207
3114,8.028259473346179,97155,32950,64205
3115,8.025682182985554,97155,32950,64205
3116,8.023106546854942,97155,32950,64205
3117,8.020532563362208,97155,32950,64205
3118,8.017960230917256,97155,32950,64205
3119,8.01538954793203,97155,32950,64205
3120,8.012820512820513,97155,32950,64205
3121,8.010253123998718,97155,32950,64205
3122,8.00768737988469,97155,32950,64205
3123,8.005123278898495,96961,32755,64206
3124,8.002560819462229,96961,32755,64206
3125,8,96961,32755,64206
3126,7.99744081893794,96961,32755,64206
3127,7.994883274704189,96961,32755,64206
3128,7.9923273657289,96961,32755,64206
3129,7.989773090444231,96961,32755,64206
3130,7.987220447284345,96961,32755,64206
3131,7.984669434685404,96961,32755,64206
3132,7.982120051085569,96961,32755,64206
3133,7.979572294924992,96961,32755,64206
3134,7.97702616464582,96961,32755,64206
3135,7.974481658692185,96961,32755,64206
3136,7.971938775510204,96961,32755,64206
3137,7.9693975135479755,96961,32755,64206
3138,7.966857871255577,96961,32755,64206
3139,7.964319847085059,96961,32755,64206
3140,7.961783439490445,96961,32755,64206
3141,7.95924864692773,96961,32755,64206
3142,7.9567154678548695,96961,32755,64206
3143,7.954183900731785,96961,32755,64206
3144,7.951653944020356,96961,32755,64206
3145,7.94912559618442,96961,32755,64206
3146,7.946598855689765,96961,32755,64206
3147,7.944073721004131,96961,32755,64206
3148,7.941550190597205,96961,32755,64206
3149,7.939028262940616,96961,32755,64206
3150,7.936507936507937,96961,32755,64206
3151,7.9339892097746745,96968,32755,64213
3152,7.931472081218274,96968,32755,64213
3153,7.92895654931811,96968,32755,64213
3154,7.926442612555485,96968,32755,64213
3155,7.9239302694136295,96968,32755,64213
3156,7.921419518377693,96968,32755,64213
3157,7.918910357934748,96968,32755,64213
3158,7.916402786573781,96968,32755,64213
3159,7.9138968027856915,96968,32755,64213
3160,7.9113924050632916,96968,32755,64213
3161,7.908889591901297,96968,32755,64213
3162,7.906388361796331,96968,32755,64213
3163,7.903888713246918,96968,32755,64213
3164,7.9013906447534765,96968,32755,64213
3165,7.898894154818326,96968,32755,64213
3166,7.896399241945673,96952,32755,64197
3167,7.893905904641617,96952,32755,64197
3168,7.891414141414141,96928,32755,64173
3169,7.888923950773115,96940,32755,64185
3170,7.886435331230284,96940,32755,64185
3171,7.883948281299275,96940,32755,64185
3172,7.881462799495586,96940,32755,64185
3173,7.87897888433659,96940,32755,64185
3174,7.876496534341525,96940,32755,64185
3175,7.874015748031496,96940,32755,64185
3176,7.871536523929471,96940,32755,64185
3177,7.869058860560277,96940,32755,64185
3178,7.8665827564505975,96940,32755,64185
3179,7.864108210128971,96940,32755,64185
3180,7.861635220125786,96940,32755,64185
3181,7.859163784973279,96940,32755,64185
3182,7.856693903205531,96975,32790,64185
3183,7.854225573358467,96975,32790,64185
3184,7.851758793969849,96975,32790,64185
3185,7.849293563579278,96975,32790,64185
3186,7.846829880728186,95482,31238,64244
3187,7.844367743959837,95482,31238,64244
3188,7.841907151819322,95482,31238,64244
3189,7.839448102853559,95482,31238,64244
3190,7.836990595611285,95482,31238,64244
3191,7.834534628643058,95482,31238,64244
3192,7.832080200501253,95430,31238,64192
3193,7.829627309740056,95430,31238,64192
3194,7.827175954915466,95430,31238,64192
3195,7.82472613458529,95430,31238,64192
3196,7.822277847309136,95430,31238,64192
3197,7.81983109164842,95430,31238,64192
3198,7.817385866166354,95430,31238,64192
3199,7.814942169427947,95430,31238,64192
3200,7.8125,95430,31238,64192
3201,7.810059356451109,95410,31238,64172
3202,7.807620237351655,95410,31238,64172
3203,7.805182641273806,95410,31238,64172
3204,7.802746566791511,95410,31238,64172
3205,7.800312012480499,95410,31238,64172
3206,7.797878976918279,95410,31238,64172
3207,7.795447458684128,95410,31238,64172
3208,7.793017456359102,95410,31238,64172
3209,7.790588968526021,95410,31238,64172
3210,7.788161993769471,95410,31238,64172
3211,7.785736530675802,95370,31238,64132
3212,7.783312577833126,95370,31238,64132
3213,7.78089013383131,95370,31238,64132
3214,7.778469197261979,95370,31238,64132
3215,7.776049766718507,95370,31238,64132
3216,7.77363184079602,95370,31238,64132
3217,7.77121541809139,95370,31238,64132
3218,7.768800497203232,95370,31238,64132
3219,7.766387076731904,95370,31238,64132
3220,7.763975155279503,95370,31238,64132
3221,7.761564731449861,95370,31238,64132
3222,7.759155803848541,95370,31238,64132
3223,7.756748371082842,95370,31238,64132
3224,7.754342431761787,95370,31238,64132
3225,7.751937984496124,95370,31238,64132
3226,7.749535027898326,95370,31238,64132
3227,7.747133560582585,95370,31238,64132
3228,7.744733581164808,95370,31238,64132
3229,7.74233508826262,95370,31238,64132
3230,7.739938080495356,95370,31238,64132
3231,7.737542556484061,95370,31238,64132
3232,7.735148514851486,95370,31238,64132
3233,7.7327559542220845,95370,31238,64132
3234,7.730364873222016,95370,31238,64132
3235,7.727975270479135,95370,31238,64132
3236,7.725587144622992,95370,31238,64132
3237,7.723200494284832,95370,31238,64132
3238,7.720815318097591,95370,31238,64132
3239,7.718431614695894,95370,31238,64132
3240,7.716049382716049,95370,31238,64132
3241,7.71366862079605,95370,31238,64132
3242,7.711289327575571,95366,31235,64131
3243,7.708911501695961,95366,31235,64131
3244,7.706535141800247,95366,31235,64131
3245,7.704160246533128,95366,31235,64131
3246,7.701786814540974,95366,31235,64131
3247,7.6994148444718205,95366,31235,64131
3248,7.697044334975369,95366,31235,64131
3249,7.694675284702986,95366,31235,64131
3250,7.6923076923076925,95366,31235,64131
3251,7.689941556444171,95366,31235,64131
3252,7.687576875768758,95366,31235,64131
3253,7.685213648939441,95366,31235,64131
3254,7.682851874615857,95366,31235,64131
3255,7.680491551459293,95360,31235,64125
3256,7.678132678132678,95360,31235,64125
3257,7.675775253300583,95360,31235,64125
3258,7.673419275629221,95360,31235,64125
3259,7.671064743786437,95360,31235,64125
3260,7.668711656441718,95360,31235,64125
3261,7.666360012266176,95360,31235,64125
3262,7.664009809932557,95360,31235,64125
3263,7.661661048115231,95360,31235,64125
3264,7.659313725490196,95360,31235,64125
3265,7.656967840735069,95360,31235,64125
3266,7.654623392529087,95360,31235,64125
3267,7.6522803795531065,95360,31235,64125
3268,7.649938800489596,95360,31235,64125
3269,7.647598654022637,95360,31235,64125
3270,7.6452599388379205,95360,31235,64125
3271,7.642922653622746,95360,31235,64125
3272,7.640586797066015,95234,31139,64095
3273,7.638252367858234,95234,31139,64095
3274,7.6359193646915084,95234,31139,64095
3275,7.633587786259542,95210,31139,64071
3276,7.631257631257632,95210,31139,64071
3277,7.628928898382667,95210,31139,64071
3278,7.62660158633313,95210,31139,64071
3279,7.624275693809088,95210,31139,64071
3280,7.621951219512195,95210,31139,64071
3281,7.619628162145688,95210,31139,64071
3282,7.617306520414381,95210,31139,64071
3283,7.614986293024672,95210,31139,64071
3284,7.612667478684531,95210,31139,64071
3285,7.610350076103501,95210,31139,64071
3286,7.608034083992696,95210,31139,64071
3287,7.605719501064801,95210,31139,64071
3288,7.603406326034063,95190,31139,64051
3289,7.601094557616297,95190,31139,64051
3290,7.598784194528875,95190,31139,64051
3291,7.596475235490733,95190,31139,64051
3292,7.594167679222357,95190,31139,64051
3293,7.591861524445794,95190,31139,64051
3294,7.589556769884639,95205,31139,64066
3295,7.587253414264036,95205,31139,64066
3296,7.584951456310679,95205,31139,64066
3297,7.582650894752805,95184,31139,64045
3298,7.580351728320194,95161,31139,64022
3299,7.578053955744165,95161,31139,64022
3300,7.575757575757576,95161,31139,64022
3301,7.57346258709482,95161,31139,64022
3302,7.571168988491823,95161,31139,64022
3303,7.568876778686043,95161,31139,64022
3304,7.566585956416465,95161,31139,64022
3305,7.564296520423601,95161,31139,64022
3306,7.562008469449486,95161,31139,64022
3307,7.559721802237678,95161,31139,64022
3308,7.557436517533253,95161,31139,64022
3309,7.555152614082805,95161,31139,64022
3310,7.552870090634441,95161,31139,64022
3311,7.5505889459377835,95161,31139,64022
3312,7.548309178743962,95140,31088,64052
3313,7.5460307878056145,95140,31088,64052
3314,7.543753771876886,95140,31088,64052
3315,7.541478129713424,95140,31088,64052
3316,7.5392038600723765,95140,31088,64052
3317,7.5369309617123905,95140,31088,64052
3318,7.53465943339361,95140,31088,64052
3319,7.532389273877674,95140,31088,64052
3320,7.530120481927711,95140,31088,64052
3321,7.527853056308341,95140,31088,64052
3322,7.525586995785671,95140,31088,64052
3323,7.523322299127295,95140,31088,64052
3324,7.521058965102286,95140,31088,64052
3325,7.518796992481203,95140,31088,64052
3326,7.516536380036079,95140,31088,64052
3327,7.514277126540427,95140,31088,64052
3328,7.512019230769231,95140,31088,64052
3329,7.509762691498949,95140,31088,64052
3330,7.5075075075075075,95140,31088,64052
3331,7.505253677574302,95140,31088,64052
3332,7.503001200480192,95140,31088,64052
3333,7.500750075007501,95140,31088,64052
3334,7.498500299940012,95140,31088,64052
3335,7.496251874062969,95140,31088,64052
3336,7.494004796163069,95140,31088,64052
3337,7.491759065028469,95134,31088,64046
3338,7.489514679448772,95134,31088,64046
3339,7.487271638215034,95134,31088,64046
3340,7.485029940119761,95134,31088,64046
3341,7.482789583956899,95134,31088,64046
3342,7.480550568521843,95134,31088,64046
3343,7.478312892611427,95134,31088,64046
3344,7.476076555023924,95146,31088,64058
3345,7.473841554559043,95146,31088,64058
3346,7.471607890017932,95146,31088,64058
3347,7.469375560203167,95146,31088,64058
3348,7.467144563918757,95146,31088,64058
3349,7.4649148999701405,95146,31088,64058
3350,7.462686567164179,95146,31088,64058
3351,7.460459564309161,95146,31088,64058
3352,7.458233890214797,95146,31088,64058
3353,7.456009543692216,95146,31088,64058
3354,7.4537865235539655,95146,31088,64058
3355,7.451564828614009,95146,31088,64058
3356,7.449344457687723,95146,31088,64058
3357,7.447125409591898,95146,31088,64058
3358,7.444907683144729,94891,30800,64091
3359,7.442691277165824,94855,30739,64116
3360,7.440476190476191,94855,30739,64116
3361,7.438262421898244,94855,30739,64116
3362,7.4360499702558,94855,30739,64116
3363,7.433838834374071,94855,30739,64116
3364,7.431629013079667,94855,30739,64116
3365,7.429420505200595,94855,30739,64116
3366,7.427213309566251,94855,30739,64116
3367,7.425007425007425,94855,30739,64116
3368,7.422802850356295,94855,30739,64116
3369,7.420599584446423,94855,30739,64116
3370,7.4183976261127595,94855,30739,64116
3371,7.416196974191634,94855,30739,64116
3372,7.413997627520759,94851,30739,64112
3373,7.4117995849392235,94851,30739,64112
3374,7.409602845287493,94851,30739,64112
3375,7.407407407407407,94851,30739,64112
3376,7.4052132701421804,94851,30739,64112
3377,7.403020432336393,94851,30739,64112
3378,7.400828892835998,94851,30739,64112
3379,7.39863865048831,94851,30739,64112
3380,7.396449704142012,94851,30739,64112
3381,7.394262052647146,94851,30739,64112
3382,7.392075694855115,94851,30739,64112
3383,7.389890629618682,94851,30739,64112
3384,7.387706855791962,94851,30739,64112
3385,7.385524372230428,94851,30739,64112
3386,7.383343177790904,94851,30739,64112
3387,7.381163271331562,94851,30739,64112
3388,7.378984651711924,94851,30739,64112
3389,7.376807317792859,94851,30739,64112
3390,7.374631268436578,94851,30739,64112
3391,7.372456502506635,94851,30739,64112
3392,7.370283018867925,94851,30739,64112
3393,7.368110816386679,94851,30739,64112
3394,7.365939893930466,94851,30739,64112
3395,7.363770250368188,94851,30739,64112
3396,7.361601884570082,94851,30739,64112
3397,7.359434795407712,94851,30739,64112
3398,7.357268981753973,94851,30739,64112
3399,7.355104442483083,94851,30739,64112
3400,7.352941176470588,94834,30714,64120
3401,7.350779182593355,94834,30714,64120
3402,7.348618459729571,94776,30714,64062
3403,7.346459006758742,94769,30714,64055
3404,7.344300822561692,94769,30714,64055
3405,7.342143906020558,94769,30714,64055
3406,7.33998825601879,94769,30714,64055
3407,7.33783387144115,94769,30714,64055
3408,7.335680751173709,94769,30714,64055
3409,7.333528894103843,94769,30714,64055
3410,7.331378299120234,94769,30714,64055
3411,7.32922896511287,94743,30714,64029
3412,7.327080890973036,94743,30714,64029
3413,7.32493407559332,94743,30714,64029
3414,7.322788517867604,94743,30714,64029
3415,7.320644216691069,94743,30714,64029
3416,7.318501170960188,94743,30714,64029
3417,7.316359379572725,94743,30714,64029
3418,7.314218841427736,94743,30714,64029
3419,7.312079555425563,94743,30714,64029
3420,7.309941520467836,94743,30714,64029
3421,7.307804735457468,94743,30714,64029
3422,7.305669199298656,94743,30714,64029
3423,7.303534910896874,94743,30714,64029
3424,7.3014018691588785,94665,30570,64095
3425,7.299270072992701,94665,30570,64095
3426,7.297139521307647,94665,30570,64095
3427,7.295010213014298,94619,30570,64049
3428,7.292882147024504,94619,30570,64049
3429,7.2907553222513855,94619,30570,64049
3430,7.288629737609329,94619,30570,64049
3431,7.28650539201399,94631,30570,64061
3432,7.284382284382285,94611,30570,64041
3433,7.282260413632391,94611,30570,64041
3434,7.2801397786837505,94611,30570,64041
3435,7.27802037845706,94611,30570,64041
3436,7.275902211874272,94600,30529,64071
3437,7.273785277858598,94600,30529,64071
3438,7.271669575334497,94600,30529,64071
3439,7.269555103227683,94600,30529,64071
3440,7.267441860465116,94600,30529,64071
3441,7.265329845975007,94600,30529,64071
3442,7.26321905868681,94600,30529,64071
3443,7.261109497531223,94600,30529,64071
3444,7.259001161440186,94600,30529,64071
3445,7.256894049346879,94600,30529,64071
3446,7.254788160185723,94600,30529,64071
3447,7.25268349289237,94600,30529,64071
3448,7.250580046403712,94600,30529,64071
3449,7.248477819657872,94600,30529,64071
3450,7.246376811594203,94600,30529,64071
3451,7.244277021153289,94600,30529,64071
3452,7.242178447276941,94600,30529,64071
3453,7.2400810889081955,94600,30529,64071
3454,7.2379849449913145,94546,30529,64017
3455,7.23589001447178,94546,30529,64017
3456,7.233796296296297,94546,30529,64017
3457,7.231703789412785,94546,30529,64017
3458,7.2296124927703875,94546,30529,64017
3459,7.227522405319457,94546,30529,64017
3460,7.22543352601156,94546,30529,64017
3461,7.22334585379948,94546,30529,64017
3462,7.221259387637204,94546,30529,64017
3463,7.21917412647993,94546,30529,64017
3464,7.2170900692840645,94546,30529,64017
3465,7.215007215007215,94546,30529,64017
3466,7.212925562608194,94546,30529,64017
3467,7.210845111047015,94546,30529,64017
3468,7.20876585928489,94546,30529,64017
3469,7.206687806284232,94546,30529,64017
3470,7.204610951008646,94546,30529,64017
3471,7.202535292422933,94546,30529,64017
3472,7.200460829493087,94546,30529,64017
3473,7.198387561186294,94546,30529,64017
3474,7.196315486470927,94546,30529,64017
3475,7.194244604316546,94546,30529,64017
3476,7.192174913693901,94546,30529,64017
3477,7.190106413574921,94546,30529,64017
3478,7.18803910293272,94546,30529,64017
3479,7.185972980741592,94552,30529,64023
3480,7.183908045977011,94552,30529,64023
3481,7.181844297615628,94552,30529,64023
3482,7.1797817346352675,94552,30529,64023
3483,7.177720356014929,94552,30529,64023
3484,7.175660160734788,94552,30529,64023
3485,7.173601147776184,94513,30490,64023
3486,7.171543316121629,94513,30490,64023
3487,7.169486664754803,94513,30490,64023
3488,7.16743119266055,94513,30490,64023
3489,7.165376898824878,94513,30490,64023
3490,7.163323782234957,94513,30490,64023
3491,7.161271841879118,94513,30490,64023
3492,7.15922107674685,94513,30490,64023
3493,7.1571714858288,94513,30490,64023
3494,7.1551230681167715,94513,30490,64023
3495,7.15307582260372,94451,30458,63993
3496,7.151029748283753,94451,30458,63993
3497,7.14898484415213,94457,30458,63999
3498,7.14694110920526,94457,30458,63999
3499,7.144898542440697,94432,30458,63974
3500,7.142857142857143,94432,30458,63974
3501,7.140816909454442,94432,30458,63974
3502,7.138777841233581,94432,30458,63974
3503,7.136739937196689,94432,30458,63974
3504,7.134703196347032,94434,30458,63976
3505,7.132667617689016,94434,30458,63976
3506,7.13063320022818,94434,30458,63976
3507,7.1285999429712,94434,30458,63976
3508,7.126567844925884,94434,30458,63976
3509,7.124536905101168,94434,30458,63976
3510,7.122507122507122,94434,30458,63976
3511,7.120478496154941,94434,30458,63976
3512,7.118451025056948,94434,30458,63976
3513,7.116424708226587,94434,30458,63976
3514,7.114399544678429,94434,30458,63976
3515,7.112375533428165,94434,30458,63976
3516,7.1103526734926055,94413,30458,63955
3517,7.108330963889679,94413,30458,63955
3518,7.106310403638431,94413,30458,63955
3519,7.104290991759022,94413,30458,63955
3520,7.1022727272727275,94413,30458,63955
3521,7.100255609201931,94413,30458,63955
3522,7.09823963657013,94413,30458,63955
3523,7.096224808401931,94413,30458,63955
3524,7.094211123723042,94413,30458,63955
3525,7.092198581560283,94413,30458,63955
3526,7.090187180941577,94376,30413,63963
3527,7.088176920895946,94376,30413,63963
3528,7.086167800453515,94376,30413,63963
3529,7.084159818645508,94376,30413,63963
3530,7.0821529745042495,94376,30413,63963
3531,7.080147267063155,94336,30413,63923
3532,7.078142695356738,94336,30413,63923
3533,7.076139258420605,94336,30413,63923
3534,7.074136955291454,94336,30413,63923
3535,7.072135785007072,94336,30413,63923
3536,7.070135746606335,94336,30413,63923
3537,7.068136839129205,94336,30413,63923
3538,7.066139061616733,94336,30413,63923
3539,7.064142413111048,94336,30413,63923
3540,7.062146892655368,94336,30413,63923
3541,7.060152499293984,94336,30413,63923
3542,7.058159232072276,94336,30413,63923
3543,7.056167090036692,94336,30413,63923
3544,7.054176072234763,94336,30413,63923
3545,7.052186177715091,94336,30413,63923
3546,7.050197405527355,94336,30413,63923
3547,7.048209754722301,94336,30413,63923
3548,7.046223224351747,94336,30413,63923
3549,7.044237813468583,94336,30413,63923
3550,7.042253521126761,94336,30413,63923
3551,7.040270346381301,94336,30413,63923
3552,7.038288288288288,94336,30413,63923
3553,7.036307345904869,94336,30413,63923
3554,7.034327518289252,94336,30413,63923
3555,7.032348804500703,94336,30413,63923
3556,7.03037120359955,94336,30413,63923
3557,7.028394714647175,94336,30413,63923
3558,7.026419336706015,94336,30413,63923
3559,7.024445068839562,94336,30413,63923
3560,7.022471910112359,94336,30413,63923
3561,7.020499859590003,94336,30413,63923
3562,7.018528916339135,94336,30413,63923
3563,7.016559079427449,94336,30413,63923
3564,7.014590347923681,94336,30413,63923
3565,7.012622720897616,94305,30413,63892
3566,7.0106561974200785,94305,30413,63892
3567,7.008690776562938,94305,30413,63892
3568,7.006726457399103,94305,30413,63892
3569,7.004763239002521,94305,30413,63892
3570,7.002801120448179,94305,30413,63892
3571,7.0008401008120975,94305,30413,63892
3572,6.998880179171333,94305,30413,63892
3573,6.996921354603974,94305,30413,63892
3574,6.9949636261891435,94305,30413,63892
3575,6.993006993006993,94305,30413,63892
3576,6.991051454138702,94305,30413,63892
3577,6.98909700866648,94305,30413,63892
3578,6.98714365567356,94305,30413,63892
3579,6.985191394244202,94294,30413,63881
3580,6.983240223463687,94294,30413,63881
3581,6.9812901424183185,94294,30413,63881
3582,6.979341150195421,94274,30413,63861
3583,6.977393245883338,94274,30413,63861
3584,6.975446428571429,94274,30413,63861
3585,6.97350069735007,94274,30413,63861
3586,6.971556051310652,94254,30413,63841
3587,6.9696124895455815,94240,30413,63827
3588,6.967670011148272,94240,30413,63827
3589,6.965728615213151,94240,30413,63827
3590,6.963788300835654,94240,30413,63827
3591,6.961849067112225,94261,30413,63848
3592,6.959910913140312,94261,30413,63848
3593,6.957973838018369,94261,30413,63848
3594,6.9560378408458545,94261,30413,63848
3595,6.954102920723226,94261,30413,63848
3596,6.952169076751947,94261,30413,63848
3597,6.950236308034473,94261,30413,63848
3598,6.948304613674264,94261,30413,63848
3599,6.946373992775771,94261,30413,63848
3600,6.944444444444445,94261,30413,63848
3601,6.942515967786726,94261,30413,63848
3602,6.94058856191005,94261,30413,63848
3603,6.938662225922842,94237,30413,63824
3604,6.936736958934517,94237,30413,63824
3605,6.934812760055478,94237,30413,63824
3606,6.932889628397116,94225,30413,63812
3607,6.930967563071805,94225,30413,63812
3608,6.929046563192904,94225,30413,63812
3609,6.927126627874758,94225,30413,63812
3610,6.925207756232687,94225,30413,63812
3611,6.9232899473829965,94225,30413,63812
3612,6.921373200442968,94225,30413,63812
3613,6.919457514530861,94225,30413,63812
3614,6.917542888765911,94225,30413,63812
3615,6.915629322268327,94225,30413,63812
3616,6.913716814159292,94225,30413,63812
3617,6.911805363560962,94225,30413,63812
3618,6.909894969596462,94225,30413,63812
3619,6.907985631389887,94225,30413,63812
3620,6.906077348066298,94225,30413,63812
3621,6.904170118751726,94225,30413,63812
3622,6.902263942573164,94225,30413,63812
3623,6.90035881865857,94225,30413,63812
3624,6.898454746136865,94225,30413,63812
3625,6.896551724137931,94225,30413,63812
3626,6.894649751792609,94225,30413,63812
3627,6.892748828232699,94225,30413,63812
3628,6.890848952590959,94225,30413,63812
3629,6.888950124001102,94225,30413,63812
3630,6.887052341597796,94234,30413,63821
3631,6.885155604516662,94234,30413,63821
3632,6.883259911894273,94234,30413,63821
3633,6.881365262868153,94234,30413,63821
3634,6.879471656576775,94234,30413,63821
3635,6.87757909215956,94234,30413,63821
3636,6.8756875687568755,94194,30413,63781
3637,6.873797085510036,94194,30413,63781
3638,6.871907641561298,94194,30413,63781
3639,6.870019236053861,94194,30413,63781
3640,6.868131868131868,94204,30413,63791
3641,6.866245536940401,94204,30413,63791
3642,6.86436024162548,94204,30413,63791
3643,6.8624759813340654,94204,30413,63791
3644,6.860592755214051,94204,30413,63791
3645,6.858710562414266,94204,30413,63791
3646,6.856829402084476,94204,30413,63791
3647,6.854949273375377,94204,30413,63791
3648,6.853070175438597,94204,30413,63791
3649,6.851192107426693,94204,30413,63791
3650,6.8493150684931505,94204,30413,63791
3651,6.847439057792386,94204,30413,63791
3652,6.8455640744797375,94204,30413,63791
3653,6.84369011771147,94204,30413,63791
3654,6.841817186644773,94204,30413,63791
3655,6.839945280437757,94204,30413,63791
3656,6.838074398249453,94204,30413,63791
3657,6.836204539239814,94204,30413,63791
3658,6.83433570256971,94198,30413,63785
3659,6.832467887400929,94198,30413,63785
3660,6.830601092896175,94198,30413,63785
3661,6.828735318219066,94198,30413,63785
3662,6.826870562534134,94198,30413,63785
3663,6.825006825006825,94140,30354,63786
3664,6.823144104803493,94140,30354,63786
3665,6.8212824010914055,94140,30354,63786
3666,6.819421713038734,94140,30354,63786
3667,6.817562039814562,94140,30354,63786
3668,6.815703380588877,94140,30354,63786
3669,6.8138457345325705,94140,30354,63786
3670,6.8119891008174385,94140,30354,63786
3671,6.810133478616181,94140,30354,63786
3672,6.808278867102397,94140,30354,63786
3673,6.806425265450585,94140,30354,63786
3674,6.804572672836146,94140,30354,63786
3675,6.802721088435374,94140,30354,63786
3676,6.800870511425463,94140,30354,63786
3677,6.799020940984498,94140,30354,63786
3678,6.797172376291463,94140,30354,63786
3679,6.79532481652623,94140,30354,63786
3680,6.793478260869565,94134,30354,63780
3681,6.7916327085031245,94134,30354,63780
3682,6.7897881586094515,94134,30354,63780
3683,6.787944610371979,94134,30354,63780
3684,6.7861020629750275,94134,30354,63780
3685,6.784260515603799,94134,30354,63780
3686,6.782419967444384,94134,30354,63780
3687,6.780580417683754,94137,30354,63783
3688,6.778741865509762,94122,30354,63768
3689,6.776904310111141,94122,30354,63768
3690,6.775067750677507,94122,30354,63768
3691,6.773232186399349,94122,30354,63768
3692,6.771397616468039,94122,30354,63768
3693,6.769564040075819,94122,30354,63768
3694,6.7677314564158095,94122,30354,63768
3695,6.7658998646820026,94122,30354,63768
3696,6.764069264069264,94128,30354,63774
3697,6.76223965377333,94128,30354,63774
3698,6.760411032990806,94128,30354,63774
3699,6.758583400919167,94128,30354,63774
3700,6.756756756756757,94128,30354,63774
3701,6.754931099702783,94102,30354,63748
3702,6.75310642895732,94110,30354,63756
3703,6.751282743721307,94110,30354,63756
3704,6.749460043196544,94110,30354,63756
3705,6.747638326585695,94110,30354,63756
3706,6.745817593092283,94110,30354,63756
3707,6.743997841920691,94110,30354,63756
3708,6.742179072276159,94110,30354,63756
3709,6.740361283364789,94110,30354,63756
3710,6.738544474393531,94110,30354,63756
3711,6.736728644570197,94110,30354,63756
3712,6.734913793103448,94110,30354,63756
3713,6.733099919202801,94110,30354,63756
3714,6.731287022078622,94110,30354,63756
3715,6.7294751009421265,94098,30354,63744
3716,6.727664155005382,94098,30354,63744
3717,6.725854183481302,94098,30354,63744
3718,6.724045185583647,94074,30354,63720
3719,6.7222371605270235,94074,30354,63720
3720,6.720430107526882,94074,30354,63720
3721,6.7186240257995165,94074,30354,63720
3722,6.716818914562063,94074,30354,63720
3723,6.7150147730325,94074,30354,63720
3724,6.713211600429646,94060,30354,63706
3725,6.7114093959731544,94060,30354,63706
3726,6.709608158883521,94060,30354,63706
3727,6.707807888382077,94060,30354,63706
3728,6.706008583690987,94060,30354,63706
3729,6.704210244033253,94054,30354,63700
3730,6.702412868632708,94054,30354,63700
3731,6.700616456714018,94054,30354,63700
3732,6.69882100750268,94054,30354,63700
3733,6.69702652022502,94054,30354,63700
3734,6.695232994108195,94054,30354,63700
3735,6.693440428380187,94054,30354,63700
3736,6.691648822269808,94054,30354,63700
3737,6.68985817500669,94054,30354,63700
3738,6.688068485821295,94054,30354,63700
3739,6.6862797539449055,94054,30354,63700
3740,6.684491978609626,93995,30354,63641
3741,6.682705159048383,93995,30354,63641
3742,6.680919294494923,93969,30354,63615
3743,6.67913438418381,93969,30354,63615
3744,6.677350427350428,93969,30354,63615
3745,6.675567423230975,93969,30354,63615
3746,6.673785371062467,93979,30354,63625
3747,6.6720042700827324,93979,30354,63625
3748,6.670224119530416,93979,30354,63625
3749,6.668444918644972,93979,30354,63625
3750,6.666666666666667,93979,30354,63625
3751,6.664889362836577,93979,30354,63625
3752,6.663113006396588,93979,30354,63625
3753,6.661337596589395,93979,30354,63625
3754,6.659563132658498,93979,30354,63625
3755,6.657789613848203,93979,30354,63625
3756,6.656017039403621,93979,30354,63625
3757,6.654245408570668,93979,30354,63625
3758,6.652474720596062,93979,30354,63625
3759,6.650704974727321,93979,30354,63625
3760,6.648936170212766,93979,30354,63625
3761,6.6471683063015155,93979,30354,63625
3762,6.645401382243487,93979,30354,63625
3763,6.643635397289397,93979,30354,63625
3764,6.641870350690755,93979,30354,63625
3765,6.6401062416998675,93979,30354,63625
3766,6.638343069569835,93979,30354,63625
3767,6.636580833554553,93979,30354,63625
3768,6.634819532908705,93979,30354,63625
3769,6.633059166887769,93979,30354,63625
3770,6.63129973474801,93979,30354,63625
3771,6.629541235746486,93979,30354,63625
3772,6.6277836691410394,93979,30354,63625
3773,6.626027034190299,93979,30354,63625
3774,6.624271330153683,93979,30354,63625
3775,6.622516556291391,93923,30297,63626
3776,6.620762711864407,93923,30297,63626
3777,6.619009796134498,93929,30297,63632
3778,6.617257808364214,93929,30297,63632
3779,6.615506747816883,93929,30297,63632
3780,6.613756613756614,93929,30297,63632
3781,6.612007405448294,93929,30297,63632
3782,6.610259122157588,93929,30297,63632
3783,6.608511763150938,93929,30297,63632
3784,6.606765327695561,93929,30297,63632
3785,6.605019815059445,93929,30297,63632
3786,6.603275224511358,93929,30297,63632
3787,6.601531555320834,93893,30297,63596
3788,6.599788806758184,93893,30297,63596
3789,6.598046978094484,93893,30297,63596
3790,6.596306068601583,93893,30297,63596
3791,6.594566077552097,93907,30297,63610
3792,6.5928270042194095,93907,30297,63610
3793,6.5910888478776695,93907,30297,63610
3794,6.589351607801793,93897,30322,63575
3795,6.587615283267457,93897,30322,63575
3796,6.585879873551106,93897,30322,63575
3797,6.584145377929945,93897,30322,63575
3798,6.582411795681938,93897,30322,63575
3799,6.580679126085812,93897,30322,63575
3800,6.578947368421052,93897,30322,63575
3801,6.5772165219679035,93897,30322,63575
3802,6.575486586007364,93897,30322,63575
3803,6.5737575598211935,93897,30322,63575
3804,6.572029442691903,93897,30322,63575
3805,6.570302233902759,93897,30322,63575
3806,6.568575932737782,93897,30322,63575
3807,6.566850538481744,93897,30322,63575
3808,6.565126050420168,93897,30322,63575
3809,6.563402467839328,93897,30322,63575
3810,6.561679790026247,93876,30291,63585
3811,6.559958016268696,93876,30291,63585
3812,6.558237145855194,93860,30291,63569
3813,6.556517178075007,93860,30291,63569
3814,6.554798112218144,93860,30291,63569
3815,6.553079947575361,93860,30291,63569
3816,6.551362683438155,93860,30291,63569
3817,6.549646319098769,93860,30291,63569
3818,6.5479308538501835,93860,30291,63569
3819,6.546216286986122,93860,30291,63569
3820,6.544502617801047,93860,30291,63569
3821,6.54278984559016,93860,30291,63569
3822,6.541077969649399,93860,30291,63569
3823,6.539366989275438,93860,30291,63569
3824,6.53765690376569,93860,30291,63569
3825,6.5359477124183005,93860,30291,63569
3826,6.5342394145321485,93860,30291,63569
3827,6.532532009406846,93860,30291,63569
3828,6.530825496342738,93860,30291,63569
3829,6.529119874640898,93860,30291,63569
3830,6.527415143603133,93845,30266,63579
3831,6.525711302531976,93845,30266,63579
3832,6.524008350730689,93845,30266,63579
3833,6.522306287503262,93845,30266,63579
3834,6.520605112154408,93845,30266,63579
3835,6.51890482398957,93845,30266,63579
3836,6.517205422314912,93845,30266,63579
3837,6.515506906437321,93845,30266,63579
3838,6.513809275664409,93845,30266,63579
3839,6.512112529304506,93839,30266,63573
3840,6.510416666666667,93839,30266,63573
3841,6.508721687060661,93839,30266,63573
3842,6.507027589796981,93839,30266,63573
3843,6.505334374186833,93839,30266,63573
3844,6.503642039542144,93839,30266,63573
3845,6.501950585175552,93875,30266,63609
3846,6.5002600104004165,93875,30266,63609
3847,6.498570314530803,93875,30266,63609
3848,6.496881496881497,93875,30266,63609
3849,6.495193556767991,93875,30266,63609
3850,6.4935064935064934,93875,30266,63609
3851,6.491820306413919,93875,30266,63609
3852,6.490134994807892,93875,30266,63609
3853,6.488450558006748,93875,30266,63609
3854,6.4867669953295275,93875,30266,63609
3855,6.485084306095979,93875,30266,63609
3856,6.483402489626556,93868,30266,63602
3857,6.481721545242416,93868,30266,63602
3858,6.480041472265422,93868,30266,63602
3859,6.478362270018139,93868,30266,63602
3860,6.476683937823834,93868,30266,63602
3861,6.475006475006475,93868,30266,63602
3862,6.47332988089073,93868,30266,63602
3863,6.471654154801968,93868,30266,63602
3864,6.469979296066253,93868,30266,63602
3865,6.468305304010349,93868,30266,63602
3866,6.466632177961718,93868,30266,63602
3867,6.464959917248513,93868,30266,63602
3868,6.463288521199586,93868,30266,63602
3869,6.461617989144481,93868,30266,63602
3870,6.459948320413437,93868,30266,63602
3871,6.458279514337381,93868,30266,63602
3872,6.456611570247934,93868,30266,63602
3873,6.454944487477408,93868,30266,63602
3874,6.453278265358803,93848,30266,63582
3875,6.451612903225806,93848,30266,63582
3876,6.449948400412796,93848,30266,63582
3877,6.448284756254836,93828,30266,63562
3878,6.446621970087674,93828,30266,63562
3879,6.444960041247744,93828,30266,63562
3880,6.443298969072165,93828,30266,63562
3881,6.441638752898737,93828,30266,63562
3882,6.439979392065945,93805,30266,63539
3883,6.438320885912954,93805,30266,63539
3884,6.436663233779608,93805,30266,63539
3885,6.435006435006435,93805,30266,63539
3886,6.433350488934638,93805,30266,63539
3887,6.4316953949060975,93805,30266,63539
3888,6.4300411522633745,93782,30266,63516
3889,6.428387760349704,93782,30266,63516
3890,6.426735218508997,93768,30266,63502
3891,6.425083526085839,93736,30266,63470
3892,6.423432682425489,93736,30266,63470
3893,6.421782686873876,93736,30266,63470
3894,6.420133538777606,93736,30266,63470
3895,6.418485237483954,93736,30266,63470
3896,6.416837782340862,93736,30266,63470
3897,6.415191172696947,93736,30266,63470
3898,6.413545407901488,93736,30266,63470
3899,6.411900487304437,93736,30266,63470
3900,6.410256410256411,93736,30266,63470
3901,6.40861317610869,93736,30266,63470
3902,6.406970784213224,93736,30266,63470
3903,6.4053292339226235,93736,30266,63470
3904,6.403688524590164,93736,30266,63470
3905,6.402048655569782,93736,30266,63470
3906,6.400409626216078,93736,30266,63470
3907,6.39877143588431,93736,30266,63470
3908,6.397134083930399,93736,30266,63470
3909,6.3954975697109235,93736,30266,63470
3910,6.3938618925831205,93736,30266,63470
3911,6.392227051904884,93736,30266,63470
3912,6.3905930470347645,93736,30266,63470
3913,6.3889598773319705,93736,30266,63470
3914,6.387327542156362,93736,30266,63470
3915,6.385696040868455,93736,30266,63470
3916,6.384065372829418,93736,30266,63470
3917,6.382435537401072,93736,30266,63470
3918,6.380806533945891,93736,30266,63470
3919,6.379178361826996,93706,30266,63440
3920,6.377551020408164,93706,30266,63440
3921,6.375924509053813,93706,30266,63440
3922,6.3742988271290155,93706,30266,63440
3923,6.37267397399949,93706,30266,63440
3924,6.3710499490316,93706,30266,63440
3925,6.369426751592357,93696,30266,63430
3926,6.367804381049414,93692,30277,63415
3927,6.366182836771072,93692,30277,63415
3928,6.364562118126273,93692,30277,63415
3929,6.362942224484602,93692,30277,63415
3930,6.361323155216285,93692,30277,63415
3931,6.359704909692191,93692,30277,63415
3932,6.358087487283825,93692,30277,63415
3933,6.3564708873633355,93692,30277,63415
3934,6.354855109303508,93692,30277,63415
3935,6.353240152477763,93691,30274,63417
3936,6.3516260162601625,93691,30274,63417
3937,6.3500127000254,93459,30010,63449
3938,6.348400203148807,93443,30004,63439
3939,6.346788525006347,93443,30004,63439
3940,6.345177664974619,93443,30004,63439
3941,6.3435676224308555,93443,30004,63439
3942,6.341958396752918,93443,30004,63439
3943,6.3403499873193,93443,30004,63439
3944,6.338742393509127,93422,30043,63379
3945,6.337135614702155,93422,30043,63379
3946,6.3355296502787635,93422,30043,63379
3947,6.333924499619965,93422,30043,63379
3948,6.332320162107396,93422,30043,63379
3949,6.330716637123323,93422,30043,63379
3950,6.329113924050633,93422,30043,63379
3951,6.327512022272843,93376,30043,63333
3952,6.325910931174089,93376,30043,63333
3953,6.324310650139135,93377,30043,63334
3954,6.322711178553364,93377,30043,63334
3955,6.321112515802781,93377,30043,63334
3956,6.319514661274014,93377,30043,63334
3957,6.317917614354309,93337,30043,63294
3958,6.316321374431531,93337,30043,63294
3959,6.314725940894165,93337,30043,63294
3960,6.313131313131313,93337,30043,63294
3961,6.311537490532694,93337,30043,63294
3962,6.309944472488642,93337,30043,63294
3963,6.308352258390109,93337,30043,63294
3964,6.306760847628658,93337,30043,63294
3965,6.305170239596469,93337,30043,63294
3966,6.303580433686334,93337,30043,63294
3967,6.301991429291657,93337,30043,63294
3968,6.300403225806452,93337,30043,63294
3969,6.298815822625347,93337,30043,63294
3970,6.297229219143577,93337,30043,63294
3971,6.295643414756988,93337,30043,63294
3972,6.294058408862035,93337,30043,63294
3973,6.292474200855777,93337,30043,63294
3974,6.290890790135883,93337,30043,63294
3975,6.289308176100629,93337,30043,63294
3976,6.287726358148894,93337,30043,63294
3977,6.286145335680161,93337,30043,63294
3978,6.28456510809452,93337,30043,63294
3979,6.282985674792662,93337,30043,63294
3980,6.28140703517588,93345,30043,63302
3981,6.279829188646069,93345,30043,63302
3982,6.278252134605726,93345,30043,63302
3983,6.276675872457946,93345,30043,63302
3984,6.275100401606426,93345,30043,63302
3985,6.273525721455458,93345,30043,63302
3986,6.271951831409935,93345,30043,63302
3987,6.270378730875345,93345,30043,63302
3988,6.268806419257773,93345,30043,63302
3989,6.267234895963901,93345,30043,63302
3990,6.265664160401003,93345,30043,63302
3991,6.264094211976948,93345,30043,63302
3992,6.2625250501002006,93345,30043,63302
3993,6.260956674179814,93345,30043,63302
3994,6.259389083625438,93325,30043,63282
3995,6.257822277847309,93325,30043,63282
3996,6.256256256256257,93325,30043,63282
3997,6.254691018263697,93325,30043,63282
3998,6.253126563281641,93345,30043,63302
3999,6.25156289072268,93345,30043,63302
4000,6.25,93345,30043,63302
4001,6.248437890527368,93345,30043,63302
4002,6.246876561719141,93345,30043,63302
4003,6.245316012990258,93345,30043,63302
4004,6.243756243756244,93345,30043,63302
4005,6.242197253433209,93345,30043,63302
4006,6.240639041437843,93308,30072,63236
4007,6.239081607187422,93308,30072,63236
4008,6.2375249500998,93308,30072,63236
4009,6.2359690695934145,93308,30072,63236
4010,6.234413965087282,93308,30072,63236
4011,6.232859636000997,93308,30072,63236
4012,6.231306081754735,93308,30072,63236
4013,6.22975330176925,93308,30072,63236
4014,6.22820129546587,93308,30072,63236
4015,6.226650062266501,93300,30072,63228
4016,6.225099601593626,93300,30072,63228
4017,6.223549912870301,93300,30072,63228
4018,6.222000995520159,93300,30072,63228
4019,6.220452848967405,93300,30072,63228
4020,6.218905472636816,93300,30072,63228
4021,6.217358865953742,93278,30017,63261
4022,6.215813028344107,93278,30017,63261
4023,6.214267959234403,93278,30017,63261
4024,6.21272365805169,93278,30017,63261
4025,6.211180124223603,93278,30017,63261
4026,6.209637357178341,93278,30017,63261
4027,6.208095356344673,93278,30017,63261
4028,6.206554121151936,93278,30017,63261
4029,6.205013651030033,93278,30017,63261
4030,6.20347394540943,93278,30017,63261
4031,6.201935003721161,93278,30017,63261
4032,6.200396825396825,93278,30017,63261
4033,6.198859409868584,93282,30017,63265
4034,6.197322756569162,93020,29705,63315
4035,6.195786864931846,93020,29705,63315
4036,6.194251734390486,93020,29705,63315
4037,6.19271736437949,93020,29705,63315
4038,6.191183754333829,93020,29705,63315
4039,6.189650903689032,92895,29545,63350
4040,6.188118811881188,92895,29545,63350
4041,6.186587478346944,92895,29545,63350
4042,6.185056902523503,92881,29545,63336
4043,6.183527083848627,92881,29545,63336
4044,6.181998021760633,92881,29545,63336
4045,6.180469715698393,92881,29545,63336
4046,6.1789421651013345,92881,29545,63336
4047,6.177415369409439,92881,29545,63336
4048,6.175889328063241,92881,29545,63336
4049,6.1743640405038285,92887,29545,63342
4050,6.172839506172839,92887,29545,63342
4051,6.171315724512466,92887,29545,63342
4052,6.169792694965449,92887,29545,63342
4053,6.16827041697508,92887,29545,63342
4054,6.166748889985199,92887,29545,63342
4055,6.165228113440198,92887,29545,63342
4056,6.16370808678501,92887,29545,63342
4057,6.162188809465122,92887,29545,63342
4058,6.160670280926565,92887,29545,63342
4059,6.159152500615916,92887,29545,63342
4060,6.157635467980295,92887,29545,63342
4061,6.156119182467372,92887,29545,63342
4062,6.154603643525357,92887,29545,63342
4063,6.153088850603003,92887,29545,63342
4064,6.1515748031496065,92864,29513,63351
4065,6.150061500615006,92864,29513,63351
4066,6.148548942449582,92864,29513,63351
4067,6.1470371281042535,92864,29513,63351
4068,6.145526057030482,92864,29513,63351
4069,6.144015728680265,92864,29513,63351
4070,6.142506142506143,92828,29513,63315
4071,6.140997297961189,92828,29513,63315
4072,6.139489194499018,92828,29513,63315
4073,6.137981831573779,92828,29513,63315
4074,6.1364752086401575,92828,29513,63315
4075,6.134969325153374,92828,29513,63315
4076,6.133464180569185,92828,29513,63315
4077,6.131959774343881,92828,29513,63315
4078,6.1304561059342815,92828,29513,63315
4079,6.128953174797744,92828,29513,63315
4080,6.127450980392157,92828,29513,63315
4081,6.1259495221759375,92826,29513,63313
4082,6.124448799608035,92826,29513,63313
4083,6.12294881214793,92826,29513,63313
4084,6.121449559255632,92826,29513,63313
4085,6.119951040391677,92826,29513,63313
4086,6.1184532550171316,92826,29513,63313
4087,6.116956202593589,92826,29513,63313
4088,6.1154598825831705,92826,29513,63313
4089,6.113964294448521,92811,29513,63298
4090,6.112469437652812,92811,29513,63298
4091,6.1109753116597405,92811,29513,63298
4092,6.109481915933529,92811,29513,63298
4093,6.10798924993892,92811,29513,63298
4094,6.106497313141182,92811,29513,63298
4095,6.105006105006105,92811,29513,63298
4096,6.103515625,92811,29513,63298
4097,6.102025872589699,92811,29513,63298
4098,6.100536847242557,92796,29513,63283
4099,6.099048548426445,92796,29513,63283
4100,6.097560975609756,92796,29513,63283
4101,6.0960741282613995,92796,29513,63283
4102,6.094588005850804,92796,29513,63283
4103,6.093102607847916,92796,29513,63283
4104,6.091617933723197,92796,29513,63283
4105,6.090133982947624,92796,29513,63283
4106,6.088650754992694,92796,29513,63283
4107,6.087168249330412,92796,29513,63283
4108,6.085686465433301,92796,29513,63283
4109,6.084205402774398,92796,29513,63283
4110,6.082725060827251,92796,29513,63283
4111,6.0812454390659205,92796,29513,63283
4112,6.07976653696498,92796,29513,63283
4113,6.078288353999514,92796,29513,63283
4114,6.076810889645114,92796,29513,63283
4115,6.075334143377885,92796,29513,63283
4116,6.073858114674441,92796,29513,63283
4117,6.072382803011902,92796,29513,63283
4118,6.070908207867897,92796,29513,63283
4119,6.069434328720563,92796,29513,63283
4120,6.067961165048544,92796,29513,63283
4121,6.066488716330988,92796,29513,63283
4122,6.06501698204755,92796,29513,63283
4123,6.06354596167839,92796,29513,63283
4124,6.062075654704171,92796,29513,63283
4125,6.0606060606060606,92796,29513,63283
4126,6.059137178865729,92796,29513,63283
4127,6.05766900896535,92796,29513,63283
4128,6.0562015503875966,92796,29513,63283
4129,6.054734802615646,92796,29513,63283
4130,6.053268765133172,92796,29513,63283
4131,6.051803437424352,92796,29513,63283
4132,6.050338818973863,92796,29513,63283
4133,6.0488749092668765,92796,29513,63283
4134,6.047411707789066,92796,29513,63283
4135,6.045949214026602,92776,29513,63263
4136,6.044487427466151,92776,29513,63263
4137,6.043026347594876,92776,29513,63263
4138,6.041565973900435,92779,29513,63266
4139,6.040106305870983,92779,29513,63266
4140,6.038647342995169,92779,29513,63266
4141,6.037189084762135,92779,29513,63266
4142,6.035731530661516,92779,29513,63266
4143,6.034274680183442,92779,29513,63266
4144,6.032818532818533,92779,29513,63266
4145,6.031363088057901,92779,29513,63266
4146,6.02990834539315,92779,29513,63266
4147,6.028454304316373,92779,29513,63266
4148,6.0270009643201545,92779,29513,63266
4149,6.025548324897565,92779,29513,63266
4150,6.024096385542169,92779,29513,63266
4151,6.022645145748013,92779,29513,63266
4152,6.021194605009634,91264,27953,63311
4153,6.019744762822056,91264,27953,63311
4154,6.018295618680789,91264,27953,63311
4155,6.016847172081829,91264,27953,63311
4156,6.015399422521655,91264,27953,63311
4157,6.013952369497233,91262,27930,63332
4158,6.012506012506012,91262,27930,63332
4159,6.011060351045924,91262,27930,63332
4160,6.009615384615385,91262,27930,63332
4161,6.00817111271329,91262,27930,63332
4162,6.00672753483902,91262,27930,63332
4163,6.005284650492434,91262,27930,63332
4164,6.003842459173871,91262,27930,63332
4165,6.002400960384153,91262,27930,63332
4166,6.00096015362458,91262,27930,63332
4167,5.999520038396928,91262,27930,63332
4168,5.998080614203455,91262,27930,63332
4169,5.9966418805468935,91260,27894,63366
4170,5.995203836930456,91260,27894,63366
4171,5.993766482857827,91260,27894,63366
4172,5.992329817833173,91260,27894,63366
4173,5.990893841361131,91260,27894,63366
4174,5.989458552946814,91260,27894,63366
4175,5.9880239520958085,91260,27894,63366
4176,5.986590038314176,91260,27894,63366
4177,5.985156811108451,91260,27894,63366
4178,5.983724269985639,91260,27894,63366
4179,5.982292414453219,91260,27894,63366
4180,5.980861244019139,91260,27894,63366
4181,5.97943075819182,91260,27894,63366
4182,5.978000956480153,91260,27894,63366
4183,5.976571838393498,91260,27894,63366
4184,5.975143403441683,91260,27894,63366
4185,5.973715651135006,91260,27894,63366
4186,5.972288580984233,91260,27894,63366
4187,5.970862192500597,91260,27894,63366
4188,5.969436485195797,91260,27894,63366
4189,5.9680114585820006,91260,27894,63366
4190,5.966587112171838,91260,27894,63366
4191,5.965163445478406,91260,27894,63366
4192,5.963740458015267,91260,27894,63366
4193,5.962318149296446,91260,27894,63366
4194,5.960896518836433,91260,27894,63366
4195,5.959475566150179,91260,27894,63366
4196,5.958055290753098,91260,27894,63366
4197,5.9566356921610675,91260,27894,63366
4198,5.955216769890424,91254,27894,63360
4199,5.953798523457966,91254,27894,63360
4200,5.9523809523809526,91254,27894,63360
4201,5.950964056177101,91254,27894,63360
4202,5.949547834364588,91254,27894,63360
4203,5.948132286462051,91254,27894,63360
4204,5.946717411988582,91254,27894,63360
4205,5.945303210463734,91254,27894,63360
4206,5.943889681407513,91254,27894,63360
4207,5.942476824340385,91254,27894,63360
4208,5.94106463878327,91254,27894,63360
4209,5.939653124257544,91254,27894,63360
4210,5.938242280285036,91254,27894,63360
4211,5.936832106388032,91254,27894,63360
4212,5.935422602089269,91254,27894,63360
4213,5.9340137669119395,91254,27894,63360
4214,5.932605600379687,91254,27894,63360
4215,5.931198102016608,91254,27894,63360
4216,5.9297912713472485,91254,27894,63360
4217,5.9283851078966086,91254,27894,63360
4218,5.926979611190138,91254,27894,63360
4219,5.925574780753733,91254,27894,63360
4220,5.924170616113744,91254,27894,63360
4221,5.922767116796967,91254,27894,63360
4222,5.921364282330649,91254,27894,63360
4223,5.919962112242482,91254,27894,63360
4224,5.918560606060606,91254,27894,63360
4225,5.9171597633136095,91254,27894,63360
4226,5.915759583530526,91254,27894,63360
4227,5.914360066240833,91254,27894,63360
4228,5.912961210974456,91254,27894,63360
4229,5.911563017261764,91254,27894,63360
4230,5.91016548463357,91254,27894,63360
4231,5.90876861262113,91254,27894,63360
4232,5.9073724007561434,91254,27894,63360
4233,5.905976848570754,91254,27894,63360
4234,5.904581955597544,91254,27894,63360
4235,5.903187721369539,91254,27894,63360
4236,5.901794145420208,91254,27894,63360
4237,5.900401227283456,91254,27894,63360
4238,5.899008966493629,91254,27894,63360
4239,5.897617362585516,91254,27894,63360
4240,5.89622641509434,91254,27894,63360
4241,5.894836123555765,91254,27894,63360
4242,5.893446487505893,91254,27894,63360
4243,5.8920575064812635,91254,27894,63360
4244,5.89066918001885,91254,27894,63360
4245,5.889281507656066,91254,27894,63360
4246,5.887894488930758,91254,27894,63360
4247,5.88650812338121,91254,27894,63360
4248,5.885122410546139,91250,27899,63351
4249,5.883737349964697,91250,27899,63351
4250,5.882352941176471,91250,27899,63351
4251,5.8809691837214775,91250,27899,63351
4252,5.87958607714017,91250,27899,63351
4253,5.87820362097343,91250,27899,63351
4254,5.876821814762576,91250,27899,63351
4255,5.875440658049354,90964,27579,63385
4256,5.87406015037594,90964,27579,63385
4257,5.872680291284943,90964,27579,63385
4258,5.871301080319399,90964,27579,63385
4259,5.869922517022776,90964,27579,63385
4260,5.868544600938967,90964,27579,63385
4261,5.867167331612298,90964,27579,63385
4262,5.865790708587517,90964,27579,63385
4263,5.864414731409806,90964,27579,63385
4264,5.863039399624766,90964,27579,63385
4265,5.861664712778429,90948,27579,63369
4266,5.860290670417252,90948,27579,63369
4267,5.858917272088118,90948,27579,63369
4268,5.857544517338332,90948,27579,63369
4269,5.856172405715625,90948,27579,63369
4270,5.85480093676815,90948,27579,63369
4271,5.853430110044486,90948,27579,63369
4272,5.852059925093633,90948,27579,63369
4273,5.850690381465013,90948,27579,63369
4274,5.84932147870847,90948,27579,63369
4275,5.847953216374269,90948,27579,63369
4276,5.846585594013097,90948,27579,63369
4277,5.845218611176058,90948,27579,63369
4278,5.84385226741468,90948,27579,63369
4279,5.842486562280906,90948,27579,63369
4280,5.841121495327103,90948,27579,63369
4281,5.83975706610605,90948,27579,63369
4282,5.838393274170948,90948,27579,63369
4283,5.837030119075415,90948,27579,63369
4284,5.835667600373482,90948,27579,63369
4285,5.834305717619603,90948,27579,63369
4286,5.832944470368642,90948,27579,63369
4287,5.831583858175881,90948,27579,63369
4288,5.830223880597015,90948,27579,63369
4289,5.828864537188156,90948,27579,63369
4290,5.827505827505828,90948,27579,63369
4291,5.826147751106968,90948,27579,63369
4292,5.824790307548929,90948,27579,63369
4293,5.823433496389471,90948,27579,63369
4294,5.822077317186772,90948,27579,63369
4295,5.820721769499418,90948,27579,63369
4296,5.8193668528864055,90948,27579,63369
4297,5.818012566907145,90948,27579,63369
4298,5.8166589111214515,90948,27579,63369
4299,5.815305885089556,90948,27579,63369
4300,5.813953488372093,90948,27579,63369
4301,5.812601720530109,90948,27579,63369
4302,5.8112505811250585,90948,27579,63369
4303,5.809900069718801,90948,27579,63369
4304,5.808550185873606,90948,27579,63369
4305,5.807200929152149,90948,27579,63369
4306,5.80585229911751,90948,27579,63369
4307,5.804504295333179,90948,27579,63369
4308,5.8031569173630455,90948,27579,63369
4309,5.801810164771409,90948,27579,63369
4310,5.800464037122969,90948,27579,63369
4311,5.799118533982835,90948,27579,63369
4312,5.797773654916512,90948,27579,63369
4313,5.796429399489914,90934,27579,63355
4314,5.795085767269356,90934,27579,63355
4315,5.793742757821553,90934,27579,63355
4316,5.792400370713624,90934,27579,63355
4317,5.791058605513088,90934,27579,63355
4318,5.789717461787864,90934,27579,63355
4319,5.788376939106275,90934,27579,63355
4320,5.787037037037037,90934,27579,63355
4321,5.785697755149271,90934,27579,63355
4322,5.784359093012494,90934,27579,63355
4323,5.783021050196623,90934,27579,63355
4324,5.78168362627197,90934,27579,63355
4325,5.780346820809249,90934,27579,63355
4326,5.779010633379565,90934,27579,63355
4327,5.777675063554426,90934,27579,63355
4328,5.77634011090573,90934,27579,63355
4329,5.775005775005775,90934,27579,63355
4330,5.773672055427252,90934,27579,63355
4331,5.772338951743246,90934,27579,63355
4332,5.77100646352724,90934,27579,63355
4333,5.769674590353104,90934,27579,63355
4334,5.7683433317951085,90934,27579,63355
4335,5.767012687427912,90934,27579,63355
4336,5.765682656826568,90934,27579,63355
4337,5.76435323956652,90934,27579,63355
4338,5.763024435223605,90934,27579,63355
4339,5.7616962433740495,90934,27579,63355
4340,5.76036866359447,90934,27579,63355
4341,5.7590416954618755,90934,27579,63355
4342,5.757715338553662,90934,27579,63355
4343,5.756389592447617,90934,27579,63355
4344,5.755064456721915,90934,27579,63355
4345,5.7537399309551205,90934,27579,63355
4346,5.752416014726185,90937,27579,63358
4347,5.751092707614447,90916,27579,63337
4348,5.749770009199632,90916,27579,63337
4349,5.748447919061853,90916,27579,63337
4350,5.747126436781609,90916,27579,63337
4351,5.745805561939784,90916,27579,63337
4352,5.744485294117647,90916,27579,63337
4353,5.743165632896853,90902,27579,63323
4354,5.741846577859439,90902,27579,63323
4355,5.7405281285878305,90902,27579,63323
4356,5.73921028466483,90902,27579,63323
4357,5.737893045673629,90902,27579,63323
4358,5.736576411197797,90902,27579,63323
4359,5.735260380821289,90902,27579,63323
4360,5.73394495412844,90902,27579,63323
4361,5.732630130703967,90902,27579,63323
4362,5.731315910132967,90799,27475,63324
4363,5.730002292000917,90799,27475,63324
4364,5.728689275893675,90799,27475,63324
4365,5.72737686139748,90799,27475,63324
4366,5.726065048098946,90799,27475,63324
4367,5.72475383558507,90799,27475,63324
4368,5.7234432234432235,90799,27475,63324
4369,5.722133211261158,90799,27475,63324
4370,5.720823798627002,90799,27475,63324
4371,5.719514985129261,90799,27475,63324
4372,5.718206770356816,90488,27131,63357
4373,5.716899153898925,90488,27131,63357
4374,5.715592135345222,90488,27131,63357
4375,5.714285714285714,90488,27131,63357
4376,5.712979890310786,90488,27131,63357
4377,5.711674663011195,90488,27131,63357
4378,5.710370031978072,90488,27131,63357
4379,5.709065996802923,90488,27131,63357
4380,5.707762557077626,90488,27131,63357
4381,5.70645971239443,90488,27131,63357
4382,5.70515746234596,90488,27131,63357
4383,5.703855806525211,90488,27131,63357
4384,5.702554744525547,90488,27131,63357
4385,5.701254275940707,90488,27131,63357
4386,5.699954400364797,90488,27131,63357
4387,5.6986551173922955,90488,27131,63357
4388,5.697356426618049,90488,27131,63357
4389,5.696058327637275,90488,27131,63357
4390,5.694760820045558,90490,27131,63359
4391,5.693463903438852,90490,27131,63359
4392,5.692167577413479,90490,27131,63359
4393,5.690871841566128,90490,27131,63359
4394,5.689576695493855,90490,27131,63359
4395,5.688282138794084,90490,27131,63359
4396,5.686988171064604,90490,27131,63359
4397,5.685694791903571,90490,27131,63359
4398,5.684402000909504,90477,27131,63346
4399,5.683109797681291,90477,27131,63346
4400,5.681818181818182,90477,27131,63346
4401,5.680527152919791,90477,27131,63346
4402,5.679236710586097,90477,27131,63346
4403,5.677946854417443,90477,27131,63346
4404,5.676657584014532,90477,27131,63346
4405,5.675368898978434,90477,27131,63346
4406,5.674080798910577,90477,27131,63346
4407,5.672793283412752,90477,27131,63346
4408,5.671506352087114,90477,27131,63346
4409,5.670220004536176,90477,27131,63346
4410,5.668934240362812,90477,27131,63346
4411,5.667649059170256,90477,27131,63346
4412,5.666364460562104,90477,27131,63346
4413,5.665080444142307,90477,27131,63346
4414,5.663797009515179,90477,27131,63346
4415,5.662514156285391,90477,27131,63346
4416,5.661231884057971,90477,27131,63346
4417,5.659950192438306,90477,27131,63346
4418,5.658669081032142,90477,27131,63346
4419,5.657388549445576,90477,27131,63346
4420,5.656108597285068,90477,27131,63346
4421,5.654829224157431,90483,27131,63352
4422,5.653550429669832,90483,27131,63352
4423,5.652272213429799,90483,27131,63352
4424,5.650994575045208,90483,27131,63352
4425,5.649717514124294,90469,27131,63338
4426,5.648441030275644,90469,27131,63338
4427,5.647165123108199,90469,27131,63338
4428,5.645889792231256,90469,27131,63338
4429,5.644615037254459,90469,27131,63338
4430,5.643340857787811,90469,27131,63338
4431,5.642067253441661,90469,27131,63338
4432,5.640794223826715,90469,27131,63338
4433,5.639521768554027,90469,27131,63338
4434,5.638249887235002,90469,27131,63338
4435,5.636978579481398,90469,27131,63338
4436,5.63570784490532,90469,27131,63338
4437,5.634437683119224,90469,27131,63338
4438,5.633168093735917,90469,27131,63338
4439,5.631899076368551,90469,27131,63338
4440,5.63063063063063,90469,27131,63338
4441,5.629362756136006,90469,27131,63338
4442,5.628095452498874,90469,27131,63338
4443,5.626828719333783,90412,27067,63345
4444,5.625562556255626,90412,27067,63345
4445,5.62429696287964,90412,27067,63345
4446,5.623031938821413,90412,27067,63345
4447,5.621767483696875,90412,27067,63345
4448,5.620503597122302,90412,27067,63345
4449,5.619240278714318,90412,27067,63345
4450,5.617977528089888,90412,27067,63345
4451,5.616715344866322,90416,27077,63339
4452,5.615453728661276,90416,27077,63339
4453,5.6141926790927466,90416,27077,63339
4454,5.612932195779075,90416,27077,63339
4455,5.611672278338945,90416,27077,63339
4456,5.6104129263913824,90416,27077,63339
4457,5.609154139555755,90416,27077,63339
4458,5.607895917451772,90416,27077,63339
4459,5.606638259699484,90416,27077,63339
4460,5.605381165919282,90416,27077,63339
4461,5.604124635731899,90416,27077,63339
4462,5.602868668758404,90416,27077,63339
4463,5.601613264620211,90416,27077,63339
4464,5.600358422939068,90416,27077,63339
4465,5.599104143337066,90416,27077,63339
4466,5.597850425436632,90416,27077,63339
4467,5.596597268860533,90416,27077,63339
4468,5.595344673231871,90416,27077,63339
4469,5.5940926381740885,90416,27077,63339
4470,5.592841163310962,90416,27077,63339
4471,5.591590248266607,90416,27077,63339
4472,5.590339892665474,90416,27077,63339
4473,5.58909009613235,90416,27077,63339
4474,5.587840858292356,90416,27077,63339
4475,5.58659217877095,90416,27077,63339
4476,5.5853440571939235,90416,27077,63339
4477,5.584096493187403,90393,27077,63316
4478,5.582849486377847,90393,27077,63316
4479,5.5816030363920515,90393,27077,63316
4480,5.580357142857143,90393,27077,63316
4481,5.57911180540058,90393,27077,63316
4482,5.577867023650156,90393,27077,63316
4483,5.576622797233995,90393,27077,63316
4484,5.575379125780553,90393,27077,63316
4485,5.574136008918618,90393,27077,63316
4486,5.572893446277307,90393,27077,63316
4487,5.571651437486071,90393,27077,63316
4488,5.570409982174688,90393,27077,63316
4489,5.569169079973268,90393,27077,63316
4490,5.567928730512249,90393,27077,63316
4491,5.566688933422401,90381,27077,63304
4492,5.565449688334818,90381,27077,63304
4493,5.564210994880926,90381,27077,63304
4494,5.562972852692479,90381,27077,63304
4495,5.561735261401557,90381,27077,63304
4496,5.56049822064057,90381,27077,63304
4497,5.55926173004225,90381,27077,63304
4498,5.558025789239662,90381,27077,63304
4499,5.556790397866193,90381,27077,63304
4500,5.555555555555555,90381,27077,63304
4501,5.554321261941791,90381,27077,63304
4502,5.553087516659263,90381,27077,63304
4503,5.55185431934266,90381,27077,63304
4504,5.550621669626998,90180,27038,63142
4505,5.549389567147614,90180,27038,63142
4506,5.548158011540169,90180,27038,63142
4507,5.546927002440648,90180,27038,63142
4508,5.545696539485359,90180,27038,63142
4509,5.544466622310933,90180,27038,63142
4510,5.5432372505543235,90180,27038,63142
4511,5.5420084238528045,90186,27038,63148
4512,5.540780141843972,90186,27038,63148
4513,5.539552404165743,90186,27038,63148
4514,5.538325210456358,90186,27038,63148
4515,5.537098560354374,90186,27038,63148
4516,5.535872453498671,90186,27038,63148
4517,5.534646889528448,90186,27038,63148
4518,5.533421868083223,90186,27038,63148
4519,5.532197388802833,90186,27038,63148
4520,5.530973451327434,90186,27038,63148
4521,5.529750055297501,90186,27038,63148
4522,5.5285272003538255,90186,27038,63148
4523,5.527304886137519,90186,27038,63148
4524,5.526083112290009,90186,27038,63148
4525,5.524861878453039,90186,27038,63148
4526,5.52364118426867,90186,27038,63148
4527,5.52242102937928,90186,27038,63148
4528,5.521201413427562,90186,27038,63148
4529,5.5199823360565246,90186,27038,63148
4530,5.518763796909492,90186,27038,63148
4531,5.517545795630104,90186,27038,63148
4532,5.516328331862312,90186,27038,63148
4533,5.515111405250386,90186,27038,63148
4534,5.513895015438906,90186,27038,63148
4535,5.512679162072767,90186,27038,63148
4536,5.511463844797178,90186,27038,63148
4537,5.5102490632576595,90186,27038,63148
4538,5.509034817100044,90186,27038,63148
4539,5.5078211059704785,90186,27038,63148
4540,5.506607929515418,90186,27038,63148
4541,5.505395287381634,90186,27038,63148
4542,5.504183179216204,90180,27038,63142
4543,5.50297160466652,90180,27038,63142
4544,5.501760563380282,90180,27038,63142
4545,5.5005500550055,90176,27038,63138
4546,5.499340079190497,90176,27038,63138
4547,5.498130635583902,90171,27037,63134
4548,5.496921723834652,90171,27037,63134
4549,5.495713343591998,90171,27037,63134
4550,5.4945054945054945,90171,27037,63134
4551,5.4932981762250055,90174,27036,63138
4552,5.492091388400703,90175,27004,63171
4553,5.490885130683066,90175,27004,63171
4554,5.489679402722881,90175,27004,63171
4555,5.48847420417124,90175,27004,63171
4556,5.487269534679544,90175,27004,63171
4557,5.486065393899495,90175,27004,63171
4558,5.484861781483106,90175,27004,63171
4559,5.483658697082694,90175,27004,63171
4560,5.482456140350878,90175,27004,63171
4561,5.481254110940583,90175,27004,63171
4562,5.480052608505042,90175,27004,63171
4563,5.478851632697786,90175,27004,63171
4564,5.4776511831726555,90175,27004,63171
4565,5.47645125958379,90175,27004,63171
4566,5.475251861585633,90175,27004,63171
4567,5.474052988832932,90175,27004,63171
4568,5.472854640980736,90175,27004,63171
4569,5.471656817684395,90175,27004,63171
4570,5.470459518599562,90175,27004,63171
4571,5.469262743382192,90175,27004,63171
4572,5.468066491688539,90175,27004,63171
4573,5.466870763175159,90175,27004,63171
4574,5.465675557498907,90175,27004,63171
4575,5.46448087431694,90175,27004,63171
4576,5.463286713286713,90175,27004,63171
4577,5.462093074065982,90183,27004,63179
4578,5.4608999563128,90183,27004,63179
4579,5.459707359685521,90183,27004,63179
4580,5.458515283842795,90183,27004,63179
4581,5.457323728443571,90183,27004,63179
4582,5.456132693147097,90147,27004,63143
4583,5.454942177612917,90147,27004,63143
4584,5.453752181500873,90087,26974,63113
4585,5.452562704471101,90087,26974,63113
4586,5.451373746184038,90087,26974,63113
4587,5.450185306300415,90087,26974,63113
4588,5.448997384481255,90087,26974,63113
4589,5.447809980387884,90087,26974,63113
4590,5.446623093681917,90087,26974,63113
4591,5.445436724025267,90087,26974,63113
4592,5.444250871080139,90087,26974,63113
4593,5.443065534509035,90087,26974,63113
4594,5.44188071397475,90087,26974,63113
4595,5.44069640914037,90087,26974,63113
4596,5.439512619669277,90087,26974,63113
4597,5.438329345225147,90087,26974,63113
4598,5.437146585471944,90087,26974,63113
4599,5.435964340073929,90087,26974,63113
4600,5.434782608695652,90087,26974,63113
4601,5.4336013910019565,90087,26974,63113
4602,5.4324206866579745,90087,26974,63113
4603,5.431240495329133,90087,26974,63113
4604,5.430060816681147,90086,26974,63112
4605,5.4288816503800215,90086,26974,63112
4606,5.427702996092054,90086,26974,63112
4607,5.426524853483829,90086,26974,63112
4608,5.425347222222222,90086,26974,63112
4609,5.424170101974398,90086,26974,63112
4610,5.422993492407809,90086,26974,63112
4611,5.421817393190198,90080,26974,63106
4612,5.420641803989592,90080,26974,63106
4613,5.4194667244743115,90080,26974,63106
4614,5.418292154312961,90080,26974,63106
4615,5.417118093174431,90080,26974,63106
4616,5.415944540727903,90068,26974,63094
4617,5.4147714966428415,90068,26974,63094
4618,5.413598960589,90068,26974,63094
4619,5.412426932236415,90068,26974,63094
4620,5.411255411255412,90068,26974,63094
4621,5.410084397316598,90068,26974,63094
4622,5.4089138900908695,90068,26974,63094
4623,5.407743889249405,90068,26974,63094
4624,5.406574394463668,90068,26974,63094
4625,5.405405405405405,90068,26974,63094
4626,5.40423692174665,90047,26920,63127
4627,5.403068943159715,90047,26920,63127
4628,5.4019014693172,90047,26920,63127
4629,5.4007344998919855,90047,26920,63127
4630,5.399568034557236,90044,26920,63124
4631,5.398402072986396,90044,26920,63124
4632,5.397236614853195,90044,26920,63124
4633,5.396071659831643,90044,26920,63124
4634,5.394907207596029,90044,26920,63124
4635,5.393743257820928,90044,26920,63124
4636,5.392579810181191,90000,26904,63096
4637,5.391416864351951,90000,26904,63096
4638,5.390254420008624,90000,26904,63096
4639,5.389092476826902,90000,26904,63096
4640,5.387931034482759,90000,26904,63096
4641,5.386770092652446,90000,26904,63096
4642,5.385609651012494,90000,26904,63096
4643,5.384449709239716,90000,26904,63096
4644,5.383290267011197,90000,26904,63096
4645,5.382131324004305,90000,26904,63096
4646,5.380972879896685,90000,26904,63096
4647,5.379814934366258,90000,26904,63096
4648,5.378657487091222,90000,26904,63096
4649,5.377500537750054,90000,26904,63096
4650,5.376344086021505,90000,26904,63096
4651,5.375188131584605,90000,26904,63096
4652,5.374032674118658,90000,26904,63096
4653,5.372877713303245,90000,26904,63096
4654,5.3717232488182205,90000,26904,63096
4655,5.370569280343717,90006,26904,63102
4656,5.369415807560137,90012,26724,63288
4657,5.368262830148164,90012,26724,63288
4658,5.367110347788751,90010,26713,63297
4659,5.365958360163125,90010,26713,63297
4660,5.364806866952789,90010,26713,63297
4661,5.363655867839519,90010,26713,63297
4662,5.362505362505362,90010,26713,63297
4663,5.36135535063264,90010,26713,63297
4664,5.360205831903945,90010,26713,63297
4665,5.359056806002144,90010,26713,63297
4666,5.357908272610373,90010,26713,63297
4667,5.356760231412042,90010,26713,63297
4668,5.355612682090832,90010,26713,63297
4669,5.354465624330691,90010,26713,63297
4670,5.353319057815845,90010,26713,63297
4671,5.352172982230786,90010,26713,63297
4672,5.351027397260274,90010,26713,63297
4673,5.349882302589343,90010,26713,63297
4674,5.348737697903295,90010,26713,63297
4675,5.347593582887701,90010,26713,63297
4676,5.3464499572284,90010,26713,63297
4677,5.345306820611503,90010,26713,63297
4678,5.344164172723386,90010,26713,63297
4679,5.343022013250694,90010,26713,63297
4680,5.3418803418803416,90010,26713,63297
4681,5.340739158299509,90010,26713,63297
4682,5.339598462195643,90010,26713,63297
4683,5.3384582532564595,90010,26713,63297
4684,5.33731853116994,90010,26713,63297
4685,5.336179295624333,90010,26713,63297
4686,5.335040546308152,90010,26713,63297
4687,5.333902282910177,90010,26713,63297
4688,5.332764505119454,90010,26713,63297
4689,5.3316272126252935,90010,26713,63297
4690,5.330490405117271,90010,26713,63297
4691,5.329354082285227,90010,26713,63297
4692,5.328218243819267,90010,26713,63297
4693,5.327082889409759,89985,26713,63272
4694,5.325948018747337,89985,26713,63272
4695,5.324813631522897,89985,26713,63272
4696,5.3236797274275975,89985,26713,63272
4697,5.322546306152864,89985,26713,63272
4698,5.321413367390379,89985,26713,63272
4699,5.320280910832092,89985,26713,63272
4700,5.319148936170213,89985,26713,63272
4701,5.318017443097213,89985,26713,63272
4702,5.316886431305828,89985,26713,63272
4703,5.31575590048905,89985,26713,63272
4704,5.3146258503401365,89985,26713,63272
4705,5.313496280552604,89985,26713,63272
4706,5.31236719082023,89985,26713,63272
4707,5.311238580837051,89985,26713,63272
4708,5.310110450297366,89985,26713,63272
4709,5.308982798895731,89985,26713,63272
4710,5.307855626326964,89985,26713,63272
4711,5.306728932286139,89985,26713,63272
4712,5.305602716468591,89985,26713,63272
4713,5.304476978569913,89985,26713,63272
4714,5.303351718285957,89985,26713,63272
4715,5.302226935312832,89970,26713,63257
4716,5.301102629346905,89970,26713,63257
4717,5.2999788000848,89970,26713,63257
4718,5.2988554472234,89970,26713,63257
4719,5.297732570459843,89976,26713,63263
4720,5.296610169491525,89976,26713,63263
4721,5.295488244016099,89976,26713,63263
4722,5.29436679373147,89976,26713,63263
4723,5.293245818335803,89976,26713,63263
4724,5.292125317527519,89976,26713,63263
4725,5.291005291005291,89976,26713,63263
4726,5.289885738468049,89976,26713,63263
4727,5.288766659614978,89976,26713,63263
4728,5.287648054145516,89976,26713,63263
4729,5.2865299217593575,89976,26713,63263
4730,5.2854122621564485,89834,26513,63321
4731,5.28429507503699,89834,26513,63321
4732,5.283178360101437,89834,26513,63321
4733,5.282062117050496,89834,26513,63321
4734,5.280946345585129,89834,26513,63321
4735,5.279831045406547,89834,26513,63321
4736,5.278716216216216,89834,26513,63321
4737,5.277601857715854,89834,26513,63321
4738,5.276487969607429,89834,26513,63321
4739,5.275374551593163,89834,26513,63321
4740,5.274261603375527,89834,26513,63321
4741,5.2731491246572455,89834,26513,63321
4742,5.27203711514129,89834,26513,63321
4743,5.270925574530888,89834,26513,63321
4744,5.269814502529511,89834,26513,63321
4745,5.268703898840885,89834,26513,63321
4746,5.267593763168985,89834,26513,63321
4747,5.266484095218033,89834,26513,63321
4748,5.265374894692502,89834,26513,63321
4749,5.264266161297115,89834,26513,63321
4750,5.2631578947368425,89834,26513,63321
4751,5.262050094716901,89834,26513,63321
4752,5.260942760942761,89834,26513,63321
4753,5.259835893120135,89834,26513,63321
4754,5.258729490954985,89834,26513,63321
4755,5.257623554153523,89834,26513,63321
4756,5.256518082422204,89834,26513,63321
4757,5.2554130754677315,89788,26513,63275
4758,5.254308532997058,89788,26513,63275
4759,5.253204454717378,89788,26513,63275
4760,5.2521008403361344,89788,26513,63275
4761,5.250997689561016,89788,26513,63275
4762,5.249895002099958,89788,26513,63275
4763,5.248792777661138,89788,26513,63275
4764,5.247691015952981,89788,26513,63275
4765,5.246589716684155,89788,26513,63275
4766,5.245488879563576,89788,26513,63275
4767,5.244388504300399,89788,26513,63275
4768,5.243288590604027,89788,26513,63275
4769,5.242189138184106,89750,26513,63237
4770,5.241090146750524,89750,26513,63237
4771,5.239991616013414,89750,26513,63237
4772,5.238893545683152,89750,26513,63237
4773,5.237795935470354,89750,26513,63237
4774,5.236698785085882,89750,26513,63237
4775,5.2356020942408374,89750,26513,63237
4776,5.234505862646566,89750,26513,63237
4777,5.233410090014654,89750,26513,63237
4778,5.232314776056928,89750,26513,63237
4779,5.231219920485457,89750,26513,63237
4780,5.2301255230125525,89750,26513,63237
4781,5.229031583350763,89750,26513,63237
4782,5.227938101212882,89750,26513,63237
4783,5.226845076311938,89750,26513,63237
4784,5.225752508361204,89750,26513,63237
4785,5.2246603970741905,89750,26513,63237
4786,5.223568742164647,89750,26513,63237
4787,5.222477543346564,89750,26513,63237
4788,5.221386800334169,89750,26513,63237
4789,5.220296512841929,89750,26513,63237
4790,5.219206680584551,89750,26513,63237
4791,5.218117303276978,89750,26513,63237
4792,5.217028380634391,89750,26513,63237
4793,5.215939912372209,89750,26513,63237
4794,5.214851898206091,89750,26513,63237
4795,5.213764337851929,89737,26513,63224
4796,5.212677231025855,89737,26513,63224
4797,5.211590577444236,89737,26513,63224
4798,5.2105043768236765,89743,26513,63230
4799,5.209418628881017,89743,26513,63230
4800,5.208333333333333,89743,26513,63230
4801,5.207248489897938,89743,26513,63230
4802,5.206164098292378,89743,26513,63230
4803,5.205080158234437,89743,26513,63230
4804,5.203996669442131,89743,26513,63230
4805,5.202913631633715,89743,26513,63230
4806,5.201831044527673,89743,26513,63230
4807,5.200748907842729,89725,26516,63209
4808,5.199667221297837,89725,26516,63209
4809,5.198585984612185,89725,26516,63209
4810,5.197505197505198,89725,26516,63209
4811,5.196424859696529,89725,26516,63209
4812,5.195344970906068,89725,26516,63209
4813,5.194265530853937,89725,26516,63209
4814,5.19318653926049,89725,26516,63209
4815,5.192107995846314,89725,26516,63209
4816,5.191029900332226,89713,26525,63188
4817,5.189952252439277,89713,26525,63188
4818,5.1888750518887505,89713,26525,63188
4819,5.187798298402158,89713,26525,63188
4820,5.186721991701245,89713,26525,63188
4821,5.185646131507986,89682,26525,63157
4822,5.184570717544587,89682,26525,63157
4823,5.183495749533486,89682,26525,63157
4824,5.182421227197347,89682,26525,63157
4825,5.181347150259067,89682,26525,63157
4826,5.180273518441774,89682,26525,63157
4827,5.179200331468821,89654,26525,63129
4828,5.178127589063794,89654,26525,63129
4829,5.177055290950507,89654,26525,63129
4830,5.175983436853002,89654,26525,63129
4831,5.17491202649555,89654,26525,63129
4832,5.173841059602649,89654,26525,63129
4833,5.172770535899027,89654,26525,63129
4834,5.17170045510964,89654,26525,63129
4835,5.170630816959669,89654,26525,63129
4836,5.169561621174524,89654,26525,63129
4837,5.168492867479843,89654,26525,63129
4838,5.167424555601488,89654,26525,63129
4839,5.1663566852655505,89654,26525,63129
4840,5.1652892561983474,89654,26525,63129
4841,5.16422226812642,89654,26525,63129
4842,5.163155720776539,89654,26525,63129
4843,5.162089613875697,89651,26525,63126
4844,5.161023947151115,89651,26525,63126
4845,5.159958720330238,89651,26525,63126
4846,5.158893933140734,89651,26525,63126
4847,5.157829585310501,89651,26525,63126
4848,5.156765676567657,89651,26525,63126
4849,5.1557022066405445,89651,26525,63126
4850,5.154639175257732,89651,26525,63126
4851,5.153576582148011,89651,26525,63126
4852,5.152514427040396,89651,26525,63126
4853,5.151452709664126,89651,26525,63126
4854,5.150391429748661,89626,26500,63126
4855,5.1493305870236865,89626,26500,63126
4856,5.14827018121911,89607,26451,63156
4857,5.147210212065061,89586,26451,63135
4858,5.14615067929189,89586,26451,63135
4859,5.145091582630171,89586,26451,63135
4860,5.1440329218107,89586,26451,63135
4861,5.142974696564493,89586,26451,63135
4862,5.1419169066227886,89586,26451,63135
4863,5.140859551717047,89586,26451,63135
4864,5.139802631578948,89586,26451,63135
4865,5.138746145940391,89586,26451,63135
4866,5.137690094533498,89586,26451,63135
4867,5.1366344770906105,89586,26451,63135
4868,5.135579293344289,89586,26451,63135
4869,5.134524543027315,89586,26451,63135
4870,5.13347022587269,89586,26451,63135
4871,5.132416341613632,89586,26451,63135
4872,5.1313628899835795,89586,26451,63135
4873,5.130309870716191,89586,26451,63135
4874,5.129257283545343,89586,26451,63135
4875,5.128205128205129,89586,26451,63135
4876,5.12715340442986,89586,26451,63135
4877,5.12610211195407,89586,26451,63135
4878,5.125051250512505,89586,26451,63135
4879,5.1240008198401314,89586,26451,63135
4880,5.122950819672131,89586,26451,63135
4881,5.121901249743905,89586,26451,63135
4882,5.120852109791069,89586,26451,63135
4883,5.119803399549458,89586,26451,63135
4884,5.118755118755119,89586,26451,63135
4885,5.117707267144319,89586,26451,63135
4886,5.116659844453541,89586,26451,63135
4887,5.11561285041948,89586,26451,63135
4888,5.114566284779051,89587,26451,63136
4889,5.11352014726938,89587,26451,63136
4890,5.112474437627812,89587,26451,63136
4891,5.111429155591903,89587,26451,63136
4892,5.110384300899428,89587,26451,63136
4893,5.109339873288371,89587,26451,63136
4894,5.108295872496935,89587,26451,63136
4895,5.107252298263535,89587,26451,63136
4896,5.106209150326797,89593,26451,63142
4897,5.105166428425567,89593,26451,63142
4898,5.104124132298898,89593,26451,63142
4899,5.103082261686058,89593,26451,63142
4900,5.1020408163265305,89593,26451,63142
4901,5.100999795960008,89593,26451,63142
4902,5.099959200326397,89593,26451,63142
4903,5.098919029165817,89588,26452,63136
4904,5.097879282218597,89588,26452,63136
4905,5.096839959225281,89598,26452,63146
4906,5.095801059926621,89598,26452,63146
4907,5.094762584063583,89598,26452,63146
4908,5.093724531377343,89598,26452,63146
4909,5.092686901609289,89598,26452,63146
4910,5.091649694501018,89598,26452,63146
4911,5.09061290979434,89598,26452,63146
4912,5.08957654723127,89598,26452,63146
4913,5.08854060655404,89598,26452,63146
4914,5.087505087505088,89598,26452,63146
4915,5.0864699898270604,89598,26452,63146
4916,5.085435313262815,89562,26452,63110
4917,5.08440105755542,89562,26452,63110
4918,5.08336722244815,89562,26452,63110
4919,5.082333807684488,89562,26452,63110
4920,5.08130081300813,89562,26452,63110
4921,5.080268238162975,89562,26452,63110
4922,5.079236082893133,89562,26452,63110
4923,5.078204346942921,89562,26452,63110
4924,5.077173030056865,89562,26452,63110
4925,5.0761421319796955,89562,26452,63110
4926,5.075111652456354,89562,26452,63110
4927,5.074081591231987,89562,26452,63110
4928,5.0730519480519485,89562,26452,63110
4929,5.0720227226617975,89562,26452,63110
4930,5.070993914807302,89562,26452,63110
4931,5.069965524234435,89562,26452,63110
4932,5.068937550689376,89562,26452,63110
4933,5.067909993918508,89562,26452,63110
4934,5.066882853668424,89562,26452,63110
4935,5.065856129685917,89562,26452,63110
4936,5.06482982171799,89562,26452,63110
4937,5.063803929511849,89562,26452,63110
4938,5.0627784528149045,89562,26452,63110
4939,5.061753391374772,89562,26452,63110
4940,5.060728744939271,89562,26452,63110
4941,5.059704513256426,89562,26452,63110
4942,5.058680696074464,89562,26452,63110
4943,5.0576572931418164,89562,26452,63110
4944,5.05663430420712,89562,26452,63110
4945,5.055611729019211,89562,26452,63110
4946,5.054589567327133,89562,26452,63110
4947,5.053567818880129,89562,26452,63110
4948,5.052546483427648,89562,26452,63110
4949,5.0515255607193374,89562,26452,63110
4950,5.05050505050505,89562,26452,63110
4951,5.049484952534842,89562,26452,63110
4952,5.048465266558966,89562,26452,63110
4953,5.047445992327882,89562,26452,63110
4954,5.0464271295922485,89562,26452,63110
4955,5.045408678102926,89562,26452,63110
4956,5.044390637610976,89562,26452,63110
4957,5.043373007867662,89562,26452,63110
4958,5.0423557886244454,89562,26452,63110
4959,5.04133897963299,89562,26452,63110
4960,5.040322580645161,89562,26452,63110
4961,5.0393065914130215,89562,26452,63110
4962,5.038291011688835,89562,26452,63110
4963,5.037275841225066,89562,26452,63110
4964,5.036261079774375,89562,26452,63110
4965,5.0352467270896275,89562,26452,63110
4966,5.034232782923882,89562,26452,63110
4967,5.0332192470304005,89562,26452,63110
4968,5.032206119162641,89562,26452,63110
4969,5.031193399074261,89562,26452,63110
4970,5.030181086519114,89562,26452,63110
4971,5.029169181251257,89562,26452,63110
4972,5.02815768302494,89501,26452,63049
4973,5.027146591594611,89501,26452,63049
4974,5.026135906714917,89501,26452,63049
4975,5.025125628140704,89501,26452,63049
4976,5.02411575562701,89501,26452,63049
4977,5.023106288929074,89501,26452,63049
4978,5.02209722780233,89501,26452,63049
4979,5.0210885720024105,89501,26452,63049
4980,5.020080321285141,89501,26452,63049
4981,5.019072475406545,89501,26452,63049
4982,5.018065034122842,89501,26452,63049
4983,5.017057997190448,89501,26452,63049
4984,5.016051364365971,89501,26452,63049
4985,5.015045135406218,89501,26452,63049
4986,5.014039310068191,89482,26397,63085
4987,5.013033888109083,89482,26397,63085
4988,5.012028869286287,89482,26397,63085
4989,5.0110242533573865,89482,26397,63085
4990,5.01002004008016,89482,26397,63085
4991,5.009016229212583,89482,26397,63085
4992,5.00801282051282,89482,26397,63085
4993,5.007009813739235,89470,26397,63073
4994,5.006007208650381,89470,26397,63073
4995,5.005005005005005,89470,26397,63073
4996,5.00400320256205,89470,26397,63073
4997,5.003001801080648,89470,26397,63073
4998,5.002000800320128,89470,26397,63073
4999,5.001000200040008,89470,26397,63073
5000,5,89470,26397,63073
5001,4.999000199960008,89176,26097,63079
5002,4.998000799680128,89176,26097,63079
5003,4.997001798920648,89176,26097,63079
5004,4.996003197442047,89182,26097,63085
5005,4.995004995004995,89182,26097,63085
5006,4.994007191370356,89182,26097,63085
5007,4.993009786299181,89182,26097,63085
5008,4.992012779552716,89182,26097,63085
5009,4.991016170892394,89182,26097,63085
5010,4.990019960079841,89182,26097,63085
5011,4.989024146876871,89182,26097,63085
5012,4.988028731045491,89182,26097,63085
5013,4.987033712347896,89182,26097,63085
5014,4.98603909054647,89182,26097,63085
5015,4.985044865403789,89182,26097,63085
5016,4.984051036682616,89182,26097,63085
5017,4.983057604145904,89182,26097,63085
5018,4.982064567556796,89182,26097,63085
5019,4.981071926678621,89182,26097,63085
5020,4.9800796812749,89182,26097,63085
5021,4.979087831109341,89182,26097,63085
5022,4.978096375945838,89182,26097,63085
5023,4.977105315548477,89176,26097,63079
5024,4.976114649681529,89176,26097,63079
5025,4.975124378109452,89176,26097,63079
5026,4.974134500596896,89176,26097,63079
5027,4.973145016908693,89176,26097,63079
5028,4.972155926809865,89176,26097,63079
5029,4.971167230065619,89176,26097,63079
5030,4.970178926441352,89176,26097,63079
5031,4.969191015702644,89176,26097,63079
5032,4.968203497615263,89176,26097,63079
5033,4.967216371945162,89176,26097,63079
5034,4.966229638458483,89176,26097,63079
5035,4.965243296921549,89176,26097,63079
5036,4.964257347100873,89176,26097,63079
5037,4.963271788763152,89176,26097,63079
5038,4.962286621675268,89176,26097,63079
5039,4.961301845604287,89176,26097,63079
5040,4.9603174603174605,89176,26097,63079
5041,4.959333465582226,89171,26058,63113
5042,4.958349861166204,89069,25922,63147
5043,4.9573666468372,89069,25922,63147
5044,4.956383822363204,89069,25922,63147
5045,4.955401387512389,89069,25922,63147
5046,4.954419342053112,89069,25922,63147
5047,4.953437685753913,89069,25922,63147
5048,4.952456418383518,89069,25922,63147
5049,4.951475539710834,89069,25922,63147
5050,4.9504950495049505,89069,25922,63147
5051,4.949514947535142,89069,25922,63147
5052,4.948535233570863,89069,25922,63147
5053,4.947555907381753,89069,25922,63147
5054,4.9465769687376335,89046,25922,63124
5055,4.945598417408506,89046,25922,63124
5056,4.944620253164557,89046,25922,63124
5057,4.9436424757761515,89046,25922,63124
5058,4.942665085013839,89046,25922,63124
5059,4.941688080648349,89046,25922,63124
5060,4.940711462450593,89046,25922,63124
5061,4.939735230191662,89046,25922,63124
5062,4.938759383642829,89046,25922,63124
5063,4.937783922575548,89046,25922,63124
5064,4.936808846761453,89046,25922,63124
5065,4.935834155972359,89010,25922,63088
5066,4.934859849980261,88934,25812,63122
5067,4.9338859285573315,88934,25812,63122
5068,4.932912391475927,88934,25812,63122
5069,4.931939238508582,88934,25812,63122
5070,4.930966469428008,88934,25812,63122
5071,4.929994084007099,88934,25812,63122
5072,4.929022082018927,88934,25812,63122
5073,4.928050463236744,88934,25812,63122
5074,4.927079227433977,88934,25812,63122
5075,4.926108374384237,88934,25812,63122
5076,4.925137903861308,88934,25812,63122
5077,4.924167815639157,88934,25812,63122
5078,4.923198109491926,88934,25812,63122
5079,4.922228785193936,88934,25812,63122
5080,4.921259842519685,88934,25812,63122
5081,4.920291281243849,88934,25812,63122
5082,4.919323101141283,88934,25812,63122
5083,4.918355301987016,88934,25812,63122
5084,4.917387883556255,88934,25812,63122
5085,4.916420845624385,88934,25812,63122
5086,4.915454187966968,88934,25812,63122
5087,4.914487910359741,88920,25812,63108
5088,4.913522012578617,88920,25812,63108
5089,4.912556494399686,88920,25812,63108
5090,4.911591355599215,88920,25812,63108
5091,4.9106265959536435,88920,25812,63108
5092,4.9096622152395915,88894,25812,63082
5093,4.90869821323385,88894,25812,63082
5094,4.907734589713388,88894,25812,63082
5095,4.906771344455349,88894,25812,63082
5096,4.9058084772370485,88894,25812,63082
5097,4.904845987835982,88894,25812,63082
5098,4.903883876029815,88894,25812,63082
5099,4.902922141596392,88894,25812,63082
5100,4.901960784313726,88894,25812,63082
5101,4.900999803960008,88894,25812,63082
5102,4.900039200313603,88894,25812,63082
5103,4.899078973153047,88894,25812,63082
5104,4.898119122257054,88894,25812,63082
5105,4.897159647404505,88894,25812,63082
5106,4.896200548374462,88894,25812,63082
5107,4.895241824946153,88894,25812,63082
5108,4.894283476898982,88894,25812,63082
5109,4.893325504012527,88730,25879,62851
5110,4.892367906066537,88730,25879,62851
5111,4.891410682840931,88730,25879,62851
5112,4.890453834115806,88730,25879,62851
5113,4.8894973596714255,88722,25879,62843
5114,4.888541259288228,88722,25879,62843
5115,4.887585532746823,88722,25879,62843
5116,4.886630179827991,88722,25879,62843
5117,4.885675200312683,88722,25879,62843
5118,4.884720593982024,88722,25879,62843
5119,4.883766360617308,88701,25904,62797
5120,4.8828125,88701,25904,62797
5121,4.881859011911736,88701,25904,62797
5122,4.880905896134323,88701,25904,62797
5123,4.879953152449737,88701,25904,62797
5124,4.8790007806401245,88701,25904,62797
5125,4.878048780487805,88701,25904,62797
5126,4.8770971517752635,88701,25904,62797
5127,4.876145894285157,88701,25904,62797
5128,4.875195007800312,88697,25904,62793
5129,4.874244492103724,88697,25904,62793
5130,4.8732943469785575,88697,25904,62793
5131,4.872344572208147,88703,25904,62799
5132,4.871395167575994,88703,25904,62799
5133,4.87044613286577,88703,25904,62799
5134,4.869497467861317,88677,25904,62773
5135,4.868549172346641,88677,25904,62773
5136,4.867601246105919,88675,25904,62771
5137,4.866653688923496,88675,25904,62771
5138,4.865706500583885,88675,25904,62771
5139,4.864759680871765,88675,25904,62771
5140,4.863813229571984,88675,25904,62771
5141,4.862867146469559,88675,25904,62771
5142,4.8619214313496695,88675,25904,62771
5143,4.860976083997667,88675,25904,62771
5144,4.8600311041990665,88675,25904,62771
5145,4.859086491739553,88675,25904,62771
5146,4.858142246404975,88675,25904,62771
5147,4.857198367981348,88681,25904,62777
5148,4.856254856254856,88681,25904,62777
5149,4.855311711011847,88681,25904,62777
5150,4.854368932038835,88681,25904,62777
5151,4.8534265191225,88681,25904,62777
5152,4.85248447204969,88681,25904,62777
5153,4.851542790607414,88681,25904,62777
5154,4.850601474582848,88681,25904,62777
5155,4.849660523763337,88681,25904,62777
5156,4.848719937936385,88681,25904,62777
5157,4.847779716889664,88681,25904,62777
5158,4.846839860411012,88681,25904,62777
5159,4.845900368288428,88681,25904,62777
5160,4.844961240310077,88681,25904,62777
5161,4.84402247626429,88681,25904,62777
5162,4.843084075939558,88681,25904,62777
5163,4.84214603912454,88681,25904,62777
5164,4.841208365608056,88681,25904,62777
5165,4.84027105517909,88669,25931,62738
5166,4.83933410762679,88669,25931,62738
5167,4.838397522740468,88669,25931,62738
5168,4.837461300309598,88669,25931,62738
5169,4.836525440123815,88669,25931,62738
5170,4.835589941972921,88649,25931,62718
5171,4.834654805646877,88649,25931,62718
5172,4.833720030935808,88649,25931,62718
5173,4.832785617630002,88649,25931,62718
5174,4.831851565519907,88649,25931,62718
5175,4.830917874396135,88649,25931,62718
5176,4.829984544049459,88649,25931,62718
5177,4.829051574270813,88649,25931,62718
5178,4.828118964851294,88649,25931,62718
5179,4.827186715582159,88649,25931,62718
5180,4.826254826254826,88637,25931,62706
5181,4.825323296660876,88637,25931,62706
5182,4.824392126592049,88637,25931,62706
5183,4.823461315840247,88637,25931,62706
5184,4.822530864197531,88637,25931,62706
5185,4.821600771456123,88637,25931,62706
5186,4.820671037408407,88637,25931,62706
5187,4.819741661846925,88637,25931,62706
5188,4.818812644564379,88637,25931,62706
5189,4.817883985353633,88637,25931,62706
5190,4.8169556840077075,88637,25931,62706
5191,4.816027740319784,88637,25931,62706
5192,4.815100154083205,88637,25931,62706
5193,4.814172925091469,88637,25931,62706
5194,4.813246053138236,88637,25931,62706
5195,4.8123195380173245,88637,25931,62706
5196,4.81139337952271,88637,25931,62706
5197,4.810467577448528,88637,25931,62706
5198,4.8095421315890725,88636,25928,62708
5199,4.808617041738796,88636,25928,62708
5200,4.8076923076923075,88636,25928,62708
5201,4.806767929244376,88636,25928,62708
5202,4.805843906189927,88636,25928,62708
5203,4.804920238324044,88636,25928,62708
5204,4.803996925441968,88636,25928,62708
5205,4.803073967339097,88636,25928,62708
5206,4.802151363810987,88636,25928,62708
5207,4.801229114653351,88636,25928,62708
5208,4.800307219662058,88636,25928,62708
5209,4.799385678633135,88636,25928,62708
5210,4.798464491362764,88636,25928,62708
5211,4.797543657647284,88636,25928,62708
5212,4.796623177283193,88636,25928,62708
5213,4.79570305006714,88636,25928,62708
5214,4.794783275795934,88636,25928,62708
5215,4.793863854266539,88636,25928,62708
5216,4.792944785276074,88636,25928,62708
5217,4.792026068621813,88636,25928,62708
5218,4.791107704101188,88636,25928,62708
5219,4.790189691511784,88636,25928,62708
5220,4.789272030651341,88636,25928,62708
5221,4.788354721317755,88636,25928,62708
5222,4.787437763309077,88636,25928,62708
5223,4.786521156423511,88636,25928,62708
5224,4.785604900459418,88636,25928,62708
5225,4.784688995215311,88636,25928,62708
5226,4.783773440489858,88636,25928,62708
5227,4.782858236081882,88636,25928,62708
5228,4.781943381790359,88636,25928,62708
5229,4.781028877414419,88636,25928,62708
5230,4.780114722753346,88636,25928,62708
5231,4.779200917606576,88636,25928,62708
5232,4.7782874617737,88510,25832,62678
5233,4.777374355054462,88510,25832,62678
5234,4.776461597248758,88510,25832,62678
5235,4.775549188156638,88510,25832,62678
5236,4.774637127578304,88510,25832,62678
5237,4.773725415314111,88510,25832,62678
5238,4.772814051164566,88510,25832,62678
5239,4.771903034930331,88510,25832,62678
5240,4.770992366412214,88510,25832,62678
5241,4.770082045411181,88510,25832,62678
5242,4.769172071728348,88510,25832,62678
5243,4.768262445164982,88510,25832,62678
5244,4.767353165522502,88510,25832,62678
5245,4.7664442326024785,88510,25832,62678
5246,4.765535646206634,88510,25832,62678
5247,4.76462740613684,88510,25832,62678
5248,4.763719512195122,88510,25832,62678
5249,4.762811964183654,88510,25832,62678
5250,4.761904761904762,88510,25832,62678
5251,4.760997905160922,88510,25832,62678
5252,4.76009139375476,88510,25832,62678
5253,4.759185227489054,88510,25832,62678
5254,4.75827940616673,88510,25832,62678
5255,4.757373929590866,88510,25832,62678
5256,4.756468797564688,88510,25832,62678
5257,4.7555640098915735,88510,25832,62678
5258,4.7546595663750475,88510,25832,62678
5259,4.753755466818787,88510,25832,62678
5260,4.752851711026616,88510,25832,62678
5261,4.7519482988025095,88510,25832,62678
5262,4.751045229950589,88510,25832,62678
5263,4.750142504275129,88510,25832,62678
5264,4.749240121580547,88510,25832,62678
5265,4.748338081671415,88510,25832,62678
5266,4.74743638435245,88510,25832,62678
5267,4.746535029428517,88510,25832,62678
5268,4.745634016704631,88478,25832,62646
5269,4.7447333459859555,88478,25832,62646
5270,4.743833017077799,88478,25832,62646
5271,4.742933029785619,88478,25832,62646
5272,4.742033383915023,88437,25836,62601
5273,4.741134079271762,88437,25836,62601
5274,4.740235115661736,88437,25836,62601
5275,4.739336492890995,88437,25836,62601
5276,4.7384382107657315,88437,25836,62601
5277,4.737540269092287,88437,25836,62601
5278,4.736642667677151,88437,25836,62601
5279,4.735745406326956,88437,25836,62601
5280,4.734848484848484,88437,25836,62601
5281,4.733951903048665,88437,25836,62601
5282,4.73305566073457,88437,25836,62601
5283,4.73215975771342,88437,25836,62601
5284,4.7312641937925815,88437,25836,62601
5285,4.7303689687795645,88437,25836,62601
5286,4.729474082482028,88437,25836,62601
5287,4.728579534707774,88437,25836,62601
5288,4.72768532526475,88381,25836,62545
5289,4.726791453961051,88381,25836,62545
5290,4.725897920604915,88381,25836,62545
5291,4.725004725004725,88381,25836,62545
5292,4.72411186696901,88381,25836,62545
5293,4.7232193463064425,88381,25836,62545
5294,4.722327162825841,88370,25804,62566
5295,4.721435316336166,88370,25804,62566
5296,4.720543806646526,88370,25804,62566
5297,4.719652633566169,88370,25804,62566
5298,4.718761796904492,88370,25804,62566
5299,4.717871296471032,88370,25804,62566
5300,4.716981132075472,88370,25804,62566
5301,4.716091303527636,88370,25804,62566
5302,4.715201810637495,88370,25804,62566
5303,4.714312653215162,88370,25804,62566
5304,4.71342383107089,88370,25804,62566
5305,4.71253534401508,88370,25804,62566
5306,4.711647191858273,88370,25804,62566
5307,4.710759374411155,88370,25804,62566
5308,4.709871891484552,88370,25804,62566
5309,4.708984742889433,88370,25804,62566
5310,4.708097928436912,88352,25807,62545
5311,4.707211447938241,88352,25807,62545
5312,4.706325301204819,88352,25807,62545
5313,4.705439488048183,88352,25807,62545
5314,4.704554008280015,88352,25807,62545
5315,4.703668861712136,88352,25807,62545
5316,4.702784048156508,88352,25807,62545
5317,4.70189956742524,88352,25807,62545
5318,4.7010154193305755,88352,25807,62545
5319,4.700131603684903,88352,25807,62545
5320,4.6992481203007515,88352,25807,62545
5321,4.698364968990791,88352,25807,62545
5322,4.697482149567832,88352,25807,62545
5323,4.696599661844824,88352,25807,62545
5324,4.695717505634861,88346,25807,62539
5325,4.694835680751174,88346,25807,62539
5326,4.693954187007135,88346,25807,62539
5327,4.693073024216257,88346,25807,62539
5328,4.692192192192192,88346,25807,62539
5329,4.6913116907487336,88346,25807,62539
5330,4.690431519699812,88346,25807,62539
5331,4.689551678859501,88346,25807,62539
5332,4.688672168042011,88346,25807,62539
5333,4.687792987061691,88346,25807,62539
5334,4.6869141357330335,88346,25807,62539
5335,4.686035613870666,88346,25807,62539
5336,4.685157421289356,88346,25807,62539
5337,4.68427955780401,88346,25807,62539
5338,4.683402023229674,88346,25807,62539
5339,4.682524817381532,88352,25804,62548
5340,4.681647940074907,88352,25804,62548
5341,4.6807713911252575,88352,25804,62548
5342,4.679895170348185,88352,25804,62548
5343,4.679019277559424,88352,25804,62548
5344,4.67814371257485,88352,25804,62548
5345,4.677268475210477,88352,25804,62548
5346,4.676393565282454,88352,25804,62548
5347,4.67551898260707,88352,25804,62548
5348,4.674644727000748,88352,25804,62548
5349,4.673770798280052,88352,25804,62548
5350,4.672897196261682,88332,25804,62528
5351,4.6720239207624745,88332,25804,62528
5352,4.671150971599402,88311,25747,62564
5353,4.670278348589576,88311,25747,62564
5354,4.669406051550243,88311,25747,62564
5355,4.6685340802987865,88299,25747,62552
5356,4.667662434652726,88299,25747,62552
5357,4.666791114429718,88299,25747,62552
5358,4.665920119447555,88299,25747,62552
5359,4.665049449524165,88299,25747,62552
5360,4.664179104477612,88299,25747,62552
5361,4.663309084126096,88299,25747,62552
5362,4.662439388287952,88299,25747,62552
5363,4.661570016781652,88299,25747,62552
5364,4.660700969425801,88299,25747,62552
5365,4.659832246039143,88299,25747,62552
5366,4.658963846440551,88299,25747,62552
5367,4.65809577044904,88299,25747,62552
5368,4.657228017883756,88299,25747,62552
5369,4.656360588563978,88299,25747,62552
5370,4.655493482309125,88299,25747,62552
5371,4.6546266989387455,88299,25747,62552
5372,4.6537602382725245,88299,25747,62552
5373,4.652894100130281,88299,25747,62552
5374,4.652028284331969,88300,25714,62586
5375,4.651162790697675,88300,25714,62586
5376,4.650297619047619,88300,25714,62586
5377,4.649432769202157,88300,25714,62586
5378,4.648568240981778,88300,25714,62586
5379,4.647704034207102,88300,25714,62586
5380,4.646840148698884,88294,25714,62580
5381,4.645976584278015,88294,25714,62580
5382,4.645113340765515,88294,25714,62580
5383,4.644250417982538,88294,25714,62580
5384,4.643387815750372,88294,25714,62580
5385,4.642525533890437,88294,25714,62580
5386,4.641663572224285,88294,25714,62580
5387,4.640801930573603,88294,25714,62580
5388,4.639940608760208,88294,25714,62580
5389,4.63907960660605,88294,25714,62580
5390,4.638218923933209,88294,25714,62580
5391,4.637358560563903,88294,25714,62580
5392,4.636498516320475,88294,25714,62580
5393,4.6356387910254035,88294,25714,62580
5394,4.6347793845012975,88294,25714,62580
5395,4.633920296570899,88294,25714,62580
5396,4.633061527057079,88294,25714,62580
5397,4.632203075782843,88294,25714,62580
5398,4.631344942571323,88294,25714,62580
5399,4.630487127245786,88294,25714,62580
5400,4.62962962962963,88294,25714,62580
5401,4.62877244954638,88286,25714,62572
5402,4.627915586819697,88286,25714,62572
5403,4.627059041273367,88286,25714,62572
5404,4.62620281273131,88286,25714,62572
5405,4.6253469010175765,88286,25714,62572
5406,4.624491305956345,88286,25714,62572
5407,4.6236360273719255,88286,25714,62572
5408,4.622781065088757,88286,25714,62572
5409,4.621926418931411,88286,25714,62572
5410,4.621072088724584,88286,25714,62572
5411,4.620218074293106,88286,25714,62572
5412,4.619364375461936,88286,25714,62572
5413,4.618510992056161,88286,25714,62572
5414,4.617657923900998,88286,25714,62572
5415,4.616805170821792,88286,25714,62572
5416,4.6159527326440175,88246,25714,62532
5417,4.615100609193281,88246,25714,62532
5418,4.614248800295312,88246,25714,62532
5419,4.613397305775973,88246,25714,62532
5420,4.612546125461255,88246,25714,62532
5421,4.6116952591772735,88246,25714,62532
5422,4.610844706750276,88246,25714,62532
5423,4.609994468006638,88246,25714,62532
5424,4.609144542772861,88246,25714,62532
5425,4.608294930875576,88246,25714,62532
5426,4.607445632141541,88246,25714,62532
5427,4.606596646397642,88246,25714,62532
5428,4.6057479734708915,88246,25714,62532
5429,4.604899613188432,88246,25714,62532
5430,4.6040515653775325,88246,25714,62532
5431,4.603203829865587,88246,25714,62532
5432,4.6023564064801175,88246,25714,62532
5433,4.601509295048776,88237,25675,62562
5434,4.600662495399337,88237,25675,62562
5435,4.599816007359705,88237,25675,62562
5436,4.59896983075791,88237,25675,62562
5437,4.598123965422108,88237,25675,62562
5438,4.597278411180581,88237,25675,62562
5439,4.596433167861739,88237,25675,62562
5440,4.595588235294118,88237,25675,62562
5441,4.5947436133063775,88237,25675,62562
5442,4.593899301727306,88237,25675,62562
5443,4.593055300385816,88237,25675,62562
5444,4.592211609110948,88218,25654,62564
5445,4.591368227731864,88218,25654,62564
5446,4.590525156077855,88218,25654,62564
5447,4.589682393978337,88218,25654,62564
5448,4.588839941262849,88218,25654,62564
5449,4.587997797761057,88218,25654,62564
5450,4.587155963302752,88218,25654,62564
5451,4.58631443771785,88222,25654,62568
5452,4.58547322083639,88222,25654,62568
5453,4.584632312488538,88222,25654,62568
5454,4.583791712504584,88222,25654,62568
5455,4.582951420714941,88222,25654,62568
5456,4.5821114369501466,88222,25654,62568
5457,4.581271761040865,88222,25654,62568
5458,4.580432392817882,88222,25654,62568
5459,4.5795933321121085,88222,25654,62568
5460,4.5787545787545785,88222,25654,62568
5461,4.577916132576451,88222,25654,62568
5462,4.577077993409008,88222,25654,62568
5463,4.576240161083653,88219,25651,62568
5464,4.575402635431918,88218,25683,62535
5465,4.574565416285453,88218,25683,62535
5466,4.573728503476033,88218,25683,62535
5467,4.572891896835559,88218,25683,62535
5468,4.57205559619605,88218,25683,62535
5469,4.571219601389651,88218,25683,62535
5470,4.570383912248629,88218,25683,62535
5471,4.569548528605374,88218,25683,62535
5472,4.568713450292398,88218,25683,62535
5473,4.567878677142335,88218,25683,62535
5474,4.567044208987943,88152,25683,62469
5475,4.566210045662101,88152,25683,62469
5476,4.565376186997809,88152,25683,62469
5477,4.56454263282819,88152,25683,62469
5478,4.563709382986492,88144,25703,62441
5479,4.562876437306078,88144,25703,62441
5480,4.562043795620438,88144,25703,62441
5481,4.561211457763182,88144,25703,62441
5482,4.560379423568041,88144,25703,62441
5483,4.559547692868867,88144,25703,62441
5484,4.558716265499635,88144,25703,62441
5485,4.557885141294439,88140,25703,62437
5486,4.557054320087495,88140,25703,62437
5487,4.5562238017131405,88140,25703,62437
5488,4.555393586005831,88140,25703,62437
5489,4.554563672800146,88140,25703,62437
5490,4.553734061930784,88140,25703,62437
5491,4.552904753232562,88132,25703,62429
5492,4.552075746540423,88132,25703,62429
5493,4.551247041689423,88132,25703,62429
5494,4.550418638514743,88132,25703,62429
5495,4.549590536851683,88132,25703,62429
5496,4.548762736535663,88132,25703,62429
5497,4.5479352374022195,88132,25703,62429
5498,4.547108039287013,88132,25703,62429
5499,4.546281142025823,88132,25703,62429
5500,4.545454545454546,88132,25703,62429
5501,4.5446282494091985,88132,25703,62429
5502,4.543802253725918,88132,25703,62429
5503,4.54297655824096,88132,25703,62429
5504,4.542151162790698,88132,25703,62429
5505,4.541326067211626,88132,25703,62429
5506,4.540501271340356,88132,25703,62429
5507,4.539676775013619,88132,25703,62429
5508,4.538852578068265,88132,25703,62429
5509,4.5380286803412595,88132,25703,62429
5510,4.537205081669692,88132,25703,62429
5511,4.536381781890764,88132,25703,62429
5512,4.5355587808418,88132,25703,62429
5513,4.53473607836024,88132,25703,62429
5514,4.5339136742836414,88132,25703,62429
5515,4.533091568449683,88132,25703,62429
5516,4.532269760696157,88132,25703,62429
5517,4.531448250860975,88132,25703,62429
5518,4.530627038782168,88132,25703,62429
5519,4.52980612429788,88132,25703,62429
5520,4.528985507246377,88086,25703,62383
5521,4.528165187466039,88062,25703,62359
5522,4.527345164795364,88062,25703,62359
5523,4.526525439072968,88062,25703,62359
5524,4.525706010137582,88062,25703,62359
5525,4.524886877828054,88062,25703,62359
5526,4.524068041983352,88062,25703,62359
5527,4.523249502442555,88062,25703,62359
5528,4.522431259044862,88015,25722,62293
5529,4.521613311629589,88015,25722,62293
5530,4.520795660036167,88015,25722,62293
5531,4.51997830410414,88015,25722,62293
5532,4.5191612436731745,88014,25722,62292
5533,4.518344478583047,88014,25722,62292
5534,4.517528008673653,88014,25722,62292
5535,4.5167118337850045,88014,25722,62292
5536,4.515895953757226,88018,25725,62293
5537,4.515080368430558,88018,25725,62293
5538,4.5142650776453594,88018,25725,62293
5539,4.513450081242102,88018,25725,62293
5540,4.512635379061372,88018,25725,62293
5541,4.511820970943873,88018,25725,62293
5542,4.511006856730422,88018,25725,62293
5543,4.510193036261952,88018,25725,62293
5544,4.509379509379509,88018,25725,62293
5545,4.508566275924256,88018,25725,62293
5546,4.507753335737468,88018,25725,62293
5547,4.506940688660538,88018,25725,62293
5548,4.506128334534967,88018,25725,62293
5549,4.505316273202379,88018,25725,62293
5550,4.504504504504505,88018,25725,62293
5551,4.503693028283192,88018,25725,62293
5552,4.502881844380403,88018,25725,62293
5553,4.502070952638213,88018,25725,62293
5554,4.501260352898812,87972,25725,62247
5555,4.5004500450045,87972,25725,62247
5556,4.499640028797696,87972,25725,62247
5557,4.498830304120928,87972,25725,62247
5558,4.49802087081684,87972,25725,62247
5559,4.497211728728188,87972,25725,62247
5560,4.496402877697841,87972,25725,62247
5561,4.4955943175687825,87972,25725,62247
5562,4.494786048184107,87972,25725,62247
5563,4.493978069387022,87972,25725,62247
5564,4.493170381020848,87972,25725,62247
5565,4.492362982929021,87972,25725,62247
5566,4.491555874955084,87972,25725,62247
5567,4.490749056942698,87972,25725,62247
5568,4.489942528735632,87972,25725,62247
5569,4.48913629017777,87972,25725,62247
5570,4.488330341113106,87972,25725,62247
5571,4.4875246813857474,87966,25725,62241
5572,4.486719310839914,87966,25725,62241
5573,4.485914229319936,87966,25725,62241
5574,4.485109436670255,87966,25725,62241
5575,4.484304932735426,87948,25725,62223
5576,4.483500717360115,87948,25725,62223
5577,4.482696790389098,87948,25725,62223
5578,4.481893151667264,87948,25725,62223
5579,4.481089801039613,87948,25725,62223
5580,4.480286738351254,87948,25725,62223
5581,4.479483963447411,87948,25725,62223
5582,4.478681476173414,87948,25725,62223
5583,4.477879276374709,87948,25725,62223
5584,4.477077363896848,87948,25725,62223
5585,4.476275738585497,87948,25725,62223
5586,4.47547440028643,87948,25725,62223
5587,4.474673348845534,87909,25675,62234
5588,4.473872584108805,87909,25675,62234
5589,4.4730721059223475,87909,25675,62234
5590,4.47227191413238,87909,25675,62234
5591,4.471472008585226,87909,25675,62234
5592,4.470672389127325,87909,25675,62234
5593,4.469873055605221,87909,25675,62234
5594,4.46907400786557,87909,25675,62234
5595,4.468275245755138,87909,25675,62234
5596,4.4674767691208,87909,25675,62234
5597,4.466678577809541,87909,25675,62234
5598,4.465880671668453,87909,25675,62234
5599,4.46508305054474,87909,25675,62234
5600,4.464285714285714,87909,25675,62234
5601,4.463488662738797,87909,25675,62234
5602,4.462691895751517,87909,25675,62234
5603,4.461895413171515,87909,25675,62234
5604,4.461099214846538,87909,25675,62234
5605,4.460303300624442,87909,25675,62234
5606,4.459507670353193,87909,25675,62234
5607,4.458712323880863,87909,25675,62234
5608,4.457917261055635,87909,25675,62234
5609,4.457122481725798,87909,25675,62234
5610,4.45632798573975,87909,25675,62234
5611,4.455533772945999,87909,25675,62234
5612,4.454739843193157,87909,25675,62234
5613,4.453946196329948,87909,25675,62234
5614,4.453152832205201,87909,25675,62234
5615,4.452359750667854,87909,25675,62234
5616,4.451566951566951,87909,25675,62234
5617,4.450774434751647,87909,25675,62234
5618,4.4499822000712,87909,25675,62234
5619,4.449190247374978,87909,25675,62234
5620,4.448398576512456,87909,25675,62234
5621,4.447607187333214,87909,25675,62234
5622,4.446816079686944,87909,25675,62234
5623,4.446025253423439,87909,25675,62234
5624,4.445234708392603,87909,25675,62234
5625,4.444444444444445,87909,25675,62234
5626,4.443654461429079,87909,25675,62234
5627,4.44286475919673,87909,25675,62234
5628,4.442075337597726,87909,25675,62234
5629,4.441286196482501,87909,25675,62234
5630,4.440497335701599,87909,25675,62234
5631,4.439708755105665,87903,25675,62228
5632,4.438920454545454,87903,25675,62228
5633,4.438132433871827,87903,25675,62228
5634,4.437344692935747,87903,25675,62228
5635,4.436557231588288,87903,25675,62228
5636,4.435770049680625,87903,25675,62228
5637,4.434983147064041,87903,25675,62228
5638,4.434196523589925,87900,25675,62225
5639,4.433410179109771,87874,25675,62199
5640,4.432624113475177,87874,25675,62199
5641,4.431838326537848,87874,25675,62199
5642,4.431052818149593,87874,25675,62199
5643,4.430267588162325,87874,25675,62199
5644,4.429482636428065,87874,25675,62199
5645,4.428697962798937,87874,25675,62199
5646,4.427913567127169,87874,25675,62199
5647,4.427129449265096,87874,25675,62199
5648,4.426345609065156,87874,25675,62199
5649,4.42556204637989,87874,25675,62199
5650,4.424778761061947,87874,25675,62199
5651,4.423995752964077,87874,25675,62199
5652,4.423213021939136,87874,25675,62199
5653,4.422430567840085,87874,25675,62199
5654,4.4216483905199855,87874,25675,62199
5655,4.420866489832007,87874,25675,62199
5656,4.42008486562942,87874,25675,62199
5657,4.4193035177656,87874,25675,62199
5658,4.418522446094026,87874,25675,62199
5659,4.4177416504682805,87858,25652,62206
5660,4.41696113074205,87858,25652,62206
5661,4.416180886769122,87858,25652,62206
5662,4.415400918403391,87858,25652,62206
5663,4.414621225498852,87858,25652,62206
5664,4.413841807909605,87858,25652,62206
5665,4.41306266548985,87864,25652,62212
5666,4.412283798093894,87864,25652,62212
5667,4.411505205576143,87864,25652,62212
5668,4.410726887791108,87840,25668,62172
5669,4.409948844593402,87840,25668,62172
5670,4.409171075837743,87840,25668,62172
5671,4.408393581378945,87840,25668,62172
5672,4.407616361071932,87840,25668,62172
5673,4.406839414771726,87840,25668,62172
5674,4.406062742333451,87840,25668,62172
5675,4.405286343612334,87840,25668,62172
5676,4.404510218463707,87840,25668,62172
5677,4.403734366742998,87840,25668,62172
5678,4.4029587883057415,87840,25668,62172
5679,4.402183483007572,87840,25668,62172
5680,4.401408450704225,87840,25668,62172
5681,4.4006336912515405,87840,25668,62172
5682,4.399859204505455,87840,25668,62172
5683,4.399084990322013,87840,25668,62172
5684,4.398311048557354,87840,25668,62172
5685,4.397537379067722,87840,25668,62172
5686,4.396763981709462,87840,25668,62172
5687,4.395990856339019,87820,25633,62187
5688,4.39521800281294,87820,25633,62187
5689,4.394445420987871,87820,25633,62187
5690,4.393673110720562,87820,25633,62187
5691,4.392901071867861,87820,25633,62187
5692,4.392129304286718,87820,25633,62187
5693,4.391357807834182,87820,25633,62187
5694,4.390586582367404,87820,25633,62187
5695,4.389815627743634,87760,25633,62127
5696,4.389044943820225,87777,25629,62148
5697,4.388274530454625,87777,25629,62148
5698,4.3875043875043875,87777,25629,62148
5699,4.386734514827163,87777,25629,62148
5700,4.385964912280702,87777,25629,62148
5701,4.385195579722856,87777,25629,62148
5702,4.384426517011575,87777,25629,62148
5703,4.38365772400491,87777,25629,62148
5704,4.38288920056101,87777,25629,62148
5705,4.382120946538125,87777,25629,62148
5706,4.381352961794602,87777,25629,62148
5707,4.380585246188891,87783,25629,62154
5708,4.379817799579538,87783,25629,62154
5709,4.379050621825188,87783,25629,62154
5710,4.378283712784588,87783,25629,62154
5711,4.377517072316582,87783,25629,62154
5712,4.3767507002801125,87783,25629,62154
5713,4.37598459653422,87783,25629,62154
5714,4.375218760938047,87783,25629,62154
5715,4.374453193350831,87783,25629,62154
5716,4.37368789363191,87783,25629,62154
5717,4.3729228616407205,87783,25629,62154
5718,4.372158097236796,87783,25629,62154
5719,4.371393600279769,87783,25629,62154
5720,4.370629370629371,87783,25629,62154
5721,4.369865408145429,87759,25629,62130
5722,4.369101712687871,87759,25629,62130
5723,4.368338284116722,87759,25629,62130
5724,4.367575122292103,87759,25629,62130
5725,4.366812227074236,87759,25629,62130
5726,4.366049598323437,87759,25629,62130
5727,4.365287235900122,87759,25629,62130
5728,4.364525139664805,87759,25629,62130
5729,4.363763309478094,87759,25629,62130
5730,4.363001745200698,87759,25629,62130
5731,4.362240446693422,87759,25629,62130
5732,4.361479413817166,87759,25629,62130
5733,4.360718646432932,87759,25629,62130
5734,4.359958144401814,87759,25629,62130
5735,4.3591979075850045,87759,25629,62130
5736,4.358437935843794,87759,25629,62130
5737,4.357678229039568,87759,25629,62130
5738,4.35691878703381,87759,25629,62130
5739,4.356159609688099,87759,25629,62130
5740,4.355400696864112,87759,25629,62130
5741,4.35464204842362,87759,25629,62130
5742,4.3538836642284915,87759,25629,62130
5743,4.353125544140693,87756,25629,62127
5744,4.352367688022284,87756,25629,62127
5745,4.351610095735422,87756,25629,62127
5746,4.35085276714236,87756,25629,62127
5747,4.350095702105446,87756,25629,62127
5748,4.349338900487126,87756,25629,62127
5749,4.348582362149939,87756,25629,62127
5750,4.3478260869565215,87743,25633,62110
5751,4.347070074769605,87749,25633,62116
5752,4.346314325452017,87749,25633,62116
5753,4.345558838866678,87749,25633,62116
5754,4.344803614876607,87749,25633,62116
5755,4.344048653344918,87749,25633,62116
5756,4.343293954134816,87749,25633,62116
5757,4.342539517109605,87749,25633,62116
5758,4.341785342132685,87749,25633,62116
5759,4.341031429067546,87749,25633,62116
5760,4.340277777777778,87749,25633,62116
5761,4.339524388127061,87749,25633,62116
5762,4.338771259979174,87749,25633,62116
5763,4.338018393197987,87749,25633,62116
5764,4.337265787647467,87749,25633,62116
5765,4.336513443191674,87749,25633,62116
5766,4.335761359694763,87749,25633,62116
5767,4.335009537020982,87749,25633,62116
5768,4.334257975034674,87749,25633,62116
5769,4.333506673600278,87742,25633,62109
5770,4.332755632582322,87742,25633,62109
5771,4.332004851845434,87742,25633,62109
5772,4.331254331254331,87742,25633,62109
5773,4.330504070673826,87742,25633,62109
5774,4.329754069968826,87742,25633,62109
5775,4.329004329004329,87742,25633,62109
5776,4.32825484764543,87742,25633,62109
5777,4.327505625757314,87742,25633,62109
5778,4.326756663205261,87742,25633,62109
5779,4.326007959854646,87742,25633,62109
5780,4.325259515570934,87742,25633,62109
5781,4.324511330219686,87742,25633,62109
5782,4.323763403666551,87742,25633,62109
5783,4.323015735777278,87742,25633,62109
5784,4.322268326417704,87742,25633,62109
5785,4.32152117545376,87742,25633,62109
5786,4.3207742827514695,87742,25633,62109
5787,4.320027648176948,87742,25633,62109
5788,4.319281271596406,87742,25633,62109
5789,4.318535152876144,87742,25633,62109
5790,4.317789291882556,87742,25633,62109
5791,4.317043688482127,87742,25633,62109
5792,4.316298342541437,87742,25633,62109
5793,4.3155532539271535,87742,25633,62109
5794,4.314808422506041,87742,25633,62109
5795,4.3140638481449525,87742,25633,62109
5796,4.313319530710835,87742,25633,62109
5797,4.312575470070726,87742,25633,62109
5798,4.311831666091756,87742,25633,62109
5799,4.311088118641145,87742,25633,62109
5800,4.310344827586207,87742,25633,62109
5801,4.3096017927943455,87742,25633,62109
5802,4.308859014133057,87742,25633,62109
5803,4.30811649146993,87742,25633,62109
5804,4.30737422467264,87742,25633,62109
5805,4.306632213608958,87742,25633,62109
5806,4.305890458146744,87742,25633,62109
5807,4.305148958153952,87742,25633,62109
5808,4.304407713498622,87742,25633,62109
5809,4.30366672404889,87742,25633,62109
5810,4.3029259896729775,87742,25633,62109
5811,4.302185510239202,87742,25633,62109
5812,4.301445285615967,87742,25633,62109
5813,4.30070531567177,87742,25633,62109
5814,4.299965600275198,87742,25633,62109
5815,4.299226139294927,87742,25633,62109
5816,4.298486932599725,87672,25633,62039
5817,4.29774798005845,87672,25633,62039
5818,4.297009281540048,87672,25633,62039
5819,4.296270836913559,87672,25633,62039
5820,4.29553264604811,87672,25633,62039
5821,4.294794708812919,87672,25633,62039
5822,4.294057025077293,87672,25633,62039
5823,4.29331959471063,87672,25633,62039
5824,4.292582417582418,87672,25633,62039
5825,4.291845493562231,87672,25633,62039
5826,4.291108822519739,87672,25633,62039
5827,4.290372404324695,87672,25633,62039
5828,4.289636238846946,87672,25633,62039
5829,4.2889003259564245,87672,25633,62039
5830,4.288164665523156,87672,25633,62039
5831,4.287429257417252,87672,25633,62039
5832,4.286694101508917,87672,25633,62039
5833,4.285959197668438,87672,25633,62039
5834,4.285224545766198,87672,25633,62039
5835,4.284490145672665,87672,25633,62039
5836,4.283755997258396,87672,25633,62039
5837,4.283022100394038,87672,25633,62039
5838,4.282288454950326,87672,25633,62039
5839,4.281555060798082,87672,25633,62039
5840,4.280821917808219,87672,25633,62039
5841,4.280089025851738,87672,25633,62039
5842,4.279356384799726,87672,25633,62039
5843,4.278623994523361,87672,25633,62039
5844,4.277891854893908,87672,25633,62039
5845,4.277159965782721,87672,25633,62039
5846,4.276428327061239,87672,25633,62039
5847,4.2756969386009915,87672,25633,62039
5848,4.2749658002735975,87638,25633,62005
5849,4.274234911950761,87638,25633,62005
5850,4.273504273504273,87638,25633,62005
5851,4.272773884806016,87628,25633,61995
5852,4.272043745727956,87628,25633,61995
5853,4.271313856142149,87628,25633,61995
5854,4.270584215920738,87628,25633,61995
5855,4.269854824935952,87628,25633,61995
5856,4.26912568306011,87628,25633,61995
5857,4.268396790165614,87628,25633,61995
5858,4.267668146124957,87628,25633,61995
5859,4.266939750810718,87587,25633,61954
5860,4.266211604095563,87587,25633,61954
5861,4.265483705852244,87587,25633,61954
5862,4.264756055953599,87587,25633,61954
5863,4.264028654272557,87587,25633,61954
5864,4.263301500682128,87587,25633,61954
5865,4.262574595055414,87587,25633,61954
5866,4.261847937265598,87587,25633,61954
5867,4.2611215271859555,87587,25633,61954
5868,4.260395364689844,87587,25633,61954
5869,4.2596694496507075,87587,25633,61954
5870,4.258943781942079,87587,25633,61954
5871,4.258218361437574,87587,25633,61954
5872,4.2574931880108995,87587,25633,61954
5873,4.256768261535842,87587,25633,61954
5874,4.256043581886279,87587,25633,61954
5875,4.25531914893617,87587,25633,61954
5876,4.2545949625595645,87587,25633,61954
5877,4.253871022630594,87587,25633,61954
5878,4.253147329023477,87587,25633,61954
5879,4.252423881612519,87587,25633,61954
5880,4.2517006802721085,87587,25633,61954
5881,4.250977724876722,87587,25633,61954
5882,4.250255015300918,87581,25633,61948
5883,4.249532551419344,87581,25633,61948
5884,4.24881033310673,87581,25633,61948
5885,4.248088360237893,87584,25633,61951
5886,4.247366632687734,87584,25633,61951
5887,4.246645150331238,87584,25633,61951
5888,4.2459239130434785,87584,25633,61951
5889,4.24520292069961,87584,25633,61951
5890,4.244482173174872,87584,25633,61951
5891,4.243761670344593,87586,25641,61945
5892,4.243041412084182,87586,25641,61945
5893,4.242321398269133,87586,25641,61945
5894,4.241601628775025,87586,25641,61945
5895,4.2408821034775235,87586,25641,61945
5896,4.240162822252374,87586,25641,61945
5897,4.239443784975411,87586,25641,61945
5898,4.23872499152255,87586,25641,61945
5899,4.238006441769792,87586,25641,61945
5900,4.237288135593221,87586,25641,61945
5901,4.236570072869005,87586,25641,61945
5902,4.235852253473399,87586,25641,61945
5903,4.235134677282738,87586,25641,61945
5904,4.234417344173441,87586,25641,61945
5905,4.233700254022016,87586,25641,61945
5906,4.232983406705046,87586,25641,61945
5907,4.232266802099204,87586,25641,61945
5908,4.231550440081246,87586,25641,61945
5909,4.230834320528008,87586,25641,61945
5910,4.230118443316413,87586,25641,61945
5911,4.2294028083234645,87586,25641,61945
5912,4.2286874154262515,87586,25641,61945
5913,4.227972264501945,87586,25641,61945
5914,4.227257355427798,87586,25641,61945
5915,4.22654268808115,87586,25641,61945
5916,4.2258282623394186,87586,25641,61945
5917,4.225114078080108,87586,25641,61945
5918,4.2244001351808045,87586,25641,61945
5919,4.223686433519176,87586,25641,61945
5920,4.222972972972973,87586,25641,61945
5921,4.222259753420031,87586,25641,61945
5922,4.221546774738264,87586,25641,61945
5923,4.220834036805673,87586,25641,61945
5924,4.2201215395003375,87586,25641,61945
5925,4.219409282700422,87586,25641,61945
5926,4.218697266284171,87580,25641,61939
5927,4.217985490129914,87580,25641,61939
5928,4.2172739541160595,87580,25641,61939
5929,4.2165626581210995,87580,25641,61939
5930,4.2158516020236085,87580,25641,61939
5931,4.215140785702243,87582,25641,61941
5932,4.214430209035738,87582,25641,61941
5933,4.213719871902916,87582,25641,61941
5934,4.213009774182676,87582,25641,61941
5935,4.212299915754001,87582,25641,61941
5936,4.211590296495957,87582,25641,61941
5937,4.210880916287687,87582,25641,61941
5938,4.21017177500842,87582,25641,61941
5939,4.209462872537464,87582,25641,61941
5940,4.2087542087542085,87582,25641,61941
5941,4.208045783538125,87582,25641,61941
5942,4.207337596768765,87582,25641,61941
5943,4.2066296483257615,87582,25641,61941
5944,4.205921938088829,87582,25641,61941
5945,4.205214465937763,87582,25641,61941
5946,4.204507231752439,87582,25641,61941
5947,4.203800235412813,87582,25641,61941
5948,4.203093476798924,87582,25641,61941
5949,4.202386955790889,87582,25641,61941
5950,4.201680672268908,87582,25641,61941
5951,4.200974626113259,87582,25641,61941
5952,4.200268817204301,87582,25641,61941
5953,4.1995632454224765,87582,25641,61941
5954,4.198857910648304,87582,25641,61941
5955,4.198152812762385,87582,25641,61941
5956,4.197447951645399,87582,25641,61941
5957,4.19674332717811,87555,25641,61914
5958,4.196038939241356,87555,25641,61914
5959,4.195334787716059,87551,25638,61913
5960,4.194630872483222,87551,25638,61913
5961,4.193927193423922,87517,25638,61879
5962,4.193223750419322,87517,25638,61879
5963,4.192520543350662,87517,25638,61879
5964,4.1918175720992625,87517,25638,61879
5965,4.191114836546522,87517,25638,61879
5966,4.190412336573919,87517,25638,61879
5967,4.189710072063013,87517,25638,61879
5968,4.189008042895442,87517,25638,61879
5969,4.188306248952923,87517,25638,61879
5970,4.187604690117253,87517,25638,61879
5971,4.186903366270307,87517,25638,61879
5972,4.186202277294039,87517,25638,61879
5973,4.185501423070484,87517,25638,61879
5974,4.184800803481754,87517,25638,61879
5975,4.184100418410042,87517,25638,61879
5976,4.183400267737617,87517,25638,61879
5977,4.1827003513468295,87517,25638,61879
5978,4.182000669120107,87517,25638,61879
5979,4.1813012209399565,87517,25638,61879
5980,4.1806020066889635,87517,25638,61879
5981,4.179903026249791,87517,25638,61879
5982,4.179204279505182,87517,25638,61879
5983,4.178505766337958,87517,25638,61879
5984,4.177807486631016,87517,25638,61879
5985,4.177109440267335,87511,25638,61873
5986,4.17641162712997,87511,25638,61873
5987,4.175714047102055,87511,25638,61873
5988,4.1750167000668,87511,25638,61873
5989,4.174319585907497,87511,25638,61873
5990,4.173622704507513,87511,25638,61873
5991,4.172926055750292,87447,25766,61681
5992,4.172229639519359,87447,25766,61681
5993,4.171533455698315,87447,25766,61681
5994,4.170837504170837,87447,25766,61681
5995,4.170141784820684,87447,25766,61681
5996,4.169446297531688,87441,25766,61675
5997,4.16875104218776,87441,25766,61675
5998,4.168056018672891,87441,25766,61675
5999,4.1673612268711455,87441,25766,61675
6000,4.166666666666667,87441,25766,61675
6001,4.165972337943676,87441,25766,61675
6002,4.1652782405864714,87441,25766,61675
6003,4.164584374479427,87441,25766,61675
6004,4.1638907395069955,87441,25766,61675
6005,4.163197335553705,87441,25766,61675
6006,4.162504162504162,87441,25766,61675
6007,4.16181122024305,87441,25766,61675
6008,4.161118508655126,87441,25766,61675
6009,4.1604260276252285,87441,25766,61675
6010,4.159733777038269,87441,25766,61675
6011,4.159041756779238,87441,25766,61675
6012,4.1583499667332005,87441,25766,61675
6013,4.157658406785298,87441,25766,61675
6014,4.156967076820751,87441,25766,61675
6015,4.156275976724855,87441,25766,61675
6016,4.155585106382978,87441,25766,61675
6017,4.154894465680572,87441,25766,61675
6018,4.1542040545031576,87441,25766,61675
6019,4.153513872736335,87441,25766,61675
6020,4.152823920265781,87441,25766,61675
6021,4.152134196977246,87441,25766,61675
6022,4.151444702756559,87441,25766,61675
6023,4.150755437489623,87441,25766,61675
6024,4.150066401062417,87441,25766,61675
6025,4.149377593360996,87441,25766,61675
6026,4.14868901427149,87441,25766,61675
6027,4.148000663680106,87441,25766,61675
6028,4.147312541473125,87441,25766,61675
6029,4.146624647536905,87441,25766,61675
6030,4.1459369817578775,87441,25766,61675
6031,4.14524954402255,87403,25766,61637
6032,4.144562334217507,87403,25766,61637
6033,4.143875352229405,87403,25766,61637
6034,4.143188597944978,87403,25766,61637
6035,4.142502071251036,87403,25766,61637
6036,4.14181577203446,87403,25766,61637
6037,4.141129700182209,87403,25766,61637
6038,4.140443855581318,87383,25766,61617
6039,4.139758238118894,87383,25766,61617
6040,4.139072847682119,87383,25766,61617
6041,4.138387684158252,87383,25766,61617
6042,4.137702747434624,87383,25766,61617
6043,4.137018037398643,87383,25766,61617
6044,4.1363335539377895,87383,25766,61617
6045,4.1356492969396195,87383,25766,61617
6046,4.134965266291763,87383,25766,61617
6047,4.134281461881925,87383,25766,61617
6048,4.133597883597884,87383,25766,61617
6049,4.132914531327492,87383,25766,61617
6050,4.132231404958677,87383,25766,61617
6051,4.131548504379442,87383,25766,61617
6052,4.130865829477859,87383,25766,61617
6053,4.130183380142078,87383,25766,61617
6054,4.129501156260324,87383,25766,61617
6055,4.1288191577208915,87383,25766,61617
6056,4.128137384412153,87383,25766,61617
6057,4.127455836222553,87383,25766,61617
6058,4.1267745130406075,87383,25766,61617
6059,4.12609341475491,87378,25765,61613
6060,4.125412541254126,87378,25765,61613
6061,4.1247318924269925,87378,25765,61613
6062,4.124051468162323,87378,25765,61613
6063,4.123371268349002,87380,25765,61615
6064,4.12269129287599,87380,25765,61615
6065,4.122011541632316,87380,25765,61615
6066,4.121332014507089,87380,25765,61615
6067,4.120652711389484,87380,25765,61615
6068,4.119973632168755,87380,25765,61615
6069,4.119294776734223,87380,25765,61615
6070,4.118616144975288,87380,25765,61615
6071,4.11793773678142,87380,25765,61615
6072,4.117259552042161,87380,25765,61615
6073,4.116581590647127,87380,25765,61615
6074,4.115903852486006,87374,25765,61609
6075,4.11522633744856,87354,25765,61589
6076,4.114549045424622,87354,25765,61589
6077,4.113871976304098,87354,25765,61589
6078,4.113195129976966,87354,25765,61589
6079,4.112518506333278,87354,25765,61589
6080,4.1118421052631575,87354,25765,61589
6081,4.1111659266568,87354,25765,61589
6082,4.110489970404473,87354,25765,61589
6083,4.109814236396515,87354,25765,61589
6084,4.10913872452334,87354,25765,61589
6085,4.108463434675431,87302,25743,61559
6086,4.107788366743345,87302,25743,61559
6087,4.10711352061771,87302,25743,61559
6088,4.106438896189225,87302,25743,61559
6089,4.105764493348661,87302,25743,61559
6090,4.105090311986864,87302,25743,61559
6091,4.104416351994747,87302,25743,61559
6092,4.103742613263296,87302,25743,61559
6093,4.103069095683571,87302,25743,61559
6094,4.102395799146701,87302,25743,61559
6095,4.1017227235438884,87302,25743,61559
6096,4.101049868766404,87316,25743,61573
6097,4.100377234705593,87316,25743,61573
6098,4.09970482125287,87316,25743,61573
6099,4.099032628299721,87316,25743,61573
6100,4.098360655737705,87296,25743,61553
6101,4.097688903458449,87295,25743,61552
6102,4.097017371353655,87295,25743,61552
6103,4.096346059315091,87295,25743,61552
6104,4.095674967234601,87287,25743,61544
6105,4.095004095004095,87287,25743,61544
6106,4.094333442515558,87287,25743,61544
6107,4.093663009661045,87287,25743,61544
6108,4.092992796332679,87287,25743,61544
6109,4.092322802422655,87287,25743,61544
6110,4.091653027823241,87287,25743,61544
6111,4.090983472426771,87287,25743,61544
6112,4.090314136125654,87287,25743,61544
6113,4.089645018812367,87287,25743,61544
6114,4.088976120379457,87287,25743,61544
6115,4.088307440719542,87287,25743,61544
6116,4.087638979725311,87287,25743,61544
6117,4.086970737289521,87287,25743,61544
6118,4.086302713305002,87287,25743,61544
6119,4.085634907664651,87287,25743,61544
6120,4.084967320261438,87287,25743,61544
6121,4.084299950988401,87294,25716,61578
6122,4.0836327997386475,87294,25716,61578
6123,4.082965866405357,87294,25716,61578
6124,4.082299150881776,87294,25716,61578
6125,4.081632653061225,87294,25716,61578
6126,4.0809663728370875,87294,25716,61578
6127,4.080300310102824,87294,25716,61578
6128,4.079634464751958,87294,25716,61578
6129,4.078968836678087,87294,25716,61578
6130,4.078303425774878,87294,25716,61578
6131,4.077638231936063,87294,25716,61578
6132,4.076973255055447,87278,25716,61562
6133,4.076308495026904,87278,25716,61562
6134,4.075643951744375,87278,25716,61562
6135,4.074979625101874,87278,25716,61562
6136,4.074315514993481,87278,25716,61562
6137,4.073651621313346,87278,25716,61562
6138,4.0729879439556855,87278,25716,61562
6139,4.072324482814791,87278,25716,61562
6140,4.071661237785016,87278,25716,61562
6141,4.0709982087607886,87278,25716,61562
6142,4.070335395636601,87278,25716,61562
6143,4.069672798307016,87038,25588,61450
6144,4.069010416666667,87038,25588,61450
6145,4.068348250610252,87038,25588,61450
6146,4.067686300032541,87038,25588,61450
6147,4.067024564828372,87038,25588,61450
6148,4.066363044892648,87038,25588,61450
6149,4.065701740120344,87038,25588,61450
6150,4.065040650406504,87019,25588,61431
6151,4.064379775646237,87019,25588,61431
6152,4.06371911573472,87019,25588,61431
6153,4.063058670567203,87019,25588,61431
6154,4.062398440038999,87019,25588,61431
6155,4.061738424045491,87019,25588,61431
6156,4.061078622482131,87019,25588,61431
6157,4.060419035244437,87019,25588,61431
6158,4.059759662227996,86834,25356,61478
6159,4.059100503328462,86834,25356,61478
6160,4.058441558441558,86834,25356,61478
6161,4.0577828274630745,86834,25356,61478
6162,4.057124310288867,86834,25356,61478
6163,4.056466006814863,86834,25356,61478
6164,4.055807916937054,86834,25356,61478
6165,4.0551500405515,86834,25356,61478
6166,4.05449237755433,86834,25356,61478
6167,4.053834927841739,86834,25356,61478
6168,4.053177691309987,86834,25356,61478
6169,4.052520667855406,86834,25356,61478
6170,4.051863857374392,86834,25356,61478
6171,4.05120725976341,86834,25356,61478
6172,4.050550874918989,86834,25356,61478
6173,4.049894702737729,86834,25356,61478
6174,4.049238743116294,86834,25356,61478
6175,4.048582995951417,86834,25356,61478
6176,4.0479274611398965,86834,25356,61478
6177,4.047272138578598,86834,25356,61478
6178,4.046617028164454,86834,25356,61478
6179,4.045962129794465,86834,25356,61478
6180,4.0453074433656955,86828,25356,61472
6181,4.044652968775279,86828,25356,61472
6182,4.043998705920414,86828,25356,61472
6183,4.043344654698367,86828,25356,61472
6184,4.042690815006468,86828,25356,61472
6185,4.042037186742118,86828,25356,61472
6186,4.04138376980278,86828,25356,61472
6187,4.040730564085987,86828,25356,61472
6188,4.040077569489334,86828,25356,61472
6189,4.039424785910486,86828,25356,61472
6190,4.038772213247173,86816,25356,61460
6191,4.038119851397189,86816,25356,61460
6192,4.037467700258398,86816,25356,61460
6193,4.036815759728726,86816,25356,61460
6194,4.036164029706168,86816,25356,61460
6195,4.035512510088782,86816,25356,61460
6196,4.034861200774693,86816,25356,61460
6197,4.034210101662095,86816,25356,61460
6198,4.033559212649242,86816,25356,61460
6199,4.0329085336344574,86816,25356,61460
6200,4.032258064516129,86816,25356,61460
6201,4.031607805192711,86816,25356,61460
6202,4.030957755562722,86816,25356,61460
6203,4.030307915524746,86816,25356,61460
6204,4.029658284977434,86816,25356,61460
6205,4.0290088638195005,86816,25356,61460
6206,4.028359651949726,86816,25356,61460
6207,4.0277106492669565,86816,25356,61460
6208,4.027061855670103,86816,25356,61460
6209,4.026413271058141,86816,25356,61460
6210,4.025764895330113,86816,25356,61460
6211,4.0251167283851235,86816,25356,61460
6212,4.024468770122344,86816,25356,61460
6213,4.0238210204410105,86816,25356,61460
6214,4.023173479240425,86816,25356,61460
6215,4.022526146419952,86816,25356,61460
6216,4.0218790218790215,86816,25356,61460
6217,4.0212321055171305,86816,25356,61460
6218,4.0205853972338375,86816,25356,61460
6219,4.019938896928767,86816,25356,61460
6220,4.019292604501608,86816,25356,61460
6221,4.018646519852114,86810,25356,61454
6222,4.018000642880103,86810,25356,61454
6223,4.017354973485457,86810,25356,61454
6224,4.0167095115681235,86810,25356,61454
6225,4.016064257028113,86810,25356,61454
6226,4.0154192097655,86810,25356,61454
6227,4.014774369680424,86810,25356,61454
6228,4.014129736673089,86810,25356,61454
6229,4.013485310643763,86810,25356,61454
6230,4.012841091492777,86810,25356,61454
6231,4.012197079120527,86810,25356,61454
6232,4.011553273427471,86810,25356,61454
6233,4.010909674314134,86810,25356,61454
6234,4.010266281681104,86810,25356,61454
6235,4.0096230954290295,86784,25356,61428
6236,4.008980115458628,86784,25356,61428
6237,4.008337341670675,86784,25356,61428
6238,4.007694773966015,86784,25356,61428
6239,4.007052412245552,86784,25356,61428
6240,4.006410256410256,86784,25356,61428
6241,4.00576830636116,86784,25356,61428
6242,4.005126561999359,86784,25356,61428
6243,4.004485023226013,86784,25356,61428
6244,4.003843689942345,86784,25356,61428
6245,4.00320256204964,86784,25356,61428
6246,4.002561639449247,86784,25356,61428
6247,4.00192092204258,86784,25356,61428
6248,4.001280409731114,86784,25356,61428
6249,4.000640102416386,86784,25356,61428
6250,4,86744,25203,61541
6251,3.9993601023836187,86744,25203,61541
6252,3.99872040946897,86744,25203,61541
6253,3.998080921157844,86744,25203,61541
6254,3.9974416373520945,86744,25203,61541
6255,3.9968025579536373,86724,25203,61521
6256,3.99616368286445,86668,25203,61465
6257,3.995525011986575,86668,25203,61465
6258,3.9948865452221156,86668,25203,61465
6259,3.9942482824732384,86668,25203,61465
6260,3.9936102236421727,86668,25203,61465
6261,3.992972368631209,86668,25203,61465
6262,3.992334717342702,86668,25203,61465
6263,3.9916972696790674,86668,25203,61465
6264,3.9910600255427844,86668,25203,61465
6265,3.9904229848363926,86668,25203,61465
6266,3.989786147462496,86668,25203,61465
6267,3.9891495133237593,86668,25203,61465
6268,3.98851308232291,86668,25203,61465
6269,3.9878768543627374,86668,25203,61465
6270,3.9872408293460926,86668,25203,61465
6271,3.986605007175889,86668,25203,61465
6272,3.985969387755102,86668,25203,61465
6273,3.9853339709867686,86668,25203,61465
6274,3.9846987567739878,86668,25203,61465
6275,3.9840637450199203,86668,25203,61465
6276,3.9834289356277885,86668,25203,61465
6277,3.982794328500876,86668,25203,61465
6278,3.9821599235425293,86668,25203,61465
6279,3.9815257206561556,86668,25203,61465
6280,3.9808917197452227,86668,25203,61465
6281,3.980257920713262,86668,25203,61465
6282,3.979624323463865,86668,25203,61465
6283,3.9789909279006843,86668,25203,61465
6284,3.9783577339274347,86668,25203,61465
6285,3.977724741447892,86668,25203,61465
6286,3.9770919503658924,86668,25203,61465
6287,3.9764593605853347,86668,25203,61465
6288,3.975826972010178,86674,25203,61471
6289,3.975194784544443,86674,25203,61471
6290,3.97456279809221,86674,25203,61471
6291,3.973931012557622,86674,25203,61471
6292,3.9732994278448825,86674,25203,61471
6293,3.9726680438582553,86674,25203,61471
6294,3.9720368605020653,86674,25203,61471
6295,3.971405877680699,86674,25203,61471
6296,3.9707750952986025,86674,25203,61471
6297,3.9701445132602826,86674,25203,61471
6298,3.969514131470308,86674,25203,61471
6299,3.968883949833307,86674,25203,61471
6300,3.9682539682539684,86674,25203,61471
6301,3.9676241866370416,86674,25203,61471
6302,3.9669946048873372,86674,25203,61471
6303,3.9663652229097255,86674,25203,61471
6304,3.965736040609137,86674,25203,61471
6305,3.965107057890563,86674,25203,61471
6306,3.964478274659055,86674,25203,61471
6307,3.9638496908197243,86680,25203,61477
6308,3.9632213062777426,86680,25203,61477
6309,3.962593120938342,86603,25203,61400
6310,3.9619651347068148,86603,25203,61400
6311,3.961337347488512,86603,25203,61400
6312,3.9607097591888465,86603,25203,61400
6313,3.96008236971329,86603,25203,61400
6314,3.959455178967374,86603,25203,61400
6315,3.9588281868566906,86603,25203,61400
6316,3.9582013932868905,86603,25203,61400
6317,3.9575747981636855,86597,25203,61394
6318,3.9569484013928458,86534,25122,61412
6319,3.9563222028802025,86534,25122,61412
6320,3.9556962025316458,86534,25122,61412
6321,3.9550704002531245,86534,25122,61412
6322,3.9544447959506486,86534,25122,61412
6323,3.9538193895302864,86536,25122,61414
6324,3.9531941808981657,86536,25122,61414
6325,3.952569169960474,86536,25122,61414
6326,3.951944356623459,86536,25122,61414
6327,3.951319740793425,86536,25122,61414
6328,3.9506953223767383,86536,25122,61414
6329,3.950071101279823,86536,25122,61414
6330,3.949447077409163,86536,25122,61414
6331,3.9488232506713,86536,25122,61414
6332,3.9481996209728365,86536,25122,61414
6333,3.9475761882204328,86536,25122,61414
6334,3.9469529523208084,86536,25122,61414
6335,3.946329913180742,86536,25122,61414
6336,3.9457070707070705,86536,25122,61414
6337,3.9450844248066907,86536,25122,61414
6338,3.9444619753865573,86536,25122,61414
6339,3.9438397223536836,86536,25122,61414
6340,3.943217665615142,86536,25122,61414
6341,3.942595805078063,86536,25122,61414
6342,3.9419741406496374,86536,25122,61414
6343,3.941352672237112,86536,25122,61414
6344,3.940731399747793,86536,25122,61414
6345,3.9401103230890464,86536,25122,61414
6346,3.939489442168295,86536,25122,61414
6347,3.9388687568930205,86510,25122,61388
6348,3.9382482671707626,86510,25122,61388
6349,3.9376279729091195,86510,25122,61388
6350,3.937007874015748,86510,25122,61388
6351,3.9363879703983624,86510,25122,61388
6352,3.9357682619647356,86510,25122,61388
6353,3.935148748622698,86510,25122,61388
6354,3.9345294302801386,86510,25122,61388
6355,3.933910306845004,86510,25122,61388
6356,3.9332913782252987,86510,25122,61388
6357,3.9326726443290863,86510,25122,61388
6358,3.9320541050644855,86510,25122,61388
6359,3.931435760339676,86502,25122,61380
6360,3.930817610062893,86502,25122,61380
6361,3.9301996541424304,86502,25122,61380
6362,3.9295818924866395,86502,25122,61380
6363,3.928964325003929,86502,25122,61380
6364,3.9283469516027654,86502,25122,61380
6365,3.927729772191673,86502,25122,61380
6366,3.9271127866792335,86460,25120,61340
6367,3.926495994974085,86460,25120,61340
6368,3.9258793969849246,86460,25120,61340
6369,3.9252629926205054,86460,25120,61340
6370,3.924646781789639,86460,25120,61340
6371,3.9240307644011927,86460,25120,61340
6372,3.923414940364093,86460,25120,61340
6373,3.9227993095873215,86460,25120,61340
6374,3.9221838719799185,86460,25120,61340
6375,3.9215686274509802,86460,25120,61340
6376,3.920953575909661,86460,25120,61340
6377,3.920338717265172,86460,25120,61340
6378,3.9197240514267797,86460,25120,61340
6379,3.9191095783038095,86460,25120,61340
6380,3.9184952978056424,86460,25120,61340
6381,3.9178812098417177,86460,25120,61340
6382,3.917267314321529,86460,25120,61340
6383,3.9166536111546293,86460,25120,61340
6384,3.9160401002506267,86460,25120,61340
6385,3.9154267815191854,86460,25120,61340
6386,3.914813654870028,86460,25120,61340
6387,3.9142007202129325,86460,25120,61340
6388,3.913587977457733,86394,25120,61274
6389,3.9129754265143215,86394,25120,61274
6390,3.912363067292645,86394,25120,61274
6391,3.911750899702707,86394,25120,61274
6392,3.911138923654568,86394,25120,61274
6393,3.910527139058345,86394,25120,61274
6394,3.90991554582421,86394,25120,61274
6395,3.9093041438623923,86394,25120,61274
6396,3.908692933083177,86394,25120,61274
6397,3.908081913396905,86394,25120,61274
6398,3.9074710847139733,86394,25120,61274
6399,3.906860446944835,86394,25120,61274
6400,3.90625,86394,25120,61274
6401,3.905639743790033,86394,25120,61274
6402,3.9050296782255547,86394,25120,61274
6403,3.904419803217242,86394,25120,61274
6404,3.9038101186758274,86394,25120,61274
6405,3.9032006245121,86394,25120,61274
6406,3.902591320636903,86390,25120,61270
6407,3.901982206961136,86390,25120,61270
6408,3.9013732833957553,86390,25120,61270
6409,3.900764549851771,86390,25120,61270
6410,3.9001560062402496,86390,25120,61270
6411,3.899547652472313,86390,25120,61270
6412,3.8989394884591393,86390,25120,61270
6413,3.89833151411196,86390,25120,61270
6414,3.897723729342064,86390,25120,61270
6415,3.897116134060795,86390,25120,61270
6416,3.896508728179551,86390,25120,61270
6417,3.8959015116097864,86378,25120,61258
6418,3.8952944842630104,86378,25120,61258
6419,3.894687646050787,86378,25120,61258
6420,3.8940809968847354,86378,25120,61258
6421,3.89347453667653,86378,25120,61258
6422,3.892868265337901,86378,25120,61258
6423,3.892262182780632,86378,25120,61258
6424,3.891656288916563,86380,25120,61260
6425,3.8910505836575875,86380,25120,61260
6426,3.890445066915655,86380,25120,61260
6427,3.8898397386027694,86380,25120,61260
6428,3.8892345986309893,86380,25120,61260
6429,3.888629646912428,86380,25120,61260
6430,3.8880248833592534,86380,25120,61260
6431,3.8874203078836884,86380,25120,61260
6432,3.88681592039801,86380,25120,61260
6433,3.88621172081455,86380,25120,61260
6434,3.885607709045695,86380,25120,61260
6435,3.885003885003885,86380,25120,61260
6436,3.884400248601616,86380,25120,61260
6437,3.883796799751437,86380,25120,61260
6438,3.883193538365952,86380,25120,61260
6439,3.8825904643578197,86380,25120,61260
6440,3.8819875776397517,86380,25120,61260
6441,3.881384878124515,86380,25120,61260
6442,3.8807823657249303,86378,25120,61258
6443,3.8801800403538724,86378,25120,61258
6444,3.8795779019242707,86378,25120,61258
6445,3.878975950349108,86378,25120,61258
6446,3.878374185541421,86378,25120,61258
6447,3.8777726074143013,86378,25120,61258
6448,3.8771712158808933,86378,25120,61258
6449,3.876570010854396,86378,25120,61258
6450,3.875968992248062,86378,25120,61258
6451,3.8753681599751975,86378,25120,61258
6452,3.874767513949163,86350,25120,61230
6453,3.874167054083372,86350,25120,61230
6454,3.8735667802912923,86350,25120,61230
6455,3.8729666924864445,86350,25120,61230
6456,3.872366790582404,86350,25120,61230
6457,3.8717670744927983,86350,25120,61230
6458,3.87116754413131,86350,25120,61230
6459,3.870568199411674,86350,25120,61230
6460,3.869969040247678,86350,25120,61230
6461,3.869370066553165,86350,25120,61230
6462,3.8687712782420305,86350,25120,61230
6463,3.868172675228222,86350,25120,61230
6464,3.867574257425743,86298,25120,61178
6465,3.8669760247486464,86298,25120,61178
6466,3.8663779771110423,86298,25120,61178
6467,3.8657801144270914,86298,25120,61178
6468,3.865182436611008,86298,25120,61178
6469,3.86458494357706,86284,25136,61148
6470,3.8639876352395675,86284,25136,61148
6471,3.863390511512904,86284,25136,61148
6472,3.862793572311496,86284,25136,61148
6473,3.8621968175498225,86284,25136,61148
6474,3.861600247142416,86284,25136,61148
6475,3.861003861003861,86284,25136,61148
6476,3.8604076590487955,86284,25136,61148
6477,3.85981164119191,86284,25136,61148
6478,3.859215807347947,86284,25136,61148
6479,3.8586201574317025,86284,25136,61148
6480,3.8580246913580245,86284,25136,61148
6481,3.8574294090418144,86284,25136,61148
6482,3.856834310398025,86284,25136,61148
6483,3.856239395341663,86284,25136,61148
6484,3.8556446637877855,86284,25136,61148
6485,3.8550501156515034,86284,25136,61148
6486,3.8544557508479804,86284,25136,61148
6487,3.853861569292431,86284,25136,61148
6488,3.8532675709001234,86284,25136,61148
6489,3.852673755586377,86077,24929,61148
6490,3.852080123266564,86077,24929,61148
6491,3.8514866738561087,86077,24929,61148
6492,3.850893407270487,86077,24929,61148
6493,3.8503003234252273,86077,24929,61148
6494,3.8497074222359102,86077,24929,61148
6495,3.849114703618168,86077,24929,61148
6496,3.8485221674876846,86077,24929,61148
6497,3.847929813760197,86077,24929,61148
6498,3.847337642351493,86077,24929,61148
6499,3.846745653177412,86077,24929,61148
6500,3.8461538461538463,86077,24929,61148
6501,3.845562221196739,86077,24929,61148
6502,3.8449707782220854,86077,24929,61148
6503,3.8443795171459327,86077,24929,61148
6504,3.843788437884379,86077,24929,61148
6505,3.8431975403535743,86077,24929,61148
6506,3.8426068244697205,86077,24929,61148
6507,3.84201629014907,86077,24929,61148
6508,3.8414259373079287,86077,24929,61148
6509,3.8408357658626517,86077,24929,61148
6510,3.8402457757296466,86077,24928,61149
6511,3.8396559668253722,86077,24928,61149
6512,3.839066339066339,86077,24928,61149
6513,3.838476892369108,86077,24928,61149
6514,3.8378876266502915,86077,24928,61149
6515,3.837298541826554,86077,24928,61149
6516,3.8367096378146104,86077,24928,61149
6517,3.836120914531226,86077,24928,61149
6518,3.8355323718932186,86077,24928,61149
6519,3.8349440098174568,86077,24928,61149
6520,3.834355828220859,86077,24928,61149
6521,3.8337678270203956,86077,24928,61149
6522,3.833180006133088,86077,24928,61149
6523,3.832592365476008,86077,24928,61149
6524,3.8320049049662783,86077,24928,61149
6525,3.8314176245210727,86077,24928,61149
6526,3.8308305240576157,86077,24928,61149
6527,3.8302436034931824,86077,24928,61149
6528,3.829656862745098,86077,24928,61149
6529,3.8290703017307397,86077,24928,61149
6530,3.8284839203675345,86077,24928,61149
6531,3.82789771857296,86077,24928,61149
6532,3.8273116962645437,86077,24928,61149
6533,3.826725853359865,86077,24928,61149
6534,3.8261401897765532,86077,24928,61149
6535,3.8255547054322876,86077,24928,61149
6536,3.824969400244798,86077,24928,61149
6537,3.824384274131865,86077,24928,61149
6538,3.8237993270113186,86077,24928,61149
6539,3.8232145588010398,86077,24928,61149
6540,3.8226299694189603,86077,24928,61149
6541,3.822045558783061,86077,24928,61149
6542,3.821461326811373,86077,24928,61149
6543,3.820877273421978,86077,24928,61149
6544,3.8202933985330074,86077,24928,61149
6545,3.819709702062643,86077,24928,61149
6546,3.819126183929117,86077,24928,61149
6547,3.81854284405071,86077,24928,61149
6548,3.8179596823457542,86077,24928,61149
6549,3.8173766987326307,86077,24928,61149
6550,3.816793893129771,86077,24928,61149
6551,3.8162112654556557,86077,24928,61149
6552,3.815628815628816,86077,24928,61149
6553,3.8150465435678313,86077,24928,61149
6554,3.8144644491913335,86077,24928,61149
6555,3.8138825324180017,86077,24928,61149
6556,3.813300793166565,86077,24928,61149
6557,3.812719231355803,86077,24928,61149
6558,3.812137846904544,86077,24928,61149
6559,3.8115566397316663,86077,24928,61149
6560,3.8109756097560976,86077,24928,61149
6561,3.8103947568968146,86077,24928,61149
6562,3.809814081072844,86077,24928,61149
6563,3.8092335822032606,86077,24928,61149
6564,3.8086532602071905,85994,24928,61066
6565,3.808073115003808,85994,24928,61066
6566,3.807493146512336,85994,24928,61066
6567,3.806913354652048,85994,24928,61066
6568,3.8063337393422656,85994,24928,61066
6569,3.8057543005023597,85994,24928,61066
6570,3.8051750380517504,85954,24928,61026
6571,3.8045959519099073,85954,24928,61026
6572,3.804017041996348,85954,24928,61026
6573,3.8034383082306404,85954,24928,61026
6574,3.8028597505324004,85954,24928,61026
6575,3.802281368821293,85954,24928,61026
6576,3.8017031630170317,85954,24928,61026
6577,3.80112513303938,85954,24928,61026
6578,3.8005472788081485,85954,24928,61026
6579,3.799969600243198,85954,24928,61026
6580,3.7993920972644375,85954,24928,61026
6581,3.798814769791825,85954,24928,61026
6582,3.7982376177453663,85954,24928,61026
6583,3.797660641045116,85954,24928,61026
6584,3.7970838396111786,85954,24928,61026
6585,3.7965072133637054,85954,24928,61026
6586,3.795930762222897,85954,24928,61026
6587,3.7953544861090025,85954,24928,61026
6588,3.7947783849423193,85954,24928,61026
6589,3.794202458643193,85954,24928,61026
6590,3.793626707132018,85954,24928,61026
6591,3.793051130329237,85954,24928,61026
6592,3.7924757281553396,85954,24928,61026
6593,3.791900500530866,85954,24928,61026
6594,3.7913254473764026,85954,24928,61026
6595,3.790750568612585,85954,24928,61026
6596,3.790175864160097,85954,24928,61026
6597,3.7896013339396695,85954,24928,61026
6598,3.7890269778720826,85954,24928,61026
6599,3.7884527958781633,85954,24928,61026
6600,3.787878787878788,85954,24928,61026
6601,3.7873049537948797,85954,24928,61026
6602,3.78673129354741,85954,24928,61026
6603,3.786157807057398,85942,24928,61014
6604,3.7855844942459114,85942,24928,61014
6605,3.785011355034065,85942,24928,61014
6606,3.7844383893430216,85942,24928,61014
6607,3.783865597093991,85942,24928,61014
6608,3.7832929782082325,85942,24928,61014
6609,3.782720532607051,85942,24928,61014
6610,3.7821482602118004,85942,24928,61014
6611,3.7815761609438816,85942,24928,61014
6612,3.781004234724743,85942,24928,61014
6613,3.7804324814758807,85942,24928,61014
6614,3.779860901118839,85942,24928,61014
6615,3.7792894935752077,85942,24928,61014
6616,3.7787182587666264,85942,24928,61014
6617,3.77814719661478,85942,24928,61014
6618,3.7775763070414023,85942,24928,61014
6619,3.7770055899682733,85942,24928,61014
6620,3.7764350453172204,85942,24928,61014
6621,3.7758646730101195,85942,24928,61014
6622,3.7752944729688918,85942,24928,61014
6623,3.7747244451155066,85942,24928,61014
6624,3.774154589371981,85942,24928,61014
6625,3.7735849056603774,85942,24928,61014
6626,3.7730153939028073,85942,24928,61014
6627,3.7724460540214273,85942,24928,61014
6628,3.771876885938443,85942,24928,61014
6629,3.771307889576105,85942,24928,61014
6630,3.770739064856712,85942,24928,61014
6631,3.770170411702609,85942,24928,61014
6632,3.7696019300361883,85942,24928,61014
6633,3.7690336197798886,85942,24928,61014
6634,3.7684654808561953,85942,24928,61014
6635,3.7678975131876413,85942,24928,61014
6636,3.767329716696805,85942,24928,61014
6637,3.766762091306313,85944,24928,61016
6638,3.766194636938837,85944,24928,61016
6639,3.765627353517096,85944,24928,61016
6640,3.7650602409638556,85944,24928,61016
6641,3.7644932992019275,85944,24928,61016
6642,3.7639265281541703,85944,24928,61016
6643,3.7633599277434895,85944,24928,61016
6644,3.7627934978928357,85944,24928,61016
6645,3.762227238525207,85944,24928,61016
6646,3.7616611495636474,85944,24928,61016
6647,3.761095230931247,85944,24928,61016
6648,3.760529482551143,85944,24928,61016
6649,3.759963904346518,85944,24928,61016
6650,3.7593984962406015,85944,24928,61016
6651,3.758833258156668,85944,24928,61016
6652,3.7582681900180397,85944,24928,61016
6653,3.7577032917480837,85944,24928,61016
6654,3.7571385632702134,85944,24928,61016
6655,3.756574004507889,85944,24928,61016
6656,3.7560096153846154,85944,24928,61016
6657,3.7554453958239447,85944,24928,61016
6658,3.7548813457494745,85944,24928,61016
6659,3.7543174650848474,85944,24928,61016
6660,3.7537537537537538,85944,24928,61016
6661,3.753190211679928,85944,24928,61016
6662,3.752626838787151,85944,24928,61016
6663,3.7520636349992498,85944,24928,61016
6664,3.751500600240096,85944,24928,61016
6665,3.7509377344336086,85944,24928,61016
6666,3.7503750375037503,85944,24928,61016
6667,3.7498125093745314,85944,24928,61016
6668,3.749250149970006,85944,24928,61016
6669,3.748687959214275,85944,24928,61016
6670,3.7481259370314843,85944,24928,61016
6671,3.747564083345825,85944,24928,61016
6672,3.7470023980815346,85944,24928,61016
6673,3.7464408811628953,85944,24928,61016
6674,3.7458795325142344,85944,24928,61016
6675,3.745318352059925,85944,24928,61016
6676,3.744757339724386,85944,24928,61016
6677,3.7441964954320803,85944,24928,61016
6678,3.743635819107517,85944,24928,61016
6679,3.7430753106752506,85944,24928,61016
6680,3.7425149700598803,85944,24928,61016
6681,3.74195479718605,85936,24928,61008
6682,3.7413947919784496,85936,24928,61008
6683,3.7408349543618136,85936,24928,61008
6684,3.7402752842609215,85936,24928,61008
6685,3.7397157816005984,85936,24928,61008
6686,3.7391564463057136,85931,24928,61003
6687,3.7385972783011816,85931,24928,61003
6688,3.738038277511962,85931,24928,61003
6689,3.7374794438630587,85905,24928,60977
6690,3.7369207772795217,85905,24928,60977
6691,3.7363622776864447,85905,24928,60977
6692,3.735803945008966,85905,24928,60977
6693,3.7352457791722697,85905,24928,60977
6694,3.7346877801015834,85905,24928,60977
6695,3.7341299477221805,85905,24928,60977
6696,3.7335722819593786,85905,24928,60977
6697,3.7330147827385396,85905,24928,60977
6698,3.7324574499850702,85905,24928,60977
6699,3.7319002836244217,85905,24928,60977
6700,3.7313432835820897,85905,24928,60977
6701,3.7307864497836145,85905,24928,60977
6702,3.7302297821545807,85905,24928,60977
6703,3.7296732806206174,85905,24928,60977
6704,3.7291169451073984,85905,24928,60977
6705,3.7285607755406414,85905,24928,60977
6706,3.728004771846108,85905,24928,60977
6707,3.727448933949605,85905,24928,60977
6708,3.7268932617769828,85905,24928,60977
6709,3.726337755254136,85905,24928,60977
6710,3.7257824143070044,85905,24928,60977
6711,3.7252272388615704,85905,24928,60977
6712,3.7246722288438616,85905,24928,60977
6713,3.7241173841799493,85905,24928,60977
6714,3.723562704795949,85905,24928,60977
6715,3.7230081906180192,85905,24928,60977
6716,3.7224538415723645,85905,24928,60977
6717,3.7218996575852317,85905,24928,60977
6718,3.721345638582912,85905,24928,60977
6719,3.7207917844917398,85905,24928,60977
6720,3.7202380952380953,85905,24928,60977
6721,3.7196845707484005,85905,24928,60977
6722,3.719131210949122,85905,24928,60977
6723,3.718578015766771,85905,24928,60977
6724,3.7180249851279,85905,24928,60977
6725,3.717472118959108,85905,24928,60977
6726,3.7169194171870354,85876,24928,60948
6727,3.7163668797383678,85874,24928,60946
6728,3.7158145065398336,85874,24928,60946
6729,3.715262297518205,85874,24928,60946
6730,3.7147102526002973,85874,24928,60946
6731,3.71415837171297,85874,24928,60946
6732,3.7136066547831255,85874,24928,60946
6733,3.7130551017377096,85874,24928,60946
6734,3.7125037125037124,85874,24928,60946
6735,3.7119524870081664,85878,24928,60950
6736,3.7114014251781473,85878,24928,60950
6737,3.7108505269407748,85878,24928,60950
6738,3.7102997922232115,85878,24928,60950
6739,3.7097492209526637,85878,24928,60950
6740,3.7091988130563798,85878,24928,60950
6741,3.7086485684616526,85878,24928,60950
6742,3.708098487095817,85878,24928,60950
6743,3.7075485688862524,85878,24928,60950
6744,3.7069988137603795,85878,24928,60950
6745,3.7064492216456633,85878,24928,60950
6746,3.7058997924696118,85878,24928,60950
6747,3.7053505261597746,85878,24928,60950
6748,3.7048014226437465,85878,24928,60950
6749,3.7042524818491627,85878,24928,60950
6750,3.7037037037037037,85878,24928,60950
6751,3.703155088135091,85878,24928,60950
6752,3.7026066350710902,85878,24928,60950
6753,3.7020583444395085,85878,24928,60950
6754,3.7015102161681965,85878,24928,60950
6755,3.7009622501850483,85878,24928,60950
6756,3.700414446417999,85878,24928,60950
6757,3.699866804795027,85878,24928,60950
6758,3.699319325244155,85878,24928,60950
6759,3.698772007693446,85878,24928,60950
6760,3.698224852071006,85878,24928,60950
6761,3.6976778583049845,85878,24928,60950
6762,3.697131026323573,85878,24928,60950
6763,3.696584356055005,85878,24928,60950
6764,3.6960378474275575,85878,24928,60950
6765,3.695491500369549,85878,24928,60950
6766,3.694945314809341,85878,24928,60950
6767,3.694399290675336,85878,24928,60950
6768,3.693853427895981,85878,24928,60950
6769,3.693307726399764,85869,24984,60885
6770,3.692762186115214,85869,24984,60885
6771,3.6922168069709054,85869,24984,60885
6772,3.691671588895452,85869,24984,60885
6773,3.6911265318175106,85869,24984,60885
6774,3.690581635665781,85869,24984,60885
6775,3.690036900369004,85869,24984,60885
6776,3.689492325855962,85869,24984,60885
6777,3.6889479120554816,85869,24984,60885
6778,3.6884036588964295,85869,24984,60885
6779,3.687859566307715,85869,24984,60885
6780,3.687315634218289,85869,24984,60885
6781,3.686771862557145,85863,24984,60879
6782,3.6862282512533175,85863,24984,60879
6783,3.685684800235884,85863,24984,60879
6784,3.6851415094339623,85863,24984,60879
6785,3.6845983787767134,85863,24984,60879
6786,3.6840554081933394,85863,24984,60879
6787,3.683512597613084,85863,24984,60879
6788,3.682969946965233,85863,24984,60879
6789,3.6824274561791133,85863,24984,60879
6790,3.681885125184094,85863,24984,60879
6791,3.6813429539095863,85844,24984,60860
6792,3.680800942285041,85844,24984,60860
6793,3.680259090239953,85844,24984,60860
6794,3.679717397703856,85844,24984,60860
6795,3.679175864606328,85844,24984,60860
6796,3.6786344908769864,85844,24984,60860
6797,3.6780932764454906,85844,24984,60860
6798,3.6775522212415415,85844,24984,60860
6799,3.6770113251948815,85844,24984,60860
6800,3.676470588235294,85844,24984,60860
6801,3.6759300102926042,85844,24984,60860
6802,3.6753895912966774,85844,24984,60860
6803,3.6748493311774215,85844,24984,60860
6804,3.6743092298647855,85844,24984,60860
6805,3.673769287288758,85844,24984,60860
6806,3.673229503379371,85844,24984,60860
6807,3.672689878066696,85844,24984,60860
6808,3.672150411280846,85844,24984,60860
6809,3.6716111029519753,85844,24984,60860
6810,3.671071953010279,85844,24984,60860
6811,3.670532961385993,85844,24984,60860
6812,3.669994128009395,85844,24984,60860
6813,3.6694554528108028,85844,24984,60860
6814,3.668916935720575,85844,24984,60860
6815,3.668378576669112,85844,24984,60860
6816,3.6678403755868545,85844,24984,60860
6817,3.6673023324042835,85844,24984,60860
6818,3.6667644470519214,85844,24984,60860
6819,3.6662267194603313,85844,24984,60860
6820,3.665689149560117,85844,24984,60860
6821,3.6651517372819233,85844,24984,60860
6822,3.664614482556435,85844,24984,60860
6823,3.664077385314378,85844,24984,60860
6824,3.663540445486518,85844,24984,60860
6825,3.663003663003663,85844,24984,60860
6826,3.66246703779666,85844,24984,60860
6827,3.6619305697963966,85844,24984,60860
6828,3.661394258933802,85844,24984,60860
6829,3.660858105139845,85844,24984,60860
6830,3.6603221083455346,85844,24984,60860
6831,3.6597862684819207,85844,24984,60860
6832,3.659250585480094,85844,24984,60860
6833,3.658715059271184,85844,24984,60860
6834,3.6581796897863623,85844,24984,60860
6835,3.6576444769568397,85844,24984,60860
6836,3.657109420713868,85844,24984,60860
6837,3.656574520988738,85844,24984,60860
6838,3.6560397777127815,85844,24984,60860
6839,3.655505190817371,85844,24984,60860
6840,3.654970760233918,85844,24984,60860
6841,3.6544364858938754,85844,24984,60860
6842,3.653902367728734,85844,24984,60860
6843,3.6533684056700277,85844,24984,60860
6844,3.652834599649328,85844,24984,60860
6845,3.652300949598247,85844,24984,60860
6846,3.651767455448437,85844,24984,60860
6847,3.6512341171315903,85844,24984,60860
6848,3.6507009345794392,85855,24995,60860
6849,3.6501679077237554,85855,24995,60860
6850,3.6496350364963503,85855,24995,60860
6851,3.6491023208290763,85855,24995,60860
6852,3.6485697606538237,85855,24995,60860
6853,3.6480373559025243,85855,24995,60860
6854,3.647505106507149,85829,24995,60834
6855,3.6469730123997084,85829,24995,60834
6856,3.646441073512252,85829,24995,60834
6857,3.6459092897768706,85803,24995,60808
6858,3.6453776611256927,85803,24995,60808
6859,3.644846187490888,85803,24995,60808
6860,3.6443148688046647,85803,24995,60808
6861,3.6437837049992714,85747,24995,60752
6862,3.643252696006995,85709,24963,60746
6863,3.6427218417601632,85709,24963,60746
6864,3.6421911421911424,85709,24963,60746
6865,3.641660597232338,85709,24963,60746
6866,3.6411302068161957,85709,24963,60746
6867,3.6405999708752,85644,24891,60753
6868,3.6400698893418753,85644,24891,60753
6869,3.6395399621487843,85644,24891,60753
6870,3.63901018922853,85644,24891,60753
6871,3.6384805705137535,85644,24891,60753
6872,3.637951105937136,85644,24891,60753
6873,3.6374217954313983,85644,24891,60753
6874,3.636892638929299,85644,24891,60753
6875,3.6363636363636362,85644,24891,60753
6876,3.6358347876672483,85644,24891,60753
6877,3.6353060927730114,85644,24891,60753
6878,3.6347775516138414,85644,24891,60753
6879,3.6342491641226924,85644,24891,60753
6880,3.633720930232558,85644,24891,60753
6881,3.6331928498764716,85644,24891,60753
6882,3.6326649229875034,85644,24891,60753
6883,3.632137149498765,85644,24891,60753
6884,3.631609529343405,85644,24891,60753
6885,3.6310820624546114,85644,24891,60753
6886,3.6305547487656114,85644,24891,60753
6887,3.6300275882096704,85644,24891,60753
6888,3.629500580720093,85644,24891,60753
6889,3.628973726230222,85644,24891,60753
6890,3.6284470246734397,85644,24891,60753
6891,3.6279204759831662,85644,24891,60753
6892,3.6273940800928615,85644,24891,60753
6893,3.626867836936022,85644,24891,60753
6894,3.626341746446185,85644,24891,60753
6895,3.625815808556925,85644,24891,60753
6896,3.625290023201856,85644,24891,60753
6897,3.6247643903146294,85644,24891,60753
6898,3.624238909828936,85644,24891,60753
6899,3.623713581678504,85644,24891,60753
6900,3.6231884057971016,85644,24891,60753
6901,3.6226633821185334,85644,24891,60753
6902,3.6221385105766446,85644,24891,60753
6903,3.6216137911053163,85650,24891,60759
6904,3.6210892236384704,85650,24891,60759
6905,3.620564808110065,85644,24891,60753
6906,3.6200405444540977,85644,24891,60753
6907,3.619516432604604,85644,24891,60753
6908,3.6189924724956573,85644,24891,60753
6909,3.618468664061369,85644,24891,60753
6910,3.61794500723589,85636,24891,60745
6911,3.6174215019534075,85636,24891,60745
6912,3.6168981481481484,85636,24891,60745
6913,3.6163749457543757,85636,24891,60745
6914,3.6158518947063927,85636,24891,60745
6915,3.6153289949385394,85636,24891,60745
6916,3.6148062463851938,85636,24891,60745
6917,3.614283648980772,85636,24891,60745
6918,3.6137612026597283,85636,24891,60745
6919,3.6132389073565543,85636,24891,60745
6920,3.61271676300578,85636,24891,60745
6921,3.612194769541974,85636,24891,60745
6922,3.61167292689974,85642,24891,60751
6923,3.6111512350137223,85642,24891,60751
6924,3.610629693818602,85642,24891,60751
6925,3.6101083032490973,85642,24891,60751
6926,3.609587063239965,85619,24891,60728
6927,3.6090659737259996,85619,24891,60728
6928,3.6085450346420322,85619,24891,60728
6929,3.6080242459229326,85619,24891,60728
6930,3.6075036075036073,85619,24891,60728
6931,3.6069831193190014,85619,24891,60728
6932,3.606462781304097,85619,24891,60728
6933,3.6059425933939133,85619,24891,60728
6934,3.6054225555235075,85619,24891,60728
6935,3.604902667627974,85619,24891,60728
6936,3.604382929642445,85619,24891,60728
6937,3.60386334150209,85619,24891,60728
6938,3.603343903142116,85619,24891,60728
6939,3.602824614497766,85619,24891,60728
6940,3.602305475504323,85619,24891,60728
6941,3.601786486097104,85619,24891,60728
6942,3.6012676462114666,85619,24891,60728
6943,3.600748955782803,85619,24891,60728
6944,3.6002304147465436,85619,24891,60728
6945,3.599712023038157,85619,24891,60728
6946,3.599193780593147,85619,24891,60728
6947,3.5986756873470562,85619,24891,60728
6948,3.5981577432354634,85619,24891,60728
6949,3.5976399481939847,85619,24891,60728
6950,3.597122302158273,85619,24891,60728
6951,3.5966048050640196,85619,24891,60728
6952,3.5960874568469503,85619,24891,60728
6953,3.5955702574428305,85619,24891,60728
6954,3.5950532067874605,85613,24891,60722
6955,3.5945363048166787,85613,24891,60722
6956,3.59401955146636,85613,24891,60722
6957,3.5935029466724164,85613,24891,60722
6958,3.592986490370796,85613,24891,60722
6959,3.592470182497485,85613,24891,60722
6960,3.5919540229885056,85613,24891,60722
6961,3.5914380117799167,85584,25076,60508
6962,3.590922148807814,85584,25076,60508
6963,3.59040643400833,85584,25076,60508
6964,3.5898908673176337,85584,25076,60508
6965,3.589375448671931,85584,25076,60508
6966,3.5888601780074647,85438,24896,60542
6967,3.588345055260514,85438,24896,60542
6968,3.587830080367394,85438,24896,60542
6969,3.5873152532644568,85438,24896,60542
6970,3.586800573888092,85438,24896,60542
6971,3.586286042174724,85438,24896,60542
6972,3.5857716580608145,85438,24896,60542
6973,3.5852574214828623,85412,24896,60516
6974,3.5847433323774016,85412,24896,60516
6975,3.5842293906810037,85412,24896,60516
6976,3.583715596330275,85412,24896,60516
6977,3.5832019492618605,85412,24896,60516
6978,3.582688449412439,85412,24896,60516
6979,3.5821750967187276,85412,24896,60516
6980,3.5816618911174785,85412,24896,60516
6981,3.5811488325454808,85412,24896,60516
6982,3.580635920939559,85412,24896,60516
6983,3.5801231562365747,85412,24896,60516
6984,3.579610538373425,85412,24896,60516
6985,3.5790980672870436,85412,24896,60516
6986,3.5785857429144,85412,24896,60516
6987,3.5780735651925,85412,24896,60516
6988,3.5775615340583857,85412,24896,60516
6989,3.577049649449134,85412,24896,60516
6990,3.57653791130186,85412,24896,60516
6991,3.576026319553712,85409,24896,60513
6992,3.5755148741418763,85409,24896,60513
6993,3.575003575003575,85409,24896,60513
6994,3.574492422076065,85409,24896,60513
6995,3.5739814152966405,85409,24896,60513
6996,3.57347055460263,85409,24896,60513
6997,3.572959839931399,85409,24896,60513
6998,3.5724492712203486,85409,24896,60513
6999,3.5719388484069152,85409,24896,60513
7000,3.5714285714285716,85409,24896,60513
7001,3.570918440222825,85409,24896,60513
7002,3.570408454727221,85409,24896,60513
7003,3.5698986148793375,85409,24896,60513
7004,3.5693889206167904,85409,24896,60513
7005,3.5688793718772307,85409,24896,60513
7006,3.5683699685983443,85409,24896,60513
7007,3.5678607107178535,85409,24896,60513
7008,3.567351598173516,85409,24896,60513
7009,3.5668426309031247,85409,24896,60513
7010,3.566333808844508,85409,24896,60513
7011,3.56582513193553,85409,24896,60513
7012,3.56531660011409,85409,24896,60513
7013,3.5648082133181234,85409,24896,60513
7014,3.5642999714856,85409,24896,60513
7015,3.563791874554526,85403,24896,60507
7016,3.563283922462942,85403,24896,60507
7017,3.562776115148924,85403,24896,60507
7018,3.562268452550584,85403,24896,60507
7019,3.5617609346060695,85403,24896,60507
7020,3.561253561253561,85403,24896,60507
7021,3.5607463324312776,85403,24896,60507
7022,3.5602392480774707,85403,24896,60507
7023,3.5597323081304286,85403,24896,60507
7024,3.559225512528474,85403,24896,60507
7025,3.5587188612099645,85403,24896,60507
7026,3.5582123541132935,85403,24896,60507
7027,3.5577059911768893,85301,24788,60513
7028,3.5571997723392146,85301,24788,60513
7029,3.5566936975387677,85301,24788,60513
7030,3.5561877667140824,85301,24788,60513
7031,3.5556819798037265,85301,24788,60513
7032,3.5551763367463027,85301,24788,60513
7033,3.554670837480449,85301,24788,60513
7034,3.5541654819448394,85301,24788,60513
7035,3.5536602700781805,85301,24788,60513
7036,3.5531552018192154,85301,24788,60513
7037,3.5526502771067214,85301,24788,60513
7038,3.552145495879511,85293,24788,60505
7039,3.551640858076431,85293,24788,60505
7040,3.5511363636363638,85293,24788,60505
7041,3.5506320124982245,85293,24788,60505
7042,3.5501278046009657,85293,24788,60505
7043,3.549623739883572,85293,24788,60505
7044,3.549119818285065,85293,24788,60505
7045,3.5486160397444997,85293,24788,60505
7046,3.5481124042009653,85293,24788,60505
7047,3.547608911593586,85293,24788,60505
7048,3.547105561861521,85293,24788,60505
7049,3.5466023549439636,85293,24788,60505
7050,3.5460992907801416,85293,24788,60505
7051,3.545596369309318,85293,24788,60505
7052,3.5450935904707883,85293,24788,60505
7053,3.5445909542038847,85293,24788,60505
7054,3.544088460447973,85293,24788,60505
7055,3.5435861091424523,85293,24788,60505
7056,3.5430839002267573,85293,24788,60505
7057,3.542581833640357,85293,24788,60505
7058,3.542079909322754,85293,24788,60505
7059,3.5415781272134863,85293,24788,60505
7060,3.5410764872521248,85293,24788,60505
7061,3.540574989378275,85293,24788,60505
7062,3.5400736335315774,85293,24788,60505
7063,3.539572419651706,85293,24788,60505
7064,3.539071347678369,85293,24788,60505
7065,3.538570417551309,85293,24788,60505
7066,3.5380696292103027,85293,24788,60505
7067,3.5375689825951606,85293,24788,60505
7068,3.537068477645727,85293,24788,60505
7069,3.5365681143018817,85293,24788,60505
7070,3.536067892503536,85293,24788,60505
7071,3.5355678121906378,85266,24788,60478
7072,3.5350678733031673,85266,24788,60478
7073,3.5345680757811397,85266,24788,60478
7074,3.5340684195646026,85266,24788,60478
7075,3.5335689045936394,85266,24788,60478
7076,3.5330695308083664,85266,24788,60478
7077,3.5325702981489333,85266,24788,60478
7078,3.532071206555524,85266,24788,60478
7079,3.5315722559683573,85210,24788,60422
7080,3.531073446327684,85212,24788,60424
7081,3.530574777573789,85212,24788,60424
7082,3.530076249646992,85212,24788,60424
7083,3.5295778624876464,85212,24788,60424
7084,3.529079616036138,85212,24788,60424
7085,3.5285815102328866,85212,24788,60424
7086,3.528083545018346,85113,24531,60582
7087,3.527585720333004,85113,24531,60582
7088,3.5270880361173815,85113,24531,60582
7089,3.5265904923120326,85113,24531,60582
7090,3.5260930888575457,85077,24531,60546
7091,3.5255958256945426,85077,24531,60546
7092,3.5250987027636773,85077,24531,60546
7093,3.524601720005639,85077,24531,60546
7094,3.5241048773611503,85077,24531,60546
7095,3.5236081747709656,85077,24531,60546
7096,3.5231116121758737,85077,24531,60546
7097,3.522615189516697,85077,24531,60546
7098,3.5221189067342915,85077,24531,60546
7099,3.521622763769545,85077,24531,60546
7100,3.5211267605633805,85077,24531,60546
7101,3.5206308970567526,85077,24531,60546
7102,3.5201351731906505,85077,24531,60546
7103,3.519639588906096,85077,24531,60546
7104,3.519144144144144,85077,24531,60546
7105,3.518648838845883,85077,24531,60546
7106,3.5181536729524345,85077,24531,60546
7107,3.517658646404953,85077,24531,60546
7108,3.517163759144626,85077,24531,60546
7109,3.516669011112674,85077,24531,60546
7110,3.5161744022503516,85077,24531,60546
7111,3.515679932498945,85077,24531,60546
7112,3.515185601799775,85077,24531,60546
7113,3.5146914100941937,85077,24531,60546
7114,3.5141973573235874,85077,24531,60546
7115,3.5137034434293746,85077,24531,60546
7116,3.5132096683530074,85077,24531,60546
7117,3.51271603203597,85047,24531,60516
7118,3.512222534419781,85047,24531,60516
7119,3.5117291754459896,85047,24531,60516
7120,3.5112359550561796,85047,24531,60516
7121,3.510742873191967,85047,24531,60516
7122,3.5102499297950014,85047,24531,60516
7123,3.5097571248069634,85047,24531,60516
7124,3.5092644581695676,85047,24531,60516
7125,3.508771929824561,85047,24531,60516
7126,3.5082795397137243,85047,24531,60516
7127,3.507787287778869,85047,24531,60516
7128,3.5072951739618405,85047,24531,60516
7129,3.506803198204517,85047,24531,60516
7130,3.506311360448808,85047,24531,60516
7131,3.5058196606366567,85047,24531,60516
7132,3.5053280987100393,85047,24531,60516
7133,3.504836674610963,85047,24531,60516
7134,3.504345388281469,85047,24531,60516
7135,3.50385423966363,85047,24531,60516
7136,3.5033632286995515,85047,24531,60516
7137,3.502872355331372,85047,24531,60516
7138,3.5023816195012607,85047,24531,60516
7139,3.5018910211514216,85047,24531,60516
7140,3.5014005602240896,85047,24531,60516
7141,3.500910236661532,85047,24531,60516
7142,3.5004200504060488,85047,24531,60516
7143,3.499930001399972,85047,24531,60516
7144,3.4994400895856663,85047,24531,60516
7145,3.4989503149055285,85047,24531,60516
7146,3.498460677301987,85047,24531,60516
7147,3.497971176717504,85047,24531,60516
7148,3.4974818130945717,85047,24531,60516
7149,3.496992586375717,85047,24531,60516
7150,3.4965034965034967,85047,24531,60516
7151,3.4960145434205008,85047,24531,60516
7152,3.495525727069351,85047,24531,60516
7153,3.495037047392702,85047,24531,60516
7154,3.49454850433324,85035,24491,60544
7155,3.4940600978336827,85035,24491,60544
7156,3.49357182783678,85035,24491,60544
7157,3.493083694285315,85035,24491,60544
7158,3.492595697122101,85035,24491,60544
7159,3.4921078362899847,85035,24491,60544
7160,3.4916201117318435,85035,24491,60544
7161,3.491132523390588,85035,24491,60544
7162,3.4906450712091592,85035,24491,60544
7163,3.490157755130532,85035,24491,60544
7164,3.4896705750977106,85035,24491,60544
7165,3.4891835310537336,85035,24491,60544
7166,3.488696622941669,85035,24491,60544
7167,3.488209850704618,85035,24491,60544
7168,3.4877232142857144,85035,24491,60544
7169,3.4872367136281213,85035,24491,60544
7170,3.486750348675035,85035,24491,60544
7171,3.4862641193696833,85035,24491,60544
7172,3.485778025655326,85032,24503,60529
7173,3.4852920674752546,85032,24503,60529
7174,3.4848062447727908,85032,24503,60529
7175,3.484320557491289,85032,24503,60529
7176,3.483835005574136,85032,24503,60529
7177,3.4833495889647486,85032,24503,60529
7178,3.4828643076065755,85032,24503,60529
7179,3.482379161443098,85032,24503,60529
7180,3.481894150417827,85032,24503,60529
7181,3.481409274474307,85032,24503,60529
7182,3.4809245335561125,85032,24503,60529
7183,3.4804399276068496,85032,24503,60529
7184,3.479955456570156,85032,24503,60529
7185,3.4794711203897006,85032,24503,60529
7186,3.4789869190091847,85032,24503,60529
7187,3.478502852372339,85032,24503,60529
7188,3.4780189204229273,85032,24503,60529
7189,3.4775351231047433,85032,24503,60529
7190,3.477051460361613,85032,24503,60529
7191,3.476567932137394,85032,24503,60529
7192,3.4760845383759733,85032,24503,60529
7193,3.4756012790212707,85032,24503,60529
7194,3.4751181540172364,85032,24503,60529
7195,3.4746351633078527,85032,24503,60529
7196,3.474152306837132,85009,24503,60506
7197,3.4736695845491177,85009,24503,60506
7198,3.4731869963878856,85009,24503,60506
7199,3.4727045422975413,85009,24503,60506
7200,3.4722222222222223,85009,24503,60506
7201,3.4717400361060964,85009,24503,60506
7202,3.471257983893363,85009,24503,60506
7203,3.470776065528252,84952,24539,60413
7204,3.470294280955025,84952,24539,60413
7205,3.4698126301179735,84952,24539,60413
7206,3.469331112961421,84952,24539,60413
7207,3.468849729429721,84952,24539,60413
7208,3.4683684794672587,84952,24539,60413
7209,3.4678873630184492,84952,24539,60413
7210,3.467406380027739,84952,24539,60413
7211,3.4669255304396063,84952,24539,60413
7212,3.466444814198558,84952,24539,60413
7213,3.4659642312491337,84952,24539,60413
7214,3.4654837815359025,84952,24539,60413
7215,3.465003465003465,84952,24539,60413
7216,3.464523281596452,84952,24539,60413
7217,3.464043231259526,84952,24539,60413
7218,3.463563313937379,84952,24539,60413
7219,3.4630835295747335,84948,24539,60409
7220,3.4626038781163433,84948,24539,60409
7221,3.4621243595069937,84948,24539,60409
7222,3.4616449736914983,84948,24539,60409
7223,3.461165720614703,84948,24539,60409
7224,3.460686600221484,84942,24539,60403
7225,3.4602076124567476,84942,24539,60403
7226,3.4597287572654305,84942,24539,60403
7227,3.4592500345925004,84942,24539,60403
7228,3.4587714443829554,84942,24539,60403
7229,3.458292986581823,84942,24539,60403
7230,3.4578146611341634,84942,24539,60403
7231,3.457336467985064,84942,24539,60403
7232,3.456858407079646,84942,24539,60403
7233,3.4563804783630583,84942,24539,60403
7234,3.455902681780481,84942,24539,60403
7235,3.455425017277125,84942,24539,60403
7236,3.454947484798231,84942,24539,60403
7237,3.45447008428907,84942,24539,60403
7238,3.4539928156949435,84942,24539,60403
7239,3.4535156789611823,84942,24539,60403
7240,3.453038674033149,84942,24539,60403
7241,3.4525618008562353,84942,24539,60403
7242,3.452085059375863,84942,24539,60403
7243,3.4516084495374844,84942,24539,60403
7244,3.451131971286582,84942,24539,60403
7245,3.450655624568668,84942,24539,60403
7246,3.450179409329285,84942,24539,60403
7247,3.449703325514006,84942,24539,60403
7248,3.4492273730684326,84942,24539,60403
7249,3.4487515519381984,84942,24539,60403
7250,3.4482758620689653,84912,24539,60373
7251,3.4478003034064266,84912,24539,60373
7252,3.4473248758963044,84912,24539,60373
7253,3.4468495794843514,84912,24539,60373
7254,3.4463744141163497,84912,24539,60373
7255,3.4458993797381114,84912,24539,60373
7256,3.4454244762954795,84912,24539,60373
7257,3.4449497037343253,84912,24539,60373
7258,3.444475062000551,84891,24539,60352
7259,3.444000551040088,84891,24539,60352
7260,3.443526170798898,84891,24539,60352
7261,3.443051921222972,84891,24539,60352
7262,3.442577802258331,84891,24539,60352
7263,3.4421038138510256,84891,24539,60352
7264,3.4416299559471364,84891,24539,60352
7265,3.4411562284927735,84852,24482,60370
7266,3.4406826314340764,84852,24482,60370
7267,3.440209164717215,84852,24482,60370
7268,3.4397358282883874,84852,24482,60370
7269,3.439262622093823,84852,24482,60370
7270,3.43878954607978,84852,24482,60370
7271,3.438316600192546,84852,24482,60370
7272,3.4378437843784377,84852,24482,60370
7273,3.437371098583803,84852,24482,60370
7274,3.436898542755018,84852,24482,60370
7275,3.4364261168384878,84852,24482,60370
7276,3.435953820780649,84852,24482,60370
7277,3.435481654527965,84852,24482,60370
7278,3.4350096180269305,84852,24482,60370
7279,3.434537711224069,84852,24482,60370
7280,3.434065934065934,84852,24482,60370
7281,3.4335942864991074,84852,24482,60370
7282,3.4331227684702004,84832,24482,60350
7283,3.4326513799258547,84832,24482,60350
7284,3.43218012081274,84832,24482,60350
7285,3.4317089910775564,84832,24482,60350
7286,3.4312379906670327,84832,24482,60350
7287,3.4307671195279266,84832,24482,60350
7288,3.4302963776070254,84832,24482,60350
7289,3.4298257648511457,84832,24482,60350
7290,3.429355281207133,84832,24482,60350
7291,3.4288849266218624,84832,24482,60350
7292,3.428414701042238,84832,24482,60350
7293,3.4279446044151927,84832,24482,60350
7294,3.4274746366876885,84832,24482,60350
7295,3.427004797806717,84832,24482,60350
7296,3.4265350877192984,84832,24482,60350
7297,3.4260655063724816,84832,24482,60350
7298,3.4255960537133463,84832,24482,60350
7299,3.4251267296889987,84832,24482,60350
7300,3.4246575342465753,84832,24482,60350
7301,3.424188467333242,84832,24482,60350
7302,3.423719528896193,84832,24482,60350
7303,3.423250718882651,84832,24482,60350
7304,3.4227820372398687,84832,24482,60350
7305,3.4223134839151266,84835,24482,60353
7306,3.421845058855735,84835,24482,60353
7307,3.4213767620090323,84835,24482,60353
7308,3.4209085933223866,84835,24482,60353
7309,3.420440552743193,84835,24482,60353
7310,3.4199726402188784,84835,24482,60353
7311,3.419504855696895,84829,24482,60347
7312,3.4190371991247264,84829,24482,60347
7313,3.418569670449884,84829,24482,60347
7314,3.418102269619907,84829,24482,60347
7315,3.417634996582365,84829,24482,60347
7316,3.417167851284855,84829,24482,60347
7317,3.4167008336750033,84829,24482,60347
7318,3.4162339437004645,84829,24482,60347
7319,3.415767181308922,84829,24482,60347
7320,3.4153005464480874,84829,24482,60347
7321,3.4148340390657013,84829,24482,60347
7322,3.414367659109533,84829,24482,60347
7323,3.4139014065273794,84829,24482,60347
7324,3.413435281267067,84829,24482,60347
7325,3.4129692832764507,84829,24482,60347
7326,3.4125034125034124,84829,24482,60347
7327,3.4120376688958647,84829,24482,60347
7328,3.4115720524017465,84829,24482,60347
7329,3.411106562969027,84829,24482,60347
7330,3.4106412005457027,84827,24482,60345
7331,3.410175965079798,84827,24482,60345
7332,3.409710856519367,84801,24482,60319
7333,3.4092458748124916,84801,24482,60319
7334,3.408781019907281,84801,24482,60319
7335,3.408316291751875,84801,24482,60319
7336,3.4078516902944385,84801,24482,60319
7337,3.4073872154831677,84801,24482,60319
7338,3.4069228672662852,84801,24482,60319
7339,3.4064586455920427,84801,24482,60319
7340,3.4059945504087192,84801,24482,60319
7341,3.4055305816646233,84801,24482,60319
7342,3.4050667393080905,84801,24482,60319
7343,3.4046030232874847,84801,24482,60319
7344,3.4041394335511983,84801,24482,60319
7345,3.4036759700476513,84801,24482,60319
7346,3.4032126327252925,84801,24482,60319
7347,3.402749421532598,84801,24482,60319
7348,3.402286336418073,84801,24482,60319
7349,3.401823377330249,84801,24482,60319
7350,3.401360544217687,84801,24482,60319
7351,3.4008978370289755,84801,24482,60319
7352,3.4004352557127313,84801,24482,60319
7353,3.3999728002175984,84801,24482,60319
7354,3.399510470492249,84801,24482,60319
7355,3.399048266485384,84801,24482,60319
7356,3.3985861881457313,84801,24482,60319
7357,3.398124235422047,84801,24482,60319
7358,3.397662408263115,84801,24482,60319
7359,3.3972007066177468,84801,24482,60319
7360,3.3967391304347827,84801,24482,60319
7361,3.3962776796630894,84801,24482,60319
7362,3.3958163542515623,84801,24482,60319
7363,3.395355154149124,84801,24482,60319
7364,3.3948940793047258,84801,24482,60319
7365,3.3944331296673456,84801,24482,60319
7366,3.3939723051859896,84801,24482,60319
7367,3.393511605809692,84801,24482,60319
7368,3.3930510314875137,84801,24482,60319
7369,3.392590582168544,84801,24482,60319
7370,3.3921302578018997,84801,24482,60319
7371,3.391670058336725,84801,24482,60319
7372,3.391209983722192,84801,24482,60319
7373,3.3907500339075005,84801,24482,60319
7374,3.390290208841877,84801,24482,60319
7375,3.389830508474576,84801,24482,60319
7376,3.389370932754881,84801,24482,60319
7377,3.3889114816320998,84801,24482,60319
7378,3.3884521550555706,84801,24482,60319
7379,3.387992952974658,84801,24482,60319
7380,3.3875338753387534,84799,24434,60365
7381,3.387074922097277,84799,24434,60365
7382,3.3866160931996747,84799,24434,60365
7383,3.386157388595422,84799,24434,60365
7384,3.3856988082340194,84799,24434,60365
7385,3.3852403520649967,84799,24434,60365
7386,3.3847820200379095,84787,24434,60353
7387,3.384323812102342,84787,24434,60353
7388,3.3838657282079048,84787,24434,60353
7389,3.383407768304236,84787,24434,60353
7390,3.3829499323410013,84787,24434,60353
7391,3.3824922202678933,84787,24434,60353
7392,3.382034632034632,84787,24434,60353
7393,3.3815771675909643,84787,24434,60353
7394,3.381119826886665,84787,24434,60353
7395,3.3806626098715347,84787,24434,60353
7396,3.380205516495403,84787,24434,60353
7397,3.3797485467081247,84787,24434,60353
7398,3.3792917004595835,84787,24434,60353
7399,3.378834977699689,84793,24434,60359
7400,3.3783783783783785,84793,24434,60359
7401,3.3779219024456153,84793,24434,60359
7402,3.3774655498513915,84793,24434,60359
7403,3.377009320545725,84793,24434,60359
7404,3.37655321447866,84793,24434,60359
7405,3.37609723160027,84793,24434,60359
7406,3.3756413718606537,84793,24434,60359
7407,3.3751856352099368,84793,24434,60359
7408,3.374730021598272,84793,24434,60359
7409,3.3742745309758404,84781,24434,60347
7410,3.3738191632928474,84781,24434,60347
7411,3.373363918499528,84717,24434,60283
7412,3.3729087965461413,84717,24434,60283
7413,3.372453797382976,84717,24434,60283
7414,3.3719989209603454,84717,24434,60283
7415,3.3715441672285906,84717,24434,60283
7416,3.3710895361380797,84717,24434,60283
7417,3.3706350276392074,84717,24434,60283
7418,3.3701806416823943,84717,24434,60283
7419,3.369726378218089,84717,24434,60283
7420,3.3692722371967654,84717,24434,60283
7421,3.368818218568926,84717,24434,60283
7422,3.3683643222850983,84717,24434,60283
7423,3.3679105482958374,84717,24434,60283
7424,3.367456896551724,84663,24434,60229
7425,3.367003367003367,84663,24434,60229
7426,3.3665499596014006,84663,24434,60229
7427,3.366096674296486,84663,24434,60229
7428,3.365643511039311,84663,24434,60229
7429,3.3651904697805897,84673,24478,60195
7430,3.3647375504710633,84673,24478,60195
7431,3.364284753061499,84673,24478,60195
7432,3.363832077502691,84673,24478,60195
7433,3.3633795237454596,84673,24478,60195
7434,3.362927091740651,84675,24478,60197
7435,3.3624747814391394,84675,24478,60197
7436,3.3620225927918237,84675,24478,60197
7437,3.3615705257496304,84674,24478,60196
7438,3.3611185802635117,84681,24478,60203
7439,3.3606667562844468,84681,24478,60203
7440,3.360215053763441,84681,24478,60203
7441,3.3597634726515255,84681,24478,60203
7442,3.3593120128997582,84681,24478,60203
7443,3.3588606744592235,84681,24478,60203
7444,3.3584094572810317,84681,24478,60203
7445,3.3579583613163195,84681,24478,60203
7446,3.35750738651625,84681,24478,60203
7447,3.3570565328320128,84681,24478,60203
7448,3.356605800214823,84681,24478,60203
7449,3.3561551886159218,84681,24478,60203
7450,3.3557046979865772,84681,24478,60203
7451,3.3552543282780833,84681,24478,60203
7452,3.3548040794417604,84681,24478,60203
7453,3.354353951428955,84681,24478,60203
7454,3.3539039441910385,84681,24478,60203
7455,3.35345405767941,84681,24478,60203
7456,3.3530042918454934,84681,24478,60203
7457,3.35255464664074,84681,24478,60203
7458,3.3521051220166265,84681,24478,60203
7459,3.351655717924655,84681,24478,60203
7460,3.351206434316354,84681,24478,60203
7461,3.3507572711432783,84681,24478,60203
7462,3.350308228357009,84681,24478,60203
7463,3.3498593059091517,84681,24478,60203
7464,3.34941050375134,84681,24478,60203
7465,3.348961821835231,84681,24478,60203
7466,3.34851326011251,84681,24478,60203
7467,3.348064818534887,84681,24478,60203
7468,3.3476164970540974,84681,24478,60203
7469,3.3471682956219038,84681,24478,60203
7470,3.3467202141900936,84681,24478,60203
7471,3.3462722527104805,84681,24478,60203
7472,3.345824411134904,84681,24478,60203
7473,3.3453766894152284,84681,24478,60203
7474,3.344929087503345,84681,24478,60203
7475,3.3444816053511706,84681,24478,60203
7476,3.3440342429106473,84681,24478,60203
7477,3.3435870001337435,84681,24478,60203
7478,3.3431398769724527,84681,24478,60203
7479,3.342692873378794,84681,24478,60203
7480,3.342245989304813,84681,24478,60203
7481,3.34179922470258,84681,24478,60203
7482,3.3413525795241914,84681,24478,60203
7483,3.340906053721769,84681,24478,60203
7484,3.3404596472474615,84681,24478,60203
7485,3.3400133600534403,84681,24478,60203
7486,3.339567192091905,84681,24478,60203
7487,3.3391211433150794,84681,24478,60203
7488,3.338675213675214,84681,24478,60203
7489,3.3382294031245827,84681,24478,60203
7490,3.3377837116154874,84681,24478,60203
7491,3.3373381391002535,84681,24478,60203
7492,3.3368926855312333,84672,24448,60224
7493,3.3364473508608032,84672,24448,60224
7494,3.3360021350413662,84672,24448,60224
7495,3.33555703802535,84670,24448,60222
7496,3.335112059765208,84670,24448,60222
7497,3.334667200213419,84670,24448,60222
7498,3.334222459322486,84670,24448,60222
7499,3.333777837044939,84670,24448,60222
7500,3.3333333333333335,84670,24448,60222
7501,3.332888948140248,84670,24448,60222
7502,3.3324446814182886,84670,24448,60222
7503,3.3320005331200853,84670,24448,60222
7504,3.331556503198294,84670,24448,60222
7505,3.331112591605596,84670,24448,60222
7506,3.3306687982946976,84670,24448,60222
7507,3.3302251232183298,84670,24448,60222
7508,3.329781566329249,84670,24448,60222
7509,3.329338127580237,84670,24448,60222
7510,3.3288948069241013,84670,24448,60222
7511,3.328451604313673,84670,24448,60222
7512,3.3280085197018106,84670,24448,60222
7513,3.327565553041395,84670,24448,60222
7514,3.327122704285334,84670,24448,60222
7515,3.32667997338656,84670,24448,60222
7516,3.326237360298031,84670,24448,60222
7517,3.3257948649727287,84670,24448,60222
7518,3.3253524873636606,84670,24448,60222
7519,3.3249102274238598,84670,24448,60222
7520,3.324468085106383,84670,24448,60222
7521,3.3240260603643135,84670,24448,60222
7522,3.3235841531507577,84670,24448,60222
7523,3.323142363418849,84670,24448,60222
7524,3.3227006911217436,84670,24448,60222
7525,3.3222591362126246,84670,24448,60222
7526,3.3218176986446983,84670,24448,60222
7527,3.321376378371197,84670,24448,60222
7528,3.3209351753453773,84670,24448,60222
7529,3.320494089520521,84670,24448,60222
7530,3.3200531208499338,84670,24448,60222
7531,3.319612269286947,84670,24448,60222
7532,3.3191715347849176,84670,24448,60222
7533,3.3187309172972257,84670,24448,60222
7534,3.3182904167772764,84670,24448,60222
7535,3.3178500331785004,84670,24448,60222
7536,3.3174097664543525,84666,24448,60218
7537,3.3169696165583122,84666,24448,60218
7538,3.3165295834438844,84666,24448,60218
7539,3.3160896670645976,84666,24448,60218
7540,3.315649867374005,84617,24359,60258
7541,3.3152101843256863,84617,24359,60258
7542,3.314770617873243,84617,24359,60258
7543,3.3143311679703036,84617,24359,60258
7544,3.3138918345705197,84617,24359,60258
7545,3.313452617627568,84617,24359,60258
7546,3.3130135170951496,84617,24359,60258
7547,3.3125745329269907,84617,24359,60258
7548,3.3121356650768417,84617,24359,60258
7549,3.311696913498477,84617,24359,60258
7550,3.3112582781456954,84617,24359,60258
7551,3.3108197589723214,84617,24359,60258
7552,3.3103813559322033,84617,24359,60258
7553,3.3099430689792135,84617,24359,60258
7554,3.309504898067249,84617,24359,60258
7555,3.3090668431502315,84617,24359,60258
7556,3.308628904182107,84617,24359,60258
7557,3.308191081116845,84617,24359,60258
7558,3.3077533739084415,84617,24359,60258
7559,3.3073157825109143,84617,24359,60258
7560,3.306878306878307,84617,24359,60258
7561,3.3064409469646874,84617,24359,60258
7562,3.306003702724147,84617,24359,60258
7563,3.3055665741108027,84617,24359,60258
7564,3.305129561078794,84617,24359,60258
7565,3.3046926635822866,84617,24359,60258
7566,3.304255881575469,84617,24359,60258
7567,3.3038192150125547,84617,24359,60258
7568,3.3033826638477803,84617,24359,60258
7569,3.3029462280354074,84617,24359,60258
7570,3.3025099075297226,84617,24359,60258
7571,3.302073702285035,84617,24359,60258
7572,3.301637612255679,84617,24359,60258
7573,3.3012016373960122,84617,24359,60258
7574,3.300765777660417,84617,24359,60258
7575,3.3003300330033003,84617,24359,60258
7576,3.299894403379092,84617,24359,60258
7577,3.2994588887422465,84617,24359,60258
7578,3.299023489047242,84617,24359,60258
7579,3.2985882042485817,84617,24359,60258
7580,3.2981530343007917,84617,24359,60258
7581,3.2977179791584224,84617,24359,60258
7582,3.2972830387760483,84617,24359,60258
7583,3.2968482131082686,84617,24359,60258
7584,3.2964135021097047,84617,24359,60258
7585,3.2959789057350033,84617,24359,60258
7586,3.2955444239388347,84617,24359,60258
7587,3.295110056675893,84617,24359,60258
7588,3.2946758039008963,84617,24359,60258
7589,3.294241665568586,84617,24359,60258
7590,3.2938076416337285,84617,24359,60258
7591,3.293373732051113,84617,24359,60258
7592,3.292939936775553,84617,24359,60258
7593,3.292506255761886,84617,24359,60258
7594,3.2920726889649723,84617,24359,60258
7595,3.291639236339697,84617,24359,60258
7596,3.291205897840969,84620,24359,60261
7597,3.29077267342372,84620,24359,60261
7598,3.290339563042906,84620,24359,60261
7599,3.289906566653507,84620,24359,60261
7600,3.289473684210526,84620,24359,60261
7601,3.289040915668991,84620,24359,60261
7602,3.2886082609839518,84620,24359,60261
7603,3.2881757201104826,84620,24359,60261
7604,3.287743293003682,84620,24359,60261
7605,3.287310979618672,84620,24359,60261
7606,3.2868787799105967,84620,24359,60261
7607,3.286446693834626,84620,24359,60261
7608,3.2860147213459516,84620,24359,60261
7609,3.2855828623997896,84620,24359,60261
7610,3.2851511169513796,84620,24359,60261
7611,3.2847194849559846,84620,24359,60261
7612,3.284287966368891,84620,24359,60261
7613,3.2838565611454094,84620,24359,60261
7614,3.283425269240872,84620,24359,60261
7615,3.2829940906106367,84620,24359,60261
7616,3.282563025210084,84620,24359,60261
7617,3.2821320729946173,84620,24359,60261
7618,3.281701233919664,84620,24359,60261
7619,3.2812705079406745,84620,24359,60261
7620,3.2808398950131235,84620,24359,60261
7621,3.2804093950925077,84620,24359,60261
7622,3.279979008134348,84620,24359,60261
7623,3.2795487340941887,84620,24359,60261
7624,3.279118572927597,84620,24359,60261
7625,3.278688524590164,84620,24359,60261
7626,3.2782585890375033,84620,24359,60261
7627,3.2778287662252525,84620,24359,60261
7628,3.277399056109072,84620,24359,60261
7629,3.2769694586446456,84620,24359,60261
7630,3.2765399737876804,84620,24359,60261
7631,3.2761106014939063,84620,24359,60261
7632,3.2756813417190775,84620,24359,60261
7633,3.2752521944189703,84620,24359,60261
7634,3.2748231595493844,84620,24359,60261
7635,3.2743942370661427,84620,24359,60261
7636,3.2739654269250917,84620,24359,60261
7637,3.2735367290821005,84620,24359,60261
7638,3.273108143493061,84583,24320,60263
7639,3.2726796701138894,84583,24320,60263
7640,3.2722513089005236,84583,24320,60263
7641,3.2718230598089257,84583,24320,60263
7642,3.27139492279508,84583,24320,60263
7643,3.270966897814994,84583,24320,60263
7644,3.2705389848246993,84583,24320,60263
7645,3.2701111837802483,84583,24320,60263
7646,3.269683494637719,84583,24320,60263
7647,3.2692559173532105,84583,24320,60263
7648,3.268828451882845,84583,24320,60263
7649,3.268401098182769,84583,24320,60263
7650,3.2679738562091503,84583,24320,60263
7651,3.2675467259181805,84583,24320,60263
7652,3.2671197072660743,84583,24320,60263
7653,3.2666928002090683,84583,24320,60263
7654,3.266266004703423,84583,24320,60263
7655,3.2658393207054215,84583,24320,60263
7656,3.265412748171369,84583,24320,60263
7657,3.2649862870575945,84583,24320,60263
7658,3.264559937320449,84583,24320,60263
7659,3.2641336989163077,84583,24320,60263
7660,3.2637075718015667,84583,24320,60263
7661,3.263281555932646,84583,24320,60263
7662,3.262855651265988,84583,24320,60263
7663,3.2624298577580584,84583,24320,60263
7664,3.2620041753653446,84583,24320,60263
7665,3.2615786040443573,84583,24320,60263
7666,3.261153143751631,84583,24320,60263
7667,3.26072779444372,84547,24320,60227
7668,3.260302556077204,84547,24320,60227
7669,3.2598774286086845,84547,24320,60227
7670,3.259452411994785,84547,24320,60227
7671,3.2590275061921523,84547,24320,60227
7672,3.258602711157456,84547,24320,60227
7673,3.258178026847387,84547,24320,60227
7674,3.2577534532186605,84547,24320,60227
7675,3.257328990228013,84547,24320,60227
7676,3.2569046378322044,84547,24320,60227
7677,3.256480395988016,84547,24320,60227
7678,3.256056264652253,84547,24320,60227
7679,3.255632243781742,84547,24320,60227
7680,3.2552083333333335,84547,24320,60227
7681,3.254784533263898,84547,24320,60227
7682,3.2543608435303306,84547,24320,60227
7683,3.2539372640895485,84547,24320,60227
7684,3.2535137948984905,84547,24320,60227
7685,3.2530904359141184,84547,24320,60227
7686,3.2526671870934165,84547,24320,60227
7687,3.2522440483933917,84547,24320,60227
7688,3.251821019771072,84547,24320,60227
7689,3.2513981011835087,84547,24320,60227
7690,3.250975292587776,84553,24320,60233
7691,3.25055259394097,84553,24320,60233
7692,3.2501300052002082,84483,24320,60163
7693,3.249707526322631,84483,24320,60163
7694,3.2492851572654016,84483,24320,60163
7695,3.248862897985705,84483,24320,60163
7696,3.2484407484407485,84483,24320,60163
7697,3.2480187085877614,84483,24320,60163
7698,3.2475967783839956,84483,24320,60163
7699,3.2471749577867257,84483,24320,60163
7700,3.2467532467532467,84479,24320,60159
7701,3.2463316452408777,84479,24320,60159
7702,3.2459101532069594,84479,24320,60159
7703,3.2454887706088535,84479,24320,60159
7704,3.245067497403946,84479,24320,60159
7705,3.244646333549643,84479,24320,60159
7706,3.244225279003374,84479,24320,60159
7707,3.24380433372259,84479,24320,60159
7708,3.2433834976647637,84479,24320,60159
7709,3.242962770787391,84479,24320,60159
7710,3.2425421530479897,84479,24320,60159
7711,3.242121644404098,84479,24320,60159
7712,3.241701244813278,84479,24320,60159
7713,3.241280954233113,84479,24320,60159
7714,3.240860772621208,84479,24320,60159
7715,3.240440699935191,84479,24320,60159
7716,3.240020736132711,84479,24320,60159
7717,3.2396008811714396,84479,24320,60159
7718,3.2391811350090696,84479,24320,60159
7719,3.2387614976033166,84479,24320,60159
7720,3.238341968911917,84479,24320,60159
7721,3.2379225488926306,84471,24252,60219
7722,3.2375032375032373,84471,24252,60219
7723,3.237084034701541,84471,24252,60219
7724,3.236664940445365,84471,24252,60219
7725,3.236245954692557,84471,24252,60219
7726,3.235827077400984,84471,24252,60219
7727,3.235408308528536,84471,24252,60219
7728,3.2349896480331264,84471,24252,60219
7729,3.2345710958726874,84471,24252,60219
7730,3.2341526520051747,84471,24252,60219
7731,3.2337343163885657,84471,24252,60219
7732,3.233316088980859,84471,24252,60219
7733,3.232897969740075,84471,24252,60219
7734,3.2324799586242565,84471,24252,60219
7735,3.2320620555914674,84471,24252,60219
7736,3.231644260599793,84471,24252,60219
7737,3.2312265736073416,84471,24252,60219
7738,3.2308089945722407,84471,24252,60219
7739,3.2303915234526426,84471,24252,60219
7740,3.2299741602067185,84471,24252,60219
7741,3.2295569047926627,84471,24252,60219
7742,3.2291397571686904,84471,24252,60219
7743,3.228722717293039,84471,24252,60219
7744,3.228305785123967,84471,24252,60219
7745,3.2278889606197545,84471,24252,60219
7746,3.227472243738704,84471,24252,60219
7747,3.2270556344391377,84471,24252,60219
7748,3.2266391326794013,84471,24252,60219
7749,3.2262227384178606,84471,24252,60219
7750,3.225806451612903,84471,24252,60219
7751,3.225390272222939,84465,24252,60213
7752,3.224974200206398,84465,24252,60213
7753,3.2245582355217337,84465,24252,60213
7754,3.224142378127418,84465,24252,60213
7755,3.223726627981947,84465,24252,60213
7756,3.223310985043837,84465,24252,60213
7757,3.2228954492716255,84465,24252,60213
7758,3.222480020623872,84465,24252,60213
7759,3.2220646990591573,84465,24252,60213
7760,3.2216494845360826,84465,24252,60213
7761,3.2212343770132716,84465,24252,60213
7762,3.2208193764493687,84465,24252,60213
7763,3.22040448280304,84465,24252,60213
7764,3.2199896960329726,84465,24252,60213
7765,3.219575016097875,84465,24252,60213
7766,3.219160442956477,84465,24252,60213
7767,3.2187459765675293,84465,24252,60213
7768,3.218331616889804,84465,24252,60213
7769,3.2179173638820955,84465,24252,60213
7770,3.2175032175032174,84465,24252,60213
7771,3.217089177712006,84465,24252,60213
7772,3.216675244467319,84465,24252,60213
7773,3.216261417728033,84465,24252,60213
7774,3.2158476974530488,84465,24252,60213
7775,3.215434083601286,84465,24252,60213
7776,3.2150205761316872,84465,24252,60213
7777,3.2146071750032146,84465,24252,60213
7778,3.214193880174852,84465,24252,60213
7779,3.2137806916056046,84465,24252,60213
7780,3.2133676092544987,84465,24252,60213
7781,3.2129546330805807,84465,24252,60213
7782,3.2125417630429194,84465,24252,60213
7783,3.212128999100604,84465,24252,60213
7784,3.2117163412127443,84465,24252,60213
7785,3.2113037893384715,84465,24252,60213
7786,3.210891343436938,84465,24252,60213
7787,3.2104790034673174,84465,24252,60213
7788,3.210066769388803,84447,24264,60183
7789,3.2096546411606113,84441,24264,60177
7790,3.209242618741977,84441,24264,60177
7791,3.2088307020921576,84429,24264,60165
7792,3.208418891170431,84429,24264,60165
7793,3.2080071859360966,84423,24264,60159
7794,3.2075955863484733,84423,24264,60159
7795,3.207184092366902,84423,24264,60159
7796,3.206772703950744,84423,24264,60159
7797,3.206361421059382,84407,24264,60143
7798,3.2059502436522185,84336,24264,60072
7799,3.205539171688678,84336,24264,60072
7800,3.2051282051282053,84336,24264,60072
7801,3.204717343930265,84336,24264,60072
7802,3.204306588054345,84249,24183,60066
7803,3.203895937459951,84245,24183,60062
7804,3.203485392106612,84245,24183,60062
7805,3.2030749519538757,84245,24183,60062
7806,3.2026646169613118,84245,24183,60062
7807,3.2022543870885105,84245,24183,60062
7808,3.201844262295082,84245,24183,60062
7809,3.201434242540658,84245,24183,60062
7810,3.201024327784891,84245,24183,60062
7811,3.2006145179874537,84245,24183,60062
7812,3.200204813108039,84245,24183,60062
7813,3.1997952131063614,84245,24183,60062
7814,3.199385717942155,84245,24183,60062
7815,3.198976327575176,84245,24183,60062
7816,3.1985670419651995,84245,24183,60062
7817,3.1981578610720227,84245,24183,60062
7818,3.1977487848554618,84245,24183,60062
7819,3.197339813275355,84245,24183,60062
7820,3.1969309462915603,84245,24183,60062
7821,3.196522183863956,84245,24183,60062
7822,3.196113525952442,84245,24183,60062
7823,3.1957049725169373,84240,24183,60057
7824,3.1952965235173822,84240,24183,60057
7825,3.194888178913738,84240,24183,60057
7826,3.1944799386659852,84192,24134,60058
7827,3.1940718027341255,84192,24134,60058
7828,3.193663771078181,84192,24134,60058
7829,3.1932558436581937,84192,24134,60058
7830,3.1928480204342273,84192,24134,60058
7831,3.1924403013663643,84130,24078,60052
7832,3.192032686414709,84130,24078,60052
7833,3.1916251755393845,84130,24078,60052
7834,3.191217768700536,84130,24078,60052
7835,3.190810465858328,84130,24078,60052
7836,3.1904032669729454,84130,24078,60052
7837,3.1899961720045935,84130,24078,60052
7838,3.189589180913498,84130,24078,60052
7839,3.1891822936599055,84130,24078,60052
7840,3.188775510204082,84130,24078,60052
7841,3.188368830506313,84130,24078,60052
7842,3.1879622545269064,84130,24078,60052
7843,3.187555782226189,84130,24078,60052
7844,3.1871494135645078,84130,24078,60052
7845,3.186743148502231,84130,24078,60052
7846,3.186336986999745,84123,24078,60045
7847,3.185930929017459,84123,24078,60045
7848,3.1855249745158,84123,24078,60045
7849,3.1851191234552174,84123,24078,60045
7850,3.1847133757961785,84123,24078,60045
7851,3.184307731499172,84123,24078,60045
7852,3.183902190524707,84123,24078,60045
7853,3.183496752833312,84123,24078,60045
7854,3.183091418385536,84123,24078,60045
7855,3.1826861871419476,84123,24078,60045
7856,3.1822810590631363,84115,24070,60045
7857,3.181876034109711,84115,24070,60045
7858,3.181471112242301,84115,24070,60045
7859,3.181066293421555,84115,24070,60045
7860,3.1806615776081424,84115,24070,60045
7861,3.1802569647627528,84115,24070,60045
7862,3.1798524548460954,84115,24070,60045
7863,3.1794480478188984,84115,24070,60045
7864,3.1790437436419126,84115,24070,60045
7865,3.178639542275906,84115,24070,60045
7866,3.1782354436816678,84115,24070,60045
7867,3.1778314478200076,84115,24070,60045
7868,3.177427554651754,84115,24070,60045
7869,3.177023764137756,84115,24070,60045
7870,3.1766200762388817,84115,24070,60045
7871,3.176216490916021,84115,24070,60045
7872,3.1758130081300813,84115,24070,60045
7873,3.1754096278419914,84115,24070,60045
7874,3.1750063500127,84115,24070,60045
7875,3.1746031746031744,84115,24070,60045
7876,3.1742001015744035,84115,24070,60045
7877,3.173797130887394,84115,24070,60045
7878,3.1733942625031735,84115,24070,60045
7879,3.1729914963827897,84112,24070,60042
7880,3.1725888324873095,84112,24070,60042
7881,3.17218627077782,84112,24070,60042
7882,3.1717838112154277,84112,24070,60042
7883,3.1713814537612586,84112,24070,60042
7884,3.170979198376459,84112,24070,60042
7885,3.170577045022194,84112,24070,60042
7886,3.17017499365965,84112,24070,60042
7887,3.169773044250032,84112,24070,60042
7888,3.1693711967545637,84112,24070,60042
7889,3.1689694511344912,84112,24070,60042
7890,3.1685678073510775,84112,24070,60042
7891,3.168166265365606,84112,24070,60042
7892,3.1677648251393817,84112,24070,60042
7893,3.167363486633726,84112,24070,60042
7894,3.1669622498099823,84112,24070,60042
7895,3.1665611146295123,84112,24070,60042
7896,3.166160081053698,84112,24070,60042
7897,3.1657591490439407,84112,24070,60042
7898,3.1653583185616614,84112,24070,60042
7899,3.1649575895682998,84112,24070,60042
7900,3.1645569620253164,84112,24070,60042
7901,3.1641564358941907,84112,24070,60042
7902,3.1637560111364214,84112,24070,60042
7903,3.1633556877135267,84112,24070,60042
7904,3.1629554655870447,84112,24070,60042
7905,3.1625553447185326,84112,24070,60042
7906,3.1621553250695675,84052,24070,59982
7907,3.1617554066017455,84052,24070,59982
7908,3.161355589276682,84052,24070,59982
7909,3.1609558730560123,84022,24070,59952
7910,3.1605562579013906,84022,24070,59952
7911,3.160156743774491,84022,24070,59952
7912,3.159757330637007,84022,24070,59952
7913,3.159358018450651,84022,24070,59952
7914,3.1589588071771546,84022,24070,59952
7915,3.158559696778269,84022,24070,59952
7916,3.1581606872157657,84022,24070,59952
7917,3.157761778451434,84022,24070,59952
7918,3.1573629704470827,84022,24070,59952
7919,3.156964263164541,84022,24070,59952
7920,3.1565656565656566,84022,24070,59952
7921,3.1561671506122964,84022,24070,59952
7922,3.155768745266347,84022,24070,59952
7923,3.1553704404897136,84022,24070,59952
7924,3.154972236244321,84022,24070,59952
7925,3.1545741324921135,84022,24070,59952
7926,3.1541761291950543,84022,24070,59952
7927,3.1537782263151257,84022,24070,59952
7928,3.153380423814329,84022,24070,59952
7929,3.1529827216546855,84022,24070,59952
7930,3.1525851197982346,84022,24070,59952
7931,3.152187618207036,84022,24070,59952
7932,3.151790216843167,84002,24010,59992
7933,3.1513929156687257,84002,24010,59992
7934,3.1509957146458283,84002,24010,59992
7935,3.15059861373661,84002,24010,59992
7936,3.150201612903226,84002,24010,59992
7937,3.149804712107849,84002,24010,59992
7938,3.1494079113126734,84002,24010,59992
7939,3.1490112104799093,84002,24010,59992
7940,3.1486146095717884,84002,24010,59992
7941,3.1482181085505605,84002,24010,59992
7942,3.147821707378494,84002,24010,59992
7943,3.1474254060178772,84002,24010,59992
7944,3.1470292044310173,84002,24010,59992
7945,3.146633102580239,84002,24010,59992
7946,3.1462371004278884,84002,24010,59992
7947,3.145841197936328,84002,24010,59992
7948,3.1454453950679415,84002,24010,59992
7949,3.1450496917851303,84002,24010,59992
7950,3.1446540880503147,84002,24010,59992
7951,3.144258583825934,84002,24010,59992
7952,3.143863179074447,84002,24010,59992
7953,3.1434678737583304,84002,24010,59992
7954,3.1430726678400807,84002,24010,59992
7955,3.1426775612822127,84002,24010,59992
7956,3.14228255404726,84002,24010,59992
7957,3.1418876460977754,84002,24010,59992
7958,3.141492837396331,84002,24010,59992
7959,3.141098127905516,84002,24010,59992
7960,3.14070351758794,84002,24010,59992
7961,3.1403090064062305,84002,24010,59992
7962,3.1399145943230344,84002,24010,59992
7963,3.1395202813010172,84002,24010,59992
7964,3.139126067302863,84002,24010,59992
7965,3.138731952291274,84002,24010,59992
7966,3.138337936228973,84002,24010,59992
7967,3.1379440190786996,84002,24010,59992
7968,3.137550200803213,84000,24010,59990
7969,3.1371564813652904,84000,24010,59990
7970,3.136762860727729,84000,24010,59990
7971,3.1363693388533433,84000,24010,59990
7972,3.1359759157049676,84000,24010,59990
7973,3.1355825912454534,84000,24010,59990
7974,3.1351893654376726,84000,24010,59990
7975,3.134796238244514,84000,24010,59990
7976,3.1344032096288865,84000,24010,59990
7977,3.134010279553717,84000,24010,59990
7978,3.1336174479819503,84000,24010,59990
7979,3.133224714876551,84000,24010,59990
7980,3.1328320802005014,84000,24010,59990
7981,3.1324395439168025,84000,24010,59990
7982,3.132047105988474,84000,24010,59990
7983,3.1316547663785546,84000,24010,59990
7984,3.1312625250501003,84000,24010,59990
7985,3.1308703819661865,84000,24010,59990
7986,3.130478337089907,84000,24010,59990
7987,3.1300863903843745,84000,24010,59990
7988,3.129694541812719,84000,24010,59990
7989,3.1293027913380898,84000,24010,59990
7990,3.1289111389236544,84000,24010,59990
7991,3.128519584532599,84000,24010,59990
7992,3.1281281281281283,84000,24010,59990
7993,3.127736769673464,84000,24010,59990
7994,3.1273455091318487,84000,24010,59990
7995,3.1269543464665417,84000,24010,59990
7996,3.1265632816408204,84000,24010,59990
7997,3.126172314617982,84000,24010,59990
7998,3.12578144536134,84000,24010,59990
7999,3.125390673834229,84000,24010,59990
8000,3.125,84000,24010,59990
8001,3.1246094238220223,84000,24010,59990
8002,3.124218945263684,84000,24010,59990
8003,3.123828564288392,84000,24010,59990
8004,3.1234382808595704,84000,24010,59990
8005,3.1230480949406623,84001,24010,59991
8006,3.122658006495129,84001,24010,59991
8007,3.1222680154864495,84001,24010,59991
8008,3.121878121878122,84001,24010,59991
8009,3.121488325633662,84001,24010,59991
8010,3.1210986267166043,84001,24010,59991
8011,3.1207090250905005,84001,24010,59991
8012,3.1203195207189216,84001,24010,59991
8013,3.1199301135654562,84001,24010,59991
8014,3.119540803593711,84001,24010,59991
8015,3.119151590767311,84001,24010,59991
8016,3.1187624750499,84001,24010,59991
8017,3.118373456405139,84001,24010,59991
8018,3.1179845347967072,84001,24010,59991
8019,3.117595710188303,84001,24010,59991
8020,3.117206982543641,84001,24010,59991
8021,3.1168183518264554,84001,24010,59991
8022,3.1164298180004986,84001,24010,59991
8023,3.11604138102954,84001,24010,59991
8024,3.1156530408773677,84001,24010,59991
8025,3.115264797507788,84001,24010,59991
8026,3.114876650884625,84001,24010,59991
8027,3.1144886009717205,84001,24010,59991
8028,3.114100647732935,84001,24010,59991
8029,3.113712791132146,84001,24010,59991
8030,3.1133250311332503,84001,24010,59991
8031,3.112937367700162,84001,24010,59991
8032,3.112549800796813,84001,24010,59991
8033,3.112162330387153,84001,24010,59991
8034,3.1117749564351507,84001,24010,59991
8035,3.1113876789047916,84001,24010,59991
8036,3.1110004977600796,84001,24010,59991
8037,3.1106134129650367,84001,24010,59991
8038,3.1102264244837023,84001,24010,59991
8039,3.109839532280134,84001,24010,59991
8040,3.109452736318408,84001,24010,59991
8041,3.1090660365626164,84001,24010,59991
8042,3.108679432976871,84001,24010,59991
8043,3.1082929255253013,84001,24010,59991
8044,3.1079065141720537,84001,24010,59991
8045,3.107520198881293,84001,24010,59991
8046,3.1071339796172013,84001,24010,59991
8047,3.106747856343979,84001,24010,59991
8048,3.106361829025845,84001,24010,59991
8049,3.1059758976270344,84001,24010,59991
8050,3.1055900621118013,84001,24010,59991
8051,3.105204322444417,84001,24010,59991
8052,3.1048186785891705,84001,24010,59991
8053,3.104433130510369,84001,24010,59991
8054,3.1040476781723365,84001,24010,59991
8055,3.1036623215394163,84001,24010,59991
8056,3.103277060575968,84001,24010,59991
8057,3.1028918952463695,84001,24010,59991
8058,3.1025068255150163,84001,24010,59991
8059,3.102121851346321,84001,24010,59991
8060,3.101736972704715,84001,24010,59991
8061,3.1013521895546456,84001,24010,59991
8062,3.1009675018605805,84001,24010,59991
8063,3.1005829095870023,84001,24010,59991
8064,3.1001984126984126,84001,24010,59991
8065,3.0998140111593306,84001,24010,59991
8066,3.099429704934292,84001,24010,59991
8067,3.099045493987852,84001,24010,59991
8068,3.098661378284581,84001,24010,59991
8069,3.0982773577890694,84001,24010,59991
8070,3.097893432465923,84003,24010,59993
8071,3.097509602279767,84003,24010,59993
8072,3.097125867195243,84003,24010,59993
8073,3.09674222717701,84003,24010,59993
8074,3.096358682189745,84003,24010,59993
8075,3.0959752321981426,84003,24010,59993
8076,3.0955918771669144,84003,24010,59993
8077,3.09520861706079,84003,24010,59993
8078,3.094825451844516,84003,24010,59993
8079,3.0944423814828568,84003,24010,59993
8080,3.094059405940594,84003,24010,59993
8081,3.093676525182527,84003,24010,59993
8082,3.093293739173472,84003,24010,59993
8083,3.092911047878263,84009,24010,59999
8084,3.0925284512617517,84009,24010,59999
8085,3.0921459492888066,84009,24010,59999
8086,3.0917635419243137,84009,24010,59999
8087,3.0913812291331766,84009,24010,59999
8088,3.0909990108803167,84009,24010,59999
8089,3.0906168871306714,84009,24010,59999
8090,3.0902348578491967,84009,24010,59999
8091,3.089852923000865,84009,24010,59999
8092,3.0894710825506673,84009,24010,59999
8093,3.0890893364636107,84009,24010,59999
8094,3.0887076847047195,84009,24010,59999
8095,3.0883261272390365,84009,24010,59999
8096,3.0879446640316206,84009,24010,59999
8097,3.0875632950475485,84009,24010,59999
8098,3.0871820202519142,84009,24010,59999
8099,3.0868008396098285,84009,24010,59999
8100,3.0864197530864197,84009,24010,59999
8101,3.086038760646834,84009,24010,59999
8102,3.085657862256233,84009,24010,59999
8103,3.0852770578797974,84009,24010,59999
8104,3.0848963474827245,84009,24010,59999
8105,3.0845157310302285,84009,24010,59999
8106,3.08413520848754,84009,24010,59999
8107,3.0837547798199085,84009,24010,59999
8108,3.0833744449925997,84009,24010,59999
8109,3.0829942039708964,84009,24010,59999
8110,3.082614056720099,84009,24010,59999
8111,3.0822340032055235,84009,24010,59999
8112,3.081854043392505,84009,24010,59999
8113,3.0814741772463945,84009,24010,59999
8114,3.081094404732561,84009,24010,59999
8115,3.0807147258163896,84009,24010,59999
8116,3.0803351404632826,84009,24010,59999
8117,3.0799556486386597,84009,24010,59999
8118,3.079576250307958,83983,24010,59973
8119,3.07919694543663,83983,24010,59973
8120,3.0788177339901477,83983,24010,59973
8121,3.0784386159339983,83983,24010,59973
8122,3.078059591233686,83983,24010,59973
8123,3.0776806598547335,83983,24010,59973
8124,3.0773018217626786,83983,24010,59973
8125,3.076923076923077,83983,24010,59973
8126,3.0765444253015013,83983,24010,59973
8127,3.0761658668635414,83983,24010,59973
8128,3.0757874015748032,83983,24010,59973
8129,3.07540902940091,83983,24010,59973
8130,3.075030750307503,83983,24010,59973
8131,3.0746525642602385,83983,24010,59973
8132,3.074274471224791,83983,24010,59973
8133,3.0738964711668513,83983,24010,59973
8134,3.0735185640521268,83963,24010,59953
8135,3.073140749846343,83963,24010,59953
8136,3.072763028515241,83963,24010,59953
8137,3.072385400024579,83963,24010,59953
8138,3.0720078643401325,83963,24010,59953
8139,3.071630421427694,83963,24010,59953
8140,3.0712530712530715,83963,24010,59953
8141,3.0708758137820906,83963,24010,59953
8142,3.0704986489805943,83963,24010,59953
8143,3.070121576814442,83937,24018,59919
8144,3.069744597249509,83937,24018,59919
8145,3.0693677102516883,83937,24018,59919
8146,3.0689909157868893,83937,24018,59919
8147,3.0686142138210384,83937,24018,59919
8148,3.0682376043200787,83937,24018,59919
8149,3.067861087249969,83937,24018,59919
8150,3.067484662576687,83937,24018,59919
8151,3.067108330266225,83937,24018,59919
8152,3.0667320902845927,83937,24018,59919
8153,3.066355942597817,83937,24018,59919
8154,3.0659798871719404,83937,24018,59919
8155,3.065603923973023,83937,24018,59919
8156,3.0652280529671407,83937,24018,59919
8157,3.0648522741203874,83937,24018,59919
8158,3.064476587398872,83937,24018,59919
8159,3.0641009927687217,83937,24018,59919
8160,3.0637254901960786,83937,24018,59919
8161,3.063350079647102,83937,24018,59919
8162,3.0629747610879687,83937,24018,59919
8163,3.0625995344848707,83917,24018,59899
8164,3.0622243998040175,83917,24018,59899
8165,3.061849357011635,83917,24018,59899
8166,3.061474406073965,83909,24018,59891
8167,3.061099546957267,83909,24018,59891
8168,3.060724779627816,83909,24018,59891
8169,3.0603501040519037,83909,24018,59891
8170,3.0599755201958385,83909,24018,59891
8171,3.0596010280259454,83909,24018,59891
8172,3.0592266275085658,83909,24018,59891
8173,3.0588523186100574,83909,24018,59891
8174,3.0584781012967945,83909,24018,59891
8175,3.058103975535168,83909,24018,59891
8176,3.0577299412915853,83909,24018,59891
8177,3.057355998532469,83909,24018,59891
8178,3.0569821472242604,83909,24018,59891
8179,3.056608387333415,83909,24018,59891
8180,3.056234718826406,83909,24018,59891
8181,3.0558611416697223,83909,24018,59891
8182,3.0554876558298703,83909,24018,59891
8183,3.0551142612733715,83909,24018,59891
8184,3.0547409579667644,83909,24018,59891
8185,3.0543677458766036,83909,24018,59891
8186,3.05399462496946,83909,24018,59891
8187,3.0536215952119212,83909,24018,59891
8188,3.053248656570591,83909,24018,59891
8189,3.0528758090120895,83909,24018,59891
8190,3.0525030525030523,83909,24018,59891
8191,3.0521303870101333,83909,24018,59891
8192,3.0517578125,83909,24018,59891
8193,3.0513853289393387,83909,24018,59891
8194,3.0510129362948497,83909,24018,59891
8195,3.050640634533252,83909,24018,59891
8196,3.0502684236212785,83909,24018,59891
8197,3.04989630352568,83909,24018,59891
8198,3.0495242742132227,83909,24018,59891
8199,3.0491523356506893,83909,24018,59891
8200,3.048780487804878,83909,24018,59891
8201,3.0484087306426044,83909,24018,59891
8202,3.0480370641306997,83909,24018,59891
8203,3.047665488236011,83909,24018,59891
8204,3.047294002925402,83909,24018,59891
8205,3.0469226081657528,83909,24018,59891
8206,3.046551303923958,83909,24018,59891
8207,3.0461800901669305,83909,24018,59891
8208,3.0458089668615984,83909,24018,59891
8209,3.0454379339749056,83909,24018,59891
8210,3.045066991473812,83909,24018,59891
8211,3.0446961393252954,83909,24018,59891
8212,3.044325377496347,83909,24018,59891
8213,3.0439547059539755,83895,24018,59877
8214,3.043584124665206,83895,24018,59877
8215,3.0432136335970785,83895,24018,59877
8216,3.0428432327166504,83895,24018,59877
8217,3.0424729219909943,83895,24018,59877
8218,3.042102701387199,83895,24018,59877
8219,3.041732570872369,83895,24018,59877
8220,3.0413625304136254,83895,24018,59877
8221,3.040992579978105,83895,24018,59877
8222,3.0406227195329603,83895,24018,59877
8223,3.0402529490453607,83895,24018,59877
8224,3.03988326848249,83895,24018,59877
8225,3.0395136778115504,83895,24018,59877
8226,3.039144176999757,83895,24018,59877
8227,3.038774766014343,83895,24018,59877
8228,3.038405444822557,83895,24018,59877
8229,3.0380362133916634,83895,24018,59877
8230,3.0376670716889427,83895,24018,59877
8231,3.037298019681691,83895,24018,59877
8232,3.0369290573372205,83895,24018,59877
8233,3.0365601846228594,83895,24018,59877
8234,3.036191401505951,83895,24018,59877
8235,3.0358227079538556,83895,24018,59877
8236,3.0354541039339487,83895,24018,59877
8237,3.0350855894136215,83895,24018,59877
8238,3.0347171643602815,83895,24018,59877
8239,3.034348828741352,83895,24018,59877
8240,3.033980582524272,83895,24018,59877
8241,3.0336124256764956,83895,24018,59877
8242,3.033244358165494,83895,24018,59877
8243,3.032876379958753,83895,24018,59877
8244,3.032508491023775,83895,24018,59877
8245,3.0321406913280775,83895,24018,59877
8246,3.031772980839195,83895,24018,59877
8247,3.0314053595246757,83895,24018,59877
8248,3.0310378273520855,83895,24018,59877
8249,3.030670384289005,83895,24018,59877
8250,3.0303030303030303,83895,24018,59877
8251,3.0299357653617744,83895,24018,59877
8252,3.0295685894328646,83895,24018,59877
8253,3.029201502483945,83895,24018,59877
8254,3.028834504482675,83895,24018,59877
8255,3.0284675953967293,83897,24018,59879
8256,3.0281007751937983,83897,24018,59879
8257,3.027734043841589,83897,24018,59879
8258,3.027367401307823,83897,24018,59879
8259,3.0270008475602372,83897,24018,59879
8260,3.026634382566586,83897,24018,59879
8261,3.0262680062946377,83897,24018,59879
8262,3.025901718712176,83897,24018,59879
8263,3.0255355197870024,83893,24030,59863
8264,3.0251694094869315,83893,24030,59863
8265,3.0248033877797944,83893,24030,59863
8266,3.0244374546334383,83893,24030,59863
8267,3.024071610015725,83893,24030,59863
8268,3.023705853894533,83893,24030,59863
8269,3.0233401862377556,83893,24030,59863
8270,3.022974607013301,83893,24030,59863
8271,3.0226091161890944,83893,24030,59863
8272,3.0222437137330753,83893,24030,59863
8273,3.0218783996131995,83893,24030,59863
8274,3.021513173797438,83893,24030,59863
8275,3.0211480362537766,83893,24030,59863
8276,3.0207829869502176,83893,24030,59863
8277,3.020418025854778,83893,24030,59863
8278,3.0200531529354917,83893,24030,59863
8279,3.0196883681604056,83893,24030,59863
8280,3.0193236714975846,83893,24030,59863
8281,3.018959062915107,83893,24030,59863
8282,3.0185945423810674,83893,24030,59863
8283,3.018230109863576,83893,24030,59863
8284,3.017865765330758,83893,24030,59863
8285,3.017501508750754,83893,24030,59863
8286,3.017137340091721,83893,24030,59863
8287,3.0167732593218295,83893,24030,59863
8288,3.0164092664092665,83893,24030,59863
8289,3.0160453613222344,83893,24030,59863
8290,3.0156815440289506,83893,24030,59863
8291,3.015317814497648,83893,24030,59863
8292,3.014954172696575,83893,24030,59863
8293,3.014590618593995,83893,24030,59863
8294,3.0142271521581865,83893,24030,59863
8295,3.013863773357444,83893,24030,59863
8296,3.0135004821600773,83893,24030,59863
8297,3.01313727853441,83893,24030,59863
8298,3.0127741624487827,83893,24030,59863
8299,3.012411133871551,83893,24030,59863
8300,3.0120481927710845,83893,24030,59863
8301,3.011685339115769,83893,24030,59863
8302,3.0113225728740063,83893,24030,59863
8303,3.0109598940142117,83893,24030,59863
8304,3.010597302504817,83893,24030,59863
8305,3.0102347983142685,83893,24030,59863
8306,3.009872381411028,83893,24030,59863
8307,3.0095100517635727,83893,24030,59863
8308,3.0091478093403947,83893,24030,59863
8309,3.0087856541100013,83893,24030,59863
8310,3.0084235860409145,83893,24030,59863
8311,3.0080616051016724,83893,24030,59863
8312,3.0076997112608277,83893,24030,59863
8313,3.007337904486948,83893,24030,59863
8314,3.0069761847486167,83893,24030,59863
8315,3.006614552014432,83893,24030,59863
8316,3.006253006253006,83893,24030,59863
8317,3.005891547432969,83886,24030,59856
8318,3.005530175522962,83886,24030,59856
8319,3.0051688904916456,83886,24030,59856
8320,3.0048076923076925,83886,24030,59856
8321,3.004446580939791,83886,24030,59856
8322,3.004085556356645,83886,24030,59856
8323,3.0037246185269733,83886,24030,59856
8324,3.00336376741951,83886,24030,59856
8325,3.003003003003003,83886,24030,59856
8326,3.002642325246217,83886,24030,59856
8327,3.0022817341179295,83886,24030,59856
8328,3.0019212295869355,83886,24030,59856
8329,3.0015608116220434,83860,24030,59830
8330,3.0012004801920766,83860,24030,59830
8331,3.0008402352658745,83860,24030,59830
8332,3.00048007681229,83860,24030,59830
8333,3.000120004800192,83860,24030,59830
8334,2.999760019198464,83860,24030,59830
8335,2.9994001199760048,83860,24030,59830
8336,2.9990403071017275,83860,24030,59830
8337,2.99868058054456,83860,24030,59830
8338,2.9983209402734468,83860,24030,59830
8339,2.997961386257345,83860,24030,59830
8340,2.997601918465228,83860,24030,59830
8341,2.997242536866083,83860,24030,59830
8342,2.9968832414289137,83860,24030,59830
8343,2.9965240321227378,83860,24030,59830
8344,2.9961649089165867,83860,24030,59830
8345,2.995805871779509,83860,24030,59830
8346,2.9954469206805654,83860,24030,59830
8347,2.9950880555888344,83840,24006,59834
8348,2.994729276473407,83840,24006,59834
8349,2.9943705833033896,83840,24006,59834
8350,2.9940119760479043,83840,24006,59834
8351,2.9936534546760867,83840,24006,59834
8352,2.993295019157088,83840,24006,59834
8353,2.9929366694600743,83840,24006,59834
8354,2.9925784055542257,83840,24006,59834
8355,2.9922202274087373,83840,24006,59834
8356,2.9918621349928194,83840,24006,59834
8357,2.991504128275697,83840,24006,59834
8358,2.9911462072266093,83840,24006,59834
8359,2.9907883718148103,83840,24006,59834
8360,2.9904306220095696,83840,24006,59834
8361,2.99007295778017,83840,24006,59834
8362,2.98971537909591,83840,24006,59834
8363,2.989357885926103,83832,24037,59795
8364,2.9890004782400763,83832,24037,59795
8365,2.9886431560071727,83832,24037,59795
8366,2.988285919196749,83832,24037,59795
8367,2.9879287677781763,83832,24037,59795
8368,2.9875717017208414,83832,24037,59795
8369,2.987214720994145,83832,24037,59795
8370,2.986857825567503,83832,24037,59795
8371,2.986501015410345,83832,24037,59795
8372,2.9861442904921165,83832,24037,59795
8373,2.9857876507822763,83832,24037,59795
8374,2.9854310962502986,83832,24037,59795
8375,2.985074626865672,83832,24037,59795
8376,2.9847182425978986,83832,24037,59795
8377,2.9843619434164976,83832,24037,59795
8378,2.9840057292910003,83832,24037,59795
8379,2.9836496001909536,83832,24037,59795
8380,2.983293556085919,83832,24037,59795
8381,2.982937596945472,83832,24037,59795
8382,2.982581722739203,83832,24037,59795
8383,2.9822259334367174,83832,24037,59795
8384,2.9818702290076335,83832,24037,59795
8385,2.9815146094215863,83832,24037,59795
8386,2.981159074648223,83832,24037,59795
8387,2.9808036246572076,83832,24037,59795
8388,2.9804482594182167,83832,24037,59795
8389,2.9800929789009416,83832,24037,59795
8390,2.9797377830750893,83832,24037,59795
8391,2.97938267191038,83832,24037,59795
8392,2.979027645376549,83832,24037,59795
8393,2.978672703443346,83832,24037,59795
8394,2.9783178460805337,83832,24037,59795
8395,2.9779630732578917,83832,24037,59795
8396,2.977608384945212,83832,24037,59795
8397,2.977253781112302,83832,24037,59795
8398,2.976899261728983,83832,24037,59795
8399,2.976544826765091,83832,24037,59795
8400,2.9761904761904763,83832,24037,59795
8401,2.975836209975003,83832,24037,59795
8402,2.9754820280885506,83832,24037,59795
8403,2.9751279305010114,83832,24037,59795
8404,2.974773917182294,83832,24037,59795
8405,2.97441998810232,83832,24037,59795
8406,2.9740661432310254,83832,24037,59795
8407,2.973712382538361,83821,24062,59759
8408,2.973358705994291,83821,24062,59759
8409,2.9730051135687954,83821,24062,59759
8410,2.972651605231867,83821,24062,59759
8411,2.9722981809535134,83821,24062,59759
8412,2.9719448407037565,83812,24062,59750
8413,2.971591584452633,83812,24062,59750
8414,2.9712384121701927,83792,24062,59730
8415,2.9708853238265003,83792,24062,59730
8416,2.970532319391635,83792,24062,59730
8417,2.9701793988356897,83792,24062,59730
8418,2.969826562128772,83792,24062,59730
8419,2.9694738092410025,83792,24062,59730
8420,2.969121140142518,83792,24062,59730
8421,2.9687685548034675,83792,24062,59730
8422,2.968416053194016,83792,24062,59730
8423,2.9680636352843406,83792,24062,59730
8424,2.9677113010446345,83792,24062,59730
8425,2.9673590504451037,83792,24062,59730
8426,2.9670068834559697,83792,24062,59730
8427,2.9666548000474666,83792,24062,59730
8428,2.9663028001898435,83792,24062,59730
8429,2.9659508838533633,83792,24062,59730
8430,2.965599051008304,83792,24062,59730
8431,2.9652473016249554,83792,24062,59730
8432,2.9648956356736242,83792,24062,59730
8433,2.9645440531246297,83792,24062,59730
8434,2.9641925539483043,83792,24062,59730
8435,2.963841138114997,83792,24062,59730
8436,2.963489805595069,83792,24062,59730
8437,2.9631385563588952,83792,24062,59730
8438,2.9627873903768664,83792,24062,59730
8439,2.9624363076193863,83792,24062,59730
8440,2.962085308056872,83792,24062,59730
8441,2.961734391659756,83792,24062,59730
8442,2.9613835583984836,83792,24062,59730
8443,2.9610328082435156,83792,24062,59730
8444,2.9606821411653246,83792,24062,59730
8445,2.960331557134399,83792,24062,59730
8446,2.959981056121241,83792,24062,59730
8447,2.9596306380963657,83792,24062,59730
8448,2.959280303030303,83792,24062,59730
8449,2.958930050893597,83792,24062,59730
8450,2.9585798816568047,83792,24062,59730
8451,2.958229795290498,83792,24062,59730
8452,2.957879791765263,83792,24062,59730
8453,2.9575298710516975,83792,24062,59730
8454,2.9571800331204163,83792,24062,59730
8455,2.9568302779420463,83772,24062,59710
8456,2.956480605487228,83772,24062,59710
8457,2.956131015726617,83772,24062,59710
8458,2.955781508630882,83772,24062,59710
8459,2.9554320841707056,83772,24062,59710
8460,2.955082742316785,83772,24062,59710
8461,2.95473348303983,83772,24062,59710
8462,2.954384306310565,83772,24062,59710
8463,2.954035212099728,83772,24062,59710
8464,2.9536862003780717,83772,24062,59710
8465,2.9533372711163617,83772,24062,59710
8466,2.952988424285377,83772,24062,59710
8467,2.9526396598559113,83772,24062,59710
8468,2.952290977798772,83772,24062,59710
8469,2.9519423780847798,83772,24062,59710
8470,2.9515938606847696,83772,24062,59710
8471,2.9512454255695904,83772,24062,59710
8472,2.950897072710104,83772,24062,59710
8473,2.9505488020771864,83758,24062,59696
8474,2.950200613641728,83758,24062,59696
8475,2.949852507374631,83758,24062,59696
8476,2.9495044832468147,83758,24062,59696
8477,2.9491565412292085,83758,24062,59696
8478,2.948808681292758,83758,24062,59696
8479,2.948460903408421,83758,24062,59696
8480,2.94811320754717,83758,24062,59696
8481,2.9477655936799905,83758,24062,59696
8482,2.9474180617778827,83758,24062,59696
8483,2.947070611811859,83758,24062,59696
8484,2.9467232437529467,83758,24062,59696
8485,2.946375957572186,83758,24062,59696
8486,2.9460287532406317,83758,24062,59696
8487,2.945681630729351,83758,24062,59696
8488,2.945334590009425,83758,24062,59696
8489,2.9449876310519496,83758,24062,59696
8490,2.944640753828033,83758,24062,59696
8491,2.9442939583087977,83758,24062,59696
8492,2.943947244465379,83758,24062,59696
8493,2.9436006122689276,83758,24062,59696
8494,2.943254061690605,83758,24062,59696
8495,2.942907592701589,83758,24062,59696
8496,2.9425612052730696,83758,24062,59696
8497,2.9422148993762502,83758,24062,59696
8498,2.9418686749823486,83758,24062,59696
8499,2.9415225320625957,83758,24062,59696
8500,2.9411764705882355,83758,24062,59696
8501,2.940830490530526,83758,24062,59696
8502,2.9404845918607387,83758,24062,59696
8503,2.940138774550159,83758,24062,59696
8504,2.939793038570085,83758,24062,59696
8505,2.9394473838918285,83758,24062,59696
8506,2.939101810486715,83758,24062,59696
8507,2.9387563183260843,83758,24062,59696
8508,2.938410907381288,83758,24062,59696
8509,2.9380655776236924,83738,24062,59676
8510,2.937720329024677,83738,24062,59676
8511,2.937375161555634,83738,24062,59676
8512,2.93703007518797,83738,24062,59676
8513,2.936685069893105,83738,24062,59676
8514,2.9363401456424714,83738,24062,59676
8515,2.935995302407516,83738,24062,59676
8516,2.9356505401596995,83738,24062,59676
8517,2.9353058588704943,83738,24062,59676
8518,2.934961258511388,83738,24062,59676
8519,2.9346167390538795,83738,24062,59676
8520,2.9342723004694835,83738,24062,59676
8521,2.9339279427297265,83738,24062,59676
8522,2.933583665806149,83738,24062,59676
8523,2.933239469670304,83732,24062,59670
8524,2.9328953542937586,83732,24062,59670
8525,2.932551319648094,83732,24062,59670
8526,2.932207365704903,83732,24062,59670
8527,2.931863492435792,83732,24062,59670
8528,2.931519699812383,83732,24062,59670
8529,2.931175987806308,83732,24062,59670
8530,2.9308323563892147,83732,24062,59670
8531,2.9304888055327627,83732,24062,59670
8532,2.930145335208626,83732,24062,59670
8533,2.929801945388492,83732,24062,59670
8534,2.929458636044059,83732,24062,59670
8535,2.9291154071470418,83732,24062,59670
8536,2.928772258669166,83732,24062,59670
8537,2.9284291905821718,83732,24062,59670
8538,2.9280862028578123,83732,24062,59670
8539,2.9277432954678533,83732,24062,59670
8540,2.927400468384075,83732,24062,59670
8541,2.9270577215782696,83732,24062,59670
8542,2.926715055022243,83732,24062,59670
8543,2.9263724686878145,83732,24062,59670
8544,2.9260299625468167,83732,24062,59670
8545,2.925687536571094,83732,24062,59670
8546,2.9253451907325063,83732,24062,59670
8547,2.925002925002925,83732,24062,59670
8548,2.924660739354235,83732,24062,59670
8549,2.9243186337583342,83732,24062,59670
8550,2.9239766081871346,83732,24062,59670
8551,2.9236346626125598,83732,24062,59670
8552,2.9232927970065483,83732,24062,59670
8553,2.9229510113410497,83732,24062,59670
8554,2.922609305588029,83732,24062,59670
8555,2.922267679719462,83732,24062,59670
8556,2.92192613370734,83731,24062,59669
8557,2.921584667523665,83731,24062,59669
8558,2.921243281140453,83731,24062,59669
8559,2.920901974529735,83731,24062,59669
8560,2.9205607476635516,83731,24062,59669
8561,2.9202196005139585,83731,24062,59669
8562,2.919878533053025,83731,24062,59669
8563,2.919537545252832,83731,24062,59669
8564,2.919196637085474,83731,24062,59669
8565,2.918855808523059,83731,24062,59669
8566,2.9185150595377074,83731,24062,59669
8567,2.9181743901015524,83731,24062,59669
8568,2.917833800186741,83731,24062,59669
8569,2.9174932897654333,83731,24062,59669
8570,2.9171528588098017,83731,24062,59669
8571,2.9168125072920312,83731,24062,59669
8572,2.916472235184321,83725,24062,59663
8573,2.9161320424588824,83725,24062,59663
8574,2.9157919290879404,83725,24062,59663
8575,2.9154518950437316,83725,24062,59663
8576,2.9151119402985075,83725,24062,59663
8577,2.9147720648245308,83725,24062,59663
8578,2.914432268594078,83725,24062,59663
8579,2.9140925515794383,83725,24062,59663
8580,2.913752913752914,83725,24062,59663
8581,2.9134133550868198,83725,24062,59663
8582,2.913073875553484,83725,24062,59663
8583,2.9127344751252475,83725,24062,59663
8584,2.9123951537744643,83725,24062,59663
8585,2.9120559114735003,83725,24062,59663
8586,2.9117167481947357,83725,24062,59663
8587,2.9113776639105624,83725,24062,59663
8588,2.911038658593386,83725,24062,59663
8589,2.9106997322156247,83725,24062,59663
8590,2.910360884749709,83725,24062,59663
8591,2.910022116168083,83725,24062,59663
8592,2.9096834264432028,83725,24062,59663
8593,2.9093448155475388,83725,24062,59663
8594,2.9090062834535724,83725,24062,59663
8595,2.908667830133799,83725,24062,59663
8596,2.9083294555607258,83725,24062,59663
8597,2.9079911597068744,83725,24062,59663
8598,2.907652942544778,83725,24062,59663
8599,2.9073148040469823,83725,24062,59663
8600,2.9069767441860463,83725,24062,59663
8601,2.9066387629345427,83725,24062,59663
8602,2.9063008602650546,83725,24062,59663
8603,2.90596303615018,83725,24062,59663
8604,2.9056252905625293,83725,24062,59663
8605,2.905287623474724,83725,24062,59663
8606,2.9049500348594006,83725,24062,59663
8607,2.9046125246892065,83725,24062,59663
8608,2.904275092936803,83725,24062,59663
8609,2.9039377395748636,83725,24062,59663
8610,2.9036004645760745,83725,24062,59663
8611,2.9032632679131343,83719,24062,59657
8612,2.902926149558755,83719,24062,59657
8613,2.9025891094856613,83719,24062,59657
8614,2.9022521476665895,83719,24062,59657
8615,2.901915264074289,83719,24062,59657
8616,2.9015784586815228,83719,24062,59657
8617,2.9012417314610652,83719,24062,59657
8618,2.9009050823857043,83719,24062,59657
8619,2.90056851142824,83719,24062,59657
8620,2.9002320185614847,83719,24062,59657
8621,2.8998956037582646,83719,24062,59657
8622,2.8995592669914174,83719,24062,59657
8623,2.8992230082337933,83719,24062,59657
8624,2.898886827458256,83719,24062,59657
8625,2.898550724637681,83719,24062,59657
8626,2.898214699744957,83719,24062,59657
8627,2.897878752752985,83719,24062,59657
8628,2.897542883634678,83719,24062,59657
8629,2.897207092362962,83719,24062,59657
8630,2.8968713789107765,83719,24062,59657
8631,2.896535743251072,83719,24062,59657
8632,2.896200185356812,83719,24062,59657
8633,2.895864705200973,83719,24062,59657
8634,2.895529302756544,83719,24062,59657
8635,2.895193977996526,83719,24062,59657
8636,2.894858730893932,83719,24062,59657
8637,2.89452356142179,83719,24062,59657
8638,2.8941884695531375,83719,24062,59657
8639,2.8938534552610258,83719,24062,59657
8640,2.8935185185185186,83719,24062,59657
8641,2.893183659298692,83719,24062,59657
8642,2.8928488775746355,83719,24062,59657
8643,2.8925141733194493,83719,24062,59657
8644,2.892179546506247,83719,24062,59657
8645,2.891844997108155,83719,24062,59657
8646,2.8915105250983113,83719,24062,59657
8647,2.891176130449867,83719,24062,59657
8648,2.890841813135985,83719,24062,59657
8649,2.8905075731298417,83719,24062,59657
8650,2.8901734104046244,83719,24062,59657
8651,2.8898393249335337,83719,24062,59657
8652,2.8895053166897826,83713,24062,59651
8653,2.8891713856465966,83713,24062,59651
8654,2.888837531777213,83713,24062,59651
8655,2.8885037550548818,83713,24062,59651
8656,2.888170055452865,83713,24062,59651
8657,2.887836432944438,83713,24062,59651
8658,2.8875028875028876,83713,24062,59651
8659,2.8871694191015127,83713,24062,59651
8660,2.886836027713626,83713,24062,59651
8661,2.8865027133125505,83713,24062,59651
8662,2.886169475871623,83713,24062,59651
8663,2.8858363153641924,83713,24062,59651
8664,2.88550323176362,83713,24062,59651
8665,2.8851702250432774,83713,24062,59651
8666,2.884837295176552,83713,24062,59651
8667,2.884504442136841,83713,24062,59651
8668,2.8841716658975542,83713,24062,59651
8669,2.8838389664321142,83713,24062,59651
8670,2.883506343713956,83713,24062,59651
8671,2.8831737977165264,83713,24062,59651
8672,2.882841328413284,83713,24062,59651
8673,2.8825089357777007,83713,24062,59651
8674,2.88217661978326,83713,24062,59651
8675,2.881844380403458,83713,24062,59651
8676,2.8815122176118027,83713,24062,59651
8677,2.881180131381814,83713,24062,59651
8678,2.8808481216870248,83713,24062,59651
8679,2.8805161885009793,83713,24062,59651
8680,2.880184331797235,83713,24062,59651
8681,2.8798525515493605,83703,24062,59641
8682,2.8795208477309377,83703,24062,59641
8683,2.8791892203155593,83703,24062,59641
8684,2.878857669276831,83703,24062,59641
8685,2.8785261945883707,83703,24062,59641
8686,2.8781947962238084,83703,24062,59641
8687,2.877863474156786,83703,24062,59641
8688,2.8775322283609577,83703,24062,59641
8689,2.8772010588099897,83703,24062,59641
8690,2.8768699654775602,83703,24062,59641
8691,2.8765389483373607,83703,24062,59641
8692,2.8762080073630925,83703,24062,59641
8693,2.8758771425284713,83703,24062,59641
8694,2.8755463538072235,83703,24062,59641
8695,2.875215641173088,83703,24062,59641
8696,2.874885004599816,83703,24062,59641
8697,2.8745544440611703,83703,24062,59641
8698,2.8742239595309265,83703,24062,59641
8699,2.8738935509828716,83703,24062,59641
8700,2.8735632183908044,83703,24062,59641
8701,2.873232961728537,83703,24062,59641
8702,2.872902780969892,83703,24062,59641
8703,2.872572676088705,83703,24062,59641
8704,2.8722426470588234,83703,24062,59641
8705,2.8719126938541066,83703,24062,59641
8706,2.8715828164484263,83703,24062,59641
8707,2.8712530148156654,83703,24062,59641
8708,2.8709232889297196,83703,24062,59641
8709,2.8705936387644964,83703,24062,59641
8710,2.8702640642939152,83703,24062,59641
8711,2.869934565491907,83703,24062,59641
8712,2.869605142332415,83703,24062,59641
8713,2.869275794789395,83703,24062,59641
8714,2.8689465228368145,83688,24058,59630
8715,2.8686173264486516,83688,24058,59630
8716,2.8682882055988985,83688,24058,59630
8717,2.8679591602615577,83688,24058,59630
8718,2.8676301904106447,83688,24058,59630
8719,2.867301296020186,83688,24058,59630
8720,2.86697247706422,83688,24058,59630
8721,2.8666437335167987,83688,24058,59630
8722,2.8663150653519835,83688,24058,59630
8723,2.8659864725438498,83688,24058,59630
8724,2.8656579550664834,83688,24058,59630
8725,2.865329512893983,83688,24058,59630
8726,2.8650011460004583,83688,24058,59630
8727,2.864672854360032,83688,24058,59630
8728,2.8643446379468376,83688,24058,59630
8729,2.864016496735021,83688,24058,59630
8730,2.86368843069874,83674,24058,59616
8731,2.8633604398121637,83674,24058,59616
8732,2.863032524049473,83674,24058,59616
8733,2.862704683384862,83674,24058,59616
8734,2.862376917792535,83674,24058,59616
8735,2.862049227246709,83674,24058,59616
8736,2.8617216117216118,83674,24058,59616
8737,2.8613940711914845,83674,24058,59616
8738,2.861066605630579,83674,24058,59616
8739,2.8607392150131594,83674,24058,59616
8740,2.860411899313501,83674,24058,59616
8741,2.8600846585058917,83674,24058,59616
8742,2.8597574925646305,83674,24058,59616
8743,2.8594304014640284,83674,24058,59616
8744,2.859103385178408,83674,24058,59616
8745,2.858776443682104,83674,24058,59616
8746,2.8584495769494627,83674,24058,59616
8747,2.858122784954842,83674,24058,59616
8748,2.857796067672611,83674,24058,59616
8749,2.8574694250771517,83674,24058,59616
8750,2.857142857142857,83674,24058,59616
8751,2.856816363844132,83674,24058,59616
8752,2.856489945155393,83674,24058,59616
8753,2.856163601051068,83674,24058,59616
8754,2.8558373315055974,83674,24058,59616
8755,2.8555111364934325,83674,24058,59616
8756,2.855185015989036,83674,24058,59616
8757,2.854858969966884,83674,24058,59616
8758,2.8545329984014614,83674,24058,59616
8759,2.854207101267268,83674,24058,59616
8760,2.853881278538813,83674,24058,59616
8761,2.8535555301906177,83674,24058,59616
8762,2.853229856197215,83674,24058,59616
8763,2.852904256533151,83674,24058,59616
8764,2.85257873117298,83648,24058,59590
8765,2.852253280091272,83648,24058,59590
8766,2.8519279032626055,83648,24058,59590
8767,2.851602600661572,83648,24058,59590
8768,2.8512773722627736,83648,24058,59590
8769,2.8509522180408258,83648,24058,59590
8770,2.8506271379703536,83648,24058,59590
8771,2.8503021320259947,83648,24058,59590
8772,2.8499772001823986,83648,24058,59590
8773,2.8496523424142253,83648,24058,59590
8774,2.8493275586961477,83648,24058,59590
8775,2.849002849002849,83654,24058,59596
8776,2.8486782133090247,83654,24058,59596
8777,2.8483536515893815,83654,24058,59596
8778,2.8480291638186377,83654,24058,59596
8779,2.847704749971523,83615,24058,59557
8780,2.847380410022779,83615,24058,59557
8781,2.8470561439471584,83615,24058,59557
8782,2.846731951719426,83615,24058,59557
8783,2.846407833314357,83615,24058,59557
8784,2.8460837887067396,83615,24058,59557
8785,2.8457598178713717,83615,24058,59557
8786,2.845435920783064,83615,24058,59557
8787,2.845112097416638,83615,24058,59557
8788,2.8447883477469276,83615,24058,59557
8789,2.844464671748777,83615,24058,59557
8790,2.844141069397042,83615,24058,59557
8791,2.8438175406665906,83615,24058,59557
8792,2.843494085532302,83615,24058,59557
8793,2.8431707039690663,83615,24058,59557
8794,2.8428473959517855,83615,24058,59557
8795,2.8425241614553722,83615,24058,59557
8796,2.842201000454752,83615,24058,59557
8797,2.841877912924861,83615,24058,59557
8798,2.8415548988406454,83615,24058,59557
8799,2.8412319581770658,83615,24058,59557
8800,2.840909090909091,83615,24058,59557
8801,2.8405862970117033,83615,24058,59557
8802,2.8402635764598956,83615,24058,59557
8803,2.839940929228672,83615,24058,59557
8804,2.8396183552930485,83615,24058,59557
8805,2.8392958546280522,83615,24058,59557
8806,2.8389734272087215,83615,24058,59557
8807,2.8386510730101056,83615,24058,59557
8808,2.838328792007266,83615,24058,59557
8809,2.8380065841752753,83615,24058,59557
8810,2.837684449489217,83615,24058,59557
8811,2.837362387924186,83615,24058,59557
8812,2.8370403994552884,83615,24058,59557
8813,2.8367184840576423,83615,24058,59557
8814,2.836396641706376,83615,24058,59557
8815,2.836074872376631,83615,24058,59557
8816,2.835753176043557,83615,24058,59557
8817,2.8354315526823184,83615,24058,59557
8818,2.835110002268088,83615,24058,59557
8819,2.8347885247760516,83615,24058,59557
8820,2.834467120181406,83615,24058,59557
8821,2.834145788459358,83615,24058,59557
8822,2.833824529585128,83615,24058,59557
8823,2.833503343533945,83615,24058,59557
8824,2.833182230281052,83615,24058,59557
8825,2.8328611898016995,83615,24058,59557
8826,2.8325402220711533,83615,24058,59557
8827,2.832219327064688,83615,24058,59557
8828,2.8318985047575893,83615,24058,59557
8829,2.8315777551251555,83615,24058,59557
8830,2.8312570781426953,83615,24058,59557
8831,2.830936473785528,83615,24058,59557
8832,2.8306159420289854,83615,24058,59557
8833,2.8302954828484093,83615,24058,59557
8834,2.829975096219153,83615,24058,59557
8835,2.829654782116582,83615,24058,59557
8836,2.829334540516071,83615,24058,59557
8837,2.8290143713930065,83615,24058,59557
8838,2.828694274722788,83615,24058,59557
8839,2.828374250480824,83615,24058,59557
8840,2.828054298642534,83615,24058,59557
8841,2.8277344191833502,83615,24058,59557
8842,2.8274146120787154,83615,24058,59557
8843,2.8270948773040825,83615,24058,59557
8844,2.826775214834916,83615,24058,59557
8845,2.826455624646693,83615,24058,59557
8846,2.8261361067148996,83615,24058,59557
8847,2.8258166610150335,83615,24058,59557
8848,2.825497287522604,83615,24058,59557
8849,2.825177986213131,83615,24058,59557
8850,2.824858757062147,83615,24058,59557
8851,2.8245396000451928,83615,24058,59557
8852,2.824220515137822,83615,24058,59557
8853,2.823901502315599,83615,24058,59557
8854,2.8235825615540997,83615,24058,59557
8855,2.82326369282891,83615,24058,59557
8856,2.822944896115628,83615,24058,59557
8857,2.822626171389861,83615,24058,59557
8858,2.8223075186272295,83615,24058,59557
8859,2.821988937803364,83615,24058,59557
8860,2.8216704288939054,83615,24058,59557
8861,2.8213519918745065,83621,24058,59563
8862,2.8210336267208307,83621,24058,59563
8863,2.8207153334085526,83621,24058,59563
8864,2.8203971119133575,83621,24058,59563
8865,2.820078962210942,83621,24058,59563
8866,2.8197608842770134,83621,24058,59563
8867,2.81944287808729,83621,24058,59563
8868,2.819124943617501,83621,24058,59563
8869,2.818807080843387,83621,24058,59563
8870,2.818489289740699,83621,24058,59563
8871,2.818171570285199,83621,24058,59563
8872,2.81785392245266,83621,24058,59563
8873,2.817536346218866,83621,24058,59563
8874,2.817218841559612,83621,24058,59563
8875,2.816901408450704,83621,24058,59563
8876,2.8165840468679586,83621,24058,59563
8877,2.816266756787203,83621,24058,59563
8878,2.8159495381842756,83621,24058,59563
8879,2.8156323910350265,83621,24058,59563
8880,2.815315315315315,83621,24058,59563
8881,2.8149983110010135,83621,24058,59563
8882,2.814681378068003,83621,24058,59563
8883,2.814364516492176,83621,24058,59563
8884,2.814047726249437,83621,24058,59563
8885,2.8137310073157007,83621,24058,59563
8886,2.8134143596668917,83621,24058,59563
8887,2.813097783278947,83621,24058,59563
8888,2.812781278127813,83621,24058,59563
8889,2.8124648441894475,83621,24058,59563
8890,2.81214848143982,83621,24058,59563
8891,2.8118321898549095,83621,24058,59563
8892,2.8115159694107064,83621,24058,59563
8893,2.8111998200832113,83621,24058,59563
8894,2.8108837418484374,83621,24058,59563
8895,2.810567734682406,83621,24058,59563
8896,2.810251798561151,83621,24058,59563
8897,2.809935933460717,83621,24058,59563
8898,2.809620139357159,83621,24058,59563
8899,2.809304416226542,83621,24058,59563
8900,2.808988764044944,83621,24058,59563
8901,2.808673182788451,83621,24058,59563
8902,2.808357672433161,83621,24058,59563
8903,2.8080422329551835,83620,24093,59527
8904,2.807726864330638,83620,24093,59527
8905,2.807411566535654,83620,24093,59527
8906,2.8070963395463733,83620,24093,59527
8907,2.806781183338947,83620,24093,59527
8908,2.8064660978895377,83620,24093,59527
8909,2.806151083174318,83620,24093,59527
8910,2.8058361391694726,83620,24093,59527
8911,2.805521265851195,83620,24093,59527
8912,2.8052064631956912,83620,24093,59527
8913,2.8048917311791763,83620,24093,59527
8914,2.8045770697778774,83620,24093,59527
8915,2.8042624789680315,83620,24093,59527
8916,2.803947958725886,83620,24093,59527
8917,2.8036335090277,83620,24093,59527
8918,2.803319129849742,83620,24093,59527
8919,2.8030048211682925,83619,24093,59526
8920,2.802690582959641,83619,24093,59526
8921,2.8023764152000896,83593,24093,59500
8922,2.8020623178659494,83593,24093,59500
8923,2.8017482909335425,83593,24093,59500
8924,2.801434334379202,83593,24093,59500
8925,2.8011204481792715,83593,24093,59500
8926,2.8008066323101053,83593,24093,59500
8927,2.8004928867480676,83593,24093,59500
8928,2.800179211469534,83593,24093,59500
8929,2.7998656064508904,83593,24093,59500
8930,2.799552071668533,83593,24093,59500
8931,2.7992386070988693,83593,24093,59500
8932,2.798925212718316,83593,24093,59500
8933,2.7986118885033022,83593,24093,59500
8934,2.7982986344302665,83593,24093,59500
8935,2.7979854504756574,83587,24093,59494
8936,2.7976723366159355,83587,24093,59494
8937,2.797359292827571,83587,24093,59494
8938,2.7970463190870443,83587,24093,59494
8939,2.7967334153708467,83587,24093,59494
8940,2.796420581655481,83587,24093,59494
8941,2.7961078179174588,83587,24093,59494
8942,2.7957951241333037,83587,24093,59494
8943,2.7954825002795483,83587,24093,59494
8944,2.795169946332737,83587,24093,59494
8945,2.7948574622694244,83541,24093,59448
8946,2.794545048066175,83541,24093,59448
8947,2.794232703699564,83541,24093,59448
8948,2.793920429146178,83541,24093,59448
8949,2.793608224382613,83541,24093,59448
8950,2.793296089385475,83541,24093,59448
8951,2.792984024131382,83541,24093,59448
8952,2.7926720285969617,83541,24093,59448
8953,2.7923601027588516,83541,24093,59448
8954,2.7920482465937013,83541,24093,59448
8955,2.7917364600781687,83541,24093,59448
8956,2.7914247431889234,83541,24093,59448
8957,2.791113095902646,83541,24093,59448
8958,2.7908015181960257,83541,24093,59448
8959,2.790490010045764,83541,24093,59448
8960,2.7901785714285716,83541,24093,59448
8961,2.7898672023211697,83541,24093,59448
8962,2.78955590270029,83541,24093,59448
8963,2.7892446725426754,83541,24093,59448
8964,2.788933511825078,83541,24093,59448
8965,2.788622420524261,83541,24093,59448
8966,2.7883113986169974,83541,24093,59448
8967,2.7880004460800714,83509,24093,59416
8968,2.7876895628902765,83509,24093,59416
8969,2.7873787490244175,83509,24093,59416
8970,2.787068004459309,83509,24093,59416
8971,2.7867573291717758,83509,24093,59416
8972,2.7864467231386536,83509,24093,59416
8973,2.786136186336788,83509,24093,59416
8974,2.7858257187430353,83509,24093,59416
8975,2.785515320334262,83509,24093,59416
8976,2.785204991087344,83509,24093,59416
8977,2.784894730979169,83509,24093,59416
8978,2.784584539986634,83509,24093,59416
8979,2.7842744180866466,83509,24093,59416
8980,2.7839643652561246,83509,24093,59416
8981,2.7836543814719965,83509,24093,59416
8982,2.7833444667112004,83509,24093,59416
8983,2.7830346209506844,83509,24093,59416
8984,2.782724844167409,83509,24093,59416
8985,2.782415136338342,83509,24093,59416
8986,2.782105497440463,83509,24093,59416
8987,2.781795927450762,83496,24134,59362
8988,2.7814864263462393,83496,24134,59362
8989,2.781176994103905,83496,24134,59362
8990,2.7808676307007785,83496,24134,59362
8991,2.7805583361138915,83496,24134,59362
8992,2.780249110320285,83496,24134,59362
8993,2.7799399532970086,83496,24134,59362
8994,2.779630865021125,83499,24134,59365
8995,2.7793218454697053,83499,24134,59365
8996,2.779012894619831,83499,24134,59365
8997,2.778704012448594,83499,24134,59365
8998,2.7783951989330964,83499,24134,59365
8999,2.77808645405045,83499,24134,59365
9000,2.7777777777777777,83499,24134,59365
9001,2.777469170092212,83499,24134,59365
9002,2.7771606309708954,83499,24134,59365
9003,2.776852160390981,83499,24134,59365
9004,2.7765437583296313,83499,24134,59365
9005,2.77623542476402,83499,24134,59365
9006,2.77592715967133,83499,24134,59365
9007,2.7756189630287555,83499,24134,59365
9008,2.775310834813499,83499,24134,59365
9009,2.775002775002775,83499,24134,59365
9010,2.774694783573807,83493,24134,59359
9011,2.7743868605038284,83493,24134,59359
9012,2.7740790057700844,83493,24134,59359
9013,2.773771219349828,83493,24134,59359
9014,2.773463501220324,83493,24134,59359
9015,2.7731558513588466,83493,24134,59359
9016,2.7728482697426795,83493,24134,59359
9017,2.7725407563491182,83493,24134,59359
9018,2.7722333111554667,83493,24134,59359
9019,2.77192593413904,83493,24134,59359
9020,2.7716186252771617,83493,24134,59359
9021,2.7713113845471677,83493,24134,59359
9022,2.7710042119264022,83493,24134,59359
9023,2.7706971073922197,83493,24134,59359
9024,2.770390070921986,83493,24134,59359
9025,2.770083102493075,83493,24134,59359
9026,2.7697762020828716,83493,24134,59359
9027,2.7694693696687716,83493,24134,59359
9028,2.769162605228179,83493,24134,59359
9029,2.768855908738509,83493,24134,59359
9030,2.768549280177187,83493,24134,59359
9031,2.7682427195216475,83493,24134,59359
9032,2.7679362267493355,83493,24134,59359
9033,2.7676298018377063,83493,24134,59359
9034,2.767323444764224,83493,24134,59359
9035,2.7670171555063643,83493,24134,59359
9036,2.7667109340416114,83493,24134,59359
9037,2.7664047803474605,83493,24134,59359
9038,2.7660986944014163,83493,24134,59359
9039,2.7657926761809937,83473,24134,59339
9040,2.765486725663717,83473,24134,59339
9041,2.765180842827121,83473,24134,59339
9042,2.7648750276487504,83473,24134,59339
9043,2.7645692801061594,83473,24134,59339
9044,2.7642636001769127,83473,24134,59339
9045,2.7639579878385847,83473,24134,59339
9046,2.7636524430687595,83473,24134,59339
9047,2.7633469658450314,83473,24134,59339
9048,2.7630415561450046,83473,24134,59339
9049,2.7627362139462925,83473,24134,59339
9050,2.7624309392265194,83473,24134,59339
9051,2.762125731963319,83473,24134,59339
9052,2.761820592134335,83473,24134,59339
9053,2.761515519717221,83473,24134,59339
9054,2.76121051468964,83473,24134,59339
9055,2.7609055770292654,83473,24134,59339
9056,2.760600706713781,83473,24134,59339
9057,2.7602959037208787,83473,24134,59339
9058,2.7599911680282623,83473,24134,59339
9059,2.759686499613644,83473,24134,59339
9060,2.759381898454746,83473,24134,59339
9061,2.7590773645293014,83473,24134,59339
9062,2.758772897815052,83473,24134,59339
9063,2.7584684982897496,83469,24134,59335
9064,2.758164165931156,83469,24134,59335
9065,2.7578599007170435,83448,24134,59314
9066,2.757555702625193,83448,24134,59314
9067,2.757251571633396,83448,24134,59314
9068,2.756947507719453,83448,24134,59314
9069,2.7566435108611755,83449,24134,59315
9070,2.7563395810363835,83449,24134,59315
9071,2.756035718222908,83449,24134,59315
9072,2.755731922398589,83449,24134,59315
9073,2.755428193541276,83449,24134,59315
9074,2.7551245316288298,83449,24134,59315
9075,2.7548209366391183,83449,24134,59315
9076,2.754517408550022,83449,24134,59315
9077,2.754213947339429,83449,24134,59315
9078,2.7539105529852392,83449,24134,59315
9079,2.7536072254653594,83449,24134,59315
9080,2.753303964757709,83449,24134,59315
9081,2.7530007708402158,83449,24134,59315
9082,2.752697643690817,83449,24134,59315
9083,2.75239458328746,83449,24134,59315
9084,2.752091589608102,83449,24134,59315
9085,2.7517886626307098,83449,24134,59315
9086,2.75148580233326,83449,24134,59315
9087,2.7511830086937383,83449,24134,59315
9088,2.750880281690141,83449,24134,59315
9089,2.750577621300473,83449,24134,59315
9090,2.75027502750275,83449,24134,59315
9091,2.749972500274997,83455,24134,59321
9092,2.7496700395952485,83455,24134,59321
9093,2.7493676454415485,83455,24134,59321
9094,2.749065317791951,83455,24134,59321
9095,2.748763056624519,83455,24134,59321
9096,2.748460861917326,83455,24134,59321
9097,2.7481587336484554,83455,24134,59321
9098,2.747856671795999,83455,24134,59321
9099,2.747554676338059,83455,24134,59321
9100,2.7472527472527473,83455,24134,59321
9101,2.746950884518185,83455,24134,59321
9102,2.7466490881125027,83455,24134,59321
9103,2.7463473580138418,83455,24134,59321
9104,2.7460456942003515,83455,24134,59321
9105,2.745744096650192,83455,24134,59321
9106,2.745442565341533,83455,24134,59321
9107,2.745141100252553,83455,24134,59321
9108,2.7448397013614403,83441,24054,59387
9109,2.7445383686463938,83441,24054,59387
9110,2.74423710208562,83441,24054,59387
9111,2.7439359016573373,83441,24054,59387
9112,2.743634767339772,83441,24054,59387
9113,2.74333369911116,83441,24054,59387
9114,2.7430326969497476,83441,24054,59387
9115,2.7427317608337907,83441,24054,59387
9116,2.742430890741553,83441,24054,59387
9117,2.7421300866513105,83441,24054,59387
9118,2.741829348541347,83441,24054,59387
9119,2.741528676389955,83441,24054,59387
9120,2.741228070175439,83441,24054,59387
9121,2.74092752987611,83441,24054,59387
9122,2.7406270554702914,83441,24054,59387
9123,2.740326646936315,83441,24054,59387
9124,2.740026304252521,83441,24054,59387
9125,2.73972602739726,83441,24054,59387
9126,2.739425816348893,83441,24054,59387
9127,2.7391256710857896,83441,24054,59387
9128,2.7388255915863278,83441,24054,59387
9129,2.738525577828897,83441,24054,59387
9130,2.738225629791895,83441,24054,59387
9131,2.737925747453729,83441,24054,59387
9132,2.7376259307928166,83441,24054,59387
9133,2.7373261797875834,83441,24054,59387
9134,2.737026494416466,83404,24054,59350
9135,2.736726874657909,83404,24054,59350
9136,2.736427320490368,83404,24054,59350
9137,2.736127831892306,83404,24054,59350
9138,2.7358284088421976,83404,24054,59350
9139,2.735529051318525,83404,24054,59350
9140,2.735229759299781,83404,24054,59350
9141,2.734930532764468,83404,24054,59350
9142,2.734631371691096,83404,24054,59350
9143,2.7343322760581867,83404,24054,59350
9144,2.7340332458442695,83404,24054,59350
9145,2.733734281027884,83404,24054,59350
9146,2.7334353815875794,83404,24054,59350
9147,2.733136547501913,83404,24054,59350
9148,2.7328377787494533,83404,24054,59350
9149,2.732539075308777,83374,24054,59320
9150,2.73224043715847,83374,24054,59320
9151,2.731941864277128,83374,24054,59320
9152,2.7316433566433567,83374,24054,59320
9153,2.7313449142357697,83374,24054,59320
9154,2.731046537032991,83374,24054,59320
9155,2.7307482250136537,83374,24054,59320
9156,2.7304499781564,83374,24054,59320
9157,2.7301517964398823,83374,24054,59320
9158,2.7298536798427606,83374,24054,59320
9159,2.7295556283437055,83374,24054,59320
9160,2.7292576419213974,83374,24054,59320
9161,2.7289597205545246,83374,24054,59320
9162,2.7286618642217855,83374,24054,59320
9163,2.728364072901888,83376,24054,59322
9164,2.7280663465735486,83376,24054,59322
9165,2.727768685215494,83376,24054,59322
9166,2.7274710888064586,83376,24054,59322
9167,2.7271735573251883,83376,24054,59322
9168,2.7268760907504364,83376,24054,59322
9169,2.7265786890609665,83376,24054,59322
9170,2.7262813522355507,83383,24054,59329
9171,2.7259840802529713,83383,24054,59329
9172,2.725686873092019,83383,24054,59329
9173,2.7253897307314947,83383,24054,59329
9174,2.7250926531502073,83383,24054,59329
9175,2.7247956403269753,83383,24054,59329
9176,2.7244986922406276,83383,24054,59329
9177,2.724201808870001,83383,24054,59329
9178,2.723904990193942,83383,24054,59329
9179,2.723608236191306,83383,24054,59329
9180,2.7233115468409586,83383,24054,59329
9181,2.723014922121773,83383,24054,59329
9182,2.7227183620126336,83383,24054,59329
9183,2.722421866492432,83383,24054,59329
9184,2.7221254355400695,83383,24054,59329
9185,2.721829069134458,83383,24054,59329
9186,2.7215327672545175,83383,24054,59329
9187,2.721236529879177,83383,24054,59329
9188,2.720940356987375,83357,24054,59303
9189,2.7206442485580586,83357,24054,59303
9190,2.720348204570185,83357,24054,59303
9191,2.72005222500272,83357,24054,59303
9192,2.7197563098346387,83357,24054,59303
9193,2.7194604590449254,83357,24054,59303
9194,2.7191646726125733,83357,24054,59303
9195,2.718868950516585,83357,24054,59303
9196,2.718573292735972,83357,24054,59303
9197,2.7182776992497555,83357,24054,59303
9198,2.7179821700369646,83357,24054,59303
9199,2.717686705076639,83357,24054,59303
9200,2.717391304347826,83357,24054,59303
9201,2.7170959678295836,83357,24054,59303
9202,2.7168006955009782,83357,24054,59303
9203,2.7165054873410845,83357,24054,59303
9204,2.7162103433289873,83357,24054,59303
9205,2.7159152634437804,83357,24054,59303
9206,2.7156202476645666,83357,24054,59303
9207,2.7153252959704575,83357,24054,59303
9208,2.7150304083405734,83357,24054,59303
9209,2.714735584754045,83357,24054,59303
9210,2.7144408251900107,83357,24054,59303
9211,2.7141461296276193,83357,24054,59303
9212,2.713851498046027,83357,24054,59303
9213,2.7135569304244003,83357,24054,59303
9214,2.7132624267419145,83357,24054,59303
9215,2.7129679869777537,83357,24054,59303
9216,2.712673611111111,83357,24054,59303
9217,2.712379299121189,83357,24054,59303
9218,2.712085050987199,83357,24054,59303
9219,2.711790866688361,83357,24054,59303
9220,2.7114967462039044,83357,24054,59303
9221,2.711202689513068,83357,24054,59303
9222,2.710908696595099,83357,24054,59303
9223,2.710614767429253,83357,24054,59303
9224,2.710320901994796,83357,24054,59303
9225,2.710027100271003,83357,24054,59303
9226,2.7097333622371558,83357,24054,59303
9227,2.709439687872548,83357,24054,59303
9228,2.7091460771564804,83357,24054,59303
9229,2.708852530068263,83357,24054,59303
9230,2.7085590465872156,83357,24054,59303
9231,2.708265626692666,83357,24054,59303
9232,2.7079722703639515,83357,24054,59303
9233,2.707678977580418,83357,24054,59303
9234,2.7073857483214208,83357,24054,59303
9235,2.707092582566324,83357,24054,59303
9236,2.7067994802945,83357,24054,59303
9237,2.7065064414853306,83357,24054,59303
9238,2.7062134661182076,83357,24054,59303
9239,2.7059205541725295,83357,24054,59303
9240,2.705627705627706,83357,24054,59303
9241,2.7053349204631534,83357,24054,59303
9242,2.705042198658299,83357,24054,59303
9243,2.7047495401925783,83357,24054,59303
9244,2.7044569450454348,83357,24054,59303
9245,2.7041644131963225,83357,24054,59303
9246,2.7038719446247024,83357,24054,59303
9247,2.7035795393100464,83357,24054,59303
9248,2.703287197231834,83357,24054,59303
9249,2.7029949183695536,83357,24054,59303
9250,2.7027027027027026,83357,24054,59303
9251,2.702410550210788,83357,24054,59303
9252,2.702118460873325,83357,24054,59303
9253,2.7018264346698366,83357,24054,59303
9254,2.7015344715798575,83357,24054,59303
9255,2.7012425715829282,83357,24054,59303
9256,2.7009507346586,83357,24054,59303
9257,2.700658960786432,83357,24054,59303
9258,2.7003672499459928,83357,24054,59303
9259,2.7000756021168595,83357,24054,59303
9260,2.699784017278618,83357,24054,59303
9261,2.699492495410863,83357,24054,59303
9262,2.699201036493198,83357,24054,59303
9263,2.698909640505236,83357,24054,59303
9264,2.6986183074265977,83357,24054,59303
9265,2.698327037236913,83357,24054,59303
9266,2.6980358299158214,83357,24054,59303
9267,2.6977446854429696,83357,24054,59303
9268,2.6974536037980146,83357,24054,59303
9269,2.6971625849606213,83357,24054,59303
9270,2.696871628910464,83357,24054,59303
9271,2.696580735627225,83357,24054,59303
9272,2.6962899050905955,83357,24054,59303
9273,2.695999137280276,83357,24054,59303
9274,2.6957084321759757,83357,24054,59303
9275,2.6954177897574123,83357,24054,59303
9276,2.695127210004312,83357,24054,59303
9277,2.6948366928964105,83357,24054,59303
9278,2.694546238413451,83357,24054,59303
9279,2.694255846535187,83357,24054,59303
9280,2.6939655172413794,83357,24054,59303
9281,2.6936752505117982,83357,24054,59303
9282,2.693385046326223,83357,24054,59303
9283,2.6930949046644406,83357,24054,59303
9284,2.692804825506247,83357,24054,59303
9285,2.6925148088314486,83347,24054,59293
9286,2.692224854619858,83347,24054,59293
9287,2.6919349628512976,83347,24054,59293
9288,2.6916451335055984,83347,24054,59293
9289,2.691355366562601,83347,24054,59293
9290,2.6910656620021527,83347,24054,59293
9291,2.6907760198041113,83347,24054,59293
9292,2.6904864399483426,83347,24054,59293
9293,2.690196922414721,83347,24054,59293
9294,2.689907467183129,83347,24054,59293
9295,2.6896180742334588,83347,24054,59293
9296,2.689328743545611,83347,24054,59293
9297,2.6890394750994946,83347,24054,59293
9298,2.688750268875027,83347,24054,59293
9299,2.6884611248521346,83347,24054,59293
9300,2.6881720430107525,83347,24054,59293
9301,2.6878830233308246,83347,24054,59293
9302,2.6875940657923025,83347,24054,59293
9303,2.6873051703751476,83347,24054,59293
9304,2.687016337059329,83347,24054,59293
9305,2.6867275658248255,83347,24054,59293
9306,2.6864388566516224,83347,24054,59293
9307,2.6861502095197163,83347,24054,59293
9308,2.6858616244091102,83347,24054,59293
9309,2.685573101299817,83347,24054,59293
9310,2.6852846401718584,83347,24054,59293
9311,2.684996241005263,83347,24054,59293
9312,2.6847079037800685,83347,24054,59293
9313,2.6844196284763235,83347,24054,59293
9314,2.684131415074082,83347,24054,59293
9315,2.6838432635534084,83347,24054,59293
9316,2.6835551738943755,83347,24054,59293
9317,2.6832671460770636,83347,24054,59293
9318,2.6829791800815626,83353,24054,59299
9319,2.682691275887971,83353,24054,59299
9320,2.6824034334763946,83353,24054,59299
9321,2.68211565282695,83353,24054,59299
9322,2.6818279339197595,83353,24054,59299
9323,2.6815402767349568,83353,24054,59299
9324,2.681252681252681,83353,24054,59299
9325,2.680965147453083,83353,24054,59299
9326,2.68067767531632,83353,24054,59299
9327,2.680390264822558,83353,24054,59299
9328,2.6801029159519727,83353,24054,59299
9329,2.6798156286847465,83353,24054,59299
9330,2.679528403001072,83353,24054,59299
9331,2.679241238881149,83353,24054,59299
9332,2.6789541363051863,83353,24054,59299
9333,2.678667095253402,83353,24054,59299
9334,2.678380115706021,83353,24054,59299
9335,2.678093197643278,83353,24054,59299
9336,2.677806341045416,83353,24054,59299
9337,2.677519545892685,83353,24054,59299
9338,2.6772328121653457,83353,24054,59299
9339,2.6769461398436665,83353,24054,59299
9340,2.6766595289079227,83353,24054,59299
9341,2.676372979338401,83353,24054,59299
9342,2.676086491115393,83353,24054,59299
9343,2.6758000642192017,83353,24054,59299
9344,2.675513698630137,83353,24054,59299
9345,2.675227394328518,83353,24054,59299
9346,2.6749411512946715,83353,24054,59299
9347,2.6746549695089334,83353,24054,59299
9348,2.6743688489516475,83355,24054,59301
9349,2.6740827896031663,83355,24054,59301
9350,2.6737967914438503,83355,24054,59301
9351,2.673510854454069,83355,24054,59301
9352,2.6732249786142,83355,24054,59301
9353,2.6729391639046294,83355,24054,59301
9354,2.6726534103057515,83355,24054,59301
9355,2.672367717797969,83355,24054,59301
9356,2.672082086361693,83355,24054,59301
9357,2.671796515977343,83355,24054,59301
9358,2.671511006625347,83355,24054,59301
9359,2.6712255582861415,83355,24054,59301
9360,2.6709401709401708,83355,24054,59301
9361,2.670654844567888,83355,24054,59301
9362,2.6703695791497544,83355,24054,59301
9363,2.6700843746662395,83355,24054,59301
9364,2.6697992310978216,83355,24054,59301
9365,2.6695141484249865,83355,24054,59301
9366,2.6692291266282298,83355,24054,59301
9367,2.6689441656880537,83355,24054,59301
9368,2.66865926558497,83355,24054,59301
9369,2.6683744262994984,83355,24054,59301
9370,2.6680896478121663,83355,24054,59301
9371,2.667804930103511,83355,24054,59301
9372,2.667520273154076,83355,24054,59301
9373,2.667235676944415,83355,24054,59301
9374,2.6669511414550886,83355,24054,59301
9375,2.6666666666666665,83355,24054,59301
9376,2.666382252559727,83355,24054,59301
9377,2.6660978991148556,83355,24054,59301
9378,2.6658136063126467,83355,24054,59301
9379,2.665529374133703,83355,24054,59301
9380,2.6652452025586353,83355,24054,59301
9381,2.6649610915680633,83355,24054,59301
9382,2.6646770411426135,83355,24054,59301
9383,2.6643930512629224,83355,24054,59301
9384,2.6641091219096333,83355,24054,59301
9385,2.6638252530633992,83355,24054,59301
9386,2.6635414447048795,83338,24054,59284
9387,2.663257696814744,83338,24054,59284
9388,2.6629740093736687,83338,24054,59284
9389,2.662690382362339,83338,24054,59284
9390,2.6624068157614484,83338,24054,59284
9391,2.6621233095516983,83338,24054,59284
9392,2.6618398637137988,83338,24054,59284
9393,2.661556478228468,83338,24054,59284
9394,2.661273153076432,83338,24054,59284
9395,2.660989888238425,83338,24054,59284
9396,2.6607066836951896,83304,24054,59250
9397,2.6604235394274767,83304,24054,59250
9398,2.660140455416046,83304,24054,59250
9399,2.659857431641664,83304,24054,59250
9400,2.6595744680851063,83304,24054,59250
9401,2.6592915647271567,83304,24054,59250
9402,2.6590087215486067,83304,24054,59250
9403,2.658725938530256,83304,24054,59250
9404,2.658443215652914,83304,24054,59250
9405,2.658160552897395,83304,24054,59250
9406,2.657877950244525,83304,24054,59250
9407,2.6575954076751356,83304,24054,59250
9408,2.6573129251700682,83304,24054,59250
9409,2.657030502710171,83304,24054,59250
9410,2.656748140276302,83304,24054,59250
9411,2.6564658378493253,83304,24054,59250
9412,2.656183595410115,83304,24054,59250
9413,2.6559014129395515,83304,24054,59250
9414,2.6556192904185254,83304,24054,59250
9415,2.655337227827934,83304,24054,59250
9416,2.655055225148683,83304,24054,59250
9417,2.6547732823616865,83304,24054,59250
9418,2.6544913994478656,83304,24054,59250
9419,2.6542095763881517,83304,24054,59250
9420,2.653927813163482,83304,24054,59250
9421,2.653646109754803,83304,24054,59250
9422,2.6533644661430693,83304,24054,59250
9423,2.6530828823092434,83304,24054,59250
9424,2.6528013582342953,83304,24054,59250
9425,2.6525198938992043,83304,24054,59250
9426,2.6522384892849566,83304,24054,59250
9427,2.651957144372547,83304,24054,59250
9428,2.6516758591429785,83304,24054,59250
9429,2.6513946335772616,83304,24054,59250
9430,2.651113467656416,83304,24054,59250
9431,2.6508323613614677,83304,24054,59250
9432,2.6505513146734523,83304,24054,59250
9433,2.6502703275734123,83304,24054,59250
9434,2.6499894000424,83304,24054,59250
9435,2.649708532061473,83304,24054,59250
9436,2.6494277236117,83304,24054,59250
9437,2.6491469746741547,83304,24054,59250
9438,2.6488662852299214,83304,24054,59250
9439,2.6485856552600913,83304,24054,59250
9440,2.6483050847457625,83304,24054,59250
9441,2.6480245736680437,83304,24054,59250
9442,2.6477441220080493,83304,24054,59250
9443,2.6474637297469026,83304,24054,59250
9444,2.647183396865735,83304,24054,59250
9445,2.6469031233456857,83304,24054,59250
9446,2.6466229091679017,83304,24054,59250
9447,2.6463427543135385,83304,24054,59250
9448,2.6460626587637597,83304,24054,59250
9449,2.6457826224997354,83304,24054,59250
9450,2.6455026455026456,83304,24054,59250
9451,2.645222727753677,83304,24054,59250
9452,2.6449428692340247,83304,24054,59250
9453,2.6446630699248916,83304,24054,59250
9454,2.644383329807489,83304,24054,59250
9455,2.6441036488630356,83304,24054,59250
9456,2.643824027072758,83304,24054,59250
9457,2.6435444644178916,83304,24054,59250
9458,2.6432649608796788,83304,24054,59250
9459,2.64298551643937,83304,24054,59250
9460,2.6427061310782243,83304,24054,59250
9461,2.6424268047775077,83304,24054,59250
9462,2.642147537518495,83304,24054,59250
9463,2.6418683292824685,83304,24054,59250
9464,2.6415891800507185,83304,24054,59250
9465,2.641310089804543,83304,24054,59250
9466,2.641031058525248,83304,24054,59250
9467,2.6407520861941483,83304,24054,59250
9468,2.6404731727925643,83304,24054,59250
9469,2.640194318301827,83304,24054,59250
9470,2.6399155227032733,83304,24054,59250
9471,2.6396367859782495,83304,24054,59250
9472,2.639358108108108,83304,24054,59250
9473,2.639079489074211,83304,24054,59250
9474,2.638800928857927,83304,24054,59250
9475,2.638522427440633,83304,24054,59250
9476,2.6382439848037147,83304,24054,59250
9477,2.6379656009285637,83304,24054,59250
9478,2.6376872757965817,83297,24054,59243
9479,2.637409009389176,83297,24054,59243
9480,2.6371308016877637,83297,24054,59243
9481,2.6368526526737686,83297,24054,59243
9482,2.6365745623286228,83297,24054,59243
9483,2.6362965306337656,83297,24054,59243
9484,2.636018557570645,83297,24054,59243
9485,2.635740643120717,83297,24054,59243
9486,2.635462787265444,83297,24054,59243
9487,2.635184989986297,83281,24054,59227
9488,2.6349072512647553,83281,24054,59227
9489,2.6346295710823058,83281,24054,59227
9490,2.6343519494204424,83281,24054,59227
9491,2.634074386260668,83281,24054,59227
9492,2.6337968815844923,83281,24054,59227
9493,2.633519435373433,83281,24054,59227
9494,2.6332420476090164,83281,24054,59227
9495,2.6329647182727753,83281,24054,59227
9496,2.632687447346251,83281,24054,59227
9497,2.632410234810993,83281,24054,59227
9498,2.6321330806485577,83281,24054,59227
9499,2.6318559848405094,83281,24054,59227
9500,2.6315789473684212,83281,24054,59227
9501,2.6313019682138723,83281,24054,59227
9502,2.6310250473584507,83281,24054,59227
9503,2.6307481847837524,83281,24054,59227
9504,2.6304713804713806,83281,24054,59227
9505,2.6301946344029457,83281,24054,59227
9506,2.6299179465600675,83281,24054,59227
9507,2.6296413169243715,83281,24054,59227
9508,2.6293647454774924,83281,24054,59227
9509,2.6290882322010725,83281,24054,59227
9510,2.6288117770767614,83281,24054,59227
9511,2.628535380086216,83281,24054,59227
9512,2.628259041211102,83281,24054,59227
9513,2.6279827604330914,83281,24054,59227
9514,2.6277065377338658,83281,24054,59227
9515,2.627430373095113,83281,24054,59227
9516,2.627154266498529,83281,24054,59227
9517,2.626878217925817,83281,24054,59227
9518,2.626602227358689,83281,24054,59227
9519,2.6263262947788633,83281,24054,59227
9520,2.6260504201680672,83281,24054,59227
9521,2.625774603508035,83281,24054,59227
9522,2.625498844780508,83281,24054,59227
9523,2.6252231439672373,83281,24054,59227
9524,2.624947501049979,83281,24054,59227
9525,2.6246719160104988,83281,24054,59227
9526,2.624396388830569,83281,24054,59227
9527,2.62412091949197,83281,24054,59227
9528,2.6238455079764904,83281,24054,59227
9529,2.623570154265925,83281,24054,59227
9530,2.6232948583420774,83281,24054,59227
9531,2.623019620186759,83281,24054,59227
9532,2.622744439781788,83281,24054,59227
9533,2.62246931710899,83281,24054,59227
9534,2.6221942521501993,83258,24054,59204
9535,2.6219192448872577,83258,24054,59204
9536,2.6216442953020134,83258,24054,59204
9537,2.621369403376324,83258,24054,59204
9538,2.621094569092053,83258,24054,59204
9539,2.6208197924310723,83258,24054,59204
9540,2.620545073375262,83258,24054,59204
9541,2.6202704119065086,83258,24054,59204
9542,2.619995808006707,83258,24054,59204
9543,2.6197212616577596,83258,24054,59204
9544,2.619446772841576,83258,24054,59204
9545,2.6191723415400734,83258,24054,59204
9546,2.618897967735177,83258,24054,59204
9547,2.6186236514088197,83258,24054,59204
9548,2.618349392542941,83258,24054,59204
9549,2.618075191119489,83258,24054,59204
9550,2.6178010471204187,83258,24054,59204
9551,2.6175269605276936,83258,24054,59204
9552,2.617252931323283,83258,24054,59204
9553,2.616978959489166,83258,24054,59204
9554,2.616705045007327,83258,24054,59204
9555,2.6164311878597593,83258,24054,59204
9556,2.616157388028464,83258,24054,59204
9557,2.6158836454954484,83258,24054,59204
9558,2.6156099602427285,83258,24054,59204
9559,2.6153363322523275,83258,24054,59204
9560,2.6150627615062763,83258,24054,59204
9561,2.614789247986612,83258,24054,59204
9562,2.6145157916753816,83258,24054,59204
9563,2.6142423925546376,83258,24054,59204
9564,2.613969050606441,83258,24054,59204
9565,2.6136957658128592,83258,24054,59204
9566,2.613422538155969,83256,24054,59202
9567,2.613149367617853,83256,24054,59202
9568,2.612876254180602,83256,24054,59202
9569,2.612603197826314,83256,24054,59202
9570,2.6123301985370952,83256,24054,59202
9571,2.612057256295058,83256,24054,59202
9572,2.6117843710823236,83256,24054,59202
9573,2.6115115428810194,83256,24054,59202
9574,2.611238771673282,83256,24054,59202
9575,2.6109660574412534,83256,24054,59202
9576,2.6106934001670843,83256,24054,59202
9577,2.610420799832933,83256,24054,59202
9578,2.6101482564209646,83256,24054,59202
9579,2.609875769913352,83256,24054,59202
9580,2.6096033402922756,83256,24054,59202
9581,2.6093309675399228,83256,24054,59202
9582,2.609058651638489,83256,24054,59202
9583,2.608786392570176,83256,24054,59202
9584,2.6085141903171953,83256,24054,59202
9585,2.6082420448617634,83256,24054,59202
9586,2.6079699561861047,83256,24054,59202
9587,2.6076979242724523,83256,24054,59202
9588,2.6074259491030456,83256,24054,59202
9589,2.6071540306601313,83256,24054,59202
9590,2.6068821689259645,83256,24054,59202
9591,2.606610363882807,83256,24054,59202
9592,2.6063386155129273,83256,24054,59202
9593,2.606066923798603,83256,24054,59202
9594,2.605795288722118,83256,24054,59202
9595,2.6055237102657633,83256,24054,59202
9596,2.6052521884118383,83256,24054,59202
9597,2.6049807231426487,83256,24054,59202
9598,2.6047093144405085,83256,24054,59202
9599,2.6044379622877383,83256,24054,59202
9600,2.6041666666666665,83256,24054,59202
9601,2.603895427559629,83256,24054,59202
9602,2.603624244948969,83256,24054,59202
9603,2.6033531188170365,83256,24054,59202
9604,2.603082049146189,83256,24054,59202
9605,2.6028110359187924,83256,24054,59202
9606,2.6025400791172184,83256,24054,59202
9607,2.602269178723847,83256,24054,59202
9608,2.6019983347210656,83256,24054,59202
9609,2.6017275470912686,83256,24054,59202
9610,2.6014568158168574,83256,24054,59202
9611,2.6011861408802415,83256,24054,59202
9612,2.6009155222638367,83256,24054,59202
9613,2.600644959950068,83256,24054,59202
9614,2.6003744539213645,83256,24054,59202
9615,2.6001040041601664,83256,24054,59202
9616,2.5998336106489184,83256,24054,59202
9617,2.599563273370074,83256,24054,59202
9618,2.5992929923060926,83256,24054,59202
9619,2.599022767439443,83256,24054,59202
9620,2.598752598752599,83256,24054,59202
9621,2.598482486228043,83256,24054,59202
9622,2.5982124298482643,83256,24054,59202
9623,2.59794242959576,83256,24054,59202
9624,2.597672485453034,83256,24054,59202
9625,2.5974025974025974,83256,24054,59202
9626,2.5971327654269687,83256,24054,59202
9627,2.5968629895086734,83256,24054,59202
9628,2.596593269630245,83256,24054,59202
9629,2.5963236057742236,83256,24054,59202
9630,2.596053997923157,83256,24054,59202
9631,2.595784446059599,83256,24054,59202
9632,2.595514950166113,83256,24054,59202
9633,2.595245510225267,83256,24054,59202
9634,2.5949761262196387,83256,24054,59202
9635,2.5947067981318113,83256,24054,59202
9636,2.5944375259443753,83256,24054,59202
9637,2.5941683096399295,83256,24054,59202
9638,2.593899149201079,83256,24054,59202
9639,2.593630044610437,83256,24054,59202
9640,2.5933609958506225,83256,24054,59202
9641,2.593092002904263,83256,24054,59202
9642,2.592823065753993,83256,24054,59202
9643,2.5925541843824536,83256,24054,59202
9644,2.5922853587722936,83256,24054,59202
9645,2.592016588906169,83256,24054,59202
9646,2.591747874766743,83256,24054,59202
9647,2.591479216336685,83256,24054,59202
9648,2.5912106135986734,83256,24054,59202
9649,2.5909420665353924,83256,24054,59202
9650,2.5906735751295336,83256,24054,59202
9651,2.5904051393637966,83256,24054,59202
9652,2.590136759220887,83256,24054,59202
9653,2.589868434683518,83256,24054,59202
9654,2.5896001657344105,83256,24054,59202
9655,2.589331952356292,83256,24054,59202
9656,2.589063794531897,83256,24054,59202
9657,2.588795692243968,83224,24054,59170
9658,2.5885276454752537,83224,24054,59170
9659,2.5882596542085103,83224,24054,59170
9660,2.587991718426501,83224,24054,59170
9661,2.5877238381119967,83224,24054,59170
9662,2.587456013247775,83224,24054,59170
9663,2.58718824381662,83224,24054,59170
9664,2.5869205298013247,83224,24054,59170
9665,2.586652871184687,83224,24054,59170
9666,2.5863852679495136,83224,24054,59170
9667,2.586117720078618,83224,24054,59170
9668,2.58585022755482,83224,24054,59170
9669,2.5855827903609474,83224,24054,59170
9670,2.5853154084798344,83224,24054,59170
9671,2.5850480818943233,83224,24054,59170
9672,2.584780810587262,83224,24054,59170
9673,2.5845135945415074,83226,24054,59172
9674,2.5842464337399216,83226,24054,59172
9675,2.5839793281653747,83226,24054,59172
9676,2.583712277800744,83226,24054,59172
9677,2.583445282628914,83226,24054,59172
9678,2.5831783426327752,83226,24054,59172
9679,2.582911457795227,83226,24054,59172
9680,2.5826446280991737,83226,24054,59172
9681,2.5823778535275284,83226,24054,59172
9682,2.58211113406321,83226,24054,59172
9683,2.581844469689146,83226,24054,59172
9684,2.5815778603882693,83226,24054,59172
9685,2.581311306143521,83226,24054,59172
9686,2.5810448069378484,83226,24054,59172
9687,2.5807783627542067,83226,24054,59172
9688,2.5805119735755575,83226,24054,59172
9689,2.5802456393848696,83226,24054,59172
9690,2.579979360165119,83226,24054,59172
9691,2.579713135899288,83226,24054,59172
9692,2.579446966570367,83226,24054,59172
9693,2.5791808521613535,83226,24054,59172
9694,2.5789147926552505,83226,24054,59172
9695,2.5786487880350695,83226,24054,59172
9696,2.5783828382838285,83226,24054,59172
9697,2.578116943384552,83226,24054,59172
9698,2.5778511033202722,83226,24054,59172
9699,2.5775853180740285,83226,24054,59172
9700,2.577319587628866,83226,24054,59172
9701,2.5770539119678384,83226,24054,59172
9702,2.5767882910740054,83226,24054,59172
9703,2.576522724930434,83226,24054,59172
9704,2.576257213520198,83226,24054,59172
9705,2.575991756826378,83226,24054,59172
9706,2.575726354832063,83226,24054,59172
9707,2.5754610075203463,83226,24054,59172
9708,2.5751957148743303,83226,24054,59172
9709,2.574930476877124,83226,24054,59172
9710,2.5746652935118433,83226,24054,59172
9711,2.5744001647616104,83226,24054,59172
9712,2.574135090609555,83226,24054,59172
9713,2.573870071038814,83226,24054,59172
9714,2.5736051060325305,83226,24054,59172
9715,2.573340195573855,83226,24054,59172
9716,2.573075339645945,83226,24054,59172
9717,2.572810538231965,83226,24054,59172
9718,2.5725457913150853,83226,24054,59172
9719,2.5722810988784857,83226,24054,59172
9720,2.57201646090535,83226,24054,59172
9721,2.5717518773788703,83226,24054,59172
9722,2.5714873482822465,83226,24054,59172
9723,2.5712228735986837,83226,24054,59172
9724,2.5709584533113943,83226,24054,59172
9725,2.570694087403599,83226,24054,59172
9726,2.5704297758585235,83226,24054,59172
9727,2.5701655186594015,83226,24054,59172
9728,2.569901315789474,83226,24054,59172
9729,2.5696371672319867,83226,24054,59172
9730,2.5693730729701953,83226,24054,59172
9731,2.56910903298736,83224,24054,59170
9732,2.568845047266749,83224,24054,59170
9733,2.5685811157916367,83224,24054,59170
9734,2.5683172385453052,83224,24054,59170
9735,2.568053415511043,83224,24054,59170
9736,2.5677896466721446,83224,24054,59170
9737,2.5675259320119133,83224,24054,59170
9738,2.5672622715136577,83224,24054,59170
9739,2.566998665160694,83224,24054,59170
9740,2.566735112936345,83224,24054,59170
9741,2.56647161482394,83224,24054,59170
9742,2.566208170806816,83224,24054,59170
9743,2.565944780868316,83224,24054,59170
9744,2.5656814449917897,83224,24054,59170
9745,2.565418163160595,83224,24054,59170
9746,2.5651549353580956,83224,24054,59170
9747,2.5648917615676616,83224,24054,59170
9748,2.5646286417726714,83224,24054,59170
9749,2.5643655759565083,83224,24054,59170
9750,2.5641025641025643,83224,24054,59170
9751,2.5638396061942363,83224,24054,59170
9752,2.56357670221493,83224,24054,59170
9753,2.563313852148057,83224,24054,59170
9754,2.563051055977035,83224,24054,59170
9755,2.5627883136852896,83224,24054,59170
9756,2.5625256252562525,83224,24054,59170
9757,2.5622629906733625,83224,24054,59170
9758,2.5620004099200657,83224,24054,59170
9759,2.5617378829798136,83224,24054,59170
9760,2.5614754098360657,83224,24054,59170
9761,2.5612129904722876,83224,24054,59170
9762,2.5609506248719525,83224,24054,59170
9763,2.5606883130185394,83224,24054,59170
9764,2.5604260548955344,83224,24054,59170
9765,2.5601638504864312,83224,24054,59170
9766,2.559901699774729,83224,24054,59170
9767,2.5596396027439337,83224,24054,59170
9768,2.5593775593775594,83224,24054,59170
9769,2.559115569659126,83224,24054,59170
9770,2.5588536335721597,83224,24054,59170
9771,2.5585917511001943,83224,24054,59170
9772,2.5583299222267706,83224,24054,59170
9773,2.5580681469354345,83224,24054,59170
9774,2.55780642520974,83224,24054,59170
9775,2.557544757033248,83224,24054,59170
9776,2.5572831423895255,83224,24054,59170
9777,2.5570215812621457,83224,24054,59170
9778,2.55676007363469,83224,24054,59170
9779,2.5564986194907453,83224,24054,59170
9780,2.556237218813906,83224,24054,59170
9781,2.5559758715877723,83224,24054,59170
9782,2.5557145777959516,83224,24054,59170
9783,2.5554533374220587,83224,24054,59170
9784,2.555192150449714,83224,24054,59170
9785,2.5549310168625445,83224,24054,59170
9786,2.5546699366441854,83224,24054,59170
9787,2.554408909778277,83224,24054,59170
9788,2.5541479362484676,83224,24054,59170
9789,2.5538870160384106,83224,24054,59170
9790,2.5536261491317673,83224,24054,59170
9791,2.553365335512205,83224,24054,59170
9792,2.5531045751633985,83224,24054,59170
9793,2.552843868069029,83224,24054,59170
9794,2.5525832142127833,83224,24054,59170
9795,2.5523226135783563,83224,24054,59170
9796,2.552062066149449,83224,24054,59170
9797,2.551801571909768,83224,24054,59170
9798,2.551541130843029,83224,24054,59170
9799,2.5512807429329523,83224,24054,59170
9800,2.5510204081632653,83224,24054,59170
9801,2.5507601265177025,83224,24054,59170
9802,2.550499897980004,83224,24054,59170
9803,2.5502397225339184,83224,24054,59170
9804,2.5499796001631987,83224,24054,59170
9805,2.5497195308516063,83224,24054,59170
9806,2.5494595145829084,83224,24054,59170
9807,2.549199551340879,83224,24054,59170
9808,2.5489396411092984,83224,24054,59170
9809,2.5486797838719544,83224,24054,59170
9810,2.5484199796126403,83224,24054,59170
9811,2.5481602283151563,83224,24054,59170
9812,2.5479005299633104,83224,24054,59170
9813,2.547640884540915,83224,24054,59170
9814,2.5473812920317913,83224,24054,59170
9815,2.547121752419766,83224,24054,59170
9816,2.5468622656886715,83224,24054,59170
9817,2.546602831822349,83224,24054,59170
9818,2.5463434508046445,83224,24054,59170
9819,2.5460841226194115,83224,24054,59170
9820,2.545824847250509,83224,24054,59170
9821,2.5455656246818044,83224,24054,59170
9822,2.54530645489717,83224,24054,59170
9823,2.5450473378804848,83224,24054,59170
9824,2.544788273615635,83224,24054,59170
9825,2.544529262086514,83224,24054,59170
9826,2.54427030327702,83224,24054,59170
9827,2.5440113971710594,83224,24054,59170
9828,2.543752543752544,83224,24054,59170
9829,2.543493743005392,83224,24054,59170
9830,2.5432349949135302,83224,24054,59170
9831,2.542976299460889,83224,24054,59170
9832,2.5427176566314076,83224,24054,59170
9833,2.5424590664090307,83224,24054,59170
9834,2.54220052877771,83224,24054,59170
9835,2.541942043721403,83224,24054,59170
9836,2.541683611224075,83224,24054,59170
9837,2.541425231269696,83224,24054,59170
9838,2.541166903842244,83224,24054,59170
9839,2.540908628925704,83224,24054,59170
9840,2.540650406504065,83224,24054,59170
9841,2.540392236561325,83224,24054,59170
9842,2.5401341190814875,83224,24054,59170
9843,2.5398760540485625,83224,24054,59170
9844,2.5396180414465666,83224,24054,59170
9845,2.5393600812595225,83224,24054,59170
9846,2.5391021734714605,83224,24054,59170
9847,2.538844318066416,83224,24054,59170
9848,2.5385865150284324,83224,24054,59170
9849,2.5383287643415575,83224,24054,59170
9850,2.5380710659898478,83224,24054,59170
9851,2.5378134199573648,83224,24054,59170
9852,2.537555826228177,83224,24054,59170
9853,2.5372982847863597,83224,24054,59170
9854,2.5370407956159937,83224,24054,59170
9855,2.536783358701167,83224,24054,59170
9856,2.5365259740259742,83224,24054,59170
9857,2.5362686415745155,83224,24054,59170
9858,2.5360113613308988,83224,24054,59170
9859,2.5357541332792373,83224,24054,59170
9860,2.535496957403651,83224,24054,59170
9861,2.535239833688267,83224,24054,59170
9862,2.5349827621172176,83224,24054,59170
9863,2.5347257426746426,83224,24054,59170
9864,2.534468775344688,83224,24054,59170
9865,2.534211860111505,83224,24054,59170
9866,2.533954996959254,83224,24054,59170
9867,2.533698185872099,83224,24054,59170
9868,2.533441426834212,83224,24054,59170
9869,2.53318471982977,83224,24054,59170
9870,2.5329280648429586,83224,24054,59170
9871,2.532671461857968,83224,24054,59170
9872,2.532414910858995,83224,24054,59170
9873,2.532158411830244,83224,24054,59170
9874,2.5319019647559244,83224,24054,59170
9875,2.5316455696202533,83224,24054,59170
9876,2.5313892264074522,83224,24054,59170
9877,2.5311329351017515,83224,24054,59170
9878,2.530876695687386,83224,24054,59170
9879,2.530620508148598,83224,24054,59170
9880,2.5303643724696356,83224,24054,59170
9881,2.5301082886347537,83224,24054,59170
9882,2.529852256628213,83224,24054,59170
9883,2.529596276434281,83224,24054,59170
9884,2.529340348037232,83224,24054,59170
9885,2.5290844714213456,83224,24054,59170
9886,2.5288286465709082,83224,24054,59170
9887,2.5285728734702135,83224,24054,59170
9888,2.52831715210356,83224,24054,59170
9889,2.528061482455253,83224,24054,59170
9890,2.5278058645096055,83224,24054,59170
9891,2.5275502982509352,83224,24054,59170
9892,2.5272947836635664,83224,24054,59170
9893,2.5270393207318307,83224,24054,59170
9894,2.5267839094400646,83224,24054,59170
9895,2.526528549772612,83224,24054,59170
9896,2.526273241713824,83224,24054,59170
9897,2.526017985248055,83224,24054,59170
9898,2.5257627803596687,83224,24054,59170
9899,2.5255076270330337,83224,24054,59170
9900,2.525252525252525,83224,24054,59170
9901,2.524997475002525,83224,24054,59170
9902,2.524742476267421,83224,24054,59170
9903,2.5244875290316067,83224,24054,59170
9904,2.524232633279483,83224,24054,59170
9905,2.523977788995457,83224,24054,59170
9906,2.523722996163941,83224,24054,59170
9907,2.523468254769355,83224,24054,59170
9908,2.5232135647961242,83224,24054,59170
9909,2.522958926228681,83224,24054,59170
9910,2.522704339051463,83224,24054,59170
9911,2.5224498032489153,83158,24054,59104
9912,2.522195318805488,83158,24054,59104
9913,2.521940885705639,83158,24054,59104
9914,2.521686503933831,83158,24054,59104
9915,2.5214321734745337,83158,24054,59104
9916,2.5211778943122227,83158,24054,59104
9917,2.5209236664313805,83158,24054,59104
9918,2.520669489816495,83158,24054,59104
9919,2.5204153644520617,83158,24054,59104
9920,2.5201612903225805,83158,24054,59104
9921,2.519907267412559,83158,24054,59104
9922,2.5196532957065108,83158,24054,59104
9923,2.519399375188955,83158,24054,59104
9924,2.5191455058444174,83158,24054,59104
9925,2.5188916876574305,83158,24054,59104
9926,2.518637920612533,83158,24054,59104
9927,2.518384204694268,83158,24054,59104
9928,2.5181305398871876,83158,24054,59104
9929,2.5178769261758487,83158,24054,59104
9930,2.5176233635448138,83158,24054,59104
9931,2.5173698519786525,83158,24054,59104
9932,2.517116391461941,83158,24054,59104
9933,2.516862981979261,83158,24054,59104
9934,2.5166096235152002,83158,24054,59104
9935,2.5163563160543534,83158,24054,59104
9936,2.5161030595813205,83158,24054,59104
9937,2.5158498540807086,83158,24054,59104
9938,2.5155966995371304,83158,24054,59104
9939,2.515343595935205,83158,24054,59104
9940,2.515090543259557,83158,24054,59104
9941,2.5148375414948196,83158,24054,59104
9942,2.5145845906256286,83158,24054,59104
9943,2.5143316906366286,83158,24054,59104
9944,2.51407884151247,83158,24054,59104
9945,2.513826043237808,83158,24054,59104
9946,2.5135732957973054,83158,24054,59104
9947,2.5133205991756307,83158,24054,59104
9948,2.5130679533574587,83158,24054,59104
9949,2.51281535832747,83154,24054,59100
9950,2.512562814070352,83154,24054,59100
9951,2.512310320570797,83154,24054,59100
9952,2.512057877813505,83154,24054,59100
9953,2.511805485783181,83154,24054,59100
9954,2.511553144464537,83154,24054,59100
9955,2.5113008538422905,83154,24054,59100
9956,2.511048613901165,83154,24054,59100
9957,2.5107964246258914,83154,24054,59100
9958,2.5105442860012053,83154,24054,59100
9959,2.5102921980118484,83154,24054,59100
9960,2.5100401606425704,83154,24054,59100
9961,2.5097881738781247,83154,24054,59100
9962,2.5095362377032724,83154,24054,59100
9963,2.5092843521027803,83154,24054,59100
9964,2.509032517061421,83154,24054,59100
9965,2.5087807325639737,83154,24054,59100
9966,2.508528998595224,83154,24054,59100
9967,2.5082773151399618,83154,24054,59100
9968,2.5080256821829856,83154,24054,59100
9969,2.5077740997090983,83154,24054,59100
9970,2.507522567703109,83154,24054,59100
9971,2.5072710861498346,83154,24054,59100
9972,2.5070196550340955,83154,24054,59100
9973,2.50676827434072,83154,24054,59100
9974,2.5065169440545416,83154,24054,59100
9975,2.506265664160401,83154,24054,59100
9976,2.5060144346431437,83154,24054,59100
9977,2.5057632554876217,83154,24054,59100
9978,2.5055121266786933,83154,24054,59100
9979,2.5052610482012225,83154,24054,59100
9980,2.50501002004008,83154,24054,59100
9981,2.5047590421801424,83154,24054,59100
9982,2.5045081146062915,83154,24054,59100
9983,2.504257237303416,83154,24054,59100
9984,2.50400641025641,83154,24054,59100
9985,2.5037556334501754,83154,24054,59100
9986,2.5035049068696176,83154,24054,59100
9987,2.5032542304996497,83154,24054,59100
9988,2.5030036043251904,83154,24054,59100
9989,2.5027530283311643,83154,24054,59100
9990,2.5025025025025025,83154,24054,59100
9991,2.502252026824142,83154,24054,59100
9992,2.502001601281025,83154,24054,59100
9993,2.5017512258581007,83154,24054,59100
9994,2.501500900540324,83154,24054,59100
9995,2.5012506253126565,83154,24054,59100
9996,2.501000400160064,83154,24054,59100
9997,2.50075022506752,83154,24054,59100
9998,2.500500100020004,83154,24054,59100
9999,2.5002500250025004,83154,24054,59100
10000,2.5,83154,24054,59100
10001,2.4997500249975,83154,24054,59100
10002,2.499500099980004,83154,24054,59100
10003,2.49925022493252,83154,24054,59100
10004,2.499000399840064,83154,24054,59100
10005,2.498750624687656,83154,24054,59100
10006,2.498500899460324,83154,24054,59100
10007,2.4982512241431,83154,24054,59100
10008,2.4980015987210233,83154,24054,59100
10009,2.497752023179139,83154,24054,59100
10010,2.4975024975024973,83154,24054,59100
10011,2.497253021676156,83154,24054,59100
10012,2.497003595685178,83154,24054,59100
10013,2.496754219514631,83154,24054,59100
10014,2.4965048931495906,83154,24054,59100
10015,2.4962556165751373,83154,24054,59100
10016,2.496006389776358,83154,24054,59100
10017,2.495757212738345,83154,24054,59100
10018,2.495508085446197,83154,24054,59100
10019,2.4952590078850183,83154,24054,59100
10020,2.4950099800399204,83154,24054,59100
10021,2.4947610018960185,83154,24054,59100
10022,2.4945120734384356,83154,24054,59100
10023,2.4942631946522997,83154,24054,59100
10024,2.4940143655227454,83154,24054,59100
10025,2.493765586034913,83154,24054,59100
10026,2.493516856173948,83154,24054,59100
10027,2.4932681759250026,83154,24054,59100
10028,2.493019545273235,83154,24054,59100
10029,2.492770964203809,83154,24054,59100
10030,2.4925224327018944,83154,24054,59100
10031,2.4922739507526668,83154,24054,59100
10032,2.492025518341308,83154,24054,59100
10033,2.491777135453005,83154,24054,59100
10034,2.491528802072952,83154,24054,59100
10035,2.4912805181863478,83154,24054,59100
10036,2.491032283778398,83154,24054,59100
10037,2.490784098834313,83154,24054,59100
10038,2.4905359633393105,83154,24054,59100
10039,2.4902878772786132,83154,24054,59100
10040,2.49003984063745,83154,24054,59100
10041,2.4897918534010555,83154,24054,59100
10042,2.4895439155546706,83154,24054,59100
10043,2.4892960270835407,83154,24054,59100
10044,2.489048187972919,83154,24054,59100
10045,2.4888003982080638,83154,24054,59100
10046,2.4885526577742385,83154,24054,59100
10047,2.4883049666567136,83154,24054,59100
10048,2.4880573248407645,83154,24054,59100
10049,2.487809732311673,83154,24054,59100
10050,2.487562189054726,83154,24054,59100
10051,2.4873146950552183,83154,24054,59100
10052,2.487067250298448,83154,24054,59100
10053,2.4868198547697205,83154,24054,59100
10054,2.4865725084543464,83154,24054,59100
10055,2.486325211337643,83154,24054,59100
10056,2.4860779634049326,83154,24054,59100
10057,2.4858307646415434,83154,24054,59100
10058,2.4855836150328097,83154,24054,59100
10059,2.485336514564072,83154,24054,59100
10060,2.485089463220676,83154,24054,59100
10061,2.4848424609879736,83154,24054,59100
10062,2.484595507851322,83154,24054,59100
10063,2.4843486037960845,83154,24054,59100
10064,2.4841017488076313,83154,24054,59100
10065,2.483854942871336,83154,24054,59100
10066,2.483608185972581,83158,24054,59104
10067,2.483361478096752,83158,24054,59104
10068,2.4831148192292414,83158,24054,59104
10069,2.4828682093554475,83158,24054,59104
10070,2.4826216484607744,83158,24054,59104
10071,2.4823751365306324,83158,24054,59104
10072,2.4821286735504366,83049,23940,59109
10073,2.481882259505609,83049,23940,59109
10074,2.481635894381576,83000,23884,59116
10075,2.4813895781637716,83000,23884,59116
10076,2.481143310837634,83000,23884,59116
10077,2.4808970923886076,83000,23884,59116
10078,2.4806509228021434,83000,23884,59116
10079,2.480404802063697,83000,23884,59116
10080,2.4801587301587302,83000,23884,59116
10081,2.479912707072711,83000,23884,59116
10082,2.479666732791113,83000,23884,59116
10083,2.479420807299415,83000,23884,59116
10084,2.479174930583102,83000,23884,59116
10085,2.478929102627665,83000,23884,59116
10086,2.4786833234186,83000,23884,59116
10087,2.4784375929414098,83000,23884,59116
10088,2.478191911181602,83000,23884,59116
10089,2.47794627812469,83000,23884,59116
10090,2.4777006937561943,83000,23884,59116
10091,2.4774551580616393,83000,23884,59116
10092,2.477209671026556,83000,23884,59116
10093,2.476964232636481,83000,23884,59116
10094,2.4767188428769566,83000,23884,59116
10095,2.4764735017335315,83000,23884,59116
10096,2.476228209191759,83000,23884,59116
10097,2.475982965237199,83000,23884,59116
10098,2.475737769855417,83000,23884,59116
10099,2.4754926230319834,83000,23884,59116
10100,2.4752475247524752,83000,23884,59116
10101,2.475002475002475,83000,23884,59116
10102,2.474757473767571,83000,23884,59116
10103,2.4745125210333563,83000,23884,59116
10104,2.4742676167854314,83000,23884,59116
10105,2.4740227610094014,83000,23884,59116
10106,2.4737779536908766,83000,23884,59116
10107,2.4735331948154746,83000,23884,59116
10108,2.4732884843688168,83000,23884,59116
10109,2.473043822336532,83000,23884,59116
10110,2.472799208704253,83000,23884,59116
10111,2.47255464345762,83000,23884,59116
10112,2.4723101265822787,83000,23884,59116
10113,2.4720656580638782,83000,23884,59116
10114,2.4718212378880757,82986,23884,59102
10115,2.4715768660405337,82986,23884,59102
10116,2.4713325425069197,82986,23884,59102
10117,2.471088267272907,82986,23884,59102
10118,2.4708440403241747,82986,23884,59102
10119,2.4705998616464075,82986,23884,59102
10120,2.4703557312252964,82986,23884,59102
10121,2.4701116490465367,82986,23884,59102
10122,2.469867615095831,82986,23884,59102
10123,2.469623629358886,82986,23884,59102
10124,2.4693796918214144,82986,23884,59102
10125,2.4691358024691357,82986,23884,59102
10126,2.468891961287774,82986,23884,59102
10127,2.468648168263059,82986,23884,59102
10128,2.4684044233807265,82986,23884,59102
10129,2.4681607266265178,82986,23884,59102
10130,2.4679170779861797,82986,23884,59102
10131,2.4676734774454645,82986,23884,59102
10132,2.4674299249901304,82986,23884,59102
10133,2.467186420605941,82986,23884,59102
10134,2.4669429642786658,82986,23884,59102
10135,2.46669955599408,82986,23884,59102
10136,2.4664561957379636,82986,23884,59102
10137,2.4662128834961035,82986,23884,59102
10138,2.465969619254291,82986,23884,59102
10139,2.4657264029983232,82986,23884,59102
10140,2.465483234714004,82986,23884,59102
10141,2.465240114387141,82986,23884,59102
10142,2.4649970420035494,82986,23884,59102
10143,2.4647540175490485,82986,23884,59102
10144,2.4645110410094637,82986,23884,59102
10145,2.464268112370626,82986,23884,59102
10146,2.464025231618372,82986,23884,59102
10147,2.463782398738543,82986,23884,59102
10148,2.4635396137169887,82986,23884,59102
10149,2.4632968765395606,82986,23884,59102
10150,2.4630541871921183,82986,23884,59102
10151,2.462811545660526,82986,23884,59102
10152,2.462568951930654,82986,23884,59102
10153,2.4623264059883776,82986,23884,59102
10154,2.4620839078195784,82986,23884,59102
10155,2.461841457410143,82986,23884,59102
10156,2.461599054745963,82986,23884,59102
10157,2.461356699812937,82986,23884,59102
10158,2.461114392596968,82986,23884,59102
10159,2.460872133083965,82986,23884,59102
10160,2.4606299212598426,82986,23884,59102
10161,2.460387757110521,82986,23884,59102
10162,2.4601456406219246,82986,23884,59102
10163,2.459903571779986,82986,23884,59102
10164,2.4596615505706416,82986,23884,59102
10165,2.459419576979833,82986,23884,59102
10166,2.459177650993508,82986,23884,59102
10167,2.4589357725976195,82986,23884,59102
10168,2.4586939417781273,82986,23884,59102
10169,2.4584521585209953,82986,23884,59102
10170,2.4582104228121926,82986,23884,59102
10171,2.4579687346376953,82986,23884,59102
10172,2.457727093983484,82986,23884,59102
10173,2.457485500835545,82986,23884,59102
10174,2.4572439551798704,82986,23884,59102
10175,2.457002457002457,82986,23884,59102
10176,2.4567610062893084,82986,23884,59102
10177,2.456519603026432,82986,23884,59102
10178,2.456278247199843,82986,23884,59102
10179,2.4560369387955596,82986,23884,59102
10180,2.4557956777996073,82986,23884,59102
10181,2.455554464198016,82986,23884,59102
10182,2.4553132979768217,82986,23884,59102
10183,2.455072179122066,82989,23884,59105
10184,2.4548311076197957,82989,23884,59105
10185,2.454590083456063,82989,23884,59105
10186,2.454349106616925,82989,23884,59105
10187,2.454108177088446,82989,23884,59105
10188,2.453867294856694,82989,23884,59105
10189,2.4536264599077438,82989,23884,59105
10190,2.4533856722276743,82989,23884,59105
10191,2.453144931802571,82989,23884,59105
10192,2.4529042386185242,82989,23884,59105
10193,2.4526635926616307,82989,23884,59105
10194,2.452422993917991,82989,23884,59105
10195,2.4521824423737124,82989,23884,59105
10196,2.4519419380149077,82989,23884,59105
10197,2.4517014808276945,82989,23884,59105
10198,2.451461070798196,82989,23884,59105
10199,2.4512207079125403,82989,23884,59105
10200,2.450980392156863,82989,23884,59105
10201,2.4507401235173023,82989,23884,59105
10202,2.450499901980004,82989,23884,59105
10203,2.4502597275311184,82989,23884,59105
10204,2.4500196001568013,82989,23884,59105
10205,2.449779519843214,82989,23884,59105
10206,2.4495394865765237,82989,23884,59105
10207,2.449299500342902,82989,23884,59105
10208,2.449059561128527,82989,23884,59105
10209,2.448819668919581,82989,23884,59105
10210,2.4485798237022527,82989,23884,59105
10211,2.4483400254627363,82989,23884,59105
10212,2.448100274187231,82989,23884,59105
10213,2.4478605698619407,82989,23884,59105
10214,2.4476209124730763,82989,23884,59105
10215,2.447381302006853,82989,23884,59105
10216,2.447141738449491,82989,23884,59105
10217,2.446902221787217,82989,23884,59105
10218,2.4466627520062634,82989,23884,59105
10219,2.446423329092866,82989,23884,59105
10220,2.4461839530332683,82986,23883,59103
10221,2.445944623813717,82986,23883,59103
10222,2.4457053414204655,82986,23883,59103
10223,2.445466105839773,82986,23883,59103
10224,2.445226917057903,82986,23883,59103
10225,2.444987775061125,82986,23883,59103
10226,2.4447486798357128,82986,23883,59103
10227,2.4445096313679477,82986,23883,59103
10228,2.444270629644114,82986,23883,59103
10229,2.4440316746505033,82986,23883,59103
10230,2.4437927663734116,82986,23883,59103
10231,2.4435539047991397,82986,23883,59103
10232,2.4433150899139955,82986,23883,59103
10233,2.44307632170429,82986,23883,59103
10234,2.4428376001563414,82986,23883,59103
10235,2.442598925256473,82986,23883,59103
10236,2.442360296991012,82986,23883,59103
10237,2.442121715346293,82986,23883,59103
10238,2.441883180308654,82986,23883,59103
10239,2.44164469186444,82986,23883,59103
10240,2.44140625,82986,23883,59103
10241,2.441167854701689,82986,23883,59103
10242,2.440929505955868,82986,23883,59103
10243,2.4406912037489015,82986,23883,59103
10244,2.4404529480671613,82986,23883,59103
10245,2.440214738897023,82986,23883,59103
10246,2.4399765762248684,82986,23883,59103
10247,2.439738460037084,82986,23883,59103
10248,2.4395003903200623,82986,23883,59103
10249,2.439262367060201,82986,23883,59103
10250,2.4390243902439024,82986,23883,59103
10251,2.438786459857575,82986,23883,59103
10252,2.4385485758876317,82986,23883,59103
10253,2.4383107383204914,82986,23883,59103
10254,2.4380729471425786,82986,23883,59103
10255,2.4378352023403216,82986,23883,59103
10256,2.437597503900156,82986,23883,59103
10257,2.437359851808521,82986,23883,59103
10258,2.437122246051862,82986,23883,59103
10259,2.4368846866166294,82986,23883,59103
10260,2.4366471734892787,82986,23883,59103
10261,2.436409706656271,82986,23883,59103
10262,2.4361722861040733,82986,23883,59103
10263,2.4359349118191562,82986,23883,59103
10264,2.435697583787997,82986,23883,59103
10265,2.4354603019970775,82986,23883,59103
10266,2.435223066432885,82986,23883,59103
10267,2.434985877081913,82986,23883,59103
10268,2.4347487339306584,82986,23883,59103
10269,2.434511636965625,82986,23883,59103
10270,2.4342745861733204,82986,23883,59103
10271,2.434037581540259,82986,23883,59103
10272,2.4338006230529596,82986,23883,59103
10273,2.433563710697946,82986,23883,59103
10274,2.433326844461748,82986,23883,59103
10275,2.4330900243309004,82964,23883,59081
10276,2.4328532502919424,82964,23883,59081
10277,2.43261652233142,82964,23883,59081
10278,2.4323798404358823,82964,23883,59081
10279,2.4321432045918865,82964,23883,59081
10280,2.431906614785992,82964,23883,59081
10281,2.431670071004766,82964,23883,59081
10282,2.4314335732347794,82964,23883,59081
10283,2.431197121462608,82964,23883,59081
10284,2.4309607156748347,82964,23883,59081
10285,2.430724355858046,82964,23883,59081
10286,2.4304880419988333,82964,23883,59081
10287,2.430251774083795,82964,23883,59081
10288,2.4300155520995332,82964,23883,59081
10289,2.429779376032656,82964,23883,59081
10290,2.4295432458697763,82964,23883,59081
10291,2.4293071615975124,82964,23883,59081
10292,2.4290711232024873,82964,23883,59081
10293,2.42883513067133,82964,23883,59081
10294,2.428599183990674,82964,23883,59081
10295,2.4283632831471587,82964,23883,59081
10296,2.428127428127428,82964,23883,59081
10297,2.4278916189181317,82964,23883,59081
10298,2.4276558555059236,82964,23883,59081
10299,2.427420137877464,82964,23883,59081
10300,2.4271844660194173,82964,23883,59081
10301,2.4269488399184547,82964,23883,59081
10302,2.42671325956125,82964,23883,59081
10303,2.426477724934485,82964,23883,59081
10304,2.426242236024845,82964,23883,59081
10305,2.42600679281902,82964,23883,59081
10306,2.425771395303707,82964,23883,59081
10307,2.425536043465606,82964,23883,59081
10308,2.425300737291424,82964,23883,59081
10309,2.4250654767678728,82964,23883,59081
10310,2.4248302618816684,82964,23883,59081
10311,2.4245950926195325,82964,23883,59081
10312,2.4243599689681923,82964,23883,59081
10313,2.42412489091438,82898,23883,59015
10314,2.423889858444832,82898,23883,59015
10315,2.423654871546292,82898,23883,59015
10316,2.423419930205506,82898,23883,59015
10317,2.4231850344092276,82898,23883,59015
10318,2.422950184144214,82898,23883,59015
10319,2.4227153793972285,82898,23883,59015
10320,2.4224806201550386,82898,23883,59015
10321,2.4222459064044184,82898,23883,59015
10322,2.422011238132145,82898,23883,59015
10323,2.4217766153250024,82898,23883,59015
10324,2.421542037969779,82891,23910,58981
10325,2.4213075060532687,82891,23910,58981
10326,2.42107301956227,82891,23910,58981
10327,2.4208385784835866,82891,23910,58981
10328,2.420604182804028,82891,23910,58981
10329,2.4203698325104077,82891,23910,58981
10330,2.420135527589545,82891,23910,58981
10331,2.4199012680282643,82891,23910,58981
10332,2.419667053813395,82891,23910,58981
10333,2.419432884931772,82897,23910,58987
10334,2.419198761370234,82894,23910,58984
10335,2.4189646831156266,82894,23910,58984
10336,2.418730650154799,82894,23910,58984
10337,2.4184966624746056,82894,23910,58984
10338,2.4182627200619073,82894,23910,58984
10339,2.418028822903569,82894,23910,58984
10340,2.4177949709864603,82894,23910,58984
10341,2.4175611642974566,82888,23910,58978
10342,2.4173274028234384,82888,23910,58978
10343,2.417093686551291,82888,23910,58978
10344,2.416860015467904,82888,23910,58978
10345,2.416626389560174,82888,23910,58978
10346,2.416392808815001,82888,23910,58978
10347,2.4161592732192907,82888,23910,58978
10348,2.4159257827599534,82888,23910,58978
10349,2.4156923374239057,82888,23910,58978
10350,2.4154589371980677,82888,23910,58978
10351,2.415225582069365,82888,23910,58978
10352,2.4149922720247297,82888,23910,58978
10353,2.4147590070510963,82888,23910,58978
10354,2.4145257871354064,82888,23910,58978
10355,2.4142926122646067,82862,23910,58952
10356,2.414059482425647,82862,23910,58952
10357,2.4138263976054843,82862,23910,58952
10358,2.4135933577910795,82862,23910,58952
10359,2.4133603629693985,82862,23910,58952
10360,2.413127413127413,82862,23910,58952
10361,2.412894508252099,82862,23910,58952
10362,2.412661648330438,82862,23910,58952
10363,2.4124288333494164,82862,23910,58952
10364,2.4121960632960247,82862,23910,58952
10365,2.41196333815726,82862,23910,58952
10366,2.4117306579201236,82862,23910,58952
10367,2.4114980225716214,82862,23910,58952
10368,2.4112654320987654,82862,23910,58952
10369,2.4110328864885715,82862,23910,58952
10370,2.4108003857280615,82862,23910,58952
10371,2.410567929804262,82862,23910,58952
10372,2.4103355187042035,82864,23910,58954
10373,2.4101031524149232,82864,23910,58954
10374,2.4098708309234627,82864,23910,58954
10375,2.4096385542168677,82864,23910,58954
10376,2.4094063222821895,82864,23910,58954
10377,2.4091741351064857,82864,23910,58954
10378,2.4089419926768163,82864,23910,58954
10379,2.4087098949802486,82864,23910,58954
10380,2.4084778420038537,82864,23910,58954
10381,2.4082458337347075,82864,23910,58954
10382,2.408013870159892,82864,23910,58954
10383,2.4077819512664935,82864,23910,58954
10384,2.4075500770416025,82864,23910,58954
10385,2.407318247472316,82864,23910,58954
10386,2.4070864625457347,82864,23910,58954
10387,2.406854722248965,82864,23910,58954
10388,2.406623026569118,82864,23910,58954
10389,2.4063913754933104,82864,23910,58954
10390,2.4061597690086622,82864,23910,58954
10391,2.4059282071023,82864,23910,58954
10392,2.405696689761355,82864,23910,58954
10393,2.4054652169729627,82864,23910,58954
10394,2.405233788724264,82864,23910,58954
10395,2.405002405002405,82864,23910,58954
10396,2.4047710657945363,82864,23910,58954
10397,2.404539771087814,82864,23910,58954
10398,2.404308520869398,82864,23910,58954
10399,2.4040773151264543,82864,23910,58954
10400,2.4038461538461537,82864,23910,58954
10401,2.4036150370156717,82864,23910,58954
10402,2.403383964622188,82864,23910,58954
10403,2.4031529366528885,82864,23910,58954
10404,2.4029219530949635,82864,23910,58954
10405,2.4026910139356077,82864,23910,58954
10406,2.402460119162022,82864,23910,58954
10407,2.4022292687614106,82864,23910,58954
10408,2.401998462720984,82709,23910,58799
10409,2.4017677010279566,82709,23910,58799
10410,2.4015369836695486,82709,23910,58799
10411,2.401306310632984,82709,23910,58799
10412,2.4010756819054935,82709,23910,58799
10413,2.4008450974743107,82709,23910,58799
10414,2.4006145573266755,82709,23910,58799
10415,2.400384061449832,82709,23910,58799
10416,2.400153609831029,82709,23910,58799
10417,2.399923202457521,82709,23910,58799
10418,2.3996928393165673,82709,23910,58799
10419,2.3994625203954314,82709,23910,58799
10420,2.399232245681382,82709,23910,58799
10421,2.3990020151616926,82709,23910,58799
10422,2.398771828823642,82709,23910,58799
10423,2.398541686654514,82709,23910,58799
10424,2.3983115886415964,82709,23910,58799
10425,2.3980815347721824,82709,23910,58799
10426,2.39785152503357,82709,23910,58799
10427,2.397621559413062,82709,23910,58799
10428,2.397391637897967,82709,23910,58799
10429,2.397161760475597,82709,23910,58799
10430,2.3969319271332696,82709,23910,58799
10431,2.396702137858307,82709,23910,58799
10432,2.396472392638037,82709,23910,58799
10433,2.396242691459791,82709,23910,58799
10434,2.3960130343109065,82709,23910,58799
10435,2.3957834211787254,82709,23910,58799
10436,2.395553852050594,82709,23910,58799
10437,2.395324326913864,82709,23910,58799
10438,2.395094845755892,82709,23910,58799
10439,2.394865408564039,82709,23910,58799
10440,2.3946360153256707,82709,23910,58799
10441,2.3944066660281584,82709,23910,58799
10442,2.3941773606588774,82709,23910,58799
10443,2.3939480992052093,82709,23910,58799
10444,2.3937188816545385,82709,23910,58799
10445,2.3934897079942554,82663,23910,58753
10446,2.3932605782117555,82663,23910,58753
10447,2.3930314922944387,82661,23910,58751
10448,2.392802450229709,82652,23931,58721
10449,2.3925734520049766,82652,23931,58721
10450,2.3923444976076556,82652,23931,58721
10451,2.392115587025165,82652,23931,58721
10452,2.391886720244929,82652,23931,58721
10453,2.391657897254377,82652,23931,58721
10454,2.391429118040941,82652,23931,58721
10455,2.391200382592061,82652,23931,58721
10456,2.3909716908951797,82652,23931,58721
10457,2.390743042937745,82652,23931,58721
10458,2.3905144387072097,82652,23931,58721
10459,2.3902858781910314,82652,23931,58721
10460,2.390057361376673,82652,23931,58721
10461,2.3898288882516012,82652,23931,58721
10462,2.389600458803288,82652,23931,58721
10463,2.3893720730192105,82652,23931,58721
10464,2.38914373088685,82652,23931,58721
10465,2.388915432393693,82652,23931,58721
10466,2.388687177527231,82652,23931,58721
10467,2.3884589662749596,82652,23931,58721
10468,2.388230798624379,82652,23931,58721
10469,2.3880026745629954,82652,23931,58721
10470,2.387774594078319,82652,23931,58721
10471,2.3875465571578647,82652,23931,58721
10472,2.387318563789152,82652,23931,58721
10473,2.387090613959706,82652,23931,58721
10474,2.3868627076570554,82652,23931,58721
10475,2.386634844868735,82652,23931,58721
10476,2.386407025582283,82652,23931,58721
10477,2.386179249785244,82652,23931,58721
10478,2.3859515174651653,82652,23931,58721
10479,2.3857238286096,82652,23931,58721
10480,2.385496183206107,82652,23931,58721
10481,2.385268581242248,82652,23931,58721
10482,2.3850410227055905,82652,23931,58721
10483,2.384813507583707,82652,23931,58721
10484,2.384586035864174,82652,23931,58721
10485,2.384358607534573,82652,23931,58721
10486,2.384131222582491,82652,23931,58721
10487,2.3839038809955184,82652,23931,58721
10488,2.383676582761251,82652,23931,58721
10489,2.3834493278672895,82652,23931,58721
10490,2.3832221163012393,82652,23931,58721
10491,2.38299494805071,82652,23931,58721
10492,2.382767823103317,82652,23931,58721
10493,2.382540741446679,82652,23931,58721
10494,2.38231370306842,82652,23931,58721
10495,2.3820867079561694,82652,23931,58721
10496,2.381859756097561,82652,23931,58721
10497,2.3816328474802324,82652,23931,58721
10498,2.381405982091827,82652,23931,58721
10499,2.3811791599199923,82652,23931,58721
10500,2.380952380952381,82652,23931,58721
10501,2.38072564517665,82652,23931,58721
10502,2.380498952580461,82652,23931,58721
10503,2.3802723031514805,82652,23931,58721
10504,2.38004569687738,82652,23931,58721
10505,2.379819133745835,82652,23931,58721
10506,2.379592613744527,82652,23931,58721
10507,2.3793661368611403,82652,23931,58721
10508,2.379139703083365,82652,23931,58721
10509,2.3789133123988964,82652,23931,58721
10510,2.378686964795433,82652,23931,58721
10511,2.3784606602606795,82652,23931,58721
10512,2.378234398782344,82652,23931,58721
10513,2.3780081803481403,82652,23931,58721
10514,2.3777820049457867,82652,23931,58721
10515,2.377555872563005,82652,23931,58721
10516,2.3773297831875237,82652,23931,58721
10517,2.3771037368070744,82652,23931,58721
10518,2.3768777334093936,82652,23931,58721
10519,2.3766517729822225,82652,23931,58721
10520,2.376425855513308,82652,23931,58721
10521,2.3761999809904,82652,23931,58721
10522,2.3759741494012547,82652,23931,58721
10523,2.375748360733631,82652,23931,58721
10524,2.3755226149752944,82645,23931,58714
10525,2.375296912114014,82645,23931,58714
10526,2.3750712521375643,82645,23931,58714
10527,2.3748456350337226,82645,23931,58714
10528,2.3746200607902734,82645,23931,58714
10529,2.3743945293950044,82645,23931,58714
10530,2.3741690408357075,82645,23931,58714
10531,2.3739435951001804,82645,23931,58714
10532,2.373718192176225,82645,23931,58714
10533,2.3734928320516473,82645,23931,58714
10534,2.3732675147142586,82645,23931,58714
10535,2.3730422401518747,82645,23931,58714
10536,2.3728170083523157,82645,23931,58714
10537,2.3725918193034072,82645,23931,58714
10538,2.3723666729929778,82645,23931,58714
10539,2.3721415694088623,82645,23931,58714
10540,2.3719165085388996,82645,23931,58714
10541,2.3716914903709325,82645,23931,58714
10542,2.3714665148928096,82645,23931,58714
10543,2.3712415820923836,82645,23931,58714
10544,2.3710166919575113,82645,23931,58714
10545,2.370791844476055,82645,23931,58714
10546,2.370567039635881,82645,23931,58714
10547,2.3703422774248604,82645,23931,58714
10548,2.370117557830868,82645,23931,58714
10549,2.369892880841786,82645,23931,58714
10550,2.3696682464454977,82645,23931,58714
10551,2.369443654629893,82645,23931,58714
10552,2.3692191053828657,82645,23931,58714
10553,2.368994598692315,82645,23931,58714
10554,2.3687701345461436,82645,23931,58714
10555,2.3685457129322596,82645,23931,58714
10556,2.3683213338385753,82645,23931,58714
10557,2.3680969972530073,82645,23931,58714
10558,2.367872703163478,82645,23931,58714
10559,2.367648451557913,82645,23931,58714
10560,2.367424242424242,82645,23931,58714
10561,2.3672000757504024,82645,23931,58714
10562,2.3669759515243327,82645,23931,58714
10563,2.366751869733977,82645,23931,58714
10564,2.366527830367285,82645,23931,58714
10565,2.36630383341221,82645,23931,58714
10566,2.36607987885671,82645,23931,58714
10567,2.365855966688748,82645,23931,58714
10568,2.3656320968962907,82645,23931,58714
10569,2.36540826946731,82645,23931,58714
10570,2.3651844843897822,82645,23931,58714
10571,2.3649607416516885,82645,23931,58714
10572,2.364737041241014,82645,23931,58714
10573,2.3645133831457485,82645,23931,58714
10574,2.364289767353887,82645,23931,58714
10575,2.3640661938534278,82645,23931,58714
10576,2.363842662632375,82645,23931,58714
10577,2.363619173678737,82645,23931,58714
10578,2.3633957269805257,82645,23931,58714
10579,2.3631723225257586,82645,23931,58714
10580,2.3629489603024574,82645,23931,58714
10581,2.3627256402986485,82645,23931,58714
10582,2.3625023625023625,82645,23931,58714
10583,2.3622791269016346,82645,23931,58714
10584,2.362055933484505,82645,23931,58714
10585,2.3618327822390173,82645,23931,58714
10586,2.3616096731532212,82645,23931,58714
10587,2.3613866062151696,82645,23931,58714
10588,2.3611635814129204,82645,23931,58714
10589,2.360940598734536,82645,23931,58714
10590,2.360717658168083,82645,23931,58714
10591,2.3604947597016332,82645,23931,58714
10592,2.360271903323263,82645,23931,58714
10593,2.3600490890210515,82645,23931,58714
10594,2.3598263167830846,82645,23931,58714
10595,2.359603586597452,82645,23931,58714
10596,2.359380898452246,82645,23931,58714
10597,2.3591582523355665,82645,23931,58714
10598,2.358935648235516,82645,23931,58714
10599,2.358713086140202,82645,23931,58714
10600,2.358490566037736,82645,23931,58714
10601,2.358268087916234,82645,23931,58714
10602,2.358045651763818,82645,23931,58714
10603,2.3578232575686124,82645,23931,58714
10604,2.3576009053187477,82645,23931,58714
10605,2.3573785950023574,82645,23931,58714
10606,2.357156326607581,82645,23931,58714
10607,2.3569341001225608,82645,23931,58714
10608,2.356711915535445,82642,23931,58711
10609,2.356489772834386,82642,23931,58711
10610,2.35626767200754,82642,23931,58711
10611,2.3560456130430687,82642,23931,58711
10612,2.3558235959291367,82642,23931,58711
10613,2.355601620653915,82642,23931,58711
10614,2.3553796872055774,82642,23931,58711
10615,2.3551577955723033,82642,23931,58711
10616,2.354935945742276,82642,23931,58711
10617,2.3547141377036827,82642,23931,58711
10618,2.3544923714447163,82642,23931,58711
10619,2.354270646953574,82642,23931,58711
10620,2.354048964218456,82642,23931,58711
10621,2.353827323227568,82642,23931,58711
10622,2.3536057239691206,82642,23931,58711
10623,2.3533841664313284,82642,23931,58711
10624,2.3531626506024095,82642,23931,58711
10625,2.3529411764705883,82642,23931,58711
10626,2.3527197440240917,82642,23931,58711
10627,2.3524983532511525,82642,23931,58711
10628,2.3522770041400074,82642,23931,58711
10629,2.3520556966788972,82642,23931,58711
10630,2.351834430856068,82642,23931,58711
10631,2.351613206659769,82642,23931,58711
10632,2.351392024078254,82642,23931,58711
10633,2.3511708830997837,82642,23931,58711
10634,2.35094978371262,82642,23931,58711
10635,2.3507287259050305,82642,23931,58711
10636,2.3505077096652878,82642,23931,58711
10637,2.3502867349816676,82642,23931,58711
10638,2.3500658018424514,82642,23931,58711
10639,2.3498449102359245,82642,23931,58711
10640,2.3496240601503757,82642,23931,58711
10641,2.3494032515741003,82642,23931,58711
10642,2.3491824844953957,82642,23931,58711
10643,2.348961758902565,82642,23931,58711
10644,2.348741074783916,82642,23931,58711
10645,2.3485204321277595,82642,23931,58711
10646,2.348299830922412,82642,23931,58711
10647,2.348079271156194,82622,23931,58691
10648,2.3478587528174306,82622,23931,58691
10649,2.3476382758944503,82622,23931,58691
10650,2.347417840375587,82622,23931,58691
10651,2.3471974462491785,82622,23931,58691
10652,2.3469770935035674,82622,23931,58691
10653,2.3467567821271005,82622,23931,58691
10654,2.3465365121081283,82622,23931,58691
10655,2.346316283435007,82622,23931,58691
10656,2.346096096096096,82622,23931,58691
10657,2.3458759500797597,82622,23931,58691
10658,2.3456558453743668,82622,23931,58691
10659,2.34543578196829,82622,23931,58691
10660,2.345215759849906,82622,23931,58691
10661,2.344995779007598,82622,23931,58691
10662,2.3447758394297504,82622,23931,58691
10663,2.3445559411047547,82622,23931,58691
10664,2.3443360840210055,82622,23931,58691
10665,2.344116268166901,82622,23931,58691
10666,2.3438964935308455,82622,23931,58691
10667,2.3436767601012467,82622,23931,58691
10668,2.3434570678665168,82622,23931,58691
10669,2.3432374168150716,82622,23931,58691
10670,2.343017806935333,82622,23931,58691
10671,2.342798238215725,82622,23931,58691
10672,2.342578710644678,82622,23931,58691
10673,2.342359224210625,82622,23931,58691
10674,2.342139778902005,82622,23931,58691
10675,2.34192037470726,82622,23931,58691
10676,2.341701011614837,82622,23931,58691
10677,2.3414816896131874,82622,23931,58691
10678,2.341262408690766,82622,23931,58691
10679,2.341043168836033,82622,23931,58691
10680,2.3408239700374533,82622,23931,58691
10681,2.340604812283494,82622,23931,58691
10682,2.3403856955626288,82622,23931,58691
10683,2.3401666198633344,82622,23931,58691
10684,2.3399475851740923,82622,23931,58691
10685,2.339728591483388,82622,23931,58691
10686,2.339509638779712,82622,23931,58691
10687,2.339290727051558,82622,23931,58691
10688,2.339071856287425,82622,23931,58691
10689,2.338853026475816,82622,23931,58691
10690,2.3386342376052385,82622,23931,58691
10691,2.3384154896642033,82622,23931,58691
10692,2.338196782641227,82622,23931,58691
10693,2.3379781165248295,82622,23931,58691
10694,2.337759491303535,82622,23931,58691
10695,2.337540906965872,82622,23931,58691
10696,2.337322363500374,82622,23931,58691
10697,2.3371038608955783,82622,23931,58691
10698,2.336885399140026,82622,23931,58691
10699,2.3366669782222638,82623,23962,58661
10700,2.336448598130841,82623,23962,58661
10701,2.3362302588543127,82623,23962,58661
10702,2.3360119603812373,82623,23962,58661
10703,2.3357937027001774,82623,23962,58661
10704,2.335575485799701,82623,23962,58661
10705,2.335357309668379,82623,23962,58661
10706,2.335139174294788,82623,23962,58661
10707,2.3349210796675073,82623,23962,58661
10708,2.3347030257751213,82623,23962,58661
10709,2.334485012606219,82615,23962,58653
10710,2.3342670401493932,82615,23962,58653
10711,2.3340491083932404,82615,23962,58653
10712,2.333831217326363,82615,23962,58653
10713,2.333613366937366,82615,23962,58653
10714,2.333395557214859,82615,23962,58653
10715,2.3331777881474567,82615,23962,58653
10716,2.3329600597237774,82615,23962,58653
10717,2.3327423719324436,82615,23962,58653
10718,2.3325247247620826,82615,23962,58653
10719,2.332307118201325,82615,23962,58653
10720,2.332089552238806,82615,23962,58653
10721,2.3318720268631656,82615,23962,58653
10722,2.331654542063048,82615,23962,58653
10723,2.331437097827101,82615,23962,58653
10724,2.331219694143976,82615,23962,58653
10725,2.331002331002331,82615,23962,58653
10726,2.330785008390826,82615,23962,58653
10727,2.3305677262981264,82615,23962,58653
10728,2.3303504847129006,82615,23962,58653
10729,2.330133283623823,82615,23962,58653
10730,2.3299161230195713,82615,23962,58653
10731,2.3296990028888267,82615,23962,58653
10732,2.3294819232202757,82615,23962,58653
10733,2.3292648840026087,82615,23962,58653
10734,2.32904788522452,82615,23962,58653
10735,2.328830926874709,82615,23962,58653
10736,2.328614008941878,82559,23962,58597
10737,2.328397131414734,82559,23962,58597
10738,2.328180294281989,82559,23962,58597
10739,2.327963497532359,82559,23962,58597
10740,2.3277467411545625,82559,23962,58597
10741,2.327530025137324,82559,23962,58597
10742,2.3273133494693727,82559,23962,58597
10743,2.3270967141394396,82559,23962,58597
10744,2.3268801191362622,82559,23962,58597
10745,2.3266635644485807,82559,23962,58597
10746,2.3264470500651404,82559,23962,58597
10747,2.3262305759746904,82559,23962,58597
10748,2.3260141421659846,82559,23962,58597
10749,2.3257977486277794,82559,23962,58597
10750,2.3255813953488373,82559,23962,58597
10751,2.3253650823179237,82559,23962,58597
10752,2.3251488095238093,82559,23962,58597
10753,2.3249325769552684,82559,23962,58597
10754,2.3247163846010785,82559,23962,58597
10755,2.3245002324500232,82559,23962,58597
10756,2.324284120490889,82559,23962,58597
10757,2.324068048712466,82559,23962,58597
10758,2.323852017103551,82559,23962,58597
10759,2.3236360256529416,82559,23962,58597
10760,2.323420074349442,82559,23962,58597
10761,2.3232041631818605,82559,23962,58597
10762,2.3229882921390077,82559,23962,58597
10763,2.3227724612097,82559,23962,58597
10764,2.3225566703827574,82559,23962,58597
10765,2.3223409196470044,82559,23962,58597
10766,2.322125208991269,82559,23962,58597
10767,2.321909538404384,82559,23962,58597
10768,2.321693907875186,82559,23962,58597
10769,2.3214783173925158,82559,23962,58597
10770,2.3212627669452184,82559,23962,58597
10771,2.3210472565221427,82559,23962,58597
10772,2.3208317861121426,82559,23962,58597
10773,2.320616355704075,82559,23962,58597
10774,2.3204009652868014,82559,23962,58597
10775,2.320185614849188,82559,23962,58597
10776,2.319970304380104,82559,23962,58597
10777,2.3197550338684234,82565,23962,58603
10778,2.319539803303025,82565,23962,58603
10779,2.3193246126727898,82565,23962,58603
10780,2.3191094619666046,82565,23962,58603
10781,2.3188943511733604,82565,23962,58603
10782,2.3186792802819514,82565,23962,58603
10783,2.318464249281276,82565,23962,58603
10784,2.3182492581602374,82565,23962,58603
10785,2.3180343069077423,82565,23962,58603
10786,2.3178193955127018,82565,23962,58603
10787,2.3176045239640306,82565,23962,58603
10788,2.3173896922506487,82565,23962,58603
10789,2.317174900361479,82565,23962,58603
10790,2.3169601482854496,82565,23962,58603
10791,2.316745436011491,82565,23962,58603
10792,2.3165307635285397,82565,23962,58603
10793,2.316316130825535,82559,23962,58597
10794,2.3161015378914214,82559,23962,58597
10795,2.3158869847151458,82559,23962,58597
10796,2.3156724712856613,82559,23962,58597
10797,2.3154579975919236,82559,23962,58597
10798,2.315243563622893,82559,23962,58597
10799,2.3150291693675342,82559,23962,58597
10800,2.314814814814815,82559,23962,58597
10801,2.314600499953708,82559,23962,58597
10802,2.31438622477319,82559,23962,58597
10803,2.314171989262242,82559,23962,58597
10804,2.3139577934098483,82559,23962,58597
10805,2.3137436372049978,82559,23962,58597
10806,2.3135295206366835,82559,23962,58597
10807,2.3133154436939023,82559,23962,58597
10808,2.313101406365655,82559,23962,58597
10809,2.312887408640947,82559,23962,58597
10810,2.3126734505087883,82559,23962,58597
10811,2.312459531958191,82559,23962,58597
10812,2.3122456529781723,82559,23962,58597
10813,2.3120318135577547,82559,23962,58597
10814,2.3118180136859627,82559,23962,58597
10815,2.311604253351826,82559,23962,58597
10816,2.3113905325443787,82559,23962,58597
10817,2.311176851252658,82559,23962,58597
10818,2.3109632094657053,82559,23962,58597
10819,2.310749607172567,82559,23962,58597
10820,2.310536044362292,82559,23962,58597
10821,2.310322521023935,82559,23962,58597
10822,2.310109037146553,82559,23962,58597
10823,2.3098955927192093,82559,23962,58597
10824,2.309682187730968,82559,23962,58597
10825,2.3094688221709005,82559,23962,58597
10826,2.3092554960280807,82559,23962,58597
10827,2.3090422092915857,82559,23962,58597
10828,2.308828961950499,82559,23962,58597
10829,2.308615753993905,82559,23962,58597
10830,2.308402585410896,82559,23962,58597
10831,2.308189456190564,82559,23962,58597
10832,2.3079763663220088,82559,23962,58597
10833,2.307763315794332,82559,23962,58597
10834,2.3075503045966403,82559,23962,58597
10835,2.3073373327180433,82559,23962,58597
10836,2.307124400147656,82559,23962,58597
10837,2.3069115068745965,82559,23962,58597
10838,2.3066986528879867,82559,23962,58597
10839,2.3064858381769535,82559,23962,58597
10840,2.3062730627306274,82559,23962,58597
10841,2.3060603265381423,82559,23962,58597
10842,2.3058476295886368,82559,23962,58597
10843,2.305634971871253,82559,23962,58597
10844,2.305422353375138,82559,23962,58597
10845,2.305209774089442,82559,23962,58597
10846,2.304997234003319,82559,23962,58597
10847,2.3047847331059277,82559,23962,58597
10848,2.3045722713864305,82559,23962,58597
10849,2.304359848833994,82558,23931,58627
10850,2.304147465437788,82558,23931,58627
10851,2.303935121186987,82558,23931,58627
10852,2.3037228160707706,82558,23931,58627
10853,2.3035105500783195,82558,23931,58627
10854,2.303298323198821,82558,23931,58627
10855,2.3030861354214647,82558,23931,58627
10856,2.3028739867354457,82558,23931,58627
10857,2.302661877129962,82558,23931,58627
10858,2.302449806594216,82558,23931,58627
10859,2.302237775117414,82558,23931,58627
10860,2.3020257826887662,82558,23931,58627
10861,2.3018138292974863,82558,23931,58627
10862,2.3016019149327933,82558,23931,58627
10863,2.3013900395839086,82558,23931,58627
10864,2.3011782032400587,82558,23931,58627
10865,2.300966405890474,82558,23931,58627
10866,2.300754647524388,82558,23931,58627
10867,2.3005429281310388,82558,23931,58627
10868,2.3003312476996687,82558,23931,58627
10869,2.3001196062195235,82558,23931,58627
10870,2.2999080036798527,82558,23931,58627
10871,2.2996964400699107,82558,23931,58627
10872,2.299484915378955,82558,23931,58627
10873,2.2992734295962474,82558,23931,58627
10874,2.299061982711054,82558,23931,58627
10875,2.2988505747126435,82558,23931,58627
10876,2.2986392055902907,82558,23931,58627
10877,2.298427875333272,82558,23931,58627
10878,2.2982165839308695,82558,23931,58627
10879,2.298005331372369,82558,23931,58627
10880,2.297794117647059,82558,23931,58627
10881,2.297582942744233,82558,23931,58627
10882,2.2973718066531887,82558,23931,58627
10883,2.297160709363227,82558,23931,58627
10884,2.296949650863653,82558,23931,58627
10885,2.296738631143776,82558,23931,58627
10886,2.296527650192908,82558,23931,58627
10887,2.2963167080003672,82558,23931,58627
10888,2.296105804555474,82558,23931,58627
10889,2.2958949398475528,82558,23931,58627
10890,2.295684113865932,82558,23931,58627
10891,2.2954733265999447,82558,23931,58627
10892,2.2952625780389275,82558,23931,58627
10893,2.2950518681722207,82558,23931,58627
10894,2.2948411969891684,82558,23931,58627
10895,2.2946305644791187,82558,23931,58627
10896,2.2944199706314246,82558,23931,58627
10897,2.294209415435441,82558,23931,58627
10898,2.2939988988805284,82558,23931,58627
10899,2.293788420956051,82558,23931,58627
10900,2.293577981651376,82558,23931,58627
10901,2.293367580955876,82558,23931,58627
10902,2.293157218858925,82558,23931,58627
10903,2.2929468953499037,82558,23931,58627
10904,2.292736610418195,82558,23931,58627
10905,2.2925263640531868,82558,23931,58627
10906,2.292316156244269,82558,23931,58627
10907,2.292105986980838,82558,23931,58627
10908,2.291895856252292,82558,23931,58627
10909,2.291685764048034,82558,23931,58627
10910,2.2914757103574703,82558,23931,58627
10911,2.291265695170012,82558,23931,58627
10912,2.2910557184750733,82558,23931,58627
10913,2.2908457802620728,82558,23931,58627
10914,2.2906358805204325,82558,23931,58627
10915,2.2904260192395784,82558,23931,58627
10916,2.290216196408941,82558,23931,58627
10917,2.2900064120179535,82558,23931,58627
10918,2.2897966660560543,82558,23931,58627
10919,2.2895869585126842,82558,23931,58627
10920,2.2893772893772892,82558,23931,58627
10921,2.2891676586393186,82558,23931,58627
10922,2.2889580662882256,82558,23931,58627
10923,2.288748512313467,82558,23931,58627
10924,2.288538996704504,82558,23931,58627
10925,2.288329519450801,82558,23931,58627
10926,2.2881200805418267,82558,23931,58627
10927,2.287910679967054,82560,23931,58629
10928,2.287701317715959,82560,23931,58629
10929,2.287491993778022,82560,23931,58629
10930,2.2872827081427265,82560,23931,58629
10931,2.287073460799561,82560,23931,58629
10932,2.2868642517380167,82560,23931,58629
10933,2.28665508094759,82560,23931,58629
10934,2.2864459484177795,82560,23931,58629
10935,2.286236854138089,82560,23931,58629
10936,2.286027798098025,82560,23931,58629
10937,2.285818780287099,82560,23931,58629
10938,2.2856098006948256,82560,23931,58629
10939,2.285400859310723,82560,23931,58629
10940,2.2851919561243146,82560,23931,58629
10941,2.2849830911251257,82560,23931,58629
10942,2.284774264302687,82560,23931,58629
10943,2.284565475646532,82560,23931,58629
10944,2.284356725146199,82560,23931,58629
10945,2.284148012791229,82560,23931,58629
10946,2.2839393385711677,82560,23931,58629
10947,2.283730702475564,82560,23931,58629
10948,2.2835221044939713,82560,23931,58629
10949,2.2833135446159467,82560,23931,58629
10950,2.2831050228310503,82560,23931,58629
10951,2.2828965391288465,82560,23931,58629
10952,2.2826880934989044,82560,23931,58629
10953,2.282479685930795,82560,23931,58629
10954,2.282271316414095,82560,23931,58629
10955,2.2820629849383844,82560,23931,58629
10956,2.281854691493246,82560,23931,58629
10957,2.2816464360682667,82560,23931,58629
10958,2.281438218653039,82560,23931,58629
10959,2.2812300392371565,82560,23931,58629
10960,2.281021897810219,82560,23931,58629
10961,2.2808137943618285,82560,23931,58629
10962,2.280605728881591,82560,23931,58629
10963,2.2803977013591172,82561,23931,58630
10964,2.2801897117840206,82561,23931,58630
10965,2.279981760145919,82561,23931,58630
10966,2.2797738464344337,82561,23931,58630
10967,2.27956597063919,82561,23931,58630
10968,2.2793581327498176,82561,23931,58630
10969,2.2791503327559486,82561,23931,58630
10970,2.2789425706472195,82555,23931,58624
10971,2.2787348464132715,82547,23931,58616
10972,2.2785271600437476,82547,23931,58616
10973,2.278319511528297,82547,23931,58616
10974,2.2781119008565702,82547,23931,58616
10975,2.277904328018223,82547,23931,58616
10976,2.2776967930029155,82547,23931,58616
10977,2.2774892958003097,82547,23931,58616
10978,2.277281836400073,82547,23931,58616
10979,2.2770744147918753,82547,23931,58616
10980,2.276867030965392,82547,23931,58616
10981,2.2766596849102996,82515,23919,58596
10982,2.276452376616281,82515,23919,58596
10983,2.2762451060730218,82515,23919,58596
10984,2.2760378732702113,82517,23920,58597
10985,2.275830678197542,82517,23920,58597
10986,2.2756235208447113,82517,23920,58597
10987,2.27541640120142,82517,23920,58597
10988,2.2752093192573715,82517,23920,58597
10989,2.275002275002275,82517,23920,58597
10990,2.2747952684258417,82517,23920,58597
10991,2.274588299517787,82517,23920,58597
10992,2.2743813682678313,82517,23920,58597
10993,2.2741744746656964,82517,23920,58597
10994,2.2739676187011097,82517,23920,58597
10995,2.2737608003638017,82517,23920,58597
10996,2.2735540196435067,82517,23920,58597
10997,2.2733472765299627,82517,23920,58597
10998,2.2731405710129113,82517,23920,58597
10999,2.2729339030820985,82517,23920,58597
11000,2.272727272727273,82517,23920,58597
11001,2.2725206799381876,82517,23920,58597
11002,2.2723141247045993,82517,23920,58597
11003,2.2721076070162685,82517,23920,58597
11004,2.271901126862959,82517,23920,58597
11005,2.271694684234439,82517,23920,58597
11006,2.27148827912048,82517,23920,58597
11007,2.2712819115108567,82517,23920,58597
11008,2.271075581395349,82517,23920,58597
11009,2.270869288763739,82517,23920,58597
11010,2.270663033605813,82517,23920,58597
11011,2.2704568159113614,82517,23920,58597
11012,2.270250635670178,82517,23920,58597
11013,2.2700444928720604,82517,23920,58597
11014,2.2698383875068093,82517,23920,58597
11015,2.2696323195642307,82517,23920,58597
11016,2.2694262890341323,82517,23920,58597
11017,2.269220295906327,82517,23920,58597
11018,2.2690143401706298,82517,23920,58597
11019,2.268808421816862,82517,23920,58597
11020,2.268602540834846,82517,23920,58597
11021,2.268396697214409,82517,23920,58597
11022,2.268190890945382,82517,23920,58597
11023,2.2679851220175995,82517,23920,58597
11024,2.2677793904209,82517,23920,58597
11025,2.2675736961451247,82517,23920,58597
11026,2.26736803918012,82517,23920,58597
11027,2.267162419515734,82517,23920,58597
11028,2.2669568371418207,82517,23920,58597
11029,2.2667512920482364,82517,23920,58597
11030,2.2665457842248413,82517,23920,58597
11031,2.2663403136614995,82517,23920,58597
11032,2.2661348803480785,82517,23920,58597
11033,2.2659294842744493,82517,23920,58597
11034,2.2657241254304874,82517,23920,58597
11035,2.2655188038060716,82517,23920,58597
11036,2.265313519391084,82517,23920,58597
11037,2.26510827217541,82517,23920,58597
11038,2.26490306214894,82517,23920,58597
11039,2.264697889301567,82517,23920,58597
11040,2.2644927536231885,82517,23920,58597
11041,2.2642876551037046,82517,23920,58597
11042,2.2640825937330193,82517,23920,58597
11043,2.2638775695010414,82517,23920,58597
11044,2.263672582397682,82517,23920,58597
11045,2.2634676324128566,82517,23920,58597
11046,2.263262719536484,82517,23920,58597
11047,2.2630578437584865,82517,23920,58597
11048,2.262853005068791,82517,23920,58597
11049,2.2626482034573265,82517,23920,58597
11050,2.262443438914027,82517,23920,58597
11051,2.26223871142883,82517,23920,58597
11052,2.262034020991676,82517,23920,58597
11053,2.261829367592509,82517,23920,58597
11054,2.2616247512212775,82517,23920,58597
11055,2.261420171867933,82517,23920,58597
11056,2.261215629522431,82517,23920,58597
11057,2.261011124174731,82517,23920,58597
11058,2.2608066558147946,82517,23920,58597
11059,2.260602224432589,82517,23920,58597
11060,2.2603978300180834,82517,23920,58597
11061,2.260193472561251,82517,23920,58597
11062,2.25998915205207,82517,23920,58597
11063,2.2597848684805206,82517,23920,58597
11064,2.2595806218365873,82517,23920,58597
11065,2.2593764121102575,82517,23920,58597
11066,2.2591722392915234,82517,23920,58597
11067,2.2589681033703806,82517,23920,58597
11068,2.2587640043368267,82517,23920,58597
11069,2.2585599421808653,82517,23920,58597
11070,2.2583559168925023,82517,23920,58597
11071,2.258151928461747,82517,23920,58597
11072,2.257947976878613,82498,23920,58578
11073,2.2577440621331166,82498,23920,58578
11074,2.257540184215279,82498,23920,58578
11075,2.2573363431151243,82498,23920,58578
11076,2.2571325388226797,82498,23920,58578
11077,2.256928771327977,82498,23920,58578
11078,2.256725040621051,82498,23920,58578
11079,2.25652134669194,82498,23920,58578
11080,2.256317689530686,82498,23920,58578
11081,2.256114069127335,82498,23920,58578
11082,2.2559104854719365,82498,23920,58578
11083,2.255706938554543,82498,23920,58578
11084,2.255503428365211,82498,23920,58578
11085,2.2552999548940007,82498,23920,58578
11086,2.255096518130976,82497,23920,58577
11087,2.2548931180662035,82497,23920,58577
11088,2.2546897546897546,82497,23920,58577
11089,2.2544864279917034,82497,23920,58577
11090,2.254283137962128,82497,23920,58577
11091,2.25407988459111,82497,23920,58577
11092,2.253876667868734,82497,23920,58577
11093,2.2536734877850897,82497,23920,58577
11094,2.253470344330269,82497,23920,58577
11095,2.253267237494367,82497,23920,58577
11096,2.2530641672674836,82497,23920,58577
11097,2.2528611336397226,82497,23920,58577
11098,2.2526581366011893,82497,23920,58577
11099,2.2524551761419946,82497,23920,58577
11100,2.2522522522522523,82497,23920,58577
11101,2.252049364922079,82497,23920,58577
11102,2.251846514141596,82497,23920,58577
11103,2.2516436999009275,82497,23920,58577
11104,2.2514409221902016,82497,23920,58577
11105,2.25123818099955,82497,23920,58577
11106,2.2510354763191067,82497,23920,58577
11107,2.2508328081390117,82497,23920,58577
11108,2.250630176449406,82497,23920,58577
11109,2.2504275812404355,82499,23920,58579
11110,2.25022502250225,82499,23920,58579
11111,2.2500225002250023,82499,23920,58579
11112,2.249820014398848,82499,23920,58579
11113,2.249617565013948,82499,23920,58579
11114,2.249415152060464,82499,23920,58579
11115,2.249212775528565,82499,23920,58579
11116,2.24901043540842,82499,23920,58579
11117,2.248808131690204,82499,23920,58579
11118,2.248605864364094,82499,23920,58579
11119,2.2484036334202715,82499,23920,58579
11120,2.2482014388489207,82499,23920,58579
11121,2.2479992806402302,82499,23920,58579
11122,2.2477971587843912,82499,23920,58579
11123,2.2475950732715995,82499,23920,58579
11124,2.2473930240920534,82499,23920,58579
11125,2.247191011235955,82499,23920,58579
11126,2.246989034693511,82499,23920,58579
11127,2.2467870944549295,82499,23920,58579
11128,2.246585190510424,82473,23920,58553
11129,2.2463833228502113,82473,23920,58553
11130,2.2461814914645104,82473,23920,58553
11131,2.245979696343545,82473,23920,58553
11132,2.245777937477542,82473,23920,58553
11133,2.245576214856732,82473,23920,58553
11134,2.245374528471349,82473,23920,58553
11135,2.24517287831163,82473,23920,58553
11136,2.244971264367816,82473,23920,58553
11137,2.2447696866301516,82473,23920,58553
11138,2.244568145088885,82473,23920,58553
11139,2.244366639734267,82473,23920,58553
11140,2.244165170556553,82473,23920,58553
11141,2.243963737546001,82473,23920,58553
11142,2.2437623406928737,82473,23920,58553
11143,2.243560979987436,82473,23920,58553
11144,2.243359655419957,82470,23920,58550
11145,2.2431583669807087,82470,23920,58550
11146,2.242957114659968,82470,23920,58550
11147,2.2427558984480127,82470,23920,58550
11148,2.2425547183351275,82470,23920,58550
11149,2.2423535743115974,82470,23920,58550
11150,2.242152466367713,82470,23920,58550
11151,2.2419513944937672,82470,23920,58550
11152,2.2417503586800573,82470,23920,58550
11153,2.2415493589168833,82470,23920,58550
11154,2.241348395194549,82470,23920,58550
11155,2.2411474675033616,82470,23920,58550
11156,2.240946575833632,82470,23920,58550
11157,2.2407457201756746,82470,23920,58550
11158,2.2405449005198066,82470,23920,58550
11159,2.240344116856349,82470,23920,58550
11160,2.240143369175627,82470,23920,58550
11161,2.2399426574679686,82470,23920,58550
11162,2.2397419817237054,82470,23920,58550
11163,2.239541341933172,82470,23920,58550
11164,2.239340738086707,82470,23920,58550
11165,2.239140170174653,82470,23920,58550
11166,2.2389396381873543,82470,23920,58550
11167,2.238739142115161,82470,23920,58550
11168,2.238538681948424,82470,23920,58550
11169,2.2383382576775004,82470,23920,58550
11170,2.2381378692927485,82470,23920,58550
11171,2.2379375167845312,82470,23920,58550
11172,2.237737200143215,82470,23920,58550
11173,2.237536919359169,82470,23920,58550
11174,2.237336674422767,82470,23920,58550
11175,2.237136465324385,82470,23920,58550
11176,2.2369362920544025,82470,23920,58550
11177,2.236736154603203,82470,23920,58550
11178,2.2365360529611737,82470,23920,58550
11179,2.2363359871187045,82470,23920,58550
11180,2.23613595706619,82470,23920,58550
11181,2.2359359627940254,82470,23920,58550
11182,2.235736004292613,82470,23920,58550
11183,2.235536081552356,82470,23920,58550
11184,2.2353361945636623,82470,23920,58550
11185,2.235136343316942,82470,23920,58550
11186,2.2349365278026103,82470,23920,58550
11187,2.2347367480110845,82470,23920,58550
11188,2.234537003932785,82470,23920,58550
11189,2.2343372955581375,82470,23920,58550
11190,2.234137622877569,82470,23920,58550
11191,2.233937985881512,82470,23920,58550
11192,2.2337383845604,82470,23920,58550
11193,2.2335388189046728,82470,23920,58550
11194,2.2333392889047703,82470,23920,58550
11195,2.233139794551139,82470,23920,58550
11196,2.2329403358342264,82470,23920,58550
11197,2.232740912744485,82470,23920,58550
11198,2.23254152527237,82470,23920,58550
11199,2.23234217340834,82470,23920,58550
11200,2.232142857142857,82470,23920,58550
11201,2.231943576466387,82470,23920,58550
11202,2.2317443313693985,82470,23920,58550
11203,2.231545121842364,82470,23920,58550
11204,2.2313459478757585,82470,23920,58550
11205,2.2311468094600624,82470,23920,58550
11206,2.2309477065857575,82470,23920,58550
11207,2.23074863924333,82470,23920,58550
11208,2.230549607423269,82470,23920,58550
11209,2.2303506111160676,82470,23920,58550
11210,2.230151650312221,82470,23920,58550
11211,2.2299527250022297,82470,23920,58550
11212,2.2297538351765964,82470,23920,58550
11213,2.229554980825827,82470,23920,58550
11214,2.2293561619404314,82470,23920,58550
11215,2.229157378510923,82470,23920,58550
11216,2.2289586305278175,82470,23920,58550
11217,2.228759917981635,82470,23920,58550
11218,2.228561240862899,82470,23920,58550
11219,2.2283625991621356,82470,23920,58550
11220,2.228163992869875,82470,23920,58550
11221,2.2279654219766507,82470,23920,58550
11222,2.2277668864729994,82470,23920,58550
11223,2.227568386349461,82468,23911,58557
11224,2.2273699215965785,82468,23911,58557
11225,2.2271714922048997,82468,23911,58557
11226,2.226973098164974,82468,23911,58557
11227,2.2267747394673556,82446,23835,58611
11228,2.2265764161026005,82446,23835,58611
11229,2.22637812806127,82446,23835,58611
11230,2.226179875333927,82446,23835,58611
11231,2.225981657911139,82446,23835,58611
11232,2.2257834757834756,82446,23835,58611
11233,2.2255853289415115,82446,23835,58611
11234,2.2253872173758236,82446,23835,58611
11235,2.2251891410769917,82446,23835,58611
11236,2.2249911000356,82446,23835,58611
11237,2.2247930942422354,82446,23835,58611
11238,2.224595123687489,82446,23835,58611
11239,2.2243971883619538,82446,23835,58611
11240,2.224199288256228,82446,23835,58611
11241,2.224001423360911,82446,23835,58611
11242,2.223803593666607,82446,23835,58611
11243,2.2236057991639244,82446,23835,58611
11244,2.223408039843472,82446,23835,58611
11245,2.223210315695865,82446,23835,58611
11246,2.2230126267117196,82446,23835,58611
11247,2.2228149728816575,82446,23835,58611
11248,2.2226173541963017,82446,23835,58611
11249,2.2224197706462796,82446,23835,58611
11250,2.2222222222222223,82446,23835,58611
11251,2.222024708914763,82446,23835,58611
11252,2.2218272307145397,82446,23835,58611
11253,2.2216297876121924,82446,23835,58611
11254,2.221432379598365,82446,23835,58611
11255,2.221235006663705,82446,23835,58611
11256,2.221037668798863,82446,23835,58611
11257,2.2208403659944924,82446,23835,58611
11258,2.2206430982412506,82446,23835,58611
11259,2.2204458655297983,82446,23835,58611
11260,2.2202486678507993,82446,23835,58611
11261,2.2200515051949203,82446,23835,58611
11262,2.2198543775528323,82446,23835,58611
11263,2.219657284915209,82446,23835,58611
11264,2.219460227272727,82446,23835,58611
11265,2.2192632046160674,82446,23835,58611
11266,2.2190662169359134,82445,23868,58577
11267,2.218869264222952,82445,23868,58577
11268,2.2186723464678737,82445,23868,58577
11269,2.2184754636613717,82445,23868,58577
11270,2.218278615794144,82445,23868,58577
11271,2.218081802856889,82445,23868,58577
11272,2.2178850248403124,82445,23868,58577
11273,2.217688281735119,82445,23868,58577
11274,2.2174915735320204,82445,23868,58577
11275,2.2172949002217295,82445,23868,58577
11276,2.2170982617949626,82445,23868,58577
11277,2.2169016582424406,82445,23868,58577
11278,2.2167050895548854,82445,23868,58577
11279,2.216508555723025,82445,23868,58577
11280,2.2163120567375887,82445,23868,58577
11281,2.2161155925893095,82445,23868,58577
11282,2.215919163268924,82445,23868,58577
11283,2.2157227687671717,82445,23868,58577
11284,2.2155264090747964,82445,23868,58577
11285,2.2153300841825434,82445,23868,58577
11286,2.2151337940811624,82445,23868,58577
11287,2.214937538761407,82445,23868,58577
11288,2.2147413182140325,82445,23868,58577
11289,2.214545132429799,82445,23868,58577
11290,2.2143489813994686,82445,23868,58577
11291,2.2141528651138076,82445,23868,58577
11292,2.2139567835635847,82445,23868,58577
11293,2.213760736739573,82445,23868,58577
11294,2.213564724632548,82445,23868,58577
11295,2.213368747233289,82445,23868,58577
11296,2.213172804532578,82445,23868,58577
11297,2.2129768965212,82445,23868,58577
11298,2.212781023189945,82445,23868,58577
11299,2.2125851845296043,82445,23868,58577
11300,2.2123893805309733,82445,23868,58577
11301,2.212193611184851,82445,23868,58577
11302,2.2119978764820387,82445,23868,58577
11303,2.2118021764133418,82445,23868,58577
11304,2.211606510969568,82445,23868,58577
11305,2.21141088014153,82445,23868,58577
11306,2.2112152839200423,82445,23868,58577
11307,2.211019722295923,82445,23868,58577
11308,2.2108241952599927,82445,23868,58577
11309,2.2106287028030773,82445,23868,58577
11310,2.2104332449160036,82445,23868,58577
11311,2.2102378215896032,82445,23868,58577
11312,2.21004243281471,82445,23868,58577
11313,2.209847078582162,82445,23868,58577
11314,2.2096517588828,82445,23868,58577
11315,2.209456473707468,82445,23868,58577
11316,2.209261223047013,82445,23868,58577
11317,2.209066006892286,82445,23868,58577
11318,2.2088708252341402,82445,23868,58577
11319,2.2086756780634333,82445,23868,58577
11320,2.208480565371025,82445,23868,58577
11321,2.2082854871477786,82445,23868,58577
11322,2.208090443384561,82445,23868,58577
11323,2.2078954340722423,82445,23868,58577
11324,2.2077004592016953,82445,23868,58577
11325,2.207505518763797,82445,23868,58577
11326,2.207310612749426,82445,23868,58577
11327,2.2071157411494657,82445,23868,58577
11328,2.2069209039548023,82445,23868,58577
11329,2.2067261011563244,82445,23868,58577
11330,2.206531332744925,82445,23868,58577
11331,2.2063365987114993,82445,23868,58577
11332,2.206141899046947,82445,23868,58577
11333,2.205947233742169,82445,23868,58577
11334,2.2057526027880714,82445,23868,58577
11335,2.2055580061755626,82445,23868,58577
11336,2.205363443895554,82445,23868,58577
11337,2.205168915938961,82445,23868,58577
11338,2.204974422296701,82445,23868,58577
11339,2.2047799629596967,82445,23868,58577
11340,2.2045855379188715,82445,23868,58577
11341,2.204391147165153,82445,23868,58577
11342,2.2041967906894726,82445,23868,58577
11343,2.2040024684827646,82445,23868,58577
11344,2.203808180535966,82445,23868,58577
11345,2.2036139268400174,82445,23868,58577
11346,2.203419707385863,82445,23868,58577
11347,2.203225522164449,82445,23868,58577
11348,2.2030313711667255,82445,23868,58577
11349,2.2028372543836463,82445,23868,58577
11350,2.202643171806167,82445,23868,58577
11351,2.202449123425249,82445,23868,58577
11352,2.2022551092318534,82445,23868,58577
11353,2.202061129216947,82445,23868,58577
11354,2.201867183371499,82445,23868,58577
11355,2.2016732716864817,82445,23868,58577
11356,2.2014793941528707,82445,23868,58577
11357,2.2012855507616447,82445,23868,58577
11358,2.201091741503786,82445,23868,58577
11359,2.2008979663702792,82445,23868,58577
11360,2.2007042253521125,82445,23868,58577
11361,2.2005105184402782,82445,23868,58577
11362,2.2003168456257702,82445,23868,58577
11363,2.2001232068995864,82445,23868,58577
11364,2.1999296022527277,82445,23868,58577
11365,2.1997360316761987,82445,23868,58577
11366,2.1995424951610065,82445,23868,58577
11367,2.1993489926981615,82445,23868,58577
11368,2.199155524278677,82445,23868,58577
11369,2.1989620898935702,82445,23868,58577
11370,2.198768689533861,82445,23868,58577
11371,2.1985753231905725,82445,23868,58577
11372,2.198381990854731,82445,23868,58577
11373,2.1981886925173657,82445,23868,58577
11374,2.1979954281695093,82445,23868,58577
11375,2.197802197802198,82445,23868,58577
11376,2.19760900140647,82445,23868,58577
11377,2.197415838973367,82445,23868,58577
11378,2.1972227104939357,82445,23868,58577
11379,2.1970296159592233,82445,23868,58577
11380,2.196836555360281,82445,23868,58577
11381,2.1966435286881647,82445,23868,58577
11382,2.1964505359339306,82445,23868,58577
11383,2.196257577088641,82445,23868,58577
11384,2.196064652143359,82445,23868,58577
11385,2.1958717610891525,82445,23868,58577
11386,2.195678903917091,82445,23868,58577
11387,2.195486080618249,82426,23880,58546
11388,2.195293291183702,82426,23880,58546
11389,2.1951005356045306,82426,23880,58546
11390,2.194907813871817,82426,23880,58546
11391,2.194715125976648,82426,23880,58546
11392,2.1945224719101124,82426,23880,58546
11393,2.194329851663302,82426,23880,58546
11394,2.1941372652273126,82426,23880,58546
11395,2.1939447125932428,82426,23880,58546
11396,2.1937521937521938,82426,23880,58546
11397,2.1935597086952705,82426,23880,58546
11398,2.1933672574135814,82426,23880,58546
11399,2.1931748398982367,82426,23880,58546
11400,2.192982456140351,82426,23880,58546
11401,2.1927901061310413,82426,23880,58546
11402,2.192597789861428,82426,23880,58546
11403,2.1924055073226345,82426,23880,58546
11404,2.1922132585057876,82426,23880,58546
11405,2.1920210434020166,82426,23880,58546
11406,2.191828862002455,82426,23880,58546
11407,2.191636714298238,82426,23880,58546
11408,2.191444600280505,82426,23880,58546
11409,2.191252519940398,82426,23880,58546
11410,2.1910604732690624,82426,23880,58546
11411,2.1908684602576463,82426,23880,58546
11412,2.190676480897301,82426,23880,58546
11413,2.1904845351791815,82426,23880,58546
11414,2.1902926230944453,82426,23880,58546
11415,2.190100744634253,82426,23880,58546
11416,2.189908899789769,82426,23880,58546
11417,2.189717088552159,82426,23880,58546
11418,2.189525310912594,82426,23880,58546
11419,2.1893335668622473,82426,23880,58546
11420,2.189141856392294,82426,23880,58546
11421,2.1889501794939146,82426,23880,58546
11422,2.188758536158291,82426,23880,58546
11423,2.1885669263766085,82426,23880,58546
11424,2.1883753501400562,82426,23880,58546
11425,2.1881838074398248,82426,23880,58546
11426,2.18799229826711,82426,23880,58546
11427,2.1878008226131094,82426,23880,58546
11428,2.1876093804690235,82426,23880,58546
11429,2.1874179718260565,82426,23880,58546
11430,2.1872265966754156,82426,23880,58546
11431,2.1870352550083108,82426,23880,58546
11432,2.186843946815955,82426,23880,58546
11433,2.1866526720895654,82426,23880,58546
11434,2.1864614308203603,82426,23880,58546
11435,2.1862702229995628,82416,23880,58536
11436,2.186079048618398,82416,23880,58536
11437,2.1858879076680946,82416,23880,58536
11438,2.1856968001398847,82416,23880,58536
11439,2.1855057260250024,82416,23880,58536
11440,2.1853146853146854,82416,23880,58536
11441,2.1851236780001746,82356,23880,58476
11442,2.1849327040727147,82356,23880,58476
11443,2.1847417635235513,82356,23880,58476
11444,2.1845508563439355,82356,23880,58476
11445,2.18435998252512,82356,23880,58476
11446,2.184169142058361,82356,23880,58476
11447,2.1839783349349173,82356,23880,58476
11448,2.1837875611460515,82356,23880,58476
11449,2.183596820683029,82356,23880,58476
11450,2.183406113537118,82356,23880,58476
11451,2.1832154396995898,82356,23880,58476
11452,2.1830247991617187,82356,23880,58476
11453,2.182834191914782,82356,23880,58476
11454,2.182643617950061,82356,23880,58476
11455,2.182453077258839,82356,23880,58476
11456,2.1822625698324023,82356,23880,58476
11457,2.1820720956620407,82356,23880,58476
11458,2.181881654739047,82356,23880,58476
11459,2.181691247054717,82356,23880,58476
11460,2.181500872600349,82356,23880,58476
11461,2.1813105313672456,82356,23880,58476
11462,2.181120223346711,82356,23880,58476
11463,2.180929948530053,82356,23880,58476
11464,2.180739706908583,82356,23880,58476
11465,2.1805494984736153,82356,23880,58476
11466,2.180359323216466,82356,23880,58476
11467,2.1801691811284556,82356,23880,58476
11468,2.179979072200907,82356,23880,58476
11469,2.1797889964251462,82356,23880,58476
11470,2.1795989537925022,82356,23880,58476
11471,2.179408944294307,82356,23880,58476
11472,2.179218967921897,82356,23880,58476
11473,2.1790290246666086,82356,23880,58476
11474,2.178839114519784,82356,23880,58476
11475,2.178649237472767,82356,23880,58476
11476,2.178459393516905,82356,23880,58476
11477,2.178269582643548,82356,23880,58476
11478,2.1780798048440495,82356,23880,58476
11479,2.1778900601097657,82346,23880,58466
11480,2.177700348432056,82346,23880,58466
11481,2.177510669802282,82346,23880,58466
11482,2.17732102421181,82346,23880,58466
11483,2.1771314116520073,82346,23880,58466
11484,2.1769418321142457,82346,23880,58466
11485,2.1767522855898997,82346,23880,58466
11486,2.1765627720703464,82346,23880,58466
11487,2.176373291546966,82346,23880,58466
11488,2.176183844011142,82346,23880,58466
11489,2.175994429454261,82346,23880,58466
11490,2.175805047867711,82346,23880,58466
11491,2.175615699242886,82346,23880,58466
11492,2.17542638357118,82346,23880,58466
11493,2.175237100843992,82346,23880,58466
11494,2.175047851052723,82346,23880,58466
11495,2.174858634188778,82346,23880,58466
11496,2.174669450243563,82346,23880,58466
11497,2.174480299208489,82346,23880,58466
11498,2.1742911810749694,82346,23880,58466
11499,2.1741020958344204,82346,23880,58466
11500,2.1739130434782608,82346,23880,58466
11501,2.1737240239979134,82346,23880,58466
11502,2.1735350373848026,82346,23880,58466
11503,2.1733460836303573,82346,23880,58466
11504,2.1731571627260085,82346,23880,58466
11505,2.17296827466319,82346,23880,58466
11506,2.172779419433339,82346,23880,58466
11507,2.172590597027896,82346,23880,58466
11508,2.1724018074383036,82346,23880,58466
11509,2.1722130506560084,82346,23880,58466
11510,2.172024326672459,82346,23880,58466
11511,2.171835635479107,82346,23880,58466
11512,2.171646977067408,82346,23880,58466
11513,2.1714583514288197,82346,23880,58466
11514,2.1712697585548026,82346,23880,58466
11515,2.1710811984368217,82346,23880,58466
11516,2.1708926710663423,82346,23880,58466
11517,2.1707041764348354,82346,23880,58466
11518,2.170515714533773,82346,23880,58466
11519,2.1703272853546314,82346,23880,58466
11520,2.170138888888889,82346,23880,58466
11521,2.169950525128027,82346,23880,58466
11522,2.1697621940635305,82346,23880,58466
11523,2.169573895686887,82346,23880,58466
11524,2.169385629989587,82346,23880,58466
11525,2.1691973969631237,82346,23880,58466
11526,2.1690091965989935,82346,23880,58466
11527,2.168821028888696,82346,23880,58466
11528,2.1686328938237334,82346,23880,58466
11529,2.168444791395611,82346,23880,58466
11530,2.168256721595837,82346,23880,58466
11531,2.1680686844159225,82346,23880,58466
11532,2.1678806798473813,82346,23880,58466
11533,2.1676927078817307,82346,23880,58466
11534,2.167504768510491,82346,23880,58466
11535,2.167316861725184,82346,23880,58466
11536,2.167128987517337,82346,23880,58466
11537,2.1669411458784777,82346,23880,58466
11538,2.166753336800139,82346,23880,58466
11539,2.166565560273854,82346,23880,58466
11540,2.166377816291161,82346,23880,58466
11541,2.166190104843601,82346,23880,58466
11542,2.166002425922717,82346,23880,58466
11543,2.1658147795200553,82346,23880,58466
11544,2.1656271656271655,82346,23880,58466
11545,2.1654395842356,82346,23880,58466
11546,2.165252035336913,82346,23880,58466
11547,2.165064518922664,82346,23880,58466
11548,2.164877034984413,82346,23880,58466
11549,2.164689583513724,82346,23880,58466
11550,2.1645021645021645,82346,23880,58466
11551,2.164314777941304,82346,23880,58466
11552,2.164127423822715,82346,23880,58466
11553,2.163940102137973,82346,23880,58466
11554,2.163752812878657,82346,23880,58466
11555,2.163565556036348,82346,23880,58466
11556,2.1633783316026305,82346,23880,58466
11557,2.163191139569092,82346,23880,58466
11558,2.163003979927323,82346,23880,58466
11559,2.162816852668916,82346,23880,58466
11560,2.162629757785467,82346,23880,58466
11561,2.1624426952685756,82346,23880,58466
11562,2.162255665109843,82346,23880,58466
11563,2.1620686673008733,82346,23880,58466
11564,2.1618817018332757,82346,23880,58466
11565,2.1616947686986596,82351,23919,58432
11566,2.161507867888639,82351,23919,58432
11567,2.16132099939483,82351,23919,58432
11568,2.161134163208852,82351,23919,58432
11569,2.1609473593223267,82351,23919,58432
11570,2.16076058772688,82351,23919,58432
11571,2.160573848414139,82351,23919,58432
11572,2.1603871413757347,82351,23919,58432
11573,2.160200466603301,82351,23919,58432
11574,2.160013824088474,82351,23919,58432
11575,2.159827213822894,82351,23919,58432
11576,2.159640635798203,82351,23919,58432
11577,2.1594540900060464,82351,23919,58432
11578,2.159267576438072,82351,23919,58432
11579,2.1590810950859316,82351,23919,58432
11580,2.158894645941278,82351,23919,58432
11581,2.158708228995769,82351,23919,58432
11582,2.1585218442410636,82351,23919,58432
11583,2.158335491668825,82351,23919,58432
11584,2.1581491712707184,82351,23919,58432
11585,2.1579628830384117,82351,23919,58432
11586,2.1577766269635767,82351,23919,58432
11587,2.1575904030378874,82351,23919,58432
11588,2.1574042112530205,82351,23919,58432
11589,2.1572180516006556,82351,23919,58432
11590,2.1570319240724762,82351,23919,58432
11591,2.1568458286601673,82351,23919,58432
11592,2.1566597653554176,82355,23919,58436
11593,2.1564737341499183,82355,23919,58436
11594,2.156287735035363,82355,23919,58436
11595,2.1561017680034498,82355,23919,58436
11596,2.155915833045878,82355,23919,58436
11597,2.1557299301543504,82355,23919,58436
11598,2.1555440593205724,82355,23919,58436
11599,2.155358220536253,82355,23919,58436
11600,2.1551724137931036,82355,23919,58436
11601,2.154986639082838,82355,23919,58436
11602,2.1548008963971728,82355,23919,58436
11603,2.154615185727829,82355,23919,58436
11604,2.1544295070665287,82355,23919,58436
11605,2.154243860404998,82355,23919,58436
11606,2.154058245734965,82355,23919,58436
11607,2.1538726630481606,82355,23919,58436
11608,2.15368711233632,82355,23919,58436
11609,2.153501593591179,82355,23919,58436
11610,2.153316106804479,82355,23919,58436
11611,2.1531306519679614,82355,23919,58436
11612,2.152945229073372,82355,23919,58436
11613,2.15275983811246,82355,23919,58436
11614,2.152574479076976,82355,23919,58436
11615,2.152389151958674,82355,23919,58436
11616,2.152203856749311,82355,23919,58436
11617,2.1520185934406473,82355,23919,58436
11618,2.151833362024445,82355,23919,58436
11619,2.151648162492469,82355,23919,58436
11620,2.1514629948364887,82355,23919,58436
11621,2.1512778590482746,82355,23919,58436
11622,2.151092755119601,82355,23919,58436
11623,2.150907683042244,82355,23919,58436
11624,2.1507226428079833,82355,23919,58436
11625,2.150537634408602,82355,23919,58436
11626,2.150352657835885,82355,23919,58436
11627,2.1501677130816206,82355,23919,58436
11628,2.149982800137599,82355,23919,58436
11629,2.1497979189956142,82355,23919,58436
11630,2.1496130696474633,82355,23919,58436
11631,2.1494282520849453,82355,23919,58436
11632,2.1492434662998625,82349,23919,58430
11633,2.1490587122840195,82349,23919,58430
11634,2.148873990029225,82340,23875,58465
11635,2.1486892995272884,82340,23875,58465
11636,2.148504640770024,82340,23875,58465
11637,2.148320013749248,82340,23875,58465
11638,2.1481354184567794,82340,23875,58465
11639,2.1479508548844404,82340,23875,58465
11640,2.147766323024055,82340,23875,58465
11641,2.1475818228674513,82340,23875,58465
11642,2.1473973544064595,82340,23875,58465
11643,2.1472129176329124,82340,23875,58465
11644,2.1470285125386463,82340,23875,58465
11645,2.1468441391155,82340,23875,58465
11646,2.146659797355315,82340,23875,58465
11647,2.1464754872499356,82340,23875,58465
11648,2.146291208791209,82340,23875,58465
11649,2.1461069619709847,82340,23875,58465
11650,2.1459227467811157,82340,23875,58465
11651,2.1457385632134582,82340,23875,58465
11652,2.1455544112598695,82340,23875,58465
11653,2.1453702909122114,82340,23875,58465
11654,2.1451862021623476,82340,23875,58465
11655,2.145002145002145,82340,23875,58465
11656,2.144818119423473,82340,23875,58465
11657,2.1446341254182038,82340,23875,58465
11658,2.1444501629782122,82340,23875,58465
11659,2.144266232095377,82340,23875,58465
11660,2.144082332761578,82340,23875,58465
11661,2.143898464968699,82340,23875,58465
11662,2.143714628708626,82340,23875,58465
11663,2.143530823973249,82340,23875,58465
11664,2.1433470507544583,82340,23875,58465
11665,2.1431633090441493,82340,23875,58465
11666,2.142979598834219,82340,23875,58465
11667,2.1427959201165683,82340,23875,58465
11668,2.142612272883099,82340,23875,58465
11669,2.1424286571257176,82340,23875,58465
11670,2.1422450728363325,82340,23875,58465
11671,2.1420615200068545,82340,23875,58465
11672,2.141877998629198,82340,23875,58465
11673,2.14169450869528,82340,23875,58465
11674,2.141511050197019,82340,23875,58465
11675,2.1413276231263385,82340,23875,58465
11676,2.141144227475163,82340,23875,58465
11677,2.1409608632354202,82340,23875,58465
11678,2.140777530399041,82340,23875,58465
11679,2.140594228957959,82340,23875,58465
11680,2.1404109589041096,82340,23875,58465
11681,2.1402277202294324,82340,23875,58465
11682,2.140044512925869,82340,23875,58465
11683,2.1398613369853634,82340,23875,58465
11684,2.139678192399863,82340,23875,58465
11685,2.139495079161318,82340,23875,58465
11686,2.1393119972616805,82340,23875,58465
11687,2.1391289466929067,82340,23875,58465
11688,2.138945927446954,82340,23875,58465
11689,2.138762939515784,82340,23875,58465
11690,2.1385799828913603,82340,23875,58465
11691,2.1383970575656486,82340,23875,58465
11692,2.1382141635306193,82340,23875,58465
11693,2.1380313007782434,82340,23875,58465
11694,2.1378484693004958,82340,23875,58465
11695,2.1376656690893543,82340,23875,58465
11696,2.1374829001367988,82340,23875,58465
11697,2.1373001624348125,82340,23875,58465
11698,2.1371174559753805,82340,23875,58465
11699,2.1369347807504915,82340,23875,58465
11700,2.1367521367521367,82340,23875,58465
11701,2.13656952397231,82340,23875,58465
11702,2.136386942403008,82340,23875,58465
11703,2.13620439203623,82340,23875,58465
11704,2.136021872863978,82340,23875,58465
11705,2.135839384878257,82340,23875,58465
11706,2.1356569280710747,82340,23875,58465
11707,2.135474502434441,82333,23875,58458
11708,2.135292107960369,82333,23875,58458
11709,2.1351097446408747,82333,23875,58458
11710,2.134927412467976,82333,23875,58458
11711,2.134745111433695,82333,23875,58458
11712,2.134562841530055,82333,23875,58458
11713,2.1343806027490824,82333,23875,58458
11714,2.134198395082807,82333,23875,58458
11715,2.1340162185232607,82333,23875,58458
11716,2.1338340730624785,82333,23875,58458
11717,2.1336519586924982,82333,23875,58458
11718,2.133469875405359,82333,23875,58458
11719,2.1332878231931054,82333,23875,58458
11720,2.1331058020477816,82333,23875,58458
11721,2.1329238119614367,82333,23875,58458
11722,2.132741852926122,82333,23875,58458
11723,2.1325599249338905,82333,23875,58458
11724,2.1323780279767997,82333,23875,58458
11725,2.1321961620469083,82333,23875,58458
11726,2.1320143271362784,82333,23875,58458
11727,2.1318325232369744,82333,23875,58458
11728,2.131650750341064,82333,23875,58458
11729,2.131469008440617,82333,23875,58458
11730,2.131287297527707,82333,23875,58458
11731,2.131105617594408,82333,23875,58458
11732,2.130923968632799,82333,23875,58458
11733,2.130742350634961,82333,23875,58458
11734,2.1305607635929777,82333,23875,58458
11735,2.130379207498935,82333,23875,58458
11736,2.130197682344922,82333,23875,58458
11737,2.13001618812303,82333,23875,58458
11738,2.1298347248253537,82333,23875,58458
11739,2.12965329244399,82333,23875,58458
11740,2.1294718909710393,82333,23875,58458
11741,2.129290520398603,82333,23875,58458
11742,2.129109180718787,82333,23875,58458
11743,2.128927871923699,82307,23875,58432
11744,2.1287465940054497,82307,23875,58432
11745,2.1285653469561514,82307,23875,58432
11746,2.128384130767921,82307,23875,58432
11747,2.1282029454328764,82307,23875,58432
11748,2.1280217909431394,82307,23875,58432
11749,2.127840667290833,82307,23875,58432
11750,2.127659574468085,82307,23875,58432
11751,2.127478512467024,82307,23875,58432
11752,2.1272974812797822,82307,23875,58432
11753,2.127116480898494,82307,23875,58432
11754,2.126935511315297,82307,23875,58432
11755,2.126754572522331,82307,23875,58432
11756,2.1265736645117386,82307,23875,58432
11757,2.1263927872756656,82307,23875,58432
11758,2.1262119408062596,82307,23875,58432
11759,2.1260311250956714,82307,23875,58432
11760,2.1258503401360542,82307,23875,58432
11761,2.1256695859195647,82307,23875,58432
11762,2.125488862438361,82307,23875,58432
11763,2.125308169684604,82307,23875,58432
11764,2.125127507650459,82307,23875,58432
11765,2.124946876328092,82307,23875,58432
11766,2.124766275709672,82307,23875,58432
11767,2.1245857057873714,82307,23875,58432
11768,2.124405166553365,82307,23875,58432
11769,2.12422465799983,82307,23875,58432
11770,2.1240441801189465,82307,23875,58432
11771,2.123863732902897,82307,23875,58432
11772,2.123683316343867,82307,23875,58432
11773,2.123502930434044,82307,23875,58432
11774,2.123322575165619,82307,23875,58432
11775,2.1231422505307855,82307,23875,58432
11776,2.1229619565217392,82307,23875,58432
11777,2.1227816931306784,82307,23875,58432
11778,2.122601460349805,82307,23875,58432
11779,2.1224212581713218,82307,23875,58432
11780,2.122241086587436,82307,23875,58432
11781,2.1220609455903574,82307,23875,58432
11782,2.1218808351722966,82307,23875,58432
11783,2.121700755325469,82307,23875,58432
11784,2.121520706042091,82307,23875,58432
11785,2.1213406873143827,82307,23875,58432
11786,2.1211606991345664,82307,23875,58432
11787,2.120980741494867,82307,23875,58432
11788,2.1208008143875126,82307,23875,58432
11789,2.1206209178047333,82307,23875,58432
11790,2.1204410517387617,82307,23875,58432
11791,2.1202612161818335,82307,23875,58432
11792,2.120081411126187,82307,23875,58432
11793,2.1199016365640633,82307,23875,58432
11794,2.1197218924877057,82307,23875,58432
11795,2.11954217888936,82307,23875,58432
11796,2.119362495761275,82281,23875,58406
11797,2.1191828430957025,82281,23875,58406
11798,2.119003220884896,82281,23875,58406
11799,2.118823629121112,82281,23875,58406
11800,2.1186440677966103,82281,23875,58406
11801,2.118464536903652,82281,23875,58406
11802,2.1182850364345027,82281,23875,58406
11803,2.1181055663814283,82281,23875,58406
11804,2.1179261267366996,82275,23875,58400
11805,2.117746717492588,82275,23875,58400
11806,2.117567338641369,82275,23875,58400
11807,2.11738799017532,82275,23875,58400
11808,2.1172086720867207,82275,23875,58400
11809,2.117029384367855,82275,23875,58400
11810,2.116850127011008,82275,23875,58400
11811,2.1166709000084665,82275,23875,58400
11812,2.116491703352523,82275,23875,58400
11813,2.116312537035469,82275,23875,58400
11814,2.116133401049602,82275,23875,58400
11815,2.1159542953872195,82275,23875,58400
11816,2.115775220040623,82275,23875,58400
11817,2.1155961750021155,82275,23875,58400
11818,2.115417160264004,82275,23875,58400
11819,2.115238175818597,82275,23875,58400
11820,2.1150592216582065,82275,23875,58400
11821,2.1148802977751457,82273,23875,58398
11822,2.1147014041617322,82273,23875,58398
11823,2.114522540810285,82273,23875,58398
11824,2.1143437077131257,82273,23875,58398
11825,2.1141649048625792,82273,23875,58398
11826,2.1139861322509725,82273,23875,58398
11827,2.113807389870635,82273,23875,58398
11828,2.113628677713899,82273,23875,58398
11829,2.1134499957731,82273,23875,58398
11830,2.113271344040575,82273,23875,58398
11831,2.1130927225086635,82273,23875,58398
11832,2.1129141311697093,82273,23875,58398
11833,2.112735570016057,82273,23875,58398
11834,2.112557039040054,82273,23875,58398
11835,2.1123785382340516,82273,23875,58398
11836,2.1122000675904022,82273,23875,58398
11837,2.1120216271014614,82273,23875,58398
11838,2.111843216759588,82273,23875,58398
11839,2.1116648365571415,82273,23875,58398
11840,2.1114864864864864,82273,23875,58398
11841,2.111308166539988,82273,23875,58398
11842,2.1111298767100153,82273,23875,58398
11843,2.1109516169889386,82273,23875,58398
11844,2.110773387369132,82273,23875,58398
11845,2.110595187842972,82273,23875,58398
11846,2.1104170184028366,82273,23875,58398
11847,2.1102388790411073,82273,23875,58398
11848,2.1100607697501688,82273,23875,58398
11849,2.109882690522407,82273,23875,58398
11850,2.109704641350211,82273,23875,58398
11851,2.1095266222259723,82273,23875,58398
11852,2.1093486331420856,82273,23875,58398
11853,2.1091706740909473,82273,23875,58398
11854,2.108992745064957,82273,23875,58398
11855,2.108814846056516,82273,23875,58398
11856,2.1086369770580298,82273,23875,58398
11857,2.1084591380619044,82273,23875,58398
11858,2.1082813290605498,82273,23875,58398
11859,2.108103550046378,82273,23875,58398
11860,2.1079258010118043,82273,23875,58398
11861,2.1077480819492456,82273,23875,58398
11862,2.1075703928511214,82244,23875,58369
11863,2.107392733709854,82244,23875,58369
11864,2.107215104517869,82244,23875,58369
11865,2.1070375052675936,82244,23875,58369
11866,2.106859935951458,82244,23875,58369
11867,2.106682396561894,82244,23875,58369
11868,2.106504887091338,82244,23875,58369
11869,2.106327407532227,82244,23875,58369
11870,2.1061499578770007,82244,23875,58369
11871,2.105972538118103,82244,23875,58369
11872,2.1057951482479784,82244,23875,58369
11873,2.1056177882590754,82244,23875,58369
11874,2.1054404581438435,82244,23875,58369
11875,2.1052631578947367,82244,23875,58369
11876,2.10508588750421,82244,23875,58369
11877,2.104908646964722,82244,23875,58369
11878,2.104731436268732,82244,23875,58369
11879,2.104554255408704,82244,23875,58369
11880,2.1043771043771042,82238,23875,58363
11881,2.1041999831664002,82238,23875,58363
11882,2.1040228917690627,82238,23875,58363
11883,2.1038458301775647,82238,23875,58363
11884,2.1036687983843825,82238,23875,58363
11885,2.103491796381994,82238,23875,58363
11886,2.1033148241628807,82238,23875,58363
11887,2.1031378817195256,82236,23875,58361
11888,2.1029609690444144,82236,23875,58361
11889,2.102784086130036,82236,23875,58361
11890,2.1026072329688814,82236,23875,58361
11891,2.1024304095534436,82236,23875,58361
11892,2.1022536158762195,82236,23875,58361
11893,2.1020768519297066,82236,23875,58361
11894,2.1019001177064065,82236,23875,58361
11895,2.101723413198823,82236,23875,58361
11896,2.101546738399462,82236,23875,58361
11897,2.101370093300832,82236,23875,58361
11898,2.1011934778954444,82236,23875,58361
11899,2.1010168921758132,82236,23875,58361
11900,2.100840336134454,82236,23875,58361
11901,2.1006638097638852,82236,23875,58361
11902,2.1004873130566293,82236,23875,58361
11903,2.100310846005209,82236,23875,58361
11904,2.1001344086021505,82236,23875,58361
11905,2.099958000839983,82236,23875,58361
11906,2.0997816227112382,82236,23875,58361
11907,2.099605274208449,82236,23875,58361
11908,2.099428955324152,82236,23875,58361
11909,2.099252666050886,82236,23875,58361
11910,2.0990764063811924,82236,23875,58361
11911,2.0989001763076147,82236,23875,58361
11912,2.0987239758226996,82236,23875,58361
11913,2.098547804918996,82236,23875,58361
11914,2.098371663589055,82236,23875,58361
11915,2.0981955518254303,82052,23875,58177
11916,2.098019469620678,82052,23875,58177
11917,2.0978434169673577,82052,23875,58177
11918,2.0976673938580297,82052,23875,58177
11919,2.097491400285259,82052,23875,58177
11920,2.097315436241611,82052,23875,58177
11921,2.0971395017196546,82052,23875,58177
11922,2.096963596711961,82052,23875,58177
11923,2.0967877212111046,82052,23875,58177
11924,2.096611875209661,82052,23875,58177
11925,2.0964360587002098,82052,23875,58177
11926,2.096260271675331,82052,23875,58177
11927,2.0960845141276097,82052,23875,58177
11928,2.0959087860496313,82052,23875,58177
11929,2.0957330874339846,82052,23875,58177
11930,2.095557418273261,82052,23875,58177
11931,2.0953817785600535,82052,23875,58177
11932,2.0952061682869596,82052,23875,58177
11933,2.0950305874465767,82052,23875,58177
11934,2.0948550360315066,82052,23875,58177
11935,2.0946795140343526,82052,23875,58177
11936,2.094504021447721,82052,23875,58177
11937,2.0943285582642206,82052,23875,58177
11938,2.0941531244764615,82052,23875,58177
11939,2.093977720077058,82052,23875,58177
11940,2.0938023450586263,82052,23875,58177
11941,2.0936269994137846,82052,23875,58177
11942,2.0934516831351533,82052,23875,58177
11943,2.0932763962153564,82052,23875,58177
11944,2.0931011386470195,82052,23875,58177
11945,2.092925910422771,82052,23875,58177
11946,2.092750711535242,82052,23875,58177
11947,2.0925755419770655,82052,23875,58177
11948,2.092400401740877,82052,23875,58177
11949,2.0922252908193153,82052,23875,58177
11950,2.092050209205021,82052,23875,58177
11951,2.091875156890637,82052,23875,58177
11952,2.0917001338688084,82052,23875,58177
11953,2.0915251401321844,82052,23875,58177
11954,2.0913501756734147,82052,23875,58177
11955,2.0911752404851525,82052,23875,58177
11956,2.0910003345600536,82052,23875,58177
11957,2.0908254578907752,82052,23875,58177
11958,2.0906506104699782,82052,23875,58177
11959,2.0904757922903254,82052,23875,58177
11960,2.0903010033444818,82052,23875,58177
11961,2.090126243625115,82052,23875,58177
11962,2.0899515131248956,82052,23875,58177
11963,2.089776811836496,82052,23875,58177
11964,2.089602139752591,82052,23875,58177
11965,2.089427496865859,82052,23875,58177
11966,2.089252883168979,82052,23875,58177
11967,2.0890782986546337,82052,23875,58177
11968,2.088903743315508,82052,23875,58177
11969,2.0887292171442895,82052,23875,58177
11970,2.0885547201336676,82052,23875,58177
11971,2.0883802522763344,82046,23875,58171
11972,2.088205813564985,82046,23875,58171
11973,2.088031403992316,82046,23875,58171
11974,2.0878570235510274,82046,23875,58171
11975,2.0876826722338206,82046,23875,58171
11976,2.0875083500334,82046,23875,58171
11977,2.087334056942473,82046,23875,58171
11978,2.0871597929537486,82046,23875,58171
11979,2.086985558059938,82046,23875,58171
11980,2.0868113522537564,82046,23875,58171
11981,2.0866371755279194,82046,23875,58171
11982,2.086463027875146,82046,23875,58171
11983,2.0862889092881582,82046,23875,58171
11984,2.0861148197596795,82046,23875,58171
11985,2.0859407592824364,82046,23875,58171
11986,2.0857667278491574,82046,23875,58171
11987,2.0855927254525737,82046,23875,58171
11988,2.0854187520854186,82046,23875,58171
11989,2.0852448077404286,82046,23875,58171
11990,2.085070892410342,82046,23875,58171
11991,2.0848970060878993,82046,23875,58171
11992,2.084723148765844,82046,23875,58171
11993,2.0845493204369214,82046,23875,58171
11994,2.08437552109388,82046,23875,58171
11995,2.084201750729471,82046,23875,58171
11996,2.0840280093364454,82046,23875,58171
11997,2.0838542969075604,82046,23875,58171
11998,2.0836806134355728,82046,23875,58171
11999,2.083506958913243,82046,23875,58171
12000,2.0833333333333335,82046,23875,58171
12001,2.0831597366886094,82046,23875,58171
12002,2.082986168971838,82046,23875,58171
12003,2.0828126301757894,82046,23875,58171
12004,2.0826391202932357,82046,23875,58171
12005,2.0824656393169514,82046,23875,58171
12006,2.0822921872397133,82046,23875,58171
12007,2.0821187640543015,82046,23875,58171
12008,2.0819453697534978,82046,23875,58171
12009,2.0817720043300856,82046,23875,58171
12010,2.0815986677768525,82046,23875,58171
12011,2.081425360086587,82046,23875,58171
12012,2.081252081252081,82046,23875,58171
12013,2.0810788312661286,82046,23875,58171
12014,2.080905610121525,82046,23875,58171
12015,2.0807324178110695,82046,23875,58171
12016,2.080559254327563,82046,23875,58171
12017,2.08038611966381,82046,23875,58171
12018,2.0802130138126143,82046,23875,58171
12019,2.080039936766786,82046,23875,58171
12020,2.0798668885191347,82046,23875,58171
12021,2.079693869062474,82048,23859,58189
12022,2.079520878389619,82048,23859,58189
12023,2.0793479164933877,82048,23859,58189
12024,2.0791749833666002,82048,23859,58189
12025,2.079002079002079,82048,23859,58189
12026,2.078829203392649,82048,23859,58189
12027,2.0786563565311384,82048,23859,58189
12028,2.0784835384103757,82048,23859,58189
12029,2.078310749023194,82028,23859,58169
12030,2.0781379883624274,82028,23859,58169
12031,2.077965256420913,82028,23859,58169
12032,2.077792553191489,82028,23859,58169
12033,2.077619878666999,82028,23859,58169
12034,2.077447232840286,82028,23859,58169
12035,2.077274615704196,82028,23859,58169
12036,2.0771020272515788,82028,23859,58169
12037,2.0769294674752845,82024,23875,58149
12038,2.0767569363681675,82024,23875,58149
12039,2.0765844339230832,82024,23875,58149
12040,2.0764119601328903,82024,23875,58149
12041,2.076239514990449,82024,23875,58149
12042,2.076067098488623,82024,23875,58149
12043,2.075894710620277,82024,23875,58149
12044,2.0757223513782797,82024,23875,58149
12045,2.0755500207555,82024,23875,58149
12046,2.0753777187448117,82024,23875,58149
12047,2.0752054453390887,82024,23875,58149
12048,2.0750332005312084,82024,23875,58149
12049,2.074860984314051,82024,23875,58149
12050,2.074688796680498,82024,23875,58149
12051,2.0745166376234336,82024,23875,58149
12052,2.074344507135745,82024,23875,58149
12053,2.074172405210321,82024,23875,58149
12054,2.074000331840053,82024,23875,58149
12055,2.073828287017835,82024,23875,58149
12056,2.0736562707365627,82024,23875,58149
12057,2.073484282989135,82024,23875,58149
12058,2.0733123237684525,82026,23875,58151
12059,2.0731403930674186,82026,23875,58151
12060,2.0729684908789388,82026,23875,58151
12061,2.072796617195921,82026,23875,58151
12062,2.072624772011275,82026,23875,58151
12063,2.0724529553179143,82026,23875,58151
12064,2.0722811671087533,82026,23875,58151
12065,2.0721094073767095,82026,23875,58151
12066,2.0719376761147026,82026,23875,58151
12067,2.0717659733156544,82026,23875,58151
12068,2.071594298972489,82026,23875,58151
12069,2.071422653078134,82026,23875,58151
12070,2.071251035625518,82026,23875,58151
12071,2.071079446607572,82026,23875,58151
12072,2.07090788601723,82026,23875,58151
12073,2.070736353847428,82026,23875,58151
12074,2.0705648500911047,82026,23875,58151
12075,2.070393374741201,82026,23875,58151
12076,2.070221927790659,82026,23875,58151
12077,2.0700505092324253,82026,23875,58151
12078,2.069879119059447,82026,23875,58151
12079,2.0697077572646743,82026,23875,58151
12080,2.0695364238410594,82026,23875,58151
12081,2.069365118781558,82026,23875,58151
12082,2.069193842079126,82026,23875,58151
12083,2.0690225937267237,82026,23875,58151
12084,2.068851373717312,82026,23875,58151
12085,2.068680182043856,82026,23875,58151
12086,2.0685090186993214,82026,23875,58151
12087,2.0683378836766773,82026,23875,58151
12088,2.0681667769688947,82026,23875,58151
12089,2.067995698568947,82026,23875,58151
12090,2.0678246484698097,82026,23875,58151
12091,2.067653626664461,82026,23875,58151
12092,2.0674826331458815,82026,23875,58151
12093,2.067311667907054,82006,23875,58131
12094,2.0671407309409626,82006,23875,58131
12095,2.0669698222405954,82006,23875,58131
12096,2.066798941798942,82006,23875,58131
12097,2.066628089608994,82006,23875,58131
12098,2.066457265663746,82006,23875,58131
12099,2.0662864699561947,82006,23875,58131
12100,2.0661157024793386,82006,23875,58131
12101,2.0659449632261797,82006,23875,58131
12102,2.065774252189721,82006,23875,58131
12103,2.0656035693629677,82006,23875,58131
12104,2.0654329147389294,82006,23875,58131
12105,2.0652622883106155,82006,23875,58131
12106,2.065091690071039,82006,23875,58131
12107,2.0649211200132154,82006,23875,58131
12108,2.064750578130162,82006,23875,58131
12109,2.064580064414898,82006,23875,58131
12110,2.0644095788604457,82006,23875,58131
12111,2.06423912145983,82006,23875,58131
12112,2.0640686922060767,82006,23875,58131
12113,2.063898291092215,81996,23875,58121
12114,2.0637279181112764,81996,23875,58121
12115,2.063557573256294,81996,23875,58121
12116,2.0633872565203037,81996,23875,58121
12117,2.063216967896344,81996,23875,58121
12118,2.063046707377455,81996,23875,58121
12119,2.0628764749566795,81996,23875,58121
12120,2.062706270627063,81996,23875,58121
12121,2.0625360943816515,81996,23875,58121
12122,2.0623659462134962,81996,23875,58121
12123,2.062195826115648,81996,23875,58121
12124,2.0620257340811614,81996,23875,58121
12125,2.0618556701030926,81996,23875,58121
12126,2.061685634174501,81996,23875,58121
12127,2.0615156262884473,81996,23875,58121
12128,2.061345646437995,81996,23875,58121
12129,2.061175694616209,81996,23875,58121
12130,2.061005770816158,81996,23875,58121
12131,2.0608358750309126,81996,23875,58121
12132,2.0606660072535443,81996,23875,58121
12133,2.0604961674771283,81996,23875,58121
12134,2.060326355694742,81996,23875,58121
12135,2.0601565718994643,81996,23875,58121
12136,2.0599868160843773,81936,23875,58061
12137,2.059817088242564,81936,23875,58061
12138,2.0596473883671114,81936,23875,58061
12139,2.059477716451108,81936,23875,58061
12140,2.059308072487644,81936,23875,58061
12141,2.059138456469813,81936,23875,58061
12142,2.05896886839071,81937,23875,58062
12143,2.0587993082434326,81937,23875,58062
12144,2.0586297760210805,81937,23875,58062
12145,2.058460271716756,81937,23875,58062
12146,2.0582907953235634,81937,23875,58062
12147,2.0581213468346093,81937,23875,58062
12148,2.057951926243003,81920,23875,58045
12149,2.057782533541855,81920,23875,58045
12150,2.05761316872428,81920,23875,58045
12151,2.0574438317833925,81920,23875,58045
12152,2.057274522712311,81920,23875,58045
12153,2.0571052415041553,81920,23875,58045
12154,2.056935988152049,81920,23875,58045
12155,2.0567667626491155,81920,23875,58045
12156,2.056597564988483,81920,23875,58045
12157,2.0564283951632802,81920,23875,58045
12158,2.056259253166639,81920,23875,58045
12159,2.0560901389916935,81920,23875,58045
12160,2.0559210526315788,81929,23854,58075
12161,2.055751994079434,81929,23854,58075
12162,2.0555829633284,81929,23854,58075
12163,2.055413960371619,81929,23854,58075
12164,2.0552449852022363,81929,23854,58075
12165,2.055076037813399,81929,23854,58075
12166,2.0549071181982574,81929,23854,58075
12167,2.054738226349963,81929,23854,58075
12168,2.05456936226167,81929,23854,58075
12169,2.0544005259265345,81929,23854,58075
12170,2.0542317173377156,81929,23854,58075
12171,2.054062936488374,81929,23854,58075
12172,2.0538941833716726,81929,23854,58075
12173,2.0537254579807773,81929,23854,58075
12174,2.053556760308855,81929,23854,58075
12175,2.0533880903490758,81929,23854,58075
12176,2.0532194480946124,81929,23854,58075
12177,2.0530508335386384,81929,23854,58075
12178,2.0528822466743306,81929,23854,58075
12179,2.0527136874948684,81929,23854,58075
12180,2.052545155993432,81929,23854,58075
12181,2.052376652163205,81929,23854,58075
12182,2.0522081759973734,81929,23854,58075
12183,2.052039727489124,81929,23854,58075
12184,2.051871306631648,81929,23854,58075
12185,2.0517029134181373,81929,23854,58075
12186,2.0515345478417855,81929,23854,58075
12187,2.0513662098957908,81929,23854,58075
12188,2.0511978995733506,81929,23854,58075
12189,2.0510296168676674,81929,23854,58075
12190,2.0508613617719442,81929,23854,58075
12191,2.0506931342793866,81929,23854,58075
12192,2.050524934383202,81929,23854,58075
12193,2.0503567620766012,81929,23854,58075
12194,2.0501886173527963,81929,23854,58075
12195,2.0500205002050023,81929,23854,58075
12196,2.049852410626435,81929,23854,58075
12197,2.049684348610314,81929,23854,58075
12198,2.0495163141498605,81929,23854,58075
12199,2.049348307238298,81929,23854,58075
12200,2.0491803278688523,81929,23854,58075
12201,2.049012376034751,81929,23854,58075
12202,2.0488444517292246,81929,23854,58075
12203,2.048676554945505,81929,23854,58075
12204,2.0485086856768273,81929,23854,58075
12205,2.048340843916428,81929,23854,58075
12206,2.0481730296575456,81929,23854,58075
12207,2.0480052428934217,81929,23854,58075
12208,2.0478374836173003,81929,23854,58075
12209,2.047669751822426,81929,23854,58075
12210,2.0475020475020473,81929,23854,58075
12211,2.0473343706494145,81929,23854,58075
12212,2.047166721257779,81929,23854,58075
12213,2.0469990993203964,81929,23854,58075
12214,2.0468315048305223,81929,23854,58075
12215,2.046663937781416,81929,23854,58075
12216,2.0464963981663393,81929,23854,58075
12217,2.0463288859785544,81929,23854,58075
12218,2.0461614012113274,81929,23854,58075
12219,2.045993943857926,81929,23854,58075
12220,2.0458265139116203,81929,23854,58075
12221,2.045659111365682,81929,23854,58075
12222,2.0454917362133855,81929,23854,58075
12223,2.045324388448008,81929,23854,58075
12224,2.045157068062827,81929,23854,58075
12225,2.044989775051125,81929,23854,58075
12226,2.0448225094061834,81929,23854,58075
12227,2.044655271121289,81929,23854,58075
12228,2.0444880601897286,81929,23854,58075
12229,2.044320876604792,81929,23854,58075
12230,2.044153720359771,81929,23854,58075
12231,2.0439865914479602,81929,23854,58075
12232,2.0438194898626554,81929,23854,58075
12233,2.043652415597155,81929,23854,58075
12234,2.0434853686447605,81929,23854,58075
12235,2.043318348998774,81929,23854,58075
12236,2.043151356652501,81929,23854,58075
12237,2.0429843915992483,81929,23854,58075
12238,2.0428174538323254,81929,23854,58075
12239,2.0426505433450446,81929,23854,58075
12240,2.042483660130719,81929,23854,58075
12241,2.042316804182665,81929,23854,58075
12242,2.0421499754942003,81929,23854,58075
12243,2.041983174058646,81929,23854,58075
12244,2.0418163998693237,81927,23854,58073
12245,2.041649652919559,81927,23854,58073
12246,2.0414829332026785,81927,23854,58073
12247,2.041316240712011,81927,23854,58073
12248,2.041149575440888,81927,23854,58073
12249,2.0409829373826436,81871,23854,58017
12250,2.0408163265306123,81871,23854,58017
12251,2.0406497428781325,81871,23854,58017
12252,2.0404831864185438,81871,23854,58017
12253,2.0403166571451887,81869,23854,58015
12254,2.040150155051412,81869,23854,58015
12255,2.039983680130559,81869,23854,58015
12256,2.039817232375979,81869,23854,58015
12257,2.0396508117810233,81869,23854,58015
12258,2.0394844183390437,81869,23854,58015
12259,2.039318052043397,81869,23854,58015
12260,2.039151712887439,81869,23854,58015
12261,2.03898540086453,81869,23854,58015
12262,2.0388191159680313,81869,23854,58015
12263,2.0386528581913073,81869,23854,58015
12264,2.0384866275277234,81869,23854,58015
12265,2.038320423970648,81869,23854,58015
12266,2.038154247513452,81869,23854,58015
12267,2.0379880981495067,81869,23854,58015
12268,2.0378219758721876,81869,23854,58015
12269,2.0376558806748717,81869,23854,58015
12270,2.037489812550937,81869,23854,58015
12271,2.037323771493766,81869,23854,58015
12272,2.0371577574967406,81869,23854,58015
12273,2.036991770553247,81869,23854,58015
12274,2.036825810656673,81869,23854,58015
12275,2.0366598778004072,81869,23854,58015
12276,2.0364939719778428,81869,23854,58015
12277,2.0363280931823735,81869,23854,58015
12278,2.0361622414073954,81869,23854,58015
12279,2.0359964166463067,81869,23854,58015
12280,2.035830618892508,81869,23854,58015
12281,2.0356648481394024,81869,23854,58015
12282,2.0354991043803943,81869,23854,58015
12283,2.0353333876088904,81869,23854,58015
12284,2.0351676978183004,81860,23875,57985
12285,2.035002035002035,81860,23875,57985
12286,2.034836399153508,81860,23875,57985
12287,2.034670790266135,81860,23875,57985
12288,2.0345052083333335,81860,23875,57985
12289,2.034339653348523,81860,23875,57985
12290,2.034174125305126,81860,23875,57985
12291,2.0340086241965665,81860,23875,57985
12292,2.0338431500162706,81860,23875,57985
12293,2.033677702757667,81860,23875,57985
12294,2.033512282414186,81860,23875,57985
12295,2.03334688897926,81850,23875,57975
12296,2.033181522446324,81850,23875,57975
12297,2.033016182808815,81850,23875,57975
12298,2.032850870060172,81850,23875,57975
12299,2.0326855841938367,81850,23875,57975
12300,2.032520325203252,81850,23875,57975
12301,2.0323550930818635,81850,23875,57975
12302,2.0321898878231184,81850,23875,57975
12303,2.0320247094204666,81850,23875,57975
12304,2.03185955786736,81850,23875,57975
12305,2.031694433157253,81850,23875,57975
12306,2.0315293352836017,81850,23875,57975
12307,2.0313642642398633,81850,23875,57975
12308,2.0311992200194995,81850,23875,57975
12309,2.031034202615972,81850,23875,57975
12310,2.0308692120227456,81850,23875,57975
12311,2.0307042482332873,81850,23875,57975
12312,2.0305393112410655,81850,23875,57975
12313,2.030374401039552,81850,23875,57975
12314,2.0302095176222186,81850,23875,57975
12315,2.0300446609825418,81850,23875,57975
12316,2.029879831113998,81850,23875,57975
12317,2.0297150280100675,81850,23875,57975
12318,2.029550251664231,81850,23875,57975
12319,2.029385502069973,81850,23875,57975
12320,2.029220779220779,81850,23875,57975
12321,2.029056083110137,81850,23875,57975
12322,2.0288914137315373,81850,23875,57975
12323,2.028726771078471,81850,23875,57975
12324,2.0285621551444337,81850,23875,57975
12325,2.028397565922921,81850,23875,57975
12326,2.0282330034074314,81850,23875,57975
12327,2.0280684675914658,81850,23875,57975
12328,2.027903958468527,81850,23875,57975
12329,2.0277394760321195,81850,23875,57975
12330,2.02757502027575,81850,23875,57975
12331,2.0274105911929285,81850,23875,57975
12332,2.027246188777165,81850,23875,57975
12333,2.0270818130219737,81850,23875,57975
12334,2.0269174639208694,81850,23875,57975
12335,2.026753141467369,81850,23875,57975
12336,2.0265888456549934,81850,23875,57975
12337,2.0264245764772637,81850,23875,57975
12338,2.026260333927703,81850,23875,57975
12339,2.026096117999838,81850,23875,57975
12340,2.025931928687196,81850,23875,57975
12341,2.0257677659833075,81850,23875,57975
12342,2.025603629881705,81850,23875,57975
12343,2.0254395203759215,81850,23875,57975
12344,2.0252754374594946,81850,23875,57975
12345,2.025111381125962,81850,23875,57975
12346,2.0249473513688643,81850,23875,57975
12347,2.0247833481817445,81850,23875,57975
12348,2.024619371558147,81850,23875,57975
12349,2.0244554214916186,81850,23875,57975
12350,2.0242914979757085,81850,23875,57975
12351,2.0241276010039675,81850,23875,57975
12352,2.0239637305699483,81850,23875,57975
12353,2.0237998866672062,81850,23875,57975
12354,2.023636069289299,81850,23875,57975
12355,2.0234722784297854,81850,23875,57975
12356,2.023308514082227,81850,23875,57975
12357,2.023144776240188,81850,23875,57975
12358,2.0229810648972326,81850,23875,57975
12359,2.0228173800469293,81850,23875,57975
12360,2.0226537216828477,81850,23875,57975
12361,2.02249008979856,81850,23875,57975
12362,2.0223264843876394,81850,23875,57975
12363,2.0221629054436625,81850,23875,57975
12364,2.021999352960207,81850,23875,57975
12365,2.0218358269308534,81830,23875,57955
12366,2.0216723273491835,81830,23875,57955
12367,2.0215088542087813,81830,23875,57955
12368,2.021345407503234,81830,23875,57955
12369,2.0211819872261296,81830,23875,57955
12370,2.021018593371059,81830,23875,57955
12371,2.0208552259316144,81830,23875,57955
12372,2.02069188490139,81830,23875,57955
12373,2.0205285702739837,81830,23875,57955
12374,2.0203652820429934,81830,23875,57955
12375,2.0202020202020203,81830,23875,57955
12376,2.020038784744667,81830,23875,57955
12377,2.019875575664539,81830,23875,57955
12378,2.019712392955243,81830,23875,57955
12379,2.0195492366103887,81830,23875,57955
12380,2.0193861066235863,81830,23875,57955
12381,2.01922300298845,81830,23875,57955
12382,2.0190599256985946,81830,23875,57955
12383,2.0188968747476377,81830,23875,57955
12384,2.018733850129199,81830,23875,57955
12385,2.0185708518368997,81830,23875,57955
12386,2.018407879864363,81830,23875,57955
12387,2.018244934205215,81830,23875,57955
12388,2.018082014853084,81830,23875,57955
12389,2.017919121801598,81830,23875,57955
12390,2.017756255044391,81830,23875,57955
12391,2.017593414575095,81830,23875,57955
12392,2.0174306003873466,81830,23875,57955
12393,2.0172678124747843,81830,23875,57955
12394,2.0171050508310473,81830,23875,57955
12395,2.016942315449778,81830,23875,57955
12396,2.016779606324621,81830,23875,57955
12397,2.0166169234492215,81830,23875,57955
12398,2.0164542668172287,81830,23875,57955
12399,2.016291636422292,81830,23875,57955
12400,2.0161290322580645,81830,23875,57955
12401,2.0159664543182,81830,23875,57955
12402,2.0158039025963554,81830,23875,57955
12403,2.015641377086189,81830,23875,57955
12404,2.015478877781361,81830,23875,57955
12405,2.015316404675534,81830,23875,57955
12406,2.015153957762373,81830,23875,57955
12407,2.0149915370355442,81830,23875,57955
12408,2.014829142488717,81830,23875,57955
12409,2.0146667741155615,81830,23875,57955
12410,2.0145044319097503,81830,23875,57955
12411,2.0143421158649586,81830,23875,57955
12412,2.014179825974863,81830,23875,57955
12413,2.0140175622331427,81830,23875,57955
12414,2.0138553246334783,81830,23875,57955
12415,2.013693113169553,81830,23875,57955
12416,2.0135309278350517,81830,23875,57955
12417,2.013368768623661,81830,23875,57955
12418,2.0132066355290705,81830,23875,57955
12419,2.0130445285449716,81830,23875,57955
12420,2.0128824476650564,81830,23875,57955
12421,2.0127203928830206,81830,23875,57955
12422,2.0125583641925617,81830,23875,57955
12423,2.012396361587378,81830,23875,57955
12424,2.012234385061172,81830,23875,57955
12425,2.0120724346076457,81830,23875,57955
12426,2.0119105102205053,81830,23875,57955
12427,2.011748611893458,81830,23875,57955
12428,2.0115867396202125,81830,23875,57955
12429,2.0114248933944805,81830,23875,57955
12430,2.011263073209976,81830,23875,57955
12431,2.0111012790604135,81830,23875,57955
12432,2.0109395109395107,81830,23875,57955
12433,2.010777768840988,81830,23875,57955
12434,2.0106160527585653,81830,23875,57955
12435,2.0104543626859672,81830,23875,57955
12436,2.0102926986169187,81830,23875,57955
12437,2.0101310605451475,81830,23875,57955
12438,2.0099694484643833,81830,23875,57955
12439,2.0098078623683575,81830,23875,57955
12440,2.009646302250804,81830,23875,57955
12441,2.009484768105458,81830,23875,57955
12442,2.009323259926057,81830,23875,57955
12443,2.009161777706341,81830,23875,57955
12444,2.0090003214400514,81830,23875,57955
12445,2.008838891120932,81830,23875,57955
12446,2.0086774867427284,81830,23875,57955
12447,2.0085161082991885,81830,23875,57955
12448,2.0083547557840618,81830,23875,57955
12449,2.0081934291911,81830,23875,57955
12450,2.0080321285140563,81830,23875,57955
12451,2.007870853746687,81830,23875,57955
12452,2.00770960488275,81830,23875,57955
12453,2.007548381916004,81830,23875,57955
12454,2.007387184840212,81830,23875,57955
12455,2.007226013649137,81830,23875,57955
12456,2.0070648683365446,81830,23875,57955
12457,2.006903748896203,81830,23875,57955
12458,2.0067426553218817,81830,23875,57955
12459,2.0065815876073523,81830,23875,57955
12460,2.0064205457463884,81830,23875,57955
12461,2.006259529732766,81830,23875,57955
12462,2.0060985395602633,81830,23875,57955
12463,2.005937575222659,81830,23875,57955
12464,2.0057766367137355,81830,23875,57955
12465,2.0056157240272765,81830,23875,57955
12466,2.005454837157067,81830,23875,57955
12467,2.0052939760968957,81830,23875,57955
12468,2.005133140840552,81830,23875,57955
12469,2.004972331381827,81830,23875,57955
12470,2.0048115477145148,81830,23875,57955
12471,2.0046507898324113,81830,23875,57955
12472,2.004490057729314,81830,23875,57955
12473,2.0043293513990217,81830,23875,57955
12474,2.0041686708353375,81830,23875,57955
12475,2.004008016032064,81830,23875,57955
12476,2.0038473869830074,81830,23875,57955
12477,2.003686783681975,81807,23875,57932
12478,2.003526206122776,81807,23875,57932
12479,2.003365654299223,81751,23875,57876
12480,2.003205128205128,81751,23875,57876
12481,2.003044627834308,81751,23875,57876
12482,2.00288415318058,81751,23875,57876
12483,2.0027237042377632,81725,23875,57850
12484,2.0025632809996794,81725,23875,57850
12485,2.002402883460152,81725,23875,57850
12486,2.0022425116130065,81725,23875,57850
12487,2.00208216545207,81725,23875,57850
12488,2.0019218449711724,81725,23875,57850
12489,2.0017615501641446,81725,23875,57850
12490,2.00160128102482,81725,23875,57850
12491,2.0014410375470337,81725,23875,57850
12492,2.0012808197246237,81725,23875,57850
12493,2.001120627551429,81725,23875,57850
12494,2.00096046102129,81725,23875,57850
12495,2.000800320128051,81725,23875,57850
12496,2.000640204865557,81725,23875,57850
12497,2.0004801152276546,81725,23875,57850
12498,2.000320051208193,81725,23875,57850
12499,2.000160012801024,81725,23875,57850
12500,2,81725,23875,57850
12501,1.9998400127989762,81725,23875,57850
12502,1.9996800511918094,81725,23875,57850
12503,1.9995201151723587,81725,23875,57850
12504,1.999360204734485,81725,23875,57850
12505,1.9992003198720512,81725,23875,57850
12506,1.999040460578922,81725,23875,57850
12507,1.9988806268489645,81725,23875,57850
12508,1.9987208186760472,81725,23875,57850
12509,1.9985610360540411,81725,23875,57850
12510,1.9984012789768186,81725,23875,57850
12511,1.9982415474382544,81725,23875,57850
12512,1.998081841432225,81725,23875,57850
12513,1.9979221609526092,81725,23875,57850
12514,1.9977625059932875,81725,23875,57850
12515,1.9976028765481422,81725,23875,57850
12516,1.9974432726110578,81725,23875,57850
12517,1.9972836941759207,81725,23875,57850
12518,1.9971241412366192,81725,23875,57850
12519,1.9969646137870436,81725,23875,57850
12520,1.9968051118210863,81725,23875,57850
12521,1.9966456353326412,81725,23875,57850
12522,1.9964861843156045,81725,23875,57850
12523,1.9963267587638744,81725,23875,57850
12524,1.996167358671351,81725,23875,57850
12525,1.996007984031936,81725,23875,57850
12526,1.9958486348395337,81725,23875,57850
12527,1.9956893110880498,81725,23875,57850
12528,1.9955300127713922,81725,23875,57850
12529,1.9953707398834704,81725,23875,57850
12530,1.9952114924181963,81725,23875,57850
12531,1.9950522703694837,81725,23875,57850
12532,1.994893073731248,81725,23875,57850
12533,1.994733902497407,81725,23875,57850
12534,1.9945747566618797,81725,23875,57850
12535,1.9944156362185879,81725,23875,57850
12536,1.994256541161455,81725,23875,57850
12537,1.9940974714844062,81725,23875,57850
12538,1.9939384271813687,81725,23875,57850
12539,1.9937794082462716,81725,23875,57850
12540,1.9936204146730463,81725,23875,57850
12541,1.9934614464556255,81725,23875,57850
12542,1.9933025035879446,81725,23875,57850
12543,1.9931435860639402,81725,23875,57850
12544,1.992984693877551,81725,23875,57850
12545,1.9928258270227182,81725,23875,57850
12546,1.9926669854933843,81725,23875,57850
12547,1.992508169283494,81725,23875,57850
12548,1.9923493783869939,81725,23875,57850
12549,1.9921906127978326,81725,23875,57850
12550,1.9920318725099602,81725,23875,57850
12551,1.9918731575173294,81725,23875,57850
12552,1.9917144678138943,81725,23875,57850
12553,1.9915558033936112,81725,23875,57850
12554,1.991397164250438,81725,23875,57850
12555,1.9912385503783354,81725,23875,57850
12556,1.9910799617712647,81725,23875,57850
12557,1.9909213984231902,81725,23875,57850
12558,1.9907628603280778,81725,23875,57850
12559,1.990604347479895,81725,23875,57850
12560,1.9904458598726114,81725,23875,57850
12561,1.9902873975001991,81725,23875,57850
12562,1.990128960356631,81725,23875,57850
12563,1.9899705484358832,81725,23875,57850
12564,1.9898121617319324,81725,23875,57850
12565,1.9896538002387585,81725,23875,57850
12566,1.9894954639503422,81725,23875,57850
12567,1.989337152860667,81725,23875,57850
12568,1.9891788669637174,81725,23875,57850
12569,1.9890206062534808,81725,23875,57850
12570,1.988862370723946,81725,23875,57850
12571,1.9887041603691036,81725,23875,57850
12572,1.9885459751829462,81725,23875,57850
12573,1.9883878151594687,81725,23875,57850
12574,1.9882296802926673,81725,23875,57850
12575,1.9880715705765408,81725,23875,57850
12576,1.987913486005089,81725,23875,57850
12577,1.9877554265723145,81725,23875,57850
12578,1.9875973922722214,81725,23875,57850
12579,1.9874393830988155,81725,23875,57850
12580,1.987281399046105,81725,23875,57850
12581,1.9871234401080995,81725,23875,57850
12582,1.986965506278811,81725,23875,57850
12583,1.986807597552253,81725,23875,57850
12584,1.9866497139224413,81725,23875,57850
12585,1.986491855383393,81725,23875,57850
12586,1.9863340219291277,81725,23875,57850
12587,1.9861762135536665,81727,23875,57852
12588,1.9860184302510326,81727,23875,57852
12589,1.9858606720152514,81727,23875,57852
12590,1.9857029388403495,81727,23875,57852
12591,1.9855452307203558,81727,23875,57852
12592,1.9853875476493013,81727,23875,57852
12593,1.9852298896212182,81727,23875,57852
12594,1.9850722566301413,81727,23875,57852
12595,1.9849146486701073,81727,23875,57852
12596,1.984757065735154,81727,23875,57852
12597,1.9845995078193222,81727,23875,57852
12598,1.9844419749166535,81727,23875,57852
12599,1.984284467021192,81727,23875,57852
12600,1.9841269841269842,81727,23875,57852
12601,1.9839695262280772,81727,23875,57852
12602,1.9838120933185208,81727,23875,57852
12603,1.983654685392367,81727,23875,57852
12604,1.9834973024436686,81727,23875,57852
12605,1.9833399444664817,81727,23875,57852
12606,1.9831826114548627,81727,23875,57852
12607,1.9830253034028715,81727,23875,57852
12608,1.9828680203045685,81727,23875,57852
12609,1.982710762154017,81727,23875,57852
12610,1.9825535289452816,81727,23875,57852
12611,1.9823963206724289,81727,23875,57852
12612,1.9822391373295274,81727,23875,57852
12613,1.9820819789106476,81727,23875,57852
12614,1.9819248454098621,81727,23875,57852
12615,1.9817677368212445,81727,23875,57852
12616,1.9816106531388713,81727,23875,57852
12617,1.9814535943568201,81727,23875,57852
12618,1.981296560469171,81727,23875,57852
12619,1.9811395514700056,81727,23875,57852
12620,1.9809825673534074,81727,23875,57852
12621,1.9808256081134616,81727,23875,57852
12622,1.980668673744256,81727,23875,57852
12623,1.9805117642398795,81727,23875,57852
12624,1.9803548795944232,81727,23875,57852
12625,1.9801980198019802,81727,23875,57852
12626,1.980041184856645,81727,23875,57852
12627,1.9798843747525146,81727,23875,57852
12628,1.979727589483687,81727,23875,57852
12629,1.9795708290442633,81727,23875,57852
12630,1.9794140934283453,81727,23875,57852
12631,1.9792573826300373,81727,23875,57852
12632,1.9791006966434452,81727,23875,57852
12633,1.978944035462677,81727,23875,57852
12634,1.9787873990818428,81727,23875,57852
12635,1.9786307874950535,81727,23875,57852
12636,1.9784742006964229,81727,23875,57852
12637,1.9783176386800665,81727,23875,57852
12638,1.9781611014401013,81727,23875,57852
12639,1.9780045889706463,81727,23875,57852
12640,1.9778481012658229,81727,23875,57852
12641,1.9776916383197531,81727,23875,57852
12642,1.9775352001265623,81727,23875,57852
12643,1.9773787866803765,81727,23875,57852
12644,1.9772223979753243,81727,23875,57852
12645,1.9770660340055357,81729,23875,57854
12646,1.9769096947651432,81729,23875,57854
12647,1.9767533802482802,81729,23875,57854
12648,1.9765970904490828,81729,23875,57854
12649,1.9764408253616887,81729,23875,57854
12650,1.976284584980237,81729,23875,57854
12651,1.9761283692988696,81729,23875,57854
12652,1.9759721783117294,81729,23875,57854
12653,1.9758160120129613,81729,23875,57854
12654,1.9756598703967125,81729,23875,57854
12655,1.9755037534571316,81729,23875,57854
12656,1.9753476611883691,81729,23875,57854
12657,1.9751915935845776,81729,23875,57854
12658,1.9750355506399115,81729,23875,57854
12659,1.9748795323485266,81729,23875,57854
12660,1.9747235387045814,81729,23875,57854
12661,1.9745675697022351,81729,23875,57854
12662,1.97441162533565,81729,23875,57854
12663,1.974255705598989,81729,23875,57854
12664,1.9740998104864182,81729,23875,57854
12665,1.9739439399921042,81729,23875,57854
12666,1.9737880941102164,81729,23875,57854
12667,1.9736322728349254,81729,23875,57854
12668,1.9734764761604042,81729,23875,57854
12669,1.9733207040808272,81729,23875,57854
12670,1.973164956590371,81729,23875,57854
12671,1.9730092336832137,81729,23875,57854
12672,1.9728535353535352,81729,23875,57854
12673,1.972697861595518,81729,23875,57854
12674,1.9725422124033454,81729,23875,57854
12675,1.9723865877712032,81729,23875,57854
12676,1.9722309876932786,81729,23875,57854
12677,1.9720754121637611,81729,23875,57854
12678,1.9719198611768418,81729,23875,57854
12679,1.9717643347267135,81729,23875,57854
12680,1.971608832807571,81729,23875,57854
12681,1.9714533554136109,81729,23875,57854
12682,1.9712979025390316,81729,23875,57854
12683,1.9711424741780337,81729,23875,57854
12684,1.9709870703248187,81729,23875,57854
12685,1.9708316909735908,81729,23875,57854
12686,1.970676336118556,81729,23875,57854
12687,1.9705210057539213,81729,23875,57854
12688,1.9703656998738965,81729,23875,57854
12689,1.970210418472693,81729,23875,57854
12690,1.9700551615445232,81729,23875,57854
12691,1.9698999290836026,81729,23875,57854
12692,1.9697447210841474,81729,23875,57854
12693,1.9695895375403767,81729,23875,57854
12694,1.9694343784465103,81729,23875,57854
12695,1.9692792437967703,81729,23875,57854
12696,1.9691241335853813,81729,23875,57854
12697,1.9689690478065685,81729,23875,57854
12698,1.9688139864545597,81729,23875,57854
12699,1.9686589495235844,81729,23875,57854
12700,1.968503937007874,81729,23875,57854
12701,1.9683489489016612,81729,23875,57854
12702,1.9681939851991812,81729,23875,57854
12703,1.9680390458946706,81729,23875,57854
12704,1.9678841309823678,81729,23875,57854
12705,1.9677292404565132,81729,23875,57854
12706,1.967574374311349,81729,23875,57854
12707,1.967419532541119,81729,23875,57854
12708,1.9672647151400693,81729,23875,57854
12709,1.967109922102447,81729,23875,57854
12710,1.966955153422502,81729,23875,57854
12711,1.966800409094485,81729,23875,57854
12712,1.9666456891126494,81729,23875,57854
12713,1.96649099347125,81729,23875,57854
12714,1.9663363221645431,81729,23875,57854
12715,1.9661816751867873,81729,23875,57854
12716,1.9660270525322427,81729,23875,57854
12717,1.9658724541951718,81729,23875,57854
12718,1.965717880169838,81729,23875,57854
12719,1.9655633304505071,81710,23875,57835
12720,1.9654088050314464,81710,23875,57835
12721,1.9652543039069255,81710,23875,57835
12722,1.9650998270712152,81710,23875,57835
12723,1.9649453745185883,81710,23875,57835
12724,1.9647909462433197,81710,23875,57835
12725,1.9646365422396856,81710,23875,57835
12726,1.9644821625019644,81710,23875,57835
12727,1.9643278070244363,81710,23875,57835
12728,1.9641734758013827,81710,23875,57835
12729,1.9640191688270878,81710,23875,57835
12730,1.9638648860958365,81710,23875,57835
12731,1.9637106276019165,81710,23875,57835
12732,1.9635563933396167,81710,23875,57835
12733,1.9634021833032278,81710,23875,57835
12734,1.9632479974870425,81710,23875,57835
12735,1.9630938358853554,81710,23875,57835
12736,1.9629396984924623,81710,23875,57835
12737,1.9627855853026615,81710,23875,57835
12738,1.9626314963102527,81710,23875,57835
12739,1.9624774315095377,81710,23875,57835
12740,1.9623233908948194,81710,23875,57835
12741,1.9621693744604034,81710,23875,57835
12742,1.9620153822005963,81710,23875,57835
12743,1.9618614141097073,81710,23875,57835
12744,1.9617074701820465,81710,23875,57835
12745,1.9615535504119261,81710,23875,57835
12746,1.9613996547936607,81710,23875,57835
12747,1.961245783321566,81710,23875,57835
12748,1.9610919359899592,81710,23875,57835
12749,1.9609381127931602,81710,23875,57835
12750,1.9607843137254901,81710,23875,57835
12751,1.9606305387812721,81710,23875,57835
12752,1.9604767879548306,81710,23875,57835
12753,1.9603230612404925,81710,23875,57835
12754,1.960169358632586,81710,23875,57835
12755,1.960015680125441,81710,23875,57835
12756,1.9598620257133899,81710,23875,57835
12757,1.959708395390766,81710,23875,57835
12758,1.9595547891519047,81710,23875,57835
12759,1.9594012069911435,81710,23875,57835
12760,1.9592476489028212,81710,23875,57835
12761,1.9590941148812788,81710,23875,57835
12762,1.9589406049208589,81710,23875,57835
12763,1.9587871190159054,81710,23875,57835
12764,1.9586336571607645,81710,23875,57835
12765,1.9584802193497846,81710,23875,57835
12766,1.9583268055773146,81710,23875,57835
12767,1.9581734158377067,81710,23875,57835
12768,1.9580200501253133,81710,23875,57835
12769,1.9578667084344898,81710,23875,57835
12770,1.9577133907595927,81710,23875,57835
12771,1.957560097094981,81710,23875,57835
12772,1.957406827435014,81710,23875,57835
12773,1.9572535817740546,81710,23875,57835
12774,1.9571003601064663,81710,23875,57835
12775,1.9569471624266144,81710,23875,57835
12776,1.9567939887288666,81710,23875,57835
12777,1.9566408390075918,81710,23875,57835
12778,1.9564877132571608,81710,23875,57835
12779,1.9563346114719462,81710,23875,57835
12780,1.9561815336463224,81710,23875,57835
12781,1.9560284797746654,81710,23875,57835
12782,1.9558754498513535,81710,23875,57835
12783,1.9557224438707659,81710,23875,57835
12784,1.955569461827284,81710,23875,57835
12785,1.9554165037152913,81710,23875,57835
12786,1.9552635695291725,81710,23875,57835
12787,1.9551106592633143,81710,23875,57835
12788,1.954957772912105,81710,23875,57835
12789,1.9548049104699352,81710,23875,57835
12790,1.9546520719311962,81710,23875,57835
12791,1.9544992572902822,81710,23875,57835
12792,1.9543464665415884,81710,23875,57835
12793,1.9541936996795122,81710,23875,57835
12794,1.9540409566984525,81710,23875,57835
12795,1.9538882375928097,81710,23875,57835
12796,1.9537355423569867,81710,23875,57835
12797,1.9535828709853873,81710,23875,57835
12798,1.9534302234724175,81710,23875,57835
12799,1.9532775998124854,81710,23875,57835
12800,1.953125,81710,23875,57835
12801,1.9529724240293727,81710,23875,57835
12802,1.9528198718950165,81710,23875,57835
12803,1.9526673435913457,81710,23875,57835
12804,1.9525148391127773,81710,23875,57835
12805,1.952362358453729,81710,23875,57835
12806,1.952209901608621,81710,23875,57835
12807,1.9520574685718748,81710,23875,57835
12808,1.9519050593379137,81710,23875,57835
12809,1.9517526739011632,81710,23875,57835
12810,1.95160031225605,81710,23875,57835
12811,1.9514479743970026,81710,23875,57835
12812,1.9512956603184515,81710,23875,57835
12813,1.9511433700148286,81710,23875,57835
12814,1.950991103480568,81710,23875,57835
12815,1.9508388607101053,81710,23875,57835
12816,1.9506866416978776,81710,23875,57835
12817,1.950534446438324,81710,23875,57835
12818,1.9503822749258855,81710,23875,57835
12819,1.9502301271550042,81702,23875,57827
12820,1.9500780031201248,81702,23875,57827
12821,1.949925902815693,81702,23875,57827
12822,1.9497738262361566,81702,23875,57827
12823,1.949621773375965,81702,23875,57827
12824,1.9494697442295696,81702,23875,57827
12825,1.949317738791423,81702,23875,57827
12826,1.94916575705598,81702,23875,57827
12827,1.949013799017697,81702,23875,57827
12828,1.948861864671032,81702,23875,57827
12829,1.9487099540104451,81702,23875,57827
12830,1.9485580670303975,81656,23875,57781
12831,1.9484062037253527,81656,23875,57781
12832,1.9482543640897756,81656,23875,57781
12833,1.9481025481181329,81656,23875,57781
12834,1.9479507558048932,81656,23875,57781
12835,1.9477989871445267,81656,23875,57781
12836,1.9476472421315052,81656,23875,57781
12837,1.9474955207603022,81656,23875,57781
12838,1.9473438230253934,81656,23875,57781
12839,1.9471921489212556,81656,23875,57781
12840,1.9470404984423677,81656,23875,57781
12841,1.94688887158321,81656,23875,57781
12842,1.946737268338265,81656,23875,57781
12843,1.9465856887020168,81656,23875,57781
12844,1.9464341326689505,81656,23875,57781
12845,1.9462826002335538,81656,23875,57781
12846,1.946131091390316,81656,23875,57781
12847,1.9459796061337278,81656,23875,57781
12848,1.9458281444582815,81656,23875,57781
12849,1.9456767063584715,81656,23875,57781
12850,1.9455252918287937,81656,23875,57781
12851,1.945373900863746,81656,23875,57781
12852,1.9452225334578275,81656,23875,57781
12853,1.9450711896055395,81656,23875,57781
12854,1.9449198693013847,81656,23875,57781
12855,1.9447685725398678,81656,23875,57781
12856,1.9446172993154947,81656,23875,57781
12857,1.9444660496227737,81656,23875,57781
12858,1.944314823456214,81656,23875,57781
12859,1.9441636208103275,81656,23875,57781
12860,1.9440124416796267,81656,23875,57781
12861,1.9438612860586268,81656,23875,57781
12862,1.9437101539418442,81656,23875,57781
12863,1.943559045323797,81656,23875,57781
12864,1.943407960199005,81656,23875,57781
12865,1.9432568985619898,81656,23875,57781
12866,1.943105860407275,81656,23875,57781
12867,1.9429548457293853,81656,23875,57781
12868,1.9428038545228474,81656,23875,57781
12869,1.9426528867821897,81656,23875,57781
12870,1.9425019425019425,81656,23875,57781
12871,1.9423510216766373,81656,23875,57781
12872,1.942200124300808,81656,23875,57781
12873,1.9420492503689895,81656,23875,57781
12874,1.9418983998757184,81656,23875,57781
12875,1.941747572815534,81656,23875,57781
12876,1.941596769182976,81656,23875,57781
12877,1.9414459889725868,81656,23875,57781
12878,1.9412952321789099,81656,23875,57781
12879,1.9411444987964903,81656,23875,57781
12880,1.9409937888198758,81656,23875,57781
12881,1.9408431022436146,81652,23875,57777
12882,1.9406924390622575,81652,23875,57777
12883,1.9405417992703562,81652,23875,57777
12884,1.9403911828624651,81652,23875,57777
12885,1.9402405898331394,81652,23875,57777
12886,1.9400900201769362,81652,23875,57777
12887,1.9399394738884146,81652,23875,57777
12888,1.9397889509621353,81652,23875,57777
12889,1.9396384513926603,81652,23875,57777
12890,1.939487975174554,81652,23875,57777
12891,1.9393375223023814,81652,23875,57777
12892,1.9391870927707104,81652,23875,57777
12893,1.93903668657411,81652,23875,57777
12894,1.9388863037071506,81652,23875,57777
12895,1.9387359441644048,81652,23875,57777
12896,1.9385856079404467,81652,23875,57777
12897,1.938435295029852,81652,23875,57777
12898,1.938285005427198,81652,23875,57777
12899,1.938134739127064,81652,23875,57777
12900,1.937984496124031,81652,23875,57777
12901,1.9378342764126812,81652,23875,57777
12902,1.9376840799875987,81652,23875,57777
12903,1.9375339068433697,81652,23875,57777
12904,1.9373837569745815,81652,23875,57777
12905,1.9372336303758233,81652,23875,57777
12906,1.937083527041686,81652,23875,57777
12907,1.9369334469667623,81652,23875,57777
12908,1.9367833901456462,81652,23875,57777
12909,1.9366333565729337,81652,23875,57777
12910,1.9364833462432223,81652,23875,57777
12911,1.9363333591511114,81652,23875,57777
12912,1.936183395291202,81652,23875,57777
12913,1.9360334546580964,81652,23875,57777
12914,1.9358835372463992,81652,23875,57777
12915,1.9357336430507162,81652,23875,57777
12916,1.935583772065655,81652,23875,57777
12917,1.935433924285825,81652,23875,57777
12918,1.935284099705837,81652,23875,57777
12919,1.9351342983203035,81653,23875,57778
12920,1.934984520123839,81653,23875,57778
12921,1.9348347651110596,81653,23875,57778
12922,1.9346850332765826,81653,23875,57778
12923,1.9345353246150274,81653,23875,57778
12924,1.9343856391210152,81653,23875,57778
12925,1.9342359767891684,81653,23875,57778
12926,1.934086337614111,81653,23875,57778
12927,1.9339367215904695,81653,23875,57778
12928,1.9337871287128714,81653,23875,57778
12929,1.9336375589759456,81653,23875,57778
12930,1.9334880123743232,81653,23875,57778
12931,1.933338488902637,81653,23875,57778
12932,1.9331889885555211,81653,23875,57778
12933,1.9330395113276115,81653,23875,57778
12934,1.9328900572135457,81653,23875,57778
12935,1.932740626207963,81653,23875,57778
12936,1.932591218305504,81653,23875,57778
12937,1.9324418335008116,81653,23875,57778
12938,1.93229247178853,81653,23875,57778
12939,1.9321431331633048,81653,23875,57778
12940,1.9319938176197837,81647,23875,57772
12941,1.9318445251526157,81647,23875,57772
12942,1.931695255756452,81647,23875,57772
12943,1.9315460094259445,81647,23875,57772
12944,1.931396786155748,81647,23875,57772
12945,1.9312475859405176,81647,23875,57772
12946,1.9310984087749112,81647,23875,57772
12947,1.9309492546535878,81647,23875,57772
12948,1.930800123571208,81647,23875,57772
12949,1.9306510155224341,81647,23875,57772
12950,1.9305019305019304,81647,23875,57772
12951,1.9303528685043625,81647,23875,57772
12952,1.9302038295243977,81647,23875,57772
12953,1.930054813556705,81647,23875,57772
12954,1.929905820595955,81647,23875,57772
12955,1.9297568506368197,81647,23875,57772
12956,1.9296079036739735,81647,23875,57772
12957,1.9294589797020916,81647,23875,57772
12958,1.9293100787158513,81647,23875,57772
12959,1.9291612007099312,81647,23875,57772
12960,1.9290123456790123,81647,23875,57772
12961,1.9288635136177763,81647,23875,57772
12962,1.9287147045209072,81647,23875,57772
12963,1.9285659183830903,81647,23875,57772
12964,1.9284171551990126,81647,23875,57772
12965,1.9282684149633629,81647,23875,57772
12966,1.9281196976708315,81647,23875,57772
12967,1.9279710033161102,81647,23875,57772
12968,1.9278223318938927,81641,23875,57766
12969,1.9276736833988743,81641,23875,57766
12970,1.9275250578257517,81641,23875,57766
12971,1.9273764551692236,81641,23875,57766
12972,1.9272278754239902,81641,23875,57766
12973,1.927079318584753,81641,23875,57766
12974,1.9269307846462156,81641,23875,57766
12975,1.9267822736030829,81641,23875,57766
12976,1.9266337854500617,81641,23875,57766
12977,1.9264853201818601,81641,23875,57766
12978,1.9263368777931884,81641,23875,57766
12979,1.926188458278758,81641,23875,57766
12980,1.926040061633282,81641,23875,57766
12981,1.9258916878514751,81641,23875,57766
12982,1.9257433369280543,81641,23875,57766
12983,1.925595008857737,81641,23875,57766
12984,1.9254467036352434,81641,23875,57766
12985,1.9252984212552946,81641,23875,57766
12986,1.9251501617126137,81641,23875,57766
12987,1.925001925001925,81641,23875,57766
12988,1.9248537111179551,81641,23875,57766
12989,1.9247055200554315,81643,23884,57759
12990,1.924557351809084,81643,23884,57759
12991,1.9244092063736433,81642,23884,57758
12992,1.9242610837438423,81642,23884,57758
12993,1.9241129839144155,81642,23884,57758
12994,1.9239649068800986,81642,23884,57758
12995,1.9238168526356292,81642,23884,57758
12996,1.9236688211757464,81642,23884,57758
12997,1.9235208124951912,81642,23884,57758
12998,1.923372826588706,81642,23884,57758
12999,1.9232248634510347,81642,23884,57758
13000,1.9230769230769231,81642,23884,57758
13001,1.9229290054611183,81642,23884,57758
13002,1.9227811105983694,81642,23884,57758
13003,1.9226332384834268,81642,23884,57758
13004,1.9224853891110427,81642,23884,57758
13005,1.9223375624759709,81642,23884,57758
13006,1.9221897585729664,81642,23884,57758
13007,1.9220419773967863,81642,23884,57758
13008,1.9218942189421895,81642,23884,57758
13009,1.9217464832039357,81642,23884,57758
13010,1.9215987701767872,81642,23884,57758
13011,1.921451079855507,81642,23884,57758
13012,1.9213034122348602,81642,23884,57758
13013,1.9211557673096136,81642,23884,57758
13014,1.921008145074535,81642,23884,57758
13015,1.920860545524395,81642,23884,57758
13016,1.9207129686539643,81642,23884,57758
13017,1.9205654144580164,81642,23884,57758
13018,1.9204178829313259,81642,23884,57758
13019,1.9202703740686689,81642,23884,57758
13020,1.9201228878648233,81642,23884,57758
13021,1.9199754243145688,81642,23884,57758
13022,1.9198279834126861,81642,23884,57758
13023,1.9196805651539584,81642,23884,57758
13024,1.9195331695331694,81642,23884,57758
13025,1.9193857965451055,81642,23884,57758
13026,1.919238446184554,81642,23884,57758
13027,1.9190911184463038,81642,23884,57758
13028,1.9189438133251457,81642,23884,57758
13029,1.9187965308158723,81642,23884,57758
13030,1.918649270913277,81642,23884,57758
13031,1.9185020336121557,81642,23884,57758
13032,1.9183548189073052,81642,23884,57758
13033,1.9182076267935242,81642,23884,57758
13034,1.918060457265613,81642,23884,57758
13035,1.9179133103183736,81642,23884,57758
13036,1.9177661859466093,81642,23884,57758
13037,1.9176190841451255,81642,23884,57758
13038,1.9174720049087284,81642,23884,57758
13039,1.9173249482322263,81642,23884,57758
13040,1.9171779141104295,81642,23884,57758
13041,1.917030902538149,81642,23884,57758
13042,1.9168839135101978,81642,23884,57758
13043,1.9167369470213909,81641,23884,57757
13044,1.916590003066544,81641,23884,57757
13045,1.9164430816404754,81641,23884,57757
13046,1.916296182738004,81641,23884,57757
13047,1.9161493063539512,81641,23884,57757
13048,1.9160024524831392,81641,23884,57757
13049,1.9158556211203923,81641,23884,57757
13050,1.9157088122605364,81641,23884,57757
13051,1.9155620258983985,81641,23884,57757
13052,1.9154152620288079,81641,23884,57757
13053,1.9152685206465947,81641,23884,57757
13054,1.9151218017465912,81641,23884,57757
13055,1.9149751053236308,81641,23884,57757
13056,1.914828431372549,81641,23884,57757
13057,1.9146817798881826,81641,23884,57757
13058,1.9145351508653699,81641,23884,57757
13059,1.914388544298951,81641,23884,57757
13060,1.9142419601837672,81641,23884,57757
13061,1.914095398514662,81641,23884,57757
13062,1.91394885928648,81641,23884,57757
13063,1.913802342494067,81641,23884,57757
13064,1.9136558481322719,81641,23884,57757
13065,1.9135093761959434,81641,23884,57757
13066,1.9133629266799326,81641,23884,57757
13067,1.9132164995790923,81641,23884,57757
13068,1.9130700948882766,81641,23884,57757
13069,1.9129237126023415,81641,23884,57757
13070,1.9127773527161438,81641,23884,57757
13071,1.912631015224543,81641,23884,57757
13072,1.912484700122399,81641,23884,57757
13073,1.9123384074045744,81641,23884,57757
13074,1.9121921370659325,81641,23884,57757
13075,1.9120458891013383,81641,23884,57757
13076,1.9118996635056593,81641,23884,57757
13077,1.9117534602737631,81641,23884,57757
13078,1.9116072794005199,81641,23884,57757
13079,1.9114611208808012,81641,23884,57757
13080,1.9113149847094801,81641,23884,57757
13081,1.9111688708814312,81641,23884,57757
13082,1.9110227793915304,81641,23884,57757
13083,1.9108767102346556,81641,23884,57757
13084,1.9107306634056864,81641,23884,57757
13085,1.9105846388995031,81641,23884,57757
13086,1.910438636710989,81641,23884,57757
13087,1.9102926568350271,81641,23884,57757
13088,1.9101466992665037,81641,23884,57757
13089,1.9100007640003056,81641,23884,57757
13090,1.9098548510313216,81641,23884,57757
13091,1.909708960354442,81641,23884,57757
13092,1.9095630919645585,81641,23884,57757
13093,1.9094172458565646,81641,23884,57757
13094,1.909271422025355,81641,23884,57757
13095,1.9091256204658267,81641,23884,57757
13096,1.9089798411728771,81641,23884,57757
13097,1.9088340841414064,81641,23884,57757
13098,1.9086883493663154,81641,23884,57757
13099,1.9085426368425071,81641,23884,57757
13100,1.9083969465648856,81641,23884,57757
13101,1.9082512785283565,81641,23884,57757
13102,1.9081056327278278,81641,23884,57757
13103,1.907960009158208,81641,23884,57757
13104,1.907814407814408,81641,23884,57757
13105,1.9076688286913392,81641,23884,57757
13106,1.9075232717839157,81641,23884,57757
13107,1.9073777370870528,81601,23932,57669
13108,1.9072322245956668,81601,23932,57669
13109,1.9070867343046762,81601,23932,57669
13110,1.9069412662090008,81601,23932,57669
13111,1.906795820303562,81601,23932,57669
13112,1.9066503965832824,81601,23932,57669
13113,1.906504995043087,81601,23932,57669
13114,1.9063596156779015,81601,23932,57669
13115,1.9062142584826534,81601,23932,57669
13116,1.906068923452272,81601,23932,57669
13117,1.905923610581688,81601,23932,57669
13118,1.9057783198658331,81601,23932,57669
13119,1.9056330512996418,81601,23932,57669
13120,1.9054878048780488,81601,23932,57669
13121,1.9053425805959912,81601,23932,57669
13122,1.9051973784484073,81601,23932,57669
13123,1.905052198430237,81601,23932,57669
13124,1.904907040536422,81601,23932,57669
13125,1.9047619047619047,81601,23932,57669
13126,1.9046167911016303,81601,23932,57669
13127,1.9044716995505446,81601,23932,57669
13128,1.9043266301035953,81601,23932,57669
13129,1.9041815827557316,81601,23932,57669
13130,1.904036557501904,81601,23932,57669
13131,1.903891554337065,81601,23932,57669
13132,1.903746573256168,81581,23932,57649
13133,1.903601614254169,81581,23932,57649
13134,1.903456677326024,81581,23932,57649
13135,1.903311762466692,81581,23932,57649
13136,1.9031668696711328,81581,23932,57649
13137,1.9030219989343078,81581,23932,57649
13138,1.9028771502511799,81581,23932,57649
13139,1.9027323236167135,81581,23932,57649
13140,1.9025875190258752,81581,23932,57649
13141,1.902442736473632,81581,23932,57649
13142,1.9022979759549536,81581,23932,57649
13143,1.9021532374648102,81581,23932,57649
13144,1.902008520998174,81581,23932,57649
13145,1.901863826550019,81581,23932,57649
13146,1.9017191541153202,81581,23932,57649
13147,1.9015745036890546,81581,23932,57649
13148,1.9014298752662002,81581,23932,57649
13149,1.901285268841737,81581,23932,57649
13150,1.9011406844106464,81581,23932,57649
13151,1.9009961219679112,81581,23932,57649
13152,1.9008515815085159,81581,23932,57649
13153,1.9007070630274463,81581,23932,57649
13154,1.90056256651969,81581,23932,57649
13155,1.9004180919802356,81581,23932,57649
13156,1.9002736394040742,81581,23932,57649
13157,1.9001292087861974,81581,23932,57649
13158,1.899984800121599,81581,23932,57649
13159,1.899840413405274,81581,23932,57649
13160,1.8996960486322187,81581,23932,57649
13161,1.8995517057974318,81581,23932,57649
13162,1.8994073848959125,81581,23932,57649
13163,1.899263085922662,81581,23932,57649
13164,1.8991188088726831,81581,23932,57649
13165,1.89897455374098,81581,23932,57649
13166,1.898830320522558,81581,23932,57649
13167,1.898686109212425,81581,23932,57649
13168,1.8985419198055893,81581,23932,57649
13169,1.8983977522970612,81581,23932,57649
13170,1.8982536066818527,81581,23932,57649
13171,1.898109482954977,81581,23932,57649
13172,1.8979653811114485,81581,23932,57649
13173,1.8978213011462841,81581,23932,57649
13174,1.8976772430545013,81581,23932,57649
13175,1.8975332068311195,81581,23932,57649
13176,1.8973891924711597,81581,23932,57649
13177,1.897245199969644,81581,23932,57649
13178,1.8971012293215965,81581,23932,57649
13179,1.8969572805220427,81581,23932,57649
13180,1.896813353566009,81581,23932,57649
13181,1.8966694484485245,81581,23932,57649
13182,1.8965255651646185,81581,23932,57649
13183,1.8963817037093227,81581,23932,57649
13184,1.8962378640776698,81581,23932,57649
13185,1.8960940462646947,81581,23932,57649
13186,1.895950250265433,81581,23932,57649
13187,1.8958064760749223,81581,23932,57649
13188,1.8956627236882013,81581,23932,57649
13189,1.895518993100311,81581,23932,57649
13190,1.8953752843062925,81581,23932,57649
13191,1.8952315973011902,81581,23932,57649
13192,1.8950879320800484,81581,23932,57649
13193,1.894944288637914,81573,23932,57641
13194,1.8948006669698347,81573,23932,57641
13195,1.8946570670708602,81573,23932,57641
13196,1.8945134889360413,81573,23932,57641
13197,1.8943699325604304,81573,23932,57641
13198,1.8942263979390817,81573,23932,57641
13199,1.8940828850670506,81573,23932,57641
13200,1.893939393939394,81573,23932,57641
13201,1.8937959245511704,81559,23932,57627
13202,1.8936524768974399,81559,23932,57627
13203,1.8935090509732637,81559,23932,57627
13204,1.893365646773705,81559,23932,57627
13205,1.8932222642938281,81559,23932,57627
13206,1.893078903528699,81559,23932,57627
13207,1.8929355644733854,81559,23932,57627
13208,1.8927922471229557,81543,23932,57611
13209,1.892648951472481,81543,23932,57611
13210,1.8925056775170326,81543,23932,57611
13211,1.8923624252516842,81543,23932,57611
13212,1.8922191946715108,81543,23932,57611
13213,1.8920759857715885,81543,23932,57611
13214,1.8919327985469956,81541,23932,57609
13215,1.8917896329928112,81541,23932,57609
13216,1.8916464891041163,81541,23932,57609
13217,1.891503366875993,81541,23932,57609
13218,1.8913602663035256,81541,23932,57609
13219,1.891217187381799,81541,23932,57609
13220,1.8910741301059002,81541,23932,57609
13221,1.8909310944709175,81541,23932,57609
13222,1.8907880804719408,81541,23932,57609
13223,1.890645088104061,81541,23932,57609
13224,1.8905021173623715,81541,23932,57609
13225,1.890359168241966,81541,23932,57609
13226,1.8902162407379404,81541,23932,57609
13227,1.890073334845392,81541,23932,57609
13228,1.8899304505594194,81541,23932,57609
13229,1.889787587875123,81541,23932,57609
13230,1.8896447467876039,81541,23932,57609
13231,1.8895019272919658,81541,23932,57609
13232,1.8893591293833132,81541,23932,57609
13233,1.889216353056752,81541,23932,57609
13234,1.88907359830739,81541,23932,57609
13235,1.8889308651303363,81541,23932,57609
13236,1.8887881535207012,81541,23932,57609
13237,1.8886454634735967,81541,23932,57609
13238,1.8885027949841366,81541,23932,57609
13239,1.8883601480474357,81541,23932,57609
13240,1.8882175226586102,81536,23893,57643
13241,1.8880749188127786,81536,23893,57643
13242,1.8879323365050598,81536,23893,57643
13243,1.8877897757305746,81536,23893,57643
13244,1.8876472364844459,81536,23893,57643
13245,1.8875047187617968,81536,23893,57643
13246,1.8873622225577533,81536,23893,57643
13247,1.8872197478674417,81536,23893,57643
13248,1.8870772946859904,81536,23893,57643
13249,1.886934863008529,81536,23893,57643
13250,1.8867924528301887,81536,23893,57643
13251,1.8866500641461021,81536,23893,57643
13252,1.8865076969514036,81536,23893,57643
13253,1.8863653512412284,81536,23893,57643
13254,1.8862230270107136,81536,23893,57643
13255,1.8860807242549982,81536,23893,57643
13256,1.8859384429692214,81536,23893,57643
13257,1.8857961831485253,81536,23893,57643
13258,1.8856539447880525,81536,23893,57643
13259,1.8855117278829474,81536,23893,57643
13260,1.885369532428356,81536,23893,57643
13261,1.8852273584194255,81536,23893,57643
13262,1.8850852058513046,81536,23893,57643
13263,1.8849430747191436,81536,23893,57643
13264,1.8848009650180941,81536,23893,57643
13265,1.8846588767433095,81536,23893,57643
13266,1.8845168098899443,81536,23893,57643
13267,1.8843747644531545,81536,23893,57643
13268,1.8842327404280976,81537,23860,57677
13269,1.884090737809933,81537,23860,57677
13270,1.8839487565938207,81537,23860,57677
13271,1.8838067967749228,81537,23860,57677
13272,1.8836648583484026,81537,23860,57677
13273,1.8835229413094252,81537,23860,57677
13274,1.8833810456531566,81537,23860,57677
13275,1.8832391713747645,81537,23860,57677
13276,1.8830973184694184,81537,23860,57677
13277,1.8829554869322889,81537,23860,57677
13278,1.882813676758548,81537,23860,57677
13279,1.8826718879433693,81537,23860,57677
13280,1.8825301204819278,81537,23860,57677
13281,1.8823883743693999,81537,23860,57677
13282,1.8822466496009638,81537,23860,57677
13283,1.8821049461717985,81537,23860,57677
13284,1.8819632640770851,81537,23860,57677
13285,1.881821603312006,81537,23860,57677
13286,1.8816799638717447,81537,23860,57677
13287,1.8815383457514865,81537,23860,57677
13288,1.8813967489464178,81537,23860,57677
13289,1.881255173451727,81537,23860,57677
13290,1.8811136192626035,81537,23860,57677
13291,1.8809720863742383,81537,23860,57677
13292,1.8808305747818237,81537,23860,57677
13293,1.8806890844805537,81537,23860,57677
13294,1.8805476154656235,81537,23860,57677
13295,1.8804061677322301,81537,23860,57677
13296,1.8802647412755715,81537,23860,57677
13297,1.8801233360908476,81537,23860,57677
13298,1.879981952173259,81537,23860,57677
13299,1.8798405895180088,81537,23860,57677
13300,1.8796992481203008,81537,23860,57677
13301,1.8795579279753403,81537,23860,57677
13302,1.879416629078334,81537,23860,57677
13303,1.8792753514244906,81537,23860,57677
13304,1.8791340950090198,81537,23860,57677
13305,1.8789928598271326,81537,23860,57677
13306,1.8788516458740419,81537,23860,57677
13307,1.8787104531449612,81537,23860,57677
13308,1.8785692816351067,81537,23860,57677
13309,1.8784281313396949,81537,23860,57677
13310,1.8782870022539444,81537,23860,57677
13311,1.8781458943730749,81537,23860,57677
13312,1.8780048076923077,81537,23860,57677
13313,1.8778637422068654,81537,23860,57677
13314,1.8777226979119723,81537,23860,57677
13315,1.877581674802854,81537,23860,57677
13316,1.8774406728747373,81537,23860,57677
13317,1.8772996921228504,81537,23860,57677
13318,1.8771587325424237,81537,23860,57677
13319,1.8770177941286883,81537,23860,57677
13320,1.8768768768768769,81537,23860,57677
13321,1.8767359807822235,81537,23860,57677
13322,1.876595105839964,81537,23860,57677
13323,1.8764542520453351,81537,23860,57677
13324,1.8763134193935755,81537,23860,57677
13325,1.876172607879925,81537,23860,57677
13326,1.8760318174996249,81537,23860,57677
13327,1.8758910482479179,81537,23860,57677
13328,1.875750300120048,81537,23860,57677
13329,1.8756095731112612,81537,23860,57677
13330,1.8754688672168043,81537,23860,57677
13331,1.8753281824319257,81537,23860,57677
13332,1.8751875187518752,81537,23860,57677
13333,1.8750468761719044,81537,23860,57677
13334,1.8749062546872657,81537,23860,57677
13335,1.8747656542932134,81537,23860,57677
13336,1.874625074985003,81537,23860,57677
13337,1.8744845167578916,81537,23860,57677
13338,1.8743439796071375,81537,23860,57677
13339,1.8742034635280005,81537,23860,57677
13340,1.8740629685157422,81537,23860,57677
13341,1.8739224945656248,81537,23860,57677
13342,1.8737820416729125,81537,23860,57677
13343,1.8736416098328712,81537,23860,57677
13344,1.8735011990407673,81537,23860,57677
13345,1.8733608092918697,81537,23860,57677
13346,1.8732204405814477,81537,23860,57677
13347,1.8730800929047726,81537,23860,57677
13348,1.8729397662571172,81537,23860,57677
13349,1.8727994606337552,81537,23860,57677
13350,1.8726591760299625,81537,23860,57677
13351,1.8725189124410158,81537,23860,57677
13352,1.872378669862193,81537,23860,57677
13353,1.872238448288774,81537,23860,57677
13354,1.8720982477160402,81537,23860,57677
13355,1.8719580681392738,81537,23860,57677
13356,1.8718179095537586,81537,23860,57677
13357,1.8716777719547804,81537,23860,57677
13358,1.8715376553376253,81537,23860,57677
13359,1.8713975596975823,81537,23860,57677
13360,1.8712574850299402,81537,23860,57677
13361,1.8711174313299903,81537,23860,57677
13362,1.870977398593025,81537,23860,57677
13363,1.8708373868143382,81537,23860,57677
13364,1.8706973959892248,81537,23860,57677
13365,1.8705574261129816,81537,23860,57677
13366,1.8704174771809068,81537,23860,57677
13367,1.8702775491882995,81537,23860,57677
13368,1.8701376421304607,81537,23860,57677
13369,1.8699977560026928,81537,23860,57677
13370,1.8698578908002992,81537,23860,57677
13371,1.869718046518585,81537,23860,57677
13372,1.8695782231528568,81537,23860,57677
13373,1.8694384206984223,81537,23860,57677
13374,1.8692986391505908,81537,23860,57677
13375,1.8691588785046729,81537,23860,57677
13376,1.869019138755981,81537,23860,57677
13377,1.868879419899828,81537,23860,57677
13378,1.8687397219315294,81537,23860,57677
13379,1.868600044846401,81537,23860,57677
13380,1.8684603886397608,81537,23860,57677
13381,1.8683207533069277,81537,23860,57677
13382,1.8681811388432223,81537,23860,57677
13383,1.8680415452439663,81537,23860,57677
13384,1.867901972504483,81537,23860,57677
13385,1.8677624206200971,81537,23860,57677
13386,1.8676228895861349,81537,23860,57677
13387,1.8674833793979233,81537,23860,57677
13388,1.8673438900507917,81537,23860,57677
13389,1.8672044215400703,81537,23860,57677
13390,1.8670649738610903,81537,23860,57677
13391,1.8669255470091852,81537,23860,57677
13392,1.8667861409796893,81537,23860,57677
13393,1.8666467557679385,81537,23860,57677
13394,1.8665073913692698,81537,23860,57677
13395,1.866368047779022,81537,23860,57677
13396,1.8662287249925351,81537,23860,57677
13397,1.8660894230051503,81538,23860,57678
13398,1.8659501418122109,81538,23860,57678
13399,1.8658108814090604,81538,23860,57678
13400,1.8656716417910448,81538,23860,57678
13401,1.8655324229535108,81538,23860,57678
13402,1.8653932248918073,81538,23860,57678
13403,1.8652540476012833,81538,23860,57678
13404,1.8651148910772903,81538,23860,57678
13405,1.864975755315181,81538,23860,57678
13406,1.8648366403103087,81538,23860,57678
13407,1.8646975460580293,81538,23860,57678
13408,1.8645584725536992,81538,23860,57678
13409,1.8644194197926767,81538,23860,57678
13410,1.8642803877703207,81538,23860,57678
13411,1.8641413764819923,81538,23860,57678
13412,1.864002385923054,81538,23860,57678
13413,1.863863416088869,81538,23860,57678
13414,1.8637244669748025,81538,23860,57678
13415,1.8635855385762206,81538,23860,57678
13416,1.8634466308884914,81538,23860,57678
13417,1.8633077439069836,81538,23860,57678
13418,1.863168877627068,81538,23860,57678
13419,1.8630300320441167,81538,23860,57678
13420,1.8628912071535022,81538,23860,57678
13421,1.8627524029505997,81538,23860,57678
13422,1.8626136194307852,81538,23860,57678
13423,1.862474856589436,81538,23860,57678
13424,1.8623361144219308,81538,23860,57678
13425,1.86219739292365,81538,23860,57678
13426,1.8620586920899747,81538,23860,57678
13427,1.861920011916288,81538,23860,57678
13428,1.8617813523979745,81538,23860,57678
13429,1.8616427135304192,81538,23860,57678
13430,1.8615040953090096,81538,23860,57678
13431,1.861365497729134,81518,23860,57658
13432,1.8612269207861822,81518,23860,57658
13433,1.8610883644755454,81518,23860,57658
13434,1.8609498287926158,81518,23860,57658
13435,1.8608113137327875,81518,23860,57658
13436,1.860672819291456,81518,23860,57658
13437,1.8605343454640173,81518,23860,57658
13438,1.8603958922458699,81518,23860,57658
13439,1.860257459632413,81518,23860,57658
13440,1.8601190476190477,81518,23860,57658
13441,1.8599806562011756,81518,23860,57658
13442,1.8598422853742003,81518,23860,57658
13443,1.8597039351335267,81518,23860,57658
13444,1.859565605474561,81518,23860,57658
13445,1.859427296392711,81518,23860,57658
13446,1.8592890078833855,81518,23860,57658
13447,1.8591507399419944,81518,23860,57658
13448,1.85901249256395,81518,23860,57658
13449,1.858874265744665,81518,23860,57658
13450,1.858736059479554,81518,23860,57658
13451,1.8585978737640325,81518,23860,57658
13452,1.8584597085935177,81518,23860,57658
13453,1.8583215639634283,81518,23860,57658
13454,1.8581834398691839,81518,23860,57658
13455,1.858045336306206,81518,23860,57658
13456,1.8579072532699168,81518,23860,57658
13457,1.8577691907557405,81518,23860,57658
13458,1.8576311487591024,81518,23860,57658
13459,1.8574931272754291,81518,23860,57658
13460,1.8573551263001487,81518,23860,57658
13461,1.8572171458286904,81518,23860,57658
13462,1.857079185856485,81518,23860,57658
13463,1.8569412463789645,81518,23860,57658
13464,1.8568033273915627,81518,23860,57658
13465,1.856665428889714,81518,23860,57658
13466,1.8565275508688548,81518,23860,57658
13467,1.8563896933244226,81518,23860,57658
13468,1.8562518562518562,81518,23860,57658
13469,1.8561140396465958,81519,23860,57659
13470,1.8559762435040832,81519,23860,57659
13471,1.855838467819761,81519,23860,57659
13472,1.8557007125890737,81519,23860,57659
13473,1.8555629778074667,81519,23860,57659
13474,1.8554252634703874,81519,23860,57659
13475,1.8552875695732838,81519,23860,57659
13476,1.8551498961116057,81519,23860,57659
13477,1.8550122430808043,81519,23860,57659
13478,1.8548746104763318,81519,23860,57659
13479,1.854736998293642,81519,23860,57659
13480,1.8545994065281899,81519,23860,57659
13481,1.854461835175432,81519,23860,57659
13482,1.8543242842308263,81519,23860,57659
13483,1.8541867536898315,81519,23860,57659
13484,1.8540492435479086,81519,23860,57659
13485,1.8539117538005192,81519,23860,57659
13486,1.8537742844431262,81519,23860,57659
13487,1.8536368354711945,81520,23831,57689
13488,1.8534994068801898,81520,23831,57689
13489,1.8533619986655794,81520,23831,57689
13490,1.8532246108228316,81520,23831,57689
13491,1.8530872433474168,81520,23831,57689
13492,1.8529498962348059,81520,23831,57689
13493,1.8528125694804713,81520,23831,57689
13494,1.8526752630798873,81520,23831,57689
13495,1.852537977028529,81520,23831,57689
13496,1.8524007113218732,81520,23831,57689
13497,1.8522634659553976,81520,23831,57689
13498,1.8521262409245813,81520,23831,57689
13499,1.8519890362249056,81520,23831,57689
13500,1.8518518518518519,81520,23831,57689
13501,1.8517146878009036,81520,23831,57689
13502,1.8515775440675455,81520,23831,57689
13503,1.8514404206472637,81520,23831,57689
13504,1.8513033175355451,81520,23831,57689
13505,1.8511662347278786,81520,23831,57689
13506,1.8510291722197543,81520,23831,57689
13507,1.8508921300066632,81520,23831,57689
13508,1.8507551080840983,81520,23831,57689
13509,1.8506181064475535,81520,23831,57689
13510,1.8504811250925242,81520,23831,57689
13511,1.8503441640145066,81520,23831,57689
13512,1.8502072232089994,81520,23831,57689
13513,1.8500703026715015,81520,23831,57689
13514,1.8499334023975136,81520,23831,57689
13515,1.8497965223825379,81520,23831,57689
13516,1.8496596626220776,81520,23831,57689
13517,1.8495228231116372,81520,23831,57689
13518,1.849386003846723,81520,23831,57689
13519,1.849249204822842,81520,23831,57689
13520,1.849112426035503,81520,23831,57689
13521,1.848975667480216,81520,23831,57689
13522,1.8488389291524923,81520,23831,57689
13523,1.8487022110478444,81520,23831,57689
13524,1.8485655131617864,81520,23831,57689
13525,1.8484288354898337,81520,23831,57689
13526,1.8482921780275026,81514,23831,57683
13527,1.8481555407703112,81514,23831,57683
13528,1.8480189237137787,81514,23831,57683
13529,1.847882326853426,81514,23831,57683
13530,1.8477457501847745,81514,23831,57683
13531,1.8476091937033479,81514,23831,57683
13532,1.8474726574046705,81514,23831,57683
13533,1.8473361412842682,81514,23831,57683
13534,1.847199645337668,81514,23831,57683
13535,1.847063169560399,81514,23831,57683
13536,1.8469267139479906,81514,23831,57683
13537,1.846790278495974,81514,23831,57683
13538,1.846653863199882,81514,23831,57683
13539,1.8465174680552479,81514,23831,57683
13540,1.846381093057607,81263,23531,57732
13541,1.846244738202496,81263,23531,57732
13542,1.8461084034854527,81263,23531,57732
13543,1.8459720889020157,81263,23531,57732
13544,1.845835794447726,81263,23531,57732
13545,1.8456995201181248,81263,23531,57732
13546,1.8455632659087553,81263,23531,57732
13547,1.845427031815162,81263,23531,57732
13548,1.8452908178328904,81263,23531,57732
13549,1.8451546239574876,81263,23531,57732
13550,1.845018450184502,81263,23531,57732
13551,1.8448822965094827,81263,23531,57732
13552,1.844746162927981,81263,23531,57732
13553,1.8446100494355493,81245,23569,57676
13554,1.8444739560277408,81245,23569,57676
13555,1.8443378827001107,81245,23569,57676
13556,1.8442018294482148,81245,23569,57676
13557,1.8440657962676108,81239,23569,57670
13558,1.8439297831538575,81239,23569,57670
13559,1.843793790102515,81239,23569,57670
13560,1.8436578171091444,81239,23569,57670
13561,1.843521864169309,81239,23569,57670
13562,1.8433859312785725,81239,23569,57670
13563,1.8432500184325002,81239,23569,57670
13564,1.8431141256266588,81239,23569,57670
13565,1.8429782528566163,81239,23569,57670
13566,1.842842400117942,81239,23569,57670
13567,1.8427065674062062,81239,23569,57670
13568,1.8425707547169812,81239,23569,57670
13569,1.8424349620458398,81239,23569,57670
13570,1.8422991893883567,81239,23569,57670
13571,1.8421634367401076,81239,23569,57670
13572,1.8420277040966697,81239,23569,57670
13573,1.8418919914536211,81239,23569,57670
13574,1.841756298806542,81239,23569,57670
13575,1.8416206261510129,81239,23569,57670
13576,1.8414849734826164,81239,23569,57670
13577,1.841349340796936,81239,23569,57670
13578,1.8412137280895566,81239,23569,57670
13579,1.8410781353560646,81239,23569,57670
13580,1.840942562592047,81239,23569,57670
13581,1.8408070097930933,81239,23569,57670
13582,1.8406714769547932,81239,23569,57670
13583,1.840535964072738,81239,23569,57670
13584,1.8404004711425206,81239,23569,57670
13585,1.840264998159735,81239,23569,57670
13586,1.8401295451199764,81239,23569,57670
13587,1.8399941120188414,81239,23569,57670
13588,1.839858698851928,81239,23569,57670
13589,1.8397233056148354,81239,23569,57670
13590,1.839587932303164,81239,23569,57670
13591,1.8394525789125156,81239,23569,57670
13592,1.8393172454384932,81239,23569,57670
13593,1.8391819318767013,81239,23569,57670
13594,1.8390466382227453,81239,23569,57670
13595,1.8389113644722324,81239,23569,57670
13596,1.8387761106207707,81239,23569,57670
13597,1.83864087666397,81239,23569,57670
13598,1.8385056625974407,81239,23569,57670
13599,1.8383704684167954,81239,23569,57670
13600,1.838235294117647,81219,23569,57650
13601,1.8381001396956107,81219,23569,57650
13602,1.8379650051463021,81219,23569,57650
13603,1.8378298904653385,81219,23569,57650
13604,1.8376947956483387,81219,23569,57650
13605,1.8375597206909224,81219,23569,57650
13606,1.8374246655887108,81219,23569,57650
13607,1.8372896303373263,81219,23569,57650
13608,1.8371546149323927,81219,23569,57650
13609,1.837019619369535,81219,23569,57650
13610,1.836884643644379,81219,23569,57650
13611,1.836749687752553,81219,23569,57650
13612,1.8366147516896856,81219,23569,57650
13613,1.8364798354514067,81219,23569,57650
13614,1.836344939033348,81219,23569,57650
13615,1.8362100624311422,81219,23569,57650
13616,1.836075205640423,81219,23569,57650
13617,1.835940368656826,81219,23569,57650
13618,1.8358055514759877,81219,23569,57650
13619,1.8356707540935457,81219,23569,57650
13620,1.8355359765051396,81219,23569,57650
13621,1.8354012187064093,81219,23569,57650
13622,1.8352664806929966,81219,23569,57650
13623,1.8351317624605448,81219,23569,57650
13624,1.8349970640046975,81219,23569,57650
13625,1.834862385321101,81219,23569,57650
13626,1.8347277264054014,81219,23569,57650
13627,1.8345930872532472,81219,23569,57650
13628,1.8344584678602875,81219,23569,57650
13629,1.8343238682221734,81219,23569,57650
13630,1.834189288334556,81219,23569,57650
13631,1.8340547281930892,81219,23569,57650
13632,1.8339201877934272,81219,23569,57650
13633,1.8337856671312256,81219,23569,57650
13634,1.8336511662021417,81219,23569,57650
13635,1.8335166850018336,81219,23569,57650
13636,1.8333822235259607,81219,23569,57650
13637,1.833247781770184,81219,23569,57650
13638,1.8331133597301656,81219,23569,57650
13639,1.8329789574015691,81219,23569,57650
13640,1.8328445747800586,81219,23569,57650
13641,1.8327102118613006,81219,23569,57650
13642,1.8325758686409617,81219,23569,57650
13643,1.832441545114711,81219,23569,57650
13644,1.8323072412782175,81219,23569,57650
13645,1.8321729571271528,81219,23569,57650
13646,1.832038692657189,81219,23569,57650
13647,1.8319044478639994,81219,23569,57650
13648,1.831770222743259,81219,23569,57650
13649,1.831636017290644,81219,23569,57650
13650,1.8315018315018314,81219,23569,57650
13651,1.8313676653725002,81219,23569,57650
13652,1.83123351889833,81219,23569,57650
13653,1.8310993920750018,81219,23569,57650
13654,1.8309652848981983,81219,23569,57650
13655,1.8308311973636031,81208,23576,57632
13656,1.830697129466901,81208,23576,57632
13657,1.8305630812037783,81208,23576,57632
13658,1.8304290525699225,81208,23576,57632
13659,1.8302950435610221,81208,23576,57632
13660,1.8301610541727673,81208,23576,57632
13661,1.830027084400849,81208,23576,57632
13662,1.8298931342409603,81208,23576,57632
13663,1.8297592036887946,81208,23576,57632
13664,1.829625292740047,81208,23576,57632
13665,1.8294914013904136,81208,23576,57632
13666,1.829357529635592,81208,23576,57632
13667,1.8292236774712811,81208,23576,57632
13668,1.8290898448931812,81208,23576,57632
13669,1.8289560318969933,81208,23576,57632
13670,1.8288222384784198,81208,23576,57632
13671,1.8286884646331651,81208,23576,57632
13672,1.828554710356934,81208,23576,57632
13673,1.8284209756454326,81208,23576,57632
13674,1.828287260494369,81208,23576,57632
13675,1.8281535648994516,81208,23576,57632
13676,1.8280198888563908,81208,23576,57632
13677,1.8278862323608978,81204,23576,57628
13678,1.8277525954086855,81204,23576,57628
13679,1.8276189779954675,81204,23576,57628
13680,1.827485380116959,81204,23576,57628
13681,1.8273518017688766,81204,23576,57628
13682,1.8272182429469377,81204,23576,57628
13683,1.8270847036468612,81204,23576,57628
13684,1.826951183864367,81204,23576,57628
13685,1.8268176835951773,81204,23576,57628
13686,1.8266842028350139,81204,23576,57628
13687,1.8265507415796012,81204,23576,57628
13688,1.826417299824664,81204,23576,57628
13689,1.826283877565929,81204,23576,57628
13690,1.8261504747991235,81204,23576,57628
13691,1.8260170915199767,81204,23576,57628
13692,1.8258837277242186,81204,23576,57628
13693,1.8257503834075806,81204,23576,57628
13694,1.8256170585657951,81204,23576,57628
13695,1.8254837531945967,81204,23576,57628
13696,1.8253504672897196,81204,23576,57628
13697,1.8252172008469008,81204,23576,57628
13698,1.8250839538618777,81204,23576,57628
13699,1.824950726330389,81204,23576,57628
13700,1.8248175182481752,81204,23576,57628
13701,1.8246843296109774,81204,23576,57628
13702,1.8245511604145381,81204,23576,57628
13703,1.824418010654601,81204,23576,57628
13704,1.8242848803269118,81204,23576,57628
13705,1.8241517694272162,81204,23576,57628
13706,1.8240186779512622,81204,23576,57628
13707,1.8238856058947983,81204,23576,57628
13708,1.8237525532535745,81204,23576,57628
13709,1.8236195200233423,81204,23576,57628
13710,1.8234865061998542,81204,23576,57628
13711,1.8233535117788637,81204,23576,57628
13712,1.823220536756126,81204,23576,57628
13713,1.8230875811273974,81204,23576,57628
13714,1.8229546448884353,81204,23576,57628
13715,1.822821728034998,81204,23576,57628
13716,1.8226888305628464,81204,23576,57628
13717,1.8225559524677408,81204,23576,57628
13718,1.822423093745444,81204,23576,57628
13719,1.8222902543917194,81204,23576,57628
13720,1.8221574344023324,81204,23576,57628
13721,1.8220246337730486,81204,23576,57628
13722,1.8218918524996357,81204,23576,57628
13723,1.821759090577862,81178,23576,57602
13724,1.8216263480034975,81178,23576,57602
13725,1.8214936247723132,81178,23576,57602
13726,1.8213609208800816,81178,23576,57602
13727,1.821228236322576,81178,23576,57602
13728,1.8210955710955712,81178,23576,57602
13729,1.820962925194843,81178,23576,57602
13730,1.820830298616169,81178,23576,57602
13731,1.8206976913553274,81178,23576,57602
13732,1.8205651034080979,81178,23576,57602
13733,1.8204325347702615,81178,23576,57602
13734,1.8202999854376,81178,23576,57602
13735,1.8201674554058973,81178,23576,57602
13736,1.8200349446709376,81178,23576,57602
13737,1.8199024532285069,81178,23576,57602
13738,1.8197699810743921,81178,23576,57602
13739,1.8196375282043817,81178,23576,57602
13740,1.819505094614265,81178,23576,57602
13741,1.8193726802998327,81178,23576,57602
13742,1.8192402852568768,81178,23576,57602
13743,1.8191079094811904,81178,23576,57602
13744,1.818975552968568,81178,23576,57602
13745,1.8188432157148053,81178,23576,57602
13746,1.8187108977156992,81178,23576,57602
13747,1.8185785989670473,81178,23576,57602
13748,1.8184463194646494,81178,23576,57602
13749,1.8183140592043057,81178,23576,57602
13750,1.8181818181818181,81178,23576,57602
13751,1.8180495963929897,81178,23576,57602
13752,1.8179173938336242,81178,23576,57602
13753,1.8177852104995273,81178,23576,57602
13754,1.8176530463865057,81178,23576,57602
13755,1.817520901490367,81178,23576,57602
13756,1.8173887758069207,81178,23576,57602
13757,1.8172566693319765,81178,23576,57602
13758,1.8171245820613462,81178,23576,57602
13759,1.8169925139908423,81178,23576,57602
13760,1.816860465116279,81178,23576,57602
13761,1.8167284354334714,81178,23576,57602
13762,1.8165964249382358,81178,23576,57602
13763,1.8164644336263895,81178,23576,57602
13764,1.8163324614937517,81178,23576,57602
13765,1.8162005085361423,81178,23576,57602
13766,1.8160685747493825,81178,23576,57602
13767,1.8159366601292948,81178,23576,57602
13768,1.8158047646717026,81178,23576,57602
13769,1.815672888372431,81178,23576,57602
13770,1.8155410312273057,81178,23576,57602
13771,1.8154091932321545,81178,23576,57602
13772,1.8152773743828057,81178,23576,57602
13773,1.8151455746750889,81178,23576,57602
13774,1.8150137941048352,81178,23576,57602
13775,1.8148820326678765,81178,23576,57602
13776,1.8147502903600465,81178,23576,57602
13777,1.8146185671771793,81178,23576,57602
13778,1.814486863115111,81178,23576,57602
13779,1.8143551781696785,81178,23576,57602
13780,1.8142235123367199,81178,23576,57602
13781,1.8140918656120746,81178,23576,57602
13782,1.8139602379915831,81178,23576,57602
13783,1.8138286294710875,81178,23576,57602
13784,1.8136970400464307,81178,23576,57602
13785,1.8135654697134567,81178,23576,57602
13786,1.813433918468011,81178,23576,57602
13787,1.8133023863059403,81178,23576,57602
13788,1.8131708732230924,81178,23576,57602
13789,1.8130393792153165,81178,23576,57602
13790,1.8129079042784626,81178,23576,57602
13791,1.8127764484083824,81178,23576,57602
13792,1.812645011600928,81178,23576,57602
13793,1.8125135938519539,81178,23576,57602
13794,1.8123821951573147,81178,23576,57602
13795,1.812250815512867,81178,23576,57602
13796,1.812119454914468,81178,23576,57602
13797,1.8119881133579763,81178,23576,57602
13798,1.811856790839252,81178,23576,57602
13799,1.8117254873541562,81178,23576,57602
13800,1.8115942028985508,81178,23576,57602
13801,1.8114629374682993,81178,23576,57602
13802,1.8113316910592667,81178,23576,57602
13803,1.8112004636673187,81178,23576,57602
13804,1.8110692552883223,81178,23576,57602
13805,1.8109380659181455,81178,23576,57602
13806,1.8108068955526582,81178,23576,57602
13807,1.8106757441877308,81178,23576,57602
13808,1.8105446118192352,81178,23576,57602
13809,1.8104134984430444,81178,23576,57602
13810,1.8102824040550325,81178,23576,57602
13811,1.8101513286510753,81178,23576,57602
13812,1.8100202722270489,81152,23576,57576
13813,1.8098892347788316,81152,23576,57576
13814,1.809758216302302,81152,23576,57576
13815,1.8096272167933405,81152,23576,57576
13816,1.8094962362478286,81152,23576,57576
13817,1.8093652746616486,81152,23576,57576
13818,1.8092343320306845,81152,23576,57576
13819,1.8091034083508213,81152,23576,57576
13820,1.808972503617945,81152,23576,57576
13821,1.808841617827943,81152,23576,57576
13822,1.8087107509767038,81152,23576,57576
13823,1.8085799030601173,81152,23576,57576
13824,1.8084490740740742,81152,23576,57576
13825,1.8083182640144666,81152,23576,57576
13826,1.8081874728771878,81152,23576,57576
13827,1.8080567006581327,81152,23576,57576
13828,1.8079259473531963,81152,23576,57576
13829,1.8077952129582762,81152,23576,57576
13830,1.8076644974692697,81152,23576,57576
13831,1.8075338008820765,81152,23576,57576
13832,1.8074031231925969,81152,23576,57576
13833,1.8072724643967324,81152,23576,57576
13834,1.807141824490386,81152,23576,57576
13835,1.8070112034694614,81152,23576,57576
13836,1.8068806013298642,81152,23576,57576
13837,1.8067500180675002,81152,23576,57576
13838,1.8066194536782771,81152,23576,57576
13839,1.806488908158104,81152,23576,57576
13840,1.80635838150289,81152,23576,57576
13841,1.806227873708547,81152,23576,57576
13842,1.806097384770987,81152,23576,57576
13843,1.805966914686123,81152,23576,57576
13844,1.80583646344987,81152,23576,57576
13845,1.8057060310581436,81152,23576,57576
13846,1.8055756175068611,81152,23576,57576
13847,1.8054452227919404,81152,23576,57576
13848,1.805314846909301,81152,23576,57576
13849,1.8051844898548632,81152,23576,57576
13850,1.8050541516245486,81152,23576,57576
13851,1.8049238322142807,81152,23576,57576
13852,1.8047935316199826,81152,23576,57576
13853,1.8046632498375803,81152,23576,57576
13854,1.8045329868629998,81152,23576,57576
13855,1.804402742692169,81151,23706,57445
13856,1.8042725173210161,81151,23706,57445
13857,1.8041423107454717,81151,23706,57445
13858,1.8040121229614663,81151,23706,57445
13859,1.8038819539649324,81151,23706,57445
13860,1.8037518037518037,81152,23692,57460
13861,1.8036216723180145,81152,23692,57460
13862,1.8034915596595007,81152,23692,57460
13863,1.8033614657721995,81152,23692,57460
13864,1.8032313906520485,81152,23692,57460
13865,1.8031013342949873,81152,23692,57460
13866,1.8029712966969567,81152,23692,57460
13867,1.8028412778538978,81152,23692,57460
13868,1.8027112777617538,81152,23692,57460
13869,1.8025812964164685,81152,23692,57460
13870,1.802451333813987,81152,23692,57460
13871,1.802321389950256,81152,23692,57460
13872,1.8021914648212225,81152,23692,57460
13873,1.8020615584228357,81152,23692,57460
13874,1.801931670751045,81152,23692,57460
13875,1.8018018018018018,81152,23692,57460
13876,1.801671951571058,81152,23692,57460
13877,1.8015421200547668,81152,23692,57460
13878,1.801412307248883,81152,23692,57460
13879,1.8012825131493624,81152,23692,57460
13880,1.8011527377521614,81155,23692,57463
13881,1.8010229810532383,81155,23692,57463
13882,1.800893243048552,81155,23692,57463
13883,1.8007635237340633,81155,23692,57463
13884,1.8006338231057333,81155,23692,57463
13885,1.8005041411595246,81155,23692,57463
13886,1.8003744778914015,81155,23692,57463
13887,1.8002448332973284,81155,23692,57463
13888,1.8001152073732718,81155,23692,57463
13889,1.799985600115199,81155,23692,57463
13890,1.7998560115190785,81129,23692,57437
13891,1.7997264415808798,81129,23692,57437
13892,1.7995968902965735,81129,23692,57437
13893,1.799467357662132,81129,23692,57437
13894,1.7993378436735281,81129,23692,57437
13895,1.7992083483267363,81129,23692,57437
13896,1.7990788716177317,81129,23692,57437
13897,1.7989494135424913,81129,23692,57437
13898,1.7988199740969923,81129,23692,57437
13899,1.7986905532772142,81129,23692,57437
13900,1.7985611510791366,81129,23692,57437
13901,1.7984317674987411,81129,23692,57437
13902,1.7983024025320098,81129,23692,57437
13903,1.7981730561749263,81129,23692,57437
13904,1.7980437284234752,81129,23692,57437
13905,1.7979144192736425,81129,23692,57437
13906,1.7977851287214153,81129,23692,57437
13907,1.7976558567627814,81129,23692,57437
13908,1.7975266033937303,81129,23692,57437
13909,1.7973973686102525,81129,23692,57437
13910,1.7972681524083394,81129,23692,57437
13911,1.797138954783984,81129,23692,57437
13912,1.79700977573318,81129,23692,57437
13913,1.7968806152519226,81129,23692,57437
13914,1.7967514733362082,81129,23692,57437
13915,1.7966223499820337,81129,23692,57437
13916,1.796493245185398,81129,23692,57437
13917,1.7963641589423007,81129,23692,57437
13918,1.7962350912487426,81129,23692,57437
13919,1.7961060421007256,81129,23692,57437
13920,1.7959770114942528,81129,23692,57437
13921,1.7958479994253287,81129,23692,57437
13922,1.7957190058899584,81129,23692,57437
13923,1.7955900308841486,81129,23692,57437
13924,1.795461074403907,81129,23692,57437
13925,1.7953321364452424,81129,23692,57437
13926,1.795203217004165,81129,23692,57437
13927,1.7950743160766855,81129,23692,57437
13928,1.7949454336588169,81129,23692,57437
13929,1.7948165697465719,81129,23692,57437
13930,1.7946877243359656,81129,23692,57437
13931,1.7945588974230133,81129,23692,57437
13932,1.7944300890037324,81129,23692,57437
13933,1.7943012990741405,81129,23692,57437
13934,1.794172527630257,81129,23692,57437
13935,1.794043774668102,81129,23692,57437
13936,1.793915040183697,81129,23692,57437
13937,1.7937863241730645,81129,23692,57437
13938,1.7936576266322284,81129,23692,57437
13939,1.7935289475572136,81129,23692,57437
13940,1.793400286944046,81129,23692,57437
13941,1.7932716447887527,81129,23692,57437
13942,1.793143021087362,81129,23692,57437
13943,1.7930144158359034,81129,23692,57437
13944,1.7928858290304073,81129,23692,57437
13945,1.7927572606669058,81129,23692,57437
13946,1.7926287107414312,81129,23692,57437
13947,1.792500179250018,81129,23692,57437
13948,1.7923716661887008,81129,23692,57437
13949,1.7922431715535163,81129,23692,57437
13950,1.7921146953405018,81129,23692,57437
13951,1.7919862375456956,81129,23692,57437
13952,1.7918577981651376,81129,23692,57437
13953,1.7917293771948686,81129,23692,57437
13954,1.7916009746309303,81129,23692,57437
13955,1.7914725904693658,81129,23692,57437
13956,1.7913442247062195,81129,23692,57437
13957,1.7912158773375366,81129,23692,57437
13958,1.7910875483593638,81129,23692,57437
13959,1.7909592377677483,81129,23692,57437
13960,1.7908309455587392,81129,23692,57437
13961,1.7907026717283863,81129,23692,57437
13962,1.7905744162727404,81129,23692,57437
13963,1.7904461791878536,81129,23692,57437
13964,1.7903179604697794,81129,23692,57437
13965,1.7901897601145722,81129,23692,57437
13966,1.7900615781182874,81129,23692,57437
13967,1.7899334144769814,81129,23692,57437
13968,1.7898052691867126,81129,23692,57437
13969,1.7896771422435394,81129,23692,57437
13970,1.7895490336435218,81129,23692,57437
13971,1.7894209433827213,81129,23692,57437
13972,1.7892928714572,81129,23692,57437
13973,1.7891648178630215,81129,23692,57437
13974,1.78903678259625,81129,23692,57437
13975,1.7889087656529516,81129,23692,57437
13976,1.7887807670291929,81129,23692,57437
13977,1.7886527867210418,81129,23692,57437
13978,1.788524824724567,81129,23692,57437
13979,1.7883968810358395,81129,23692,57437
13980,1.78826895565093,81129,23692,57437
13981,1.7881410485659108,81129,23692,57437
13982,1.788013159776856,81129,23692,57437
13983,1.7878852892798398,81129,23692,57437
13984,1.7877574370709381,81129,23692,57437
13985,1.7876296031462282,81129,23692,57437
13986,1.7875017875017876,81129,23692,57437
13987,1.7873739901336956,81129,23692,57437
13988,1.7872462110380325,81129,23692,57437
13989,1.78711845021088,81129,23692,57437
13990,1.7869907076483202,81129,23692,57437
13991,1.786862983346437,81129,23692,57437
13992,1.786735277301315,81129,23692,57437
13993,1.7866075895090403,81129,23692,57437
13994,1.7864799199656995,81129,23692,57437
13995,1.7863522686673812,81129,23692,57437
13996,1.7862246356101743,81129,23692,57437
13997,1.7860970207901694,81129,23692,57437
13998,1.7859694242034576,81129,23692,57437
13999,1.7858418458461318,81129,23692,57437
14000,1.7857142857142858,81129,23692,57437
14001,1.785586743804014,81129,23692,57437
14002,1.7854592201114126,81129,23692,57437
14003,1.7853317146325787,81129,23692,57437
14004,1.7852042273636104,81129,23692,57437
14005,1.7850767583006069,81129,23692,57437
14006,1.7849493074396687,81129,23692,57437
14007,1.7848218747768974,81129,23692,57437
14008,1.7846944603083952,81129,23692,57437
14009,1.7845670640302662,81129,23692,57437
14010,1.7844396859386153,81129,23692,57437
14011,1.7843123260295481,81129,23692,57437
14012,1.7841849842991722,81129,23692,57437
14013,1.7840576607435952,81129,23692,57437
14014,1.7839303553589267,81129,23692,57437
14015,1.783803068141277,81129,23692,57437
14016,1.783675799086758,81129,23692,57437
14017,1.7835485481914817,81129,23692,57437
14018,1.7834213154515624,81129,23692,57437
14019,1.7832941008631142,81129,23692,57437
14020,1.783166904422254,81129,23692,57437
14021,1.783039726125098,81129,23692,57437
14022,1.782912565967765,81129,23692,57437
14023,1.7827854239463738,81129,23692,57437
14024,1.782658300057045,81129,23692,57437
14025,1.7825311942959001,81129,23692,57437
14026,1.7824041066590617,81129,23692,57437
14027,1.7822770371426535,81129,23692,57437
14028,1.7821499857428,81129,23692,57437
14029,1.7820229524556277,81129,23692,57437
14030,1.781895937277263,81129,23692,57437
14031,1.7817689402038344,81129,23692,57437
14032,1.781641961231471,81129,23692,57437
14033,1.781515000356303,81129,23692,57437
14034,1.781388057574462,81129,23692,57437
14035,1.7812611328820804,81129,23692,57437
14036,1.781134226275292,81129,23692,57437
14037,1.7810073377502316,81129,23692,57437
14038,1.7808804673030347,81129,23692,57437
14039,1.7807536149298384,81129,23692,57437
14040,1.7806267806267806,81129,23692,57437
14041,1.7804999643900008,81124,23692,57432
14042,1.7803731662156388,81124,23692,57432
14043,1.7802463860998363,81123,23692,57431
14044,1.7801196240387354,81123,23692,57431
14045,1.7799928800284799,81123,23692,57431
14046,1.7798661540652143,81123,23692,57431
14047,1.7797394461450844,81123,23692,57431
14048,1.779612756264237,81123,23692,57431
14049,1.7794860844188198,81123,23692,57431
14050,1.7793594306049823,81123,23692,57431
14051,1.7792327948188742,81123,23692,57431
14052,1.7791061770566468,81123,23692,57431
14053,1.7789795773144523,81123,23692,57431
14054,1.7788529955884447,81123,23692,57431
14055,1.7787264318747777,81123,23692,57431
14056,1.7785998861696073,81123,23692,57431
14057,1.7784733584690902,81123,23692,57431
14058,1.7783468487693839,81123,23692,57431
14059,1.7782203570666477,81123,23692,57431
14060,1.7780938833570412,81123,23692,57431
14061,1.7779674276367257,81123,23692,57431
14062,1.7778409899018632,81123,23692,57431
14063,1.777714570148617,81123,23692,57431
14064,1.7775881683731514,81123,23692,57431
14065,1.7774617845716316,81123,23692,57431
14066,1.7773354187402246,81123,23692,57431
14067,1.7772090708750978,81123,23692,57431
14068,1.7770827409724197,81123,23692,57431
14069,1.7769564290283602,81123,23692,57431
14070,1.7768301350390903,81123,23692,57431
14071,1.7767038590007818,81123,23692,57431
14072,1.7765776009096077,81123,23692,57431
14073,1.7764513607617423,81123,23692,57431
14074,1.7763251385533607,81123,23692,57431
14075,1.7761989342806395,81123,23692,57431
14076,1.7760727479397556,81123,23692,57431
14077,1.7759465795268878,81123,23692,57431
14078,1.7758204290382156,81123,23692,57431
14079,1.7756942964699198,81123,23692,57431
14080,1.7755681818181819,81123,23692,57431
14081,1.7754420850791848,81123,23692,57431
14082,1.7753160062491122,81123,23692,57431
14083,1.7751899453241498,81123,23692,57431
14084,1.7750639023004828,81123,23692,57431
14085,1.774937877174299,81123,23692,57431
14086,1.774811869941786,81123,23692,57431
14087,1.774685880599134,81123,23692,57431
14088,1.7745599091425326,81123,23692,57431
14089,1.7744339555681738,81103,23692,57411
14090,1.7743080198722498,81089,23725,57364
14091,1.7741821020509545,81089,23725,57364
14092,1.7740562021004826,81089,23725,57364
14093,1.7739303200170298,81089,23725,57364
14094,1.773804455796793,81089,23725,57364
14095,1.7736786094359702,81089,23725,57364
14096,1.7735527809307605,81089,23725,57364
14097,1.773426970277364,81089,23725,57364
14098,1.7733011774719818,81089,23725,57364
14099,1.7731754025108164,81089,23725,57364
14100,1.7730496453900708,81089,23725,57364
14101,1.7729239061059499,81089,23725,57364
14102,1.772798184654659,81089,23725,57364
14103,1.7726724810324044,81089,23725,57364
14104,1.7725467952353942,81089,23725,57364
14105,1.772421127259837,81089,23725,57364
14106,1.7722954771019424,81089,23725,57364
14107,1.7721698447579215,81037,23725,57312
14108,1.7720442302239865,81037,23725,57312
14109,1.77191863349635,81037,23725,57312
14110,1.7717930545712262,81037,23725,57312
14111,1.7716674934448302,81037,23725,57312
14112,1.7715419501133787,81037,23725,57312
14113,1.7714164245730886,81037,23725,57312
14114,1.7712909168201785,81037,23725,57312
14115,1.7711654268508679,81037,23725,57312
14116,1.771039954661377,81037,23725,57312
14117,1.770914500247928,81037,23725,57312
14118,1.7707890636067432,81037,23725,57312
14119,1.7706636447340462,81037,23725,57312
14120,1.7705382436260624,81037,23725,57312
14121,1.770412860279017,81037,23725,57312
14122,1.7702874946891376,81037,23725,57312
14123,1.7701621468526516,81037,23725,57312
14124,1.7700368167657887,81037,23725,57312
14125,1.7699115044247788,81037,23725,57312
14126,1.769786209825853,81037,23725,57312
14127,1.769660932965244,81037,23725,57312
14128,1.7695356738391845,81037,23725,57312
14129,1.7694104324439097,81037,23725,57312
14130,1.7692852087756545,81037,23725,57312
14131,1.769160002830656,81037,23725,57312
14132,1.7690348146051513,81037,23725,57312
14133,1.7689096440953795,81037,23725,57312
14134,1.7687844912975803,81037,23725,57312
14135,1.7686593562079944,81037,23725,57312
14136,1.7685342388228635,81037,23725,57312
14137,1.7684091391384311,81037,23725,57312
14138,1.7682840571509408,81037,23725,57312
14139,1.7681589928566377,81037,23725,57312
14140,1.768033946251768,81037,23725,57312
14141,1.767908917332579,81037,23725,57312
14142,1.7677839060953189,81037,23725,57312
14143,1.767658912536237,81037,23725,57312
14144,1.7675339366515836,81037,23725,57312
14145,1.7674089784376104,81037,23725,57312
14146,1.7672840378905699,81037,23725,57312
14147,1.7671591150067152,81037,23725,57312
14148,1.7670342097823013,81037,23725,57312
14149,1.766909322213584,81037,23725,57312
14150,1.7667844522968197,81037,23725,57312
14151,1.7666596000282666,81037,23725,57312
14152,1.7665347654041832,81037,23725,57312
14153,1.7664099484208295,81037,23725,57312
14154,1.7662851490744667,81037,23725,57312
14155,1.7661603673613564,81037,23725,57312
14156,1.766035603277762,81037,23725,57312
14157,1.7659108568199477,81037,23725,57312
14158,1.7657861279841787,81037,23725,57312
14159,1.7656614167667208,81037,23725,57312
14160,1.765536723163842,81037,23725,57312
14161,1.76541204717181,81037,23725,57312
14162,1.7652873887868945,81037,23725,57312
14163,1.765162748005366,81037,23725,57312
14164,1.765038124823496,81037,23725,57312
14165,1.7649135192375573,81037,23725,57312
14166,1.7647889312438232,81037,23725,57312
14167,1.7646643608385686,81037,23725,57312
14168,1.764539808018069,81037,23725,57312
14169,1.764415272778601,81037,23725,57312
14170,1.7642907551164433,81037,23725,57312
14171,1.7641662550278738,81037,23725,57312
14172,1.764041772509173,81037,23725,57312
14173,1.7639173075566217,81037,23725,57312
14174,1.763792860166502,81037,23725,57312
14175,1.763668430335097,81037,23725,57312
14176,1.7635440180586908,81037,23725,57312
14177,1.7634196233335684,81037,23725,57312
14178,1.7632952461560163,81037,23725,57312
14179,1.7631708865223217,81037,23725,57312
14180,1.7630465444287728,81037,23725,57312
14181,1.7629222198716592,81037,23725,57312
14182,1.7627979128472713,81037,23725,57312
14183,1.7626736233519003,81037,23725,57312
14184,1.7625493513818387,81037,23725,57312
14185,1.7624250969333803,81036,23754,57282
14186,1.7623008600028196,81036,23754,57282
14187,1.7621766405864523,81036,23754,57282
14188,1.7620524386805752,81036,23754,57282
14189,1.7619282542814856,81036,23754,57282
14190,1.7618040873854828,81036,23754,57282
14191,1.7616799379888661,81036,23754,57282
14192,1.7615558060879368,81036,23754,57282
14193,1.7614316916789967,81036,23754,57282
14194,1.7613075947583485,81036,23754,57282
14195,1.7611835153222966,81036,23754,57282
14196,1.7610594533671458,81036,23754,57282
14197,1.760935408889202,81036,23754,57282
14198,1.7608113818847726,81036,23754,57282
14199,1.7606873723501655,81036,23754,57282
14200,1.7605633802816902,81036,23754,57282
14201,1.7604394056756567,81036,23754,57282
14202,1.7603154485283763,81036,23754,57282
14203,1.7601915088361613,81036,23754,57282
14204,1.7600675865953253,81036,23754,57282
14205,1.7599436818021823,81036,23754,57282
14206,1.759819794453048,81036,23754,57282
14207,1.7596959245442387,81036,23754,57282
14208,1.759572072072072,81036,23754,57282
14209,1.7594482370328666,81036,23754,57282
14210,1.7593244194229416,81036,23754,57282
14211,1.759200619238618,81036,23754,57282
14212,1.7590768364762173,81036,23754,57282
14213,1.7589530711320622,81036,23754,57282
14214,1.7588293232024765,81036,23754,57282
14215,1.7587055926837847,81036,23754,57282
14216,1.758581879572313,81036,23754,57282
14217,1.7584581838643878,81036,23754,57282
14218,1.758334505556337,81036,23754,57282
14219,1.7582108446444897,81036,23754,57282
14220,1.7580872011251758,81036,23754,57282
14221,1.7579635749947262,81036,23754,57282
14222,1.7578399662494726,81036,23754,57282
14223,1.7577163748857485,81036,23754,57282
14224,1.7575928008998876,81036,23754,57282
14225,1.757469244288225,81036,23754,57282
14226,1.7573457050470969,81036,23754,57282
14227,1.7572221831728403,81036,23754,57282
14228,1.7570986786617937,81036,23754,57282
14229,1.7569751915102958,81036,23754,57282
14230,1.7568517217146873,81036,23754,57282
14231,1.756728269271309,81036,23754,57282
14232,1.7566048341765037,81036,23754,57282
14233,1.7564814164266143,81036,23754,57282
14234,1.756358016017985,81036,23754,57282
14235,1.7562346329469618,81036,23754,57282
14236,1.7561112672098904,81036,23754,57282
14237,1.7559879188031187,81036,23754,57282
14238,1.7558645877229948,81036,23754,57282
14239,1.7557412739658684,81036,23754,57282
14240,1.7556179775280898,81036,23754,57282
14241,1.755494698406011,81036,23754,57282
14242,1.7553714365959836,81036,23754,57282
14243,1.7552481920943621,81036,23754,57282
14244,1.7551249648975007,81036,23754,57282
14245,1.755001755001755,81036,23754,57282
14246,1.7548785624034817,81036,23754,57282
14247,1.7547553870990384,81036,23754,57282
14248,1.7546322290847838,81036,23754,57282
14249,1.7545090883570778,81036,23754,57282
14250,1.7543859649122806,81036,23754,57282
14251,1.7542628587467546,81036,23754,57282
14252,1.7541397698568622,81036,23754,57282
14253,1.7540166982389673,81036,23754,57282
14254,1.7538936438894346,81036,23754,57282
14255,1.75377060680463,81036,23754,57282
14256,1.7536475869809203,81036,23754,57282
14257,1.7535245844146734,81036,23754,57282
14258,1.7534015991022585,81036,23754,57282
14259,1.7532786310400448,81036,23754,57282
14260,1.753155680224404,81036,23754,57282
14261,1.7530327466517075,81036,23754,57282
14262,1.7529098303183284,81036,23754,57282
14263,1.7527869312206408,81036,23754,57282
14264,1.7526640493550196,81036,23754,57282
14265,1.752541184717841,81036,23754,57282
14266,1.7524183373054816,81036,23754,57282
14267,1.7522955071143198,81036,23754,57282
14268,1.7521726941407345,81036,23754,57282
14269,1.752049898381106,81036,23754,57282
14270,1.751927119831815,81036,23754,57282
14271,1.751804358489244,81036,23754,57282
14272,1.7516816143497758,81036,23754,57282
14273,1.7515588874097947,81036,23754,57282
14274,1.751436177665686,81036,23754,57282
14275,1.7513134851138354,81036,23754,57282
14276,1.7511908097506304,81036,23754,57282
14277,1.751068151572459,81036,23754,57282
14278,1.7509455105757108,81036,23754,57282
14279,1.7508228867567757,81036,23754,57282
14280,1.7507002801120448,81036,23754,57282
14281,1.7505776906379105,81036,23754,57282
14282,1.750455118330766,81036,23754,57282
14283,1.7503325631870055,81036,23754,57282
14284,1.7502100252030244,81036,23754,57282
14285,1.7500875043752186,81036,23754,57282
14286,1.749965000699986,81036,23754,57282
14287,1.7498425141737244,81036,23754,57282
14288,1.7497200447928332,81036,23754,57282
14289,1.7495975925537126,81036,23754,57282
14290,1.7494751574527643,81036,23754,57282
14291,1.7493527394863901,81036,23754,57282
14292,1.7492303386509935,81036,23754,57282
14293,1.749107954942979,81036,23754,57282
14294,1.748985588358752,81036,23754,57282
14295,1.7488632388947185,81036,23754,57282
14296,1.7487409065472859,81036,23754,57282
14297,1.748618591312863,81036,23754,57282
14298,1.7484962931878585,81036,23754,57282
14299,1.748374012168683,81036,23754,57282
14300,1.7482517482517483,81036,23754,57282
14301,1.7481295014334661,81036,23754,57282
14302,1.7480072717102504,81036,23754,57282
14303,1.747885059078515,81036,23754,57282
14304,1.7477628635346756,81036,23754,57282
14305,1.7476406850751485,81036,23754,57282
14306,1.747518523696351,81005,23703,57302
14307,1.7473963793947018,81005,23703,57302
14308,1.74727425216662,81005,23703,57302
14309,1.747152142008526,81005,23703,57302
14310,1.7470300489168413,81005,23703,57302
14311,1.7469079728879882,81005,23703,57302
14312,1.74678591391839,81005,23703,57302
14313,1.7466638720044714,81005,23703,57302
14314,1.7465418471426575,81005,23703,57302
14315,1.7464198393293748,81005,23703,57302
14316,1.7462978485610505,81005,23703,57302
14317,1.7461758748341132,81003,23703,57300
14318,1.7460539181449923,81003,23703,57300
14319,1.745931978490118,81003,23703,57300
14320,1.7458100558659218,81003,23703,57300
14321,1.745688150268836,81003,23703,57300
14322,1.745566261695294,81003,23703,57300
14323,1.74544439014173,81003,23703,57300
14324,1.7453225356045796,81003,23703,57300
14325,1.7452006980802792,81003,23703,57300
14326,1.745078877565266,81003,23703,57300
14327,1.7449570740559783,81003,23703,57300
14328,1.7448352875488553,81003,23703,57300
14329,1.7447135180403377,81003,23703,57300
14330,1.7445917655268668,81003,23703,57300
14331,1.7444700300048845,81003,23703,57300
14332,1.7443483114708345,81003,23703,57300
14333,1.744226609921161,81003,23703,57300
14334,1.744104925352309,81003,23703,57300
14335,1.7439832577607255,81003,23703,57300
14336,1.7438616071428572,81003,23703,57300
14337,1.7437399734951524,81003,23703,57300
14338,1.7436183568140606,81003,23703,57300
14339,1.7434967570960318,81003,23703,57300
14340,1.7433751743375174,81003,23703,57300
14341,1.7432536085349697,81003,23703,57300
14342,1.7431320596848416,81003,23703,57300
14343,1.743010527783588,81003,23703,57300
14344,1.742889012827663,81003,23703,57300
14345,1.7427675148135238,81003,23703,57300
14346,1.7426460337376273,81003,23703,57300
14347,1.7425245695964313,81003,23703,57300
14348,1.7424031223863954,81003,23703,57300
14349,1.7422816921039794,81003,23703,57300
14350,1.7421602787456445,81003,23703,57300
14351,1.7420388823078532,81003,23703,57300
14352,1.741917502787068,81003,23703,57300
14353,1.7417961401797533,81003,23703,57300
14354,1.7416747944823743,81003,23703,57300
14355,1.7415534656913967,81003,23703,57300
14356,1.7414321538032878,81003,23703,57300
14357,1.7413108588145156,81003,23703,57300
14358,1.741189580721549,81003,23703,57300
14359,1.741068319520858,81003,23703,57300
14360,1.7409470752089136,81003,23703,57300
14361,1.7408258477821879,81003,23703,57300
14362,1.7407046372371535,81003,23703,57300
14363,1.7405834435702847,81003,23703,57300
14364,1.7404622667780563,81003,23703,57300
14365,1.7403411068569439,81003,23703,57300
14366,1.7402199638034248,81003,23703,57300
14367,1.7400988376139765,81003,23703,57300
14368,1.739977728285078,81003,23703,57300
14369,1.739856635813209,81003,23703,57300
14370,1.7397355601948503,81003,23703,57300
14371,1.7396145014264839,81003,23703,57300
14372,1.7394934595045923,80997,23703,57294
14373,1.7393724344256591,80997,23703,57294
14374,1.7392514261861696,80997,23703,57294
14375,1.7391304347826086,80997,23703,57294
14376,1.7390094602114636,80997,23703,57294
14377,1.7388885024692218,80997,23703,57294
14378,1.7387675615523717,80997,23703,57294
14379,1.7386466374574032,80997,23703,57294
14380,1.7385257301808066,80997,23703,57294
14381,1.7384048397190737,80997,23703,57294
14382,1.738283966068697,80997,23703,57294
14383,1.7381631092261698,80997,23703,57294
14384,1.7380422691879867,80997,23703,57294
14385,1.7379214459506431,80997,23703,57294
14386,1.7378006395106353,80997,23703,57294
14387,1.737679849864461,80997,23703,57294
14388,1.7375590770086182,80997,23703,57294
14389,1.7374383209396067,80997,23703,57294
14390,1.7373175816539264,80997,23703,57294
14391,1.7371968591480786,80997,23703,57294
14392,1.737076153418566,80997,23703,57294
14393,1.7369554644618912,80997,23703,57294
14394,1.7368347922745588,80997,23703,57294
14395,1.736714136853074,80997,23703,57294
14396,1.7365934981939428,80997,23703,57294
14397,1.7364728762936723,80997,23703,57294
14398,1.7363522711487707,80997,23703,57294
14399,1.736231682755747,80997,23703,57294
14400,1.7361111111111112,80997,23703,57294
14401,1.7359905562113742,80997,23703,57294
14402,1.7358700180530482,80997,23703,57294
14403,1.7357494966326459,80997,23703,57294
14404,1.7356289919466814,80997,23703,57294
14405,1.7355085039916696,80997,23703,57294
14406,1.735388032764126,80997,23703,57294
14407,1.7352675782605678,80997,23703,57294
14408,1.7351471404775125,80997,23703,57294
14409,1.735026719411479,80997,23703,57294
14410,1.7349063150589867,80997,23703,57294
14411,1.734785927416557,80997,23703,57294
14412,1.7346655564807105,80997,23703,57294
14413,1.7345452022479706,80997,23703,57294
14414,1.7344248647148606,80997,23703,57294
14415,1.734304543877905,80997,23703,57294
14416,1.7341842397336293,80997,23703,57294
14417,1.7340639522785601,80997,23703,57294
14418,1.7339436815092246,80997,23703,57294
14419,1.7338234274221513,80997,23703,57294
14420,1.7337031900138695,80997,23703,57294
14421,1.7335829692809097,80997,23703,57294
14422,1.7334627652198031,80997,23703,57294
14423,1.7333425778270817,80997,23703,57294
14424,1.733222407099279,80997,23703,57294
14425,1.733102253032929,80997,23703,57294
14426,1.7329821156245668,80997,23703,57294
14427,1.7328619948707285,80997,23703,57294
14428,1.7327418907679513,80997,23703,57294
14429,1.732621803312773,80997,23703,57294
14430,1.7325017325017324,80997,23703,57294
14431,1.73238167833137,80997,23703,57294
14432,1.732261640798226,80997,23703,57294
14433,1.7321416198988429,80980,23668,57312
14434,1.732021615629763,80980,23668,57312
14435,1.7319016279875303,80980,23668,57312
14436,1.7317816569686895,80980,23668,57312
14437,1.731661702569786,80980,23668,57312
14438,1.7315417647873668,80980,23668,57312
14439,1.7314218436179791,80980,23668,57312
14440,1.7313019390581716,80980,23668,57312
14441,1.7311820511044942,80980,23668,57312
14442,1.7310621797534969,80980,23668,57312
14443,1.7309423250017308,80980,23668,57312
14444,1.7308224868457491,80980,23668,57312
14445,1.7307026652821045,80980,23668,57312
14446,1.7305828603073514,80980,23668,57312
14447,1.7304630719180452,80980,23668,57312
14448,1.730343300110742,80980,23668,57312
14449,1.7302235448819987,80980,23668,57312
14450,1.7301038062283738,80980,23668,57312
14451,1.7299840841464258,80980,23668,57312
14452,1.7298643786327152,80980,23668,57312
14453,1.7297446896838027,80980,23668,57312
14454,1.7296250172962502,80980,23668,57312
14455,1.7295053614666205,80980,23668,57312
14456,1.7293857221914777,80980,23668,57312
14457,1.729266099467386,80980,23668,57312
14458,1.7291464932909115,80980,23668,57312
14459,1.729026903658621,80980,23668,57312
14460,1.7289073305670817,80980,23668,57312
14461,1.728787774012862,80980,23668,57312
14462,1.728668233992532,80980,23668,57312
14463,1.728548710502662,80980,23668,57312
14464,1.728429203539823,80980,23668,57312
14465,1.7283097131005876,80980,23668,57312
14466,1.7281902391815291,80980,23668,57312
14467,1.7280707817792216,80980,23668,57312
14468,1.7279513408902405,80980,23668,57312
14469,1.7278319165111617,80980,23668,57312
14470,1.7277125086385625,80980,23668,57312
14471,1.7275931172690209,80980,23668,57312
14472,1.7274737423991156,80980,23668,57312
14473,1.7273543840254266,80980,23668,57312
14474,1.727235042144535,80980,23668,57312
14475,1.7271157167530224,80980,23668,57312
14476,1.7269964078474718,80980,23668,57312
14477,1.7268771154244664,80980,23668,57312
14478,1.7267578394805911,80980,23668,57312
14479,1.7266385800124318,80980,23668,57312
14480,1.7265193370165746,80980,23668,57312
14481,1.7264001104896072,80980,23668,57312
14482,1.7262809004281177,80980,23668,57312
14483,1.7261617068286956,80980,23668,57312
14484,1.7260425296879316,80980,23668,57312
14485,1.7259233690024163,80980,23668,57312
14486,1.7258042247687422,80980,23668,57312
14487,1.7256850969835025,80980,23668,57312
14488,1.725565985643291,80980,23668,57312
14489,1.725446890744703,80980,23668,57312
14490,1.725327812284334,80980,23668,57312
14491,1.7252087502587814,80980,23668,57312
14492,1.7250897046646425,80980,23668,57312
14493,1.7249706754985166,80980,23668,57312
14494,1.724851662757003,80980,23668,57312
14495,1.7247326664367024,80980,23668,57312
14496,1.7246136865342163,80980,23668,57312
14497,1.7244947230461474,80980,23668,57312
14498,1.7243757759690992,80980,23668,57312
14499,1.7242568452996758,80980,23668,57312
14500,1.7241379310344827,80980,23668,57312
14501,1.7240190331701262,80980,23668,57312
14502,1.7239001517032133,80980,23668,57312
14503,1.7237812866303523,80980,23668,57312
14504,1.7236624379481522,80980,23668,57312
14505,1.723543605653223,80980,23668,57312
14506,1.7234247897421757,80980,23668,57312
14507,1.723305990211622,80980,23668,57312
14508,1.7231872070581749,80980,23668,57312
14509,1.723068440278448,80980,23668,57312
14510,1.7229496898690557,80980,23668,57312
14511,1.7228309558266144,80980,23668,57312
14512,1.7227122381477398,80980,23668,57312
14513,1.72259353682905,80970,23668,57302
14514,1.7224748518671626,80970,23668,57302
14515,1.722356183258698,80970,23668,57302
14516,1.7222375310002755,80970,23668,57302
14517,1.722118895088517,80970,23668,57302
14518,1.722000275520044,80970,23668,57302
14519,1.72188167229148,80970,23668,57302
14520,1.721763085399449,80970,23668,57302
14521,1.7216445148405757,80970,23668,57302
14522,1.721525960611486,80970,23668,57302
14523,1.7214074227088068,80970,23668,57302
14524,1.7212889011291654,80970,23668,57302
14525,1.721170395869191,80970,23668,57302
14526,1.7210519069255128,80970,23668,57302
14527,1.7209334342947615,80970,23668,57302
14528,1.7208149779735682,80970,23668,57302
14529,1.7206965379585657,80970,23668,57302
14530,1.7205781142463867,80970,23668,57302
14531,1.720459706833666,80970,23668,57302
14532,1.7203413157170382,80970,23668,57302
14533,1.7202229408931398,80970,23668,57302
14534,1.7201045823586074,80970,23668,57302
14535,1.7199862401100792,80970,23668,57302
14536,1.7198679141441937,80970,23668,57302
14537,1.719749604457591,80970,23668,57302
14538,1.7196313110469115,80970,23668,57302
14539,1.719513033908797,80970,23668,57302
14540,1.71939477303989,80970,23668,57302
14541,1.7192765284368339,80970,23668,57302
14542,1.719158300096273,80970,23668,57302
14543,1.7190400880148524,80970,23668,57302
14544,1.7189218921892189,80970,23668,57302
14545,1.7188037126160192,80970,23668,57302
14546,1.7186855492919015,80970,23668,57302
14547,1.718567402213515,80970,23668,57302
14548,1.718449271377509,80970,23668,57302
14549,1.7183311567805348,80970,23668,57302
14550,1.7182130584192439,80970,23668,57302
14551,1.7180949762902893,80970,23668,57302
14552,1.7179769103903244,80970,23668,57302
14553,1.7178588607160035,80970,23668,57302
14554,1.7177408272639825,80970,23668,57302
14555,1.7176228100309172,80970,23668,57302
14556,1.7175048090134653,80970,23668,57302
14557,1.7173868242082846,80970,23668,57302
14558,1.7172688556120346,80970,23668,57302
14559,1.7171509032213752,80970,23668,57302
14560,1.717032967032967,80970,23668,57302
14561,1.7169150470434722,80970,23668,57302
14562,1.7167971432495537,80970,23668,57302
14563,1.7166792556478747,80970,23668,57302
14564,1.7165613842351002,80970,23668,57302
14565,1.7164435290078957,80970,23668,57302
14566,1.7163256899629273,80970,23668,57302
14567,1.7162078670968628,80970,23668,57302
14568,1.71609006040637,80970,23668,57302
14569,1.7159722698881186,80970,23668,57302
14570,1.7158544955387782,80970,23668,57302
14571,1.7157367373550203,80970,23668,57302
14572,1.7156189953335164,80970,23668,57302
14573,1.7155012694709395,80970,23668,57302
14574,1.7153835597639633,80970,23668,57302
14575,1.7152658662092624,80970,23668,57302
14576,1.7151481888035127,80970,23668,57302
14577,1.7150305275433904,80970,23668,57302
14578,1.7149128824255728,80970,23668,57302
14579,1.7147952534467386,80970,23668,57302
14580,1.7146776406035664,80970,23668,57302
14581,1.714560043892737,80970,23668,57302
14582,1.7144424633109312,80970,23668,57302
14583,1.714324898854831,80970,23668,57302
14584,1.714207350521119,80970,23668,57302
14585,1.7140898183064792,80970,23668,57302
14586,1.7139723022075963,80970,23668,57302
14587,1.7138548022211557,80947,23647,57300
14588,1.7137373183438442,80947,23647,57300
14589,1.713619850572349,80947,23647,57300
14590,1.7135023989033584,80947,23647,57300
14591,1.7133849633335618,80947,23647,57300
14592,1.7132675438596492,80947,23647,57300
14593,1.7131501404783116,80947,23647,57300
14594,1.7130327531862408,80947,23647,57300
14595,1.7129153819801302,80947,23647,57300
14596,1.7127980268566732,80947,23647,57300
14597,1.7126806878125642,80947,23647,57300
14598,1.7125633648444993,80947,23647,57300
14599,1.7124460579491747,80947,23647,57300
14600,1.7123287671232876,80947,23647,57300
14601,1.7122114923635368,80947,23647,57300
14602,1.712094233666621,80947,23647,57300
14603,1.7119769910292406,80934,23655,57279
14604,1.7118597644480964,80934,23655,57279
14605,1.7117425539198905,80934,23655,57279
14606,1.7116253594413255,80934,23655,57279
14607,1.7115081810091053,80934,23655,57279
14608,1.7113910186199344,80934,23655,57279
14609,1.711273872270518,80934,23655,57279
14610,1.7111567419575633,80934,23655,57279
14611,1.711039627677777,80934,23655,57279
14612,1.7109225294278676,80934,23655,57279
14613,1.710805447204544,80934,23655,57279
14614,1.7106883810045161,80934,23655,57279
14615,1.7105713308244954,80934,23655,57279
14616,1.7104542966611933,80934,23655,57279
14617,1.7103372785113224,80934,23655,57279
14618,1.7102202763715966,80934,23655,57279
14619,1.7101032902387303,80934,23655,57279
14620,1.7099863201094392,80934,23655,57279
14621,1.7098693659804391,80934,23655,57279
14622,1.7097524278484475,80925,23676,57249
14623,1.7096355057101826,80925,23676,57249
14624,1.7095185995623632,80925,23676,57249
14625,1.7094017094017093,80925,23676,57249
14626,1.709284835224942,80925,23676,57249
14627,1.7091679770287824,80925,23676,57249
14628,1.7090511348099535,80925,23676,57249
14629,1.7089343085651787,80925,23676,57249
14630,1.7088174982911826,80925,23676,57249
14631,1.70870070398469,80925,23676,57249
14632,1.7085839256424276,80925,23676,57249
14633,1.7084671632611221,80925,23676,57249
14634,1.7083504168375017,80925,23676,57249
14635,1.7082336863682952,80925,23676,57249
14636,1.7081169718502323,80925,23676,57249
14637,1.7080002732800437,80925,23676,57249
14638,1.707883590654461,80925,23676,57249
14639,1.7077669239702165,80925,23676,57249
14640,1.7076502732240437,80925,23676,57249
14641,1.7075336384126767,80925,23676,57249
14642,1.7074170195328506,80925,23676,57249
14643,1.7073004165813017,80925,23676,57249
14644,1.7071838295547666,80925,23676,57249
14645,1.7070672584499829,80925,23676,57249
14646,1.7069507032636897,80925,23676,57249
14647,1.7068341639926266,80925,23676,57249
14648,1.7067176406335336,80925,23676,57249
14649,1.7066011331831525,80925,23676,57249
14650,1.7064846416382253,80925,23676,57249
14651,1.7063681659954952,80925,23676,57249
14652,1.7062517062517062,80925,23676,57249
14653,1.7061352624036032,80925,23676,57249
14654,1.7060188344479323,80925,23676,57249
14655,1.7059024223814399,80925,23676,57249
14656,1.7057860262008733,80925,23676,57249
14657,1.7056696459029814,80925,23676,57249
14658,1.7055532814845136,80925,23676,57249
14659,1.7054369329422199,80925,23676,57249
14660,1.7053206002728514,80925,23676,57249
14661,1.70520428347316,80925,23676,57249
14662,1.705087982539899,80925,23676,57249
14663,1.704971697469822,80925,23676,57249
14664,1.7048554282596835,80925,23676,57249
14665,1.7047391749062393,80925,23676,57249
14666,1.7046229374062458,80925,23676,57249
14667,1.7045067157564602,80925,23676,57249
14668,1.7043905099536405,80925,23676,57249
14669,1.7042743199945463,80925,23676,57249
14670,1.7041581458759374,80902,23676,57226
14671,1.7040419875945743,80902,23676,57226
14672,1.7039258451472192,80902,23676,57226
14673,1.7038097185306345,80902,23676,57226
14674,1.7036936077415838,80902,23676,57226
14675,1.7035775127768313,80902,23676,57226
14676,1.7034614336331426,80902,23676,57226
14677,1.7033453703072836,80902,23676,57226
14678,1.7032293227960213,80902,23676,57226
14679,1.7031132910961237,80902,23676,57226
14680,1.7029972752043596,80902,23676,57226
14681,1.7028812751174989,80902,23676,57226
14682,1.7027652908323117,80902,23676,57226
14683,1.7026493223455696,80902,23676,57226
14684,1.7025333696540452,80902,23676,57226
14685,1.7024174327545114,80902,23676,57226
14686,1.7023015116437423,80902,23676,57226
14687,1.702185606318513,80902,23676,57226
14688,1.7020697167755992,80902,23676,57226
14689,1.7019538430117775,80902,23676,57226
14690,1.7018379850238257,80902,23676,57226
14691,1.7017221428085223,80902,23676,57226
14692,1.7016063163626463,80902,23676,57226
14693,1.7014905056829783,80902,23676,57226
14694,1.701374710766299,80902,23676,57226
14695,1.701258931609391,80902,23676,57226
14696,1.7011431682090365,80902,23676,57226
14697,1.7010274205620195,80902,23676,57226
14698,1.7009116886651245,80902,23676,57226
14699,1.7007959725151371,80902,23676,57226
14700,1.7006802721088434,80902,23676,57226
14701,1.700564587443031,80902,23676,57226
14702,1.7004489185144878,80902,23676,57226
14703,1.7003332653200027,80902,23676,57226
14704,1.7002176278563657,80902,23676,57226
14705,1.7001020061203673,80902,23676,57226
14706,1.6999864001087992,80902,23676,57226
14707,1.6998708098184538,80902,23676,57226
14708,1.6997552352461245,80902,23676,57226
14709,1.6996396763886057,80902,23676,57226
14710,1.699524133242692,80902,23676,57226
14711,1.6994086058051798,80902,23676,57226
14712,1.6992930940728657,80902,23676,57226
14713,1.6991775980425474,80902,23676,57226
14714,1.6990621177110234,80902,23676,57226
14715,1.6989466530750934,80902,23676,57226
14716,1.6988312041315574,80902,23676,57226
14717,1.698715770877217,80902,23676,57226
14718,1.6986003533088734,80902,23676,57226
14719,1.6984849514233304,80902,23676,57226
14720,1.6983695652173914,80902,23676,57226
14721,1.6982541946878609,80902,23676,57226
14722,1.6981388398315447,80902,23676,57226
14723,1.6980235006452489,80902,23676,57226
14724,1.6979081771257811,80902,23676,57226
14725,1.697792869269949,80902,23676,57226
14726,1.697677577074562,80882,23676,57206
14727,1.6975623005364298,80882,23676,57206
14728,1.6974470396523629,80882,23676,57206
14729,1.697331794419173,80882,23676,57206
14730,1.6972165648336728,80882,23676,57206
14731,1.6971013508926753,80882,23676,57206
14732,1.6969861525929948,80882,23676,57206
14733,1.6968709699314464,80882,23676,57206
14734,1.696755802904846,80882,23676,57206
14735,1.69664065151001,80882,23676,57206
14736,1.6965255157437569,80882,23676,57206
14737,1.6964103956029042,80882,23676,57206
14738,1.696295291084272,80882,23676,57206
14739,1.6961802021846801,80882,23676,57206
14740,1.6960651289009498,80882,23676,57206
14741,1.695950071229903,80882,23676,57206
14742,1.6958350291683626,80882,23676,57206
14743,1.695720002713152,80882,23676,57206
14744,1.695604991861096,80882,23676,57206
14745,1.69548999660902,80882,23676,57206
14746,1.6953750169537503,80882,23676,57206
14747,1.6952600528921136,80882,23676,57206
14748,1.6951451044209385,80882,23676,57206
14749,1.6950301715370533,80882,23676,57206
14750,1.694915254237288,80882,23676,57206
14751,1.6948003525184734,80882,23676,57206
14752,1.6946854663774404,80882,23676,57206
14753,1.6945705958110215,80882,23676,57206
14754,1.6944557408160499,80882,23676,57206
14755,1.6943409013893596,80882,23676,57206
14756,1.6942260775277853,80882,23676,57206
14757,1.6941112692281628,80882,23676,57206
14758,1.693996476487329,80882,23676,57206
14759,1.6938816993021208,80882,23676,57206
14760,1.6937669376693767,80882,23676,57206
14761,1.693652191585936,80882,23676,57206
14762,1.6935374610486384,80882,23676,57206
14763,1.693422746054325,80882,23676,57206
14764,1.6933080465998374,80882,23676,57206
14765,1.6931933626820184,80882,23676,57206
14766,1.693078694297711,80882,23676,57206
14767,1.6929640414437597,80882,23676,57206
14768,1.6928494041170097,80882,23676,57206
14769,1.692734782314307,80882,23676,57206
14770,1.6926201760324984,80882,23676,57206
14771,1.6925055852684314,80882,23676,57206
14772,1.6923910100189548,80882,23676,57206
14773,1.692276450280918,80882,23676,57206
14774,1.692161906051171,80882,23676,57206
14775,1.6920473773265652,80882,23676,57206
14776,1.6919328641039524,80882,23676,57206
14777,1.6918183663801853,80882,23676,57206
14778,1.691703884152118,80882,23676,57206
14779,1.6915894174166046,80882,23676,57206
14780,1.6914749661705006,80882,23676,57206
14781,1.6913605304106623,80882,23676,57206
14782,1.6912461101339467,80882,23676,57206
14783,1.6911317053372117,80882,23676,57206
14784,1.691017316017316,80882,23676,57206
14785,1.6909029421711195,80882,23676,57206
14786,1.6907885837954821,80882,23676,57206
14787,1.690674240887266,80882,23676,57206
14788,1.6905599134433325,80882,23676,57206
14789,1.690445601460545,80882,23676,57206
14790,1.6903313049357673,80882,23676,57206
14791,1.6902170238658645,80882,23676,57206
14792,1.6901027582477015,80882,23676,57206
14793,1.6899885080781452,80882,23676,57206
14794,1.6898742733540624,80882,23676,57206
14795,1.6897600540723217,80882,23676,57206
14796,1.6896458502297917,80882,23676,57206
14797,1.6895316618233425,80882,23676,57206
14798,1.6894174888498446,80882,23676,57206
14799,1.6893033313061694,80882,23676,57206
14800,1.6891891891891893,80882,23676,57206
14801,1.6890750624957773,80882,23676,57206
14802,1.6889609512228076,80882,23676,57206
14803,1.6888468553671554,80882,23676,57206
14804,1.6887327749256957,80882,23676,57206
14805,1.6886187098953056,80882,23676,57206
14806,1.6885046602728624,80882,23676,57206
14807,1.6883906260552441,80882,23676,57206
14808,1.68827660723933,80882,23676,57206
14809,1.6881626038220001,80882,23676,57206
14810,1.688048615800135,80882,23676,57206
14811,1.6879346431706164,80882,23676,57206
14812,1.6878206859303269,80882,23676,57206
14813,1.6877067440761493,80882,23676,57206
14814,1.6875928176049684,80882,23676,57206
14815,1.6874789065136686,80882,23676,57206
14816,1.687365010799136,80882,23676,57206
14817,1.6872511304582574,80882,23676,57206
14818,1.6871372654879202,80882,23676,57206
14819,1.6870234158850126,80882,23676,57206
14820,1.6869095816464237,80882,23676,57206
14821,1.686795762769044,80882,23676,57206
14822,1.686681959249764,80882,23676,57206
14823,1.6865681710854752,80882,23676,57206
14824,1.6864543982730706,80882,23676,57206
14825,1.6863406408094435,80882,23676,57206
14826,1.686226898691488,80882,23676,57206
14827,1.686113171916099,80882,23676,57206
14828,1.6859994604801727,80882,23676,57206
14829,1.6858857643806056,80882,23676,57206
14830,1.6857720836142953,80882,23676,57206
14831,1.6856584181781404,80882,23676,57206
14832,1.6855447680690399,80878,23665,57213
14833,1.685431133283894,80878,23665,57213
14834,1.6853175138196037,80878,23665,57213
14835,1.6852039096730704,80878,23665,57213
14836,1.6850903208411971,80878,23665,57213
14837,1.684976747320887,80878,23665,57213
14838,1.6848631891090444,80878,23665,57213
14839,1.6847496462025744,80878,23665,57213
14840,1.6846361185983827,80878,23665,57213
14841,1.6845226062933765,80878,23665,57213
14842,1.684409109284463,80878,23665,57213
14843,1.6842956275685508,80878,23665,57213
14844,1.6841821611425492,80878,23665,57213
14845,1.6840687100033682,80878,23665,57213
14846,1.6839552741479187,80878,23665,57213
14847,1.6838418535731123,80878,23665,57213
14848,1.683728448275862,80878,23665,57213
14849,1.683615058253081,80878,23665,57213
14850,1.6835016835016836,80878,23665,57213
14851,1.6833883240185845,80878,23665,57213
14852,1.6832749798007003,80878,23665,57213
14853,1.6831616508449472,80878,23665,57213
14854,1.683048337148243,80878,23665,57213
14855,1.682935038707506,80878,23665,57213
14856,1.6828217555196554,80878,23665,57213
14857,1.6827084875816114,80878,23665,57213
14858,1.6825952348902948,80878,23665,57213
14859,1.6824819974426273,80878,23665,57213
14860,1.6823687752355316,80878,23665,57213
14861,1.682255568265931,80878,23665,57213
14862,1.6821423765307495,80878,23665,57213
14863,1.6820292000269124,80878,23665,57213
14864,1.6819160387513454,80878,23665,57213
14865,1.6818028927009754,80878,23665,57213
14866,1.6816897618727298,80878,23665,57213
14867,1.6815766462635366,80878,23665,57213
14868,1.6814635458703255,80878,23665,57213
14869,1.6813504606900262,80878,23665,57213
14870,1.6812373907195697,80878,23665,57213
14871,1.6811243359558874,80878,23665,57213
14872,1.6810112963959118,80878,23665,57213
14873,1.6808982720365764,80878,23665,57213
14874,1.6807852628748152,80878,23665,57213
14875,1.680672268907563,80878,23665,57213
14876,1.6805592901317559,80878,23665,57213
14877,1.6804463265443301,80878,23665,57213
14878,1.6803333781422234,80878,23665,57213
14879,1.6802204449223739,80878,23665,57213
14880,1.6801075268817205,80878,23665,57213
14881,1.6799946240172032,80878,23665,57213
14882,1.6798817363257628,80878,23665,57213
14883,1.6797688638043404,80878,23665,57213
14884,1.6796560064498791,80878,23665,57213
14885,1.6795431642593215,80878,23665,57213
14886,1.6794303372296118,80878,23665,57213
14887,1.6793175253576946,80878,23665,57213
14888,1.6792047286405158,80878,23665,57213
14889,1.6790919470750219,80878,23665,57213
14890,1.6789791806581598,80878,23665,57213
14891,1.678866429386878,80878,23665,57213
14892,1.678753693258125,80878,23665,57213
14893,1.6786409722688511,80878,23665,57213
14894,1.6785282664160064,80878,23665,57213
14895,1.6784155756965424,80878,23665,57213
14896,1.6783029001074115,80878,23665,57213
14897,1.6781902396455661,80878,23665,57213
14898,1.6780775943079609,80878,23665,57213
14899,1.6779649640915497,80878,23665,57213
14900,1.6778523489932886,80878,23665,57213
14901,1.6777397490101336,80878,23665,57213
14902,1.6776271641390417,80878,23665,57213
14903,1.6775145943769711,80878,23665,57213
14904,1.6774020397208802,80874,23665,57209
14905,1.677289500167729,80874,23665,57209
14906,1.6771769757144774,80874,23665,57209
14907,1.6770644663580867,80874,23665,57209
14908,1.6769519720955193,80874,23665,57209
14909,1.6768394929237374,80864,23665,57199
14910,1.676727028839705,80864,23665,57199
14911,1.6766145798403862,80864,23665,57199
14912,1.6765021459227467,80864,23665,57199
14913,1.6763897270837524,80864,23665,57199
14914,1.67627732332037,80864,23665,57199
14915,1.6761649346295675,80864,23665,57199
14916,1.6760525610083132,80864,23665,57199
14917,1.6759402024535766,80864,23665,57199
14918,1.6758278589623274,80864,23665,57199
14919,1.675715530531537,80864,23665,57199
14920,1.675603217158177,80864,23665,57199
14921,1.67549091883922,80864,23665,57199
14922,1.6753786355716391,80864,23665,57199
14923,1.675266367352409,80864,23665,57199
14924,1.6751541141785045,80864,23665,57199
14925,1.6750418760469012,80864,23665,57199
14926,1.6749296529545759,80864,23665,57199
14927,1.674817444898506,80864,23665,57199
14928,1.67470525187567,80864,23665,57199
14929,1.6745930738830463,80864,23665,57199
14930,1.6744809109176155,80864,23665,57199
14931,1.674368762976358,80864,23665,57199
14932,1.674256630056255,80864,23665,57199
14933,1.674144512154289,80864,23665,57199
14934,1.6740324092674435,80864,23665,57199
14935,1.6739203213927016,80864,23665,57199
14936,1.6738082485270487,80864,23665,57199
14937,1.67369619066747,80864,23665,57199
14938,1.6735841478109519,80864,23665,57199
14939,1.6734721199544815,80864,23665,57199
14940,1.6733601070950468,80864,23665,57199
14941,1.6732481092296365,80864,23665,57199
14942,1.6731361263552402,80864,23665,57199
14943,1.6730241584688483,80864,23665,57199
14944,1.672912205567452,80864,23665,57199
14945,1.672800267648043,80864,23665,57199
14946,1.6726883447076142,80864,23665,57199
14947,1.6725764367431593,80864,23665,57199
14948,1.6724645437516725,80864,23665,57199
14949,1.672352665730149,80864,23665,57199
14950,1.6722408026755853,80864,23665,57199
14951,1.6721289545849776,80864,23665,57199
14952,1.6720171214553237,80864,23665,57199
14953,1.671905303283622,80864,23665,57199
14954,1.6717935000668718,80864,23665,57199
14955,1.6716817118020728,80864,23665,57199
14956,1.6715699384862264,80864,23665,57199
14957,1.6714581801163335,80864,23665,57199
14958,1.671346436689397,80865,23636,57229
14959,1.67123470820242,80865,23636,57229
14960,1.6711229946524064,80865,23636,57229
14961,1.6710112960363612,80865,23636,57229
14962,1.67089961235129,80865,23636,57229
14963,1.670787943594199,80865,23636,57229
14964,1.6706762897620957,80865,23636,57229
14965,1.670564650851988,80865,23636,57229
14966,1.6704530268608846,80865,23636,57229
14967,1.6703414177857954,80865,23636,57229
14968,1.6702298236237307,80865,23636,57229
14969,1.6701182443717015,80865,23636,57229
14970,1.6700066800267201,80865,23636,57229
14971,1.6698951305857992,80865,23636,57229
14972,1.6697835960459524,80865,23636,57229
14973,1.6696720764041941,80865,23636,57229
14974,1.6695605716575397,80865,23636,57229
14975,1.669449081803005,80865,23636,57229
14976,1.669337606837607,80865,23636,57229
14977,1.669226146758363,80865,23636,57229
14978,1.6691147015622914,80865,23636,57229
14979,1.6690032712464116,80865,23636,57229
14980,1.6688918558077437,80865,23636,57229
14981,1.668780455243308,80865,23636,57229
14982,1.6686690695501267,80865,23636,57229
14983,1.668557698725222,80865,23636,57229
14984,1.6684463427656167,80865,23636,57229
14985,1.668335001668335,80865,23636,57229
14986,1.6682236754304016,80865,23636,57229
14987,1.6681123640488422,80865,23636,57229
14988,1.6680010675206831,80865,23636,57229
14989,1.6678897858429516,80865,23636,57229
14990,1.667778519012675,80865,23636,57229
14991,1.6676672670268828,80865,23636,57229
14992,1.667556029882604,80865,23636,57229
14993,1.6674448075768693,80865,23636,57229
14994,1.6673336001067094,80865,23636,57229
14995,1.6672224074691564,80865,23636,57229
14996,1.667111229661243,80865,23636,57229
14997,1.6670000666800027,80865,23636,57229
14998,1.6668889185224696,80865,23636,57229
14999,1.666777785185679,80865,23636,57229
15000,1.6666666666666667,80865,23636,57229
15001,1.666555562962469,80865,23636,57229
15002,1.666444474070124,80865,23636,57229
15003,1.6663333999866694,80867,23636,57231
15004,1.6662223407091443,80867,23636,57231
15005,1.6661112962345885,80867,23636,57231
15006,1.6660002665600426,80867,23636,57231
15007,1.665889251682548,80867,23636,57231
15008,1.665778251599147,80867,23636,57231
15009,1.6656672663068826,80867,23636,57231
15010,1.665556295802798,80867,23636,57231
15011,1.6654453400839384,80867,23636,57231
15012,1.6653343991473488,80867,23636,57231
15013,1.6652234729900752,80867,23636,57231
15014,1.6651125616091649,80867,23636,57231
15015,1.665001665001665,80867,23636,57231
15016,1.6648907831646245,80867,23636,57231
15017,1.6647799160950922,80867,23636,57231
15018,1.6646690637901185,80867,23636,57231
15019,1.6645582262467542,80867,23636,57231
15020,1.6644474034620507,80867,23636,57231
15021,1.6643365954330605,80867,23636,57231
15022,1.6642258021568366,80867,23636,57231
15023,1.6641150236304334,80867,23636,57231
15024,1.6640042598509053,80867,23636,57231
15025,1.663893510815308,80867,23636,57231
15026,1.6637827765206974,80867,23636,57231
15027,1.6636720569641312,80867,23636,57231
15028,1.663561352142667,80867,23636,57231
15029,1.6634506620533636,80867,23636,57231
15030,1.66333998669328,80867,23636,57231
15031,1.663229326059477,80867,23636,57231
15032,1.6631186801490154,80867,23636,57231
15033,1.663008048958957,80867,23636,57231
15034,1.6628974324863643,80867,23636,57231
15035,1.6627868307283007,80867,23636,57231
15036,1.6626762436818303,80867,23636,57231
15037,1.662565671344018,80867,23636,57231
15038,1.6624551137119299,80867,23636,57231
15039,1.6623445707826319,80867,23636,57231
15040,1.6622340425531914,80867,23636,57231
15041,1.6621235290206768,80867,23636,57231
15042,1.6620130301821567,80867,23636,57231
15043,1.6619025460347006,80867,23636,57231
15044,1.6617920765753789,80867,23636,57231
15045,1.6616816218012629,80867,23636,57231
15046,1.6615711817094245,80867,23636,57231
15047,1.6614607562969363,80867,23636,57231
15048,1.6613503455608718,80867,23636,57231
15049,1.6612399494983054,80867,23636,57231
15050,1.6611295681063123,80867,23636,57231
15051,1.661019201381968,80867,23636,57231
15052,1.6609088493223492,80867,23636,57231
15053,1.6607985119245332,80867,23636,57231
15054,1.6606881891855985,80867,23636,57231
15055,1.6605778811026237,80867,23636,57231
15056,1.6604675876726886,80867,23636,57231
15057,1.6603573088928738,80867,23636,57231
15058,1.6602470447602604,80847,23636,57211
15059,1.6601367952719304,80847,23636,57211
15060,1.6600265604249669,80847,23636,57211
15061,1.6599163402164532,80847,23636,57211
15062,1.6598061346434736,80847,23636,57211
15063,1.6596959437031136,80847,23636,57211
15064,1.6595857673924588,80847,23636,57211
15065,1.659475605708596,80847,23636,57211
15066,1.6593654586486128,80847,23636,57211
15067,1.659255326209597,80847,23636,57211
15068,1.6591452083886382,80847,23636,57211
15069,1.6590351051828256,80847,23636,57211
15070,1.6589250165892502,80847,23636,57211
15071,1.658814942605003,80846,23665,57181
15072,1.6587048832271762,80846,23665,57181
15073,1.6585948384528628,80846,23665,57181
15074,1.6584848082791561,80846,23665,57181
15075,1.658374792703151,80846,23665,57181
15076,1.6582647917219422,80846,23665,57181
15077,1.6581548053326258,80846,23665,57181
15078,1.6580448335322988,80846,23665,57181
15079,1.6579348763180581,80846,23665,57181
15080,1.6578249336870026,80846,23665,57181
15081,1.657715005636231,80846,23665,57181
15082,1.6576050921628431,80846,23665,57181
15083,1.6574951932639395,80846,23665,57181
15084,1.6573853089366215,80846,23665,57181
15085,1.6572754391779914,80846,23665,57181
15086,1.6571655839851518,80846,23665,57181
15087,1.6570557433552064,80846,23665,57181
15088,1.6569459172852599,80846,23665,57181
15089,1.656836105772417,80846,23665,57181
15090,1.656726308813784,80846,23665,57181
15091,1.6566165264064674,80846,23665,57181
15092,1.6565067585475748,80846,23665,57181
15093,1.6563970052342145,80846,23665,57181
15094,1.6562872664634953,80846,23665,57181
15095,1.6561775422325273,80846,23665,57181
15096,1.6560678325384208,80846,23665,57181
15097,1.655958137378287,80846,23665,57181
15098,1.6558484567492384,80846,23665,57181
15099,1.6557387906483874,80846,23665,57181
15100,1.6556291390728477,80846,23665,57181
15101,1.6555195020197337,80846,23665,57181
15102,1.6554098794861607,80846,23665,57181
15103,1.6553002714692444,80846,23665,57181
15104,1.6551906779661016,80846,23665,57181
15105,1.6550810989738498,80846,23665,57181
15106,1.6549715344896068,80846,23665,57181
15107,1.654861984510492,80846,23665,57181
15108,1.6547524490336245,80846,23665,57181
15109,1.6546429280561255,80846,23665,57181
15110,1.6545334215751157,80846,23665,57181
15111,1.6544239295877177,80846,23665,57181
15112,1.6543144520910535,80846,23665,57181
15113,1.654204989082247,80846,23665,57181
15114,1.6540955405584226,80846,23665,57181
15115,1.6539861065167052,80846,23665,57181
15116,1.6538766869542207,80846,23665,57181
15117,1.6537672818680955,80846,23665,57181
15118,1.6536578912554571,80846,23665,57181
15119,1.6535485151134335,80846,23665,57181
15120,1.6534391534391535,80846,23665,57181
15121,1.6533298062297468,80826,23665,57161
15122,1.6532204734823437,80826,23665,57161
15123,1.6531111551940751,80826,23665,57161
15124,1.6530018513620734,80826,23665,57161
15125,1.6528925619834711,80826,23665,57161
15126,1.6527832870554013,80826,23665,57161
15127,1.6526740265749984,80826,23665,57161
15128,1.652564780539397,80826,23665,57161
15129,1.6524555489457333,80826,23665,57161
15130,1.6523463317911433,80826,23665,57161
15131,1.6522371290727644,80826,23665,57161
15132,1.6521279407877345,80826,23665,57161
15133,1.6520187669331923,80826,23665,57161
15134,1.6519096075062774,80826,23665,57161
15135,1.6518004625041296,80826,23665,57161
15136,1.6516913319238902,80826,23665,57161
15137,1.6515822157627007,80826,23665,57161
15138,1.6514731140177037,80826,23665,57161
15139,1.6513640266860428,80826,23665,57161
15140,1.6512549537648613,80826,23665,57161
15141,1.6511458952513045,80826,23665,57161
15142,1.6510368511425175,80826,23665,57161
15143,1.6509278214356469,80826,23665,57161
15144,1.6508188061278395,80826,23665,57161
15145,1.650709805216243,80826,23665,57161
15146,1.6506008186980061,80826,23665,57161
15147,1.650491846570278,80826,23665,57161
15148,1.6503828888302086,80826,23665,57161
15149,1.6502739454749489,80826,23665,57161
15150,1.6501650165016502,80826,23665,57161
15151,1.6500561019074649,80826,23665,57161
15152,1.649947201689546,80826,23665,57161
15153,1.6498383158450471,80826,23665,57161
15154,1.6497294443711232,80826,23665,57161
15155,1.649620587264929,80826,23665,57161
15156,1.649511744523621,80826,23665,57161
15157,1.6494029161443557,80826,23665,57161
15158,1.6492941021242908,80826,23665,57161
15159,1.6491853024605845,80826,23665,57161
15160,1.6490765171503958,80826,23665,57161
15161,1.6489677461908845,80826,23665,57161
15162,1.6488589895792112,80826,23665,57161
15163,1.648750247312537,80826,23665,57161
15164,1.6486415193880242,80826,23665,57161
15165,1.6485328058028355,80826,23665,57161
15166,1.6484241065541343,80826,23665,57161
15167,1.648315421639085,80826,23665,57161
15168,1.6482067510548524,80826,23665,57161
15169,1.6480980947986024,80826,23665,57161
15170,1.6479894528675016,80826,23665,57161
15171,1.6478808252587174,80826,23665,57161
15172,1.6477722119694174,80826,23665,57161
15173,1.6476636129967706,80826,23665,57161
15174,1.6475550283379465,80826,23665,57161
15175,1.6474464579901154,80826,23665,57161
15176,1.6473379019504482,80826,23665,57161
15177,1.6472293602161165,80826,23665,57161
15178,1.647120832784293,80826,23665,57161
15179,1.647012319652151,80826,23665,57161
15180,1.6469038208168643,80826,23665,57161
15181,1.6467953362756076,80826,23665,57161
15182,1.6466868660255565,80826,23665,57161
15183,1.6465784100638872,80826,23665,57161
15184,1.6464699683877766,80826,23665,57161
15185,1.6463615409944024,80826,23665,57161
15186,1.646253127880943,80826,23665,57161
15187,1.6461447290445776,80826,23665,57161
15188,1.6460363444824861,80826,23665,57161
15189,1.6459279741918493,80826,23665,57161
15190,1.6458196181698486,80826,23665,57161
15191,1.6457112764136659,80824,23664,57160
15192,1.6456029489204844,80824,23664,57160
15193,1.6454946356874876,80824,23664,57160
15194,1.64538633671186,80824,23664,57160
15195,1.6452780519907864,80824,23664,57160
15196,1.645169781521453,80824,23664,57160
15197,1.6450615253010463,80824,23664,57160
15198,1.6449532833267535,80824,23664,57160
15199,1.6448450555957628,80824,23664,57160
15200,1.644736842105263,80824,23664,57160
15201,1.644628642852444,80824,23664,57160
15202,1.6445204578344954,80824,23664,57160
15203,1.6444122870486089,80824,23664,57160
15204,1.6443041304919759,80824,23664,57160
15205,1.644195988161789,80824,23664,57160
15206,1.6440878600552413,80824,23664,57160
15207,1.6439797461695271,80824,23664,57160
15208,1.643871646501841,80824,23664,57160
15209,1.6437635610493786,80824,23664,57160
15210,1.643655489809336,80824,23664,57160
15211,1.64354743277891,80824,23664,57160
15212,1.6434393899552984,80824,23664,57160
15213,1.6433313613356997,80824,23664,57160
15214,1.643223346917313,80824,23664,57160
15215,1.643115346697338,80824,23664,57160
15216,1.6430073606729758,80824,23664,57160
15217,1.6428993888414274,80824,23664,57160
15218,1.6427914311998948,80824,23664,57160
15219,1.6426834877455812,80824,23664,57160
15220,1.6425755584756898,80824,23664,57160
15221,1.6424676433874252,80824,23664,57160
15222,1.6423597424779923,80824,23664,57160
15223,1.642251855744597,80824,23664,57160
15224,1.6421439831844455,80824,23664,57160
15225,1.6420361247947455,80824,23664,57160
15226,1.6419282805727047,80824,23664,57160
15227,1.6418204505155316,80824,23664,57160
15228,1.641712634620436,80824,23664,57160
15229,1.641604832884628,80824,23664,57160
15230,1.6414970453053184,80824,23664,57160
15231,1.641389271879719,80824,23664,57160
15232,1.641281512605042,80824,23664,57160
15233,1.6411737674785005,80824,23664,57160
15234,1.6410660364973086,80824,23664,57160
15235,1.6409583196586808,80824,23664,57160
15236,1.640850616959832,80824,23664,57160
15237,1.6407429283979786,80824,23664,57160
15238,1.6406352539703373,80824,23664,57160
15239,1.6405275936741257,80824,23664,57160
15240,1.6404199475065617,80824,23664,57160
15241,1.6403123154648644,80824,23664,57160
15242,1.6402046975462539,80824,23664,57160
15243,1.64009709374795,80824,23664,57160
15244,1.639989504067174,80824,23664,57160
15245,1.639881928501148,80824,23664,57160
15246,1.6397743670470943,80824,23664,57160
15247,1.6396668197022366,80824,23664,57160
15248,1.6395592864637984,80824,23664,57160
15249,1.6394517673290052,80824,23664,57160
15250,1.639344262295082,80822,23664,57158
15251,1.639236771359255,80822,23664,57158
15252,1.6391292945187517,80822,23664,57158
15253,1.6390218317707992,80822,23664,57158
15254,1.6389143831126263,80822,23664,57158
15255,1.6388069485414618,80822,23664,57158
15256,1.638699528054536,80822,23664,57158
15257,1.638592121649079,80822,23664,57158
15258,1.6384847293223228,80822,23664,57158
15259,1.6383773510714987,80822,23664,57158
15260,1.6382699868938402,80822,23664,57158
15261,1.6381626367865803,80822,23664,57158
15262,1.6380553007469532,80822,23664,57158
15263,1.6379479787721942,80822,23664,57158
15264,1.6378406708595388,80822,23664,57158
15265,1.6377333770062235,80822,23664,57158
15266,1.6376260972094852,80822,23664,57158
15267,1.6375188314665619,80822,23664,57158
15268,1.6374115797746922,80822,23664,57158
15269,1.6373043421311153,80822,23664,57158
15270,1.6371971185330714,80822,23664,57158
15271,1.637089908977801,80822,23664,57158
15272,1.6369827134625459,80822,23664,57158
15273,1.6368755319845478,80822,23664,57158
15274,1.6367683645410502,80822,23664,57158
15275,1.6366612111292962,80822,23664,57158
15276,1.6365540717465306,80822,23664,57158
15277,1.636446946389998,80822,23664,57158
15278,1.6363398350569447,80822,23664,57158
15279,1.6362327377446169,80822,23664,57158
15280,1.6361256544502618,80822,23664,57158
15281,1.6360185851711275,80822,23664,57158
15282,1.6359115299044629,80822,23664,57158
15283,1.635804488647517,80822,23664,57158
15284,1.63569746139754,80822,23664,57158
15285,1.635590448151783,80822,23664,57158
15286,1.635483448907497,80822,23664,57158
15287,1.635376463661935,80822,23664,57158
15288,1.6352694924123496,80822,23664,57158
15289,1.6351625351559944,80822,23664,57158
15290,1.6350555918901242,80822,23664,57158
15291,1.634948662611994,80822,23664,57158
15292,1.6348417473188595,80822,23664,57158
15293,1.6347348460079776,80822,23664,57158
15294,1.6346279586766053,80822,23664,57158
15295,1.6345210853220007,80822,23664,57158
15296,1.6344142259414225,80822,23664,57158
15297,1.6343073805321304,80822,23664,57158
15298,1.6342005490913845,80822,23664,57158
15299,1.6340937316164454,80822,23664,57158
15300,1.6339869281045751,80822,23664,57158
15301,1.6338801385530357,80822,23664,57158
15302,1.6337733629590903,80822,23664,57158
15303,1.6336666013200025,80822,23664,57158
15304,1.6335598536330371,80822,23664,57158
15305,1.633453119895459,80822,23664,57158
15306,1.6333464001045341,80822,23664,57158
15307,1.6332396942575291,80822,23664,57158
15308,1.6331330023517114,80822,23664,57158
15309,1.633026324384349,80822,23664,57158
15310,1.6329196603527107,80822,23664,57158
15311,1.6328130102540657,80822,23664,57158
15312,1.6327063740856844,80822,23664,57158
15313,1.6325997518448376,80822,23664,57158
15314,1.6324931435287973,80822,23664,57158
15315,1.632386549134835,80822,23664,57158
15316,1.6322799686602245,80822,23664,57158
15317,1.6321734021022394,80822,23664,57158
15318,1.6320668494581538,80822,23664,57158
15319,1.6319603107252432,80822,23664,57158
15320,1.6318537859007833,80822,23664,57158
15321,1.6317472749820507,80822,23664,57158
15322,1.631640777966323,80822,23664,57158
15323,1.6315342948508778,80822,23664,57158
15324,1.631427825632994,80822,23664,57158
15325,1.6313213703099512,80822,23664,57158
15326,1.6312149288790292,80822,23664,57158
15327,1.631108501337509,80822,23664,57158
15328,1.6310020876826723,80822,23664,57158
15329,1.630895687911801,80822,23664,57158
15330,1.6307893020221786,80822,23664,57158
15331,1.6306829300110885,80822,23664,57158
15332,1.6305765718758154,80822,23664,57158
15333,1.6304702276136438,80822,23664,57158
15334,1.63036389722186,80822,23664,57158
15335,1.6302575806977502,80822,23664,57158
15336,1.630151278038602,80822,23664,57158
15337,1.630044989241703,80822,23664,57158
15338,1.6299387143043422,80822,23664,57158
15339,1.6298324532238087,80822,23664,57158
15340,1.6297262059973925,80822,23664,57158
15341,1.6296199726223846,80822,23664,57158
15342,1.6295137530960762,80822,23664,57158
15343,1.6294075474157597,80822,23664,57158
15344,1.629301355578728,80822,23664,57158
15345,1.6291951775822744,80822,23664,57158
15346,1.6290890134236935,80822,23664,57158
15347,1.6289828631002803,80822,23664,57158
15348,1.6288767266093302,80822,23664,57158
15349,1.62877060394814,80822,23664,57158
15350,1.6286644951140066,80822,23664,57158
15351,1.6285584001042277,80822,23664,57158
15352,1.6284523189161022,80822,23664,57158
15353,1.628346251546929,80822,23664,57158
15354,1.628240197994008,80822,23664,57158
15355,1.6281341582546403,80822,23664,57158
15356,1.6280281323261265,80822,23664,57158
15357,1.6279221202057694,80822,23664,57158
15358,1.627816121890871,80822,23664,57158
15359,1.6277101373787355,80822,23664,57158
15360,1.6276041666666667,80822,23664,57158
15361,1.6274982097519692,80822,23664,57158
15362,1.627392266631949,80822,23664,57158
15363,1.627286337303912,80822,23664,57158
15364,1.6271804217651653,80822,23664,57158
15365,1.6270745200130166,80822,23664,57158
15366,1.6269686320447743,80822,23664,57158
15367,1.626862757857747,80822,23664,57158
15368,1.6267568974492452,80822,23664,57158
15369,1.6266510508165788,80822,23664,57158
15370,1.6265452179570592,80822,23664,57158
15371,1.6264393988679982,80822,23664,57158
15372,1.6263335935467083,80822,23664,57158
15373,1.6262278019905028,80822,23664,57158
15374,1.6261220241966958,80822,23664,57158
15375,1.6260162601626016,80822,23664,57158
15376,1.625910509885536,80756,23664,57092
15377,1.6258047733628147,80756,23664,57092
15378,1.6256990505917543,80756,23664,57092
15379,1.6255933415696728,80756,23664,57092
15380,1.625487646293888,80756,23664,57092
15381,1.625381964761719,80756,23664,57092
15382,1.625276296970485,80756,23664,57092
15383,1.6251706429175063,80756,23664,57092
15384,1.6250650026001041,80756,23664,57092
15385,1.6249593760155996,80756,23664,57092
15386,1.6248537631613156,80756,23664,57092
15387,1.6247481640345747,80756,23664,57092
15388,1.6246425786327008,80756,23664,57092
15389,1.6245370069530183,80756,23664,57092
15390,1.6244314489928524,80756,23664,57092
15391,1.6243259047495289,80756,23664,57092
15392,1.6242203742203742,80756,23664,57092
15393,1.6241148574027156,80756,23664,57092
15394,1.6240093542938807,80756,23664,57092
15395,1.6239038648911985,80756,23664,57092
15396,1.6237983891919978,80756,23664,57092
15397,1.6236929271936091,80756,23664,57092
15398,1.6235874788933629,80756,23664,57092
15399,1.6234820442885902,80756,23664,57092
15400,1.6233766233766234,80756,23664,57092
15401,1.623271216154795,80756,23664,57092
15402,1.6231658226204388,80756,23664,57092
15403,1.6230604427708888,80756,23664,57092
15404,1.6229550766034797,80756,23664,57092
15405,1.6228497241155468,80756,23664,57092
15406,1.6227443853044268,80756,23664,57092
15407,1.6226390601674563,80756,23664,57092
15408,1.622533748701973,80756,23664,57092
15409,1.622428450905315,80756,23664,57092
15410,1.6223231667748215,80756,23664,57092
15411,1.622217896307832,80756,23664,57092
15412,1.622112639501687,80756,23664,57092
15413,1.6220073963537274,80756,23664,57092
15414,1.621902166861295,80756,23664,57092
15415,1.621796951021732,80756,23664,57092
15416,1.6216917488323819,80757,23695,57062
15417,1.6215865602905883,80757,23695,57062
15418,1.6214813853936956,80757,23695,57062
15419,1.6213762241390492,80757,23695,57062
15420,1.6212710765239948,80757,23695,57062
15421,1.621165942545879,80757,23695,57062
15422,1.621060822202049,80757,23695,57062
15423,1.6209557154898528,80757,23695,57062
15424,1.620850622406639,80757,23695,57062
15425,1.6207455429497568,80757,23695,57062
15426,1.6206404771165566,80757,23695,57062
15427,1.6205354249043884,80757,23695,57062
15428,1.620430386310604,80757,23695,57062
15429,1.6203253613325557,80757,23695,57062
15430,1.6202203499675956,80757,23695,57062
15431,1.6201153522130776,80757,23695,57062
15432,1.6200103680663556,80757,23695,57062
15433,1.6199053975247846,80757,23695,57062
15434,1.6198004405857198,80757,23695,57062
15435,1.6196954972465176,80757,23695,57062
15436,1.6195905675045348,80757,23695,57062
15437,1.619485651357129,80757,23695,57062
15438,1.6193807488016583,80757,23695,57062
15439,1.6192758598354815,80757,23695,57062
15440,1.6191709844559585,80757,23695,57062
15441,1.6190661226604495,80757,23695,57062
15442,1.6189612744463153,80757,23695,57062
15443,1.6188564398109175,80757,23695,57062
15444,1.6187516187516187,80757,23695,57062
15445,1.618646811265782,80757,23695,57062
15446,1.6185420173507705,80757,23695,57062
15447,1.618437237003949,80757,23695,57062
15448,1.6183324702226825,80757,23695,57062
15449,1.6182277170043369,80757,23695,57062
15450,1.6181229773462784,80757,23695,57062
15451,1.618018251245874,80757,23695,57062
15452,1.617913538700492,80757,23695,57062
15453,1.6178088397075001,80757,23695,57062
15454,1.617704154264268,80757,23695,57062
15455,1.6175994823681656,80757,23695,57062
15456,1.6174948240165632,80755,23695,57060
15457,1.617390179206832,80755,23695,57060
15458,1.6172855479363437,80755,23695,57060
15459,1.6171809302024711,80755,23695,57060
15460,1.6170763260025873,80755,23695,57060
15461,1.6169717353340665,80755,23695,57060
15462,1.6168671581942828,80755,23695,57060
15463,1.616762594580612,80755,23695,57060
15464,1.6166580444904295,80755,23695,57060
15465,1.6165535079211122,80755,23695,57060
15466,1.6164489848700374,80755,23695,57060
15467,1.6163444753345833,80755,23695,57060
15468,1.6162399793121283,80755,23695,57060
15469,1.6161354968000516,80755,23695,57060
15470,1.6160310277957337,80755,23695,57060
15471,1.6159265722965548,80755,23695,57060
15472,1.6158221302998965,80755,23695,57060
15473,1.615717701803141,80755,23695,57060
15474,1.6156132868036708,80755,23695,57060
15475,1.615508885298869,80755,23695,57060
15476,1.6154044972861203,80755,23695,57060
15477,1.6153001227628094,80755,23695,57060
15478,1.6151957617263213,80755,23695,57060
15479,1.6150914141740422,80755,23695,57060
15480,1.6149870801033592,80755,23695,57060
15481,1.6148827595116595,80755,23695,57060
15482,1.6147784523963313,80755,23695,57060
15483,1.6146741587547633,80755,23695,57060
15484,1.6145698785843452,80755,23695,57060
15485,1.614465611882467,80755,23695,57060
15486,1.6143613586465195,80755,23695,57060
15487,1.6142571188738943,80755,23695,57060
15488,1.6141528925619835,80755,23695,57060
15489,1.61404867970818,80755,23695,57060
15490,1.6139444803098772,80755,23695,57060
15491,1.6138402943644696,80755,23695,57060
15492,1.613736121869352,80755,23695,57060
15493,1.6136319628219196,80755,23695,57060
15494,1.6135278172195688,80755,23695,57060
15495,1.6134236850596966,80755,23695,57060
15496,1.6133195663397006,80756,23695,57061
15497,1.6132154610569787,80756,23695,57061
15498,1.6131113692089303,80756,23695,57061
15499,1.6130072907929545,80756,23695,57061
15500,1.6129032258064515,80756,23695,57061
15501,1.6127991742468228,80756,23695,57061
15502,1.6126951361114694,80756,23695,57061
15503,1.612591111397794,80756,23695,57061
15504,1.612487100103199,80756,23695,57061
15505,1.6123831022250887,80756,23695,57061
15506,1.6122791177608669,80756,23695,57061
15507,1.6121751467079384,80756,23695,57061
15508,1.612071189063709,80756,23695,57061
15509,1.611967244825585,80757,23695,57062
15510,1.6118633139909735,80757,23695,57062
15511,1.6117593965572818,80757,23695,57062
15512,1.6116554925219184,80757,23695,57062
15513,1.6115516018822922,80757,23695,57062
15514,1.6114477246358128,80757,23695,57062
15515,1.6113438607798904,80757,23695,57062
15516,1.611240010311936,80757,23695,57062
15517,1.6111361732293614,80757,23695,57062
15518,1.6110323495295786,80757,23695,57062
15519,1.6109285392100006,80757,23695,57062
15520,1.6108247422680413,80757,23695,57062
15521,1.6107209587011146,80757,23695,57062
15522,1.6106171885066358,80757,23695,57062
15523,1.6105134316820202,80757,23695,57062
15524,1.6104096882246843,80757,23695,57062
15525,1.6103059581320451,80757,23695,57062
15526,1.61020224140152,80757,23695,57062
15527,1.6100985380305275,80757,23695,57062
15528,1.6099948480164863,80757,23695,57062
15529,1.6098911713568163,80757,23695,57062
15530,1.6097875080489374,80757,23695,57062
15531,1.609683858090271,80757,23695,57062
15532,1.6095802214782384,80757,23695,57062
15533,1.6094765982102621,80757,23695,57062
15534,1.6093729882837646,80757,23695,57062
15535,1.60926939169617,80757,23695,57062
15536,1.609165808444902,80757,23695,57062
15537,1.6090622385273863,80757,23695,57062
15538,1.6089586819410477,80757,23695,57062
15539,1.608855138683313,80757,23695,57062
15540,1.6087516087516087,80757,23695,57062
15541,1.6086480921433628,80757,23695,57062
15542,1.608544588856003,80757,23695,57062
15543,1.6084410988869589,80757,23695,57062
15544,1.6083376222336594,80757,23695,57062
15545,1.608234158893535,80757,23695,57062
15546,1.6081307088640164,80757,23695,57062
15547,1.6080272721425355,80757,23695,57062
15548,1.6079238487265244,80757,23695,57062
15549,1.6078204386134156,80757,23695,57062
15550,1.607717041800643,80757,23695,57062
15551,1.6076136582856408,80757,23695,57062
15552,1.6075102880658436,80757,23695,57062
15553,1.6074069311386872,80757,23695,57062
15554,1.6073035875016073,80757,23695,57062
15555,1.6072002571520412,80757,23695,57062
15556,1.607096940087426,80757,23695,57062
15557,1.6069936363052002,80757,23695,57062
15558,1.6068903458028023,80757,23695,57062
15559,1.6067870685776722,80757,23695,57062
15560,1.6066838046272494,80757,23695,57062
15561,1.606580553948975,80757,23695,57062
15562,1.6064773165402904,80757,23695,57062
15563,1.6063740923986378,80757,23695,57062
15564,1.6062708815214597,80757,23695,57062
15565,1.6061676839061998,80757,23695,57062
15566,1.606064499550302,80757,23695,57062
15567,1.6059613284512109,80757,23695,57062
15568,1.6058581706063721,80702,23565,57137
15569,1.6057550260132314,80702,23565,57137
15570,1.6056518946692357,80702,23565,57137
15571,1.6055487765718321,80702,23565,57137
15572,1.605445671718469,80702,23565,57137
15573,1.6053425801065948,80702,23565,57137
15574,1.6052395017336587,80702,23565,57137
15575,1.6051364365971108,80702,23565,57137
15576,1.6050333846944016,80702,23565,57137
15577,1.6049303460229827,80702,23565,57137
15578,1.6048273205803056,80702,23565,57137
15579,1.6047243083638232,80702,23565,57137
15580,1.6046213093709885,80702,23565,57137
15581,1.6045183235992555,80702,23565,57137
15582,1.6044153510460788,80702,23565,57137
15583,1.6043123917089135,80702,23565,57137
15584,1.6042094455852156,80702,23565,57137
15585,1.6041065126724414,80702,23565,57137
15586,1.6040035929680483,80702,23565,57137
15587,1.6039006864694938,80702,23565,57137
15588,1.6037977931742367,80702,23565,57137
15589,1.6036949130797358,80702,23565,57137
15590,1.603592046183451,80702,23565,57137
15591,1.6034891924828427,80702,23565,57137
15592,1.603386351975372,80702,23565,57137
15593,1.6032835246585007,80702,23565,57137
15594,1.603180710529691,80702,23565,57137
15595,1.6030779095864058,80702,23565,57137
15596,1.6029751218261092,80702,23565,57137
15597,1.6028723472462654,80702,23565,57137
15598,1.602769585844339,80702,23565,57137
15599,1.602666837617796,80702,23565,57137
15600,1.6025641025641026,80702,23565,57137
15601,1.6024613806807255,80702,23565,57137
15602,1.6023586719651326,80702,23565,57137
15603,1.6022559764147921,80702,23565,57137
15604,1.6021532940271725,80702,23565,57137
15605,1.6020506247997437,80702,23565,57137
15606,1.6019479687299756,80702,23565,57137
15607,1.6018453258153393,80702,23565,57137
15608,1.601742696053306,80701,23530,57171
15609,1.601640079441348,80701,23530,57171
15610,1.6015374759769379,80701,23530,57171
15611,1.601434885657549,80701,23530,57171
15612,1.6013323084806559,80701,23530,57171
15613,1.601229744443733,80701,23530,57171
15614,1.6011271935442553,80701,23530,57171
15615,1.601024655779699,80701,23530,57171
15616,1.600922131147541,80701,23530,57171
15617,1.6008196196452584,80703,23530,57173
15618,1.600717121270329,80703,23530,57173
15619,1.6006146360202318,80703,23530,57173
15620,1.6005121638924455,80703,23530,57173
15621,1.6004097048844503,80703,23530,57173
15622,1.6003072589937268,80703,23530,57173
15623,1.600204826217756,80703,23530,57173
15624,1.6001024065540195,80703,23530,57173
15625,1.6,80703,23530,57173
15626,1.5998976065531807,80703,23530,57173
15627,1.599795226211045,80703,23530,57173
15628,1.5996928589710775,80703,23530,57173
15629,1.5995905048307633,80703,23530,57173
15630,1.599488163787588,80703,23530,57173
15631,1.5993858358390378,80703,23530,57173
15632,1.5992835209825997,80703,23530,57173
15633,1.5991812192157615,80703,23530,57173
15634,1.5990789305360114,80703,23530,57173
15635,1.598976654940838,80683,23530,57153
15636,1.5988743924277309,80683,23530,57153
15637,1.5987721429941806,80683,23530,57153
15638,1.5986699066376775,80683,23530,57153
15639,1.5985676833557132,80683,23530,57153
15640,1.5984654731457801,80683,23530,57153
15641,1.5983632760053705,80683,23530,57153
15642,1.598261091931978,80683,23530,57153
15643,1.5981589209230966,80683,23530,57153
15644,1.598056762976221,80683,23530,57153
15645,1.5979546180888462,80683,23530,57153
15646,1.5978524862584687,80683,23530,57153
15647,1.5977503674825846,80683,23530,57153
15648,1.5976482617586911,80683,23530,57153
15649,1.5975461690842865,80683,23530,57153
15650,1.597444089456869,80683,23530,57153
15651,1.5973420228739377,80683,23530,57153
15652,1.5972399693329926,80683,23530,57153
15653,1.597137928831534,80683,23530,57153
15654,1.5970359013670627,80683,23530,57153
15655,1.5969338869370808,80683,23530,57153
15656,1.5968318855390904,80683,23530,57153
15657,1.5967298971705945,80683,23530,57153
15658,1.5966279218290969,80683,23530,57153
15659,1.5965259595121017,80683,23530,57153
15660,1.5964240102171137,80683,23530,57153
15661,1.5963220739416384,80683,23530,57153
15662,1.5962201506831821,80683,23530,57153
15663,1.5961182404392518,80683,23530,57153
15664,1.5960163432073544,80683,23530,57153
15665,1.5959144589849985,80683,23530,57153
15666,1.5958125877696923,80683,23530,57153
15667,1.5957107295589457,80683,23530,57153
15668,1.595608884350268,80683,23530,57153
15669,1.5955070521411705,80683,23530,57153
15670,1.595405232929164,80683,23530,57153
15671,1.5953034267117605,80683,23530,57153
15672,1.5952016334864727,80683,23530,57153
15673,1.5950998532508136,80683,23530,57153
15674,1.5949980860022968,80683,23530,57153
15675,1.594896331738437,80682,23530,57152
15676,1.594794590456749,80682,23530,57152
15677,1.594692862154749,80682,23530,57152
15678,1.5945911468299527,80682,23530,57152
15679,1.5944894444798776,80682,23530,57152
15680,1.594387755102041,80682,23530,57152
15681,1.5942860786939608,80682,23530,57152
15682,1.5941844152531566,80682,23530,57152
15683,1.5940827647771472,80682,23530,57152
15684,1.5939811272634532,80682,23530,57152
15685,1.593879502709595,80682,23530,57152
15686,1.5937778911130944,80682,23530,57152
15687,1.5936762924714731,80682,23530,57152
15688,1.5935747067822539,80682,23530,57152
15689,1.59347313404296,80682,23530,57152
15690,1.5933715742511154,80682,23530,57152
15691,1.5932700274042444,80682,23530,57152
15692,1.5931684934998724,80682,23530,57152
15693,1.5930669725355253,80682,23530,57152
15694,1.5929654645087294,80682,23530,57152
15695,1.5928639694170117,80682,23530,57152
15696,1.5927624872579,80682,23530,57152
15697,1.5926610180289227,80682,23530,57152
15698,1.5925595617276087,80682,23530,57152
15699,1.5924581183514874,80682,23530,57152
15700,1.5923566878980893,80682,23530,57152
15701,1.5922552703649449,80682,23530,57152
15702,1.592153865749586,80682,23530,57152
15703,1.5920524740495448,80682,23530,57152
15704,1.5919510952623535,80682,23530,57152
15705,1.591849729385546,80682,23530,57152
15706,1.591748376416656,80682,23530,57152
15707,1.5916470363532182,80682,23530,57152
15708,1.591545709192768,80682,23530,57152
15709,1.591444394932841,80682,23530,57152
15710,1.5913430935709738,80682,23530,57152
15711,1.5912418051047037,80682,23530,57152
15712,1.5911405295315681,80682,23530,57152
15713,1.5910392668491058,80682,23530,57152
15714,1.5909380170548555,80682,23530,57152
15715,1.590836780146357,80682,23530,57152
15716,1.5907355561211505,80682,23530,57152
15717,1.5906343449767768,80682,23530,57152
15718,1.5905331467107775,80682,23530,57152
15719,1.5904319613206948,80682,23530,57152
15720,1.5903307888040712,80682,23530,57152
15721,1.5902296291584506,80682,23530,57152
15722,1.5901284823813764,80682,23530,57152
15723,1.5900273484703937,80682,23530,57152
15724,1.5899262274230477,80682,23530,57152
15725,1.589825119236884,80682,23530,57152
15726,1.5897240239094492,80682,23530,57152
15727,1.5896229414382907,80682,23530,57152
15728,1.5895218718209563,80682,23530,57152
15729,1.589420815054994,80682,23530,57152
15730,1.589319771137953,80682,23530,57152
15731,1.589218740067383,80682,23530,57152
15732,1.5891177218408339,80657,23485,57172
15733,1.589016716455857,80657,23485,57172
15734,1.5889157239100038,80657,23485,57172
15735,1.5888147442008262,80657,23485,57172
15736,1.588713777325877,80657,23485,57172
15737,1.5886128232827095,80657,23485,57172
15738,1.588511882068878,80657,23485,57172
15739,1.5884109536819366,80650,23536,57114
15740,1.5883100381194408,80650,23536,57114
15741,1.5882091353789467,80650,23536,57114
15742,1.5881082454580104,80650,23536,57114
15743,1.588007368354189,80650,23536,57114
15744,1.5879065040650406,80650,23536,57114
15745,1.5878056525881232,80650,23536,57114
15746,1.5877048139209957,80650,23536,57114
15747,1.587603988061218,80650,23536,57114
15748,1.58750317500635,80650,23536,57114
15749,1.5874023747539527,80650,23536,57114
15750,1.5873015873015872,80650,23536,57114
15751,1.587200812646816,80650,23536,57114
15752,1.5871000507872017,80650,23536,57114
15753,1.5869993017203072,80650,23536,57114
15754,1.586898565443697,80650,23536,57114
15755,1.586797841954935,80650,23536,57114
15756,1.5866971312515867,80650,23536,57114
15757,1.586596433331218,80650,23536,57114
15758,1.5864957481913948,80650,23536,57114
15759,1.5863950758296845,80650,23536,57114
15760,1.5862944162436547,80650,23536,57114
15761,1.5861937694308736,80650,23536,57114
15762,1.58609313538891,80650,23536,57114
15763,1.5859925141153335,80650,23536,57114
15764,1.5858919056077139,80650,23536,57114
15765,1.585791309863622,80650,23536,57114
15766,1.5856907268806293,80650,23536,57114
15767,1.5855901566563075,80650,23536,57114
15768,1.5854895991882294,80650,23536,57114
15769,1.585389054473968,80650,23536,57114
15770,1.585288522511097,80650,23536,57114
15771,1.585188003297191,80650,23536,57114
15772,1.585087496829825,80650,23536,57114
15773,1.5849870031065745,80650,23536,57114
15774,1.584886522125016,80650,23536,57114
15775,1.5847860538827259,80650,23536,57114
15776,1.5846855983772818,80650,23536,57114
15777,1.5845851556062622,80650,23536,57114
15778,1.5844847255672456,80650,23536,57114
15779,1.584384308257811,80650,23536,57114
15780,1.5842839036755387,80650,23536,57114
15781,1.584183511818009,80650,23536,57114
15782,1.584083132682803,80650,23536,57114
15783,1.583982766267503,80650,23536,57114
15784,1.5838824125696909,80650,23536,57114
15785,1.5837820715869497,80650,23536,57114
15786,1.583681743316863,80650,23536,57114
15787,1.5835814277570153,80650,23536,57114
15788,1.5834811249049912,80650,23536,57114
15789,1.583380834758376,80650,23536,57114
15790,1.5832805573147561,80650,23536,57114
15791,1.583180292571718,80650,23536,57114
15792,1.583080040526849,80650,23536,57114
15793,1.582979801177737,80650,23536,57114
15794,1.5828795745219704,80650,23536,57114
15795,1.5827793605571383,80650,23536,57114
15796,1.5826791592808307,80650,23536,57114
15797,1.5825789706906375,80650,23536,57114
15798,1.5824787947841499,80650,23536,57114
15799,1.5823786315589594,80650,23536,57114
15800,1.5822784810126582,80650,23536,57114
15801,1.5821783431428391,80650,23536,57114
15802,1.5820782179470954,80650,23536,57114
15803,1.5819781054230209,80648,23536,57112
15804,1.5818780055682107,80648,23536,57112
15805,1.5817779183802594,80648,23536,57112
15806,1.5816778438567634,80648,23536,57112
15807,1.5815777819953185,80648,23536,57112
15808,1.5814777327935223,80648,23536,57112
15809,1.581377696248972,80648,23536,57112
15810,1.5812776723592663,80648,23536,57112
15811,1.5811776611220036,80648,23536,57112
15812,1.5810776625347838,80648,23536,57112
15813,1.5809776765952064,80648,23536,57112
15814,1.5808777033008727,80648,23536,57112
15815,1.5807777426493834,80648,23536,57112
15816,1.580677794638341,80648,23536,57112
15817,1.5805778592653474,80648,23536,57112
15818,1.5804779365280062,80648,23536,57112
15819,1.5803780264239207,80648,23536,57112
15820,1.5802781289506953,80648,23536,57112
15821,1.580178244105935,80648,23536,57112
15822,1.5800783718872455,80648,23536,57112
15823,1.5799785122922327,80648,23536,57112
15824,1.5798786653185035,80648,23536,57112
15825,1.5797788309636651,80648,23536,57112
15826,1.5796790092253254,80648,23536,57112
15827,1.579579200101093,80648,23536,57112
15828,1.5794794035885773,80629,23536,57093
15829,1.5793796196853875,80629,23536,57093
15830,1.5792798483891346,80629,23536,57093
15831,1.579180089697429,80629,23536,57093
15832,1.5790803436078829,80629,23536,57093
15833,1.5789806101181076,80629,23536,57093
15834,1.578880889225717,80629,23536,57093
15835,1.5787811809283234,80629,23536,57093
15836,1.5786814852235413,80629,23536,57093
15837,1.5785818021089852,80629,23536,57093
15838,1.5784821315822706,80629,23536,57093
15839,1.5783824736410126,80629,23536,57093
15840,1.5782828282828283,80629,23536,57093
15841,1.5781831955053343,80629,23536,57093
15842,1.5780835753061482,80629,23536,57093
15843,1.5779839676828884,80629,23536,57093
15844,1.5778843726331735,80629,23536,57093
15845,1.577784790154623,80629,23536,57093
15846,1.5776852202448568,80629,23536,57093
15847,1.5775856629014955,80629,23536,57093
15848,1.5774861181221604,80629,23536,57093
15849,1.5773865859044736,80629,23536,57093
15850,1.5772870662460567,80629,23536,57093
15851,1.5771875591445335,80629,23536,57093
15852,1.5770880645975272,80629,23536,57093
15853,1.576988582602662,80629,23536,57093
15854,1.5768891131575629,80629,23536,57093
15855,1.576789656259855,80629,23536,57093
15856,1.5766902119071644,80629,23536,57093
15857,1.576590780097118,80629,23536,57093
15858,1.5764913608273428,80629,23536,57093
15859,1.5763919540954663,80629,23536,57093
15860,1.5762925598991173,80629,23536,57093
15861,1.5761931782359246,80629,23536,57093
15862,1.576093809103518,80629,23536,57093
15863,1.5759944524995273,80629,23536,57093
15864,1.5758951084215835,80629,23536,57093
15865,1.575795776867318,80629,23536,57093
15866,1.5756964578343629,80629,23536,57093
15867,1.5755971513203504,80629,23536,57093
15868,1.5754978573229141,80629,23536,57093
15869,1.5753985758396873,80629,23536,57093
15870,1.575299306868305,80629,23536,57093
15871,1.5752000504064017,80629,23536,57093
15872,1.575100806451613,80629,23536,57093
15873,1.575001575001575,80629,23536,57093
15874,1.5749023560539246,80629,23536,57093
15875,1.5748031496062993,80629,23536,57093
15876,1.5747039556563367,80629,23536,57093
15877,1.5746047742016753,80629,23536,57093
15878,1.5745056052399546,80629,23536,57093
15879,1.574406448768814,80629,23536,57093
15880,1.5743073047858942,80629,23536,57093
15881,1.5742081732888358,80629,23536,57093
15882,1.5741090542752803,80629,23536,57093
15883,1.5740099477428697,80629,23536,57093
15884,1.573910853689247,80629,23536,57093
15885,1.5738117721120555,80629,23536,57093
15886,1.5737127030089386,80629,23536,57093
15887,1.5736136463775414,80629,23536,57093
15888,1.5735146022155087,80629,23536,57093
15889,1.573415570520486,80629,23536,57093
15890,1.5733165512901195,80629,23536,57093
15891,1.5732175445220564,80629,23536,57093
15892,1.5731185502139442,80629,23536,57093
15893,1.5730195683634305,80629,23536,57093
15894,1.572920598968164,80629,23536,57093
15895,1.5728216420257943,80629,23536,57093
15896,1.5727226975339708,80629,23536,57093
15897,1.572623765490344,80629,23536,57093
15898,1.5725248458925651,80629,23536,57093
15899,1.5724259387382855,80629,23536,57093
15900,1.5723270440251573,80629,23536,57093
15901,1.5722281617508334,80629,23536,57093
15902,1.572129291912967,80629,23536,57093
15903,1.5720304345092122,80629,23536,57093
15904,1.5719315895372235,80629,23536,57093
15905,1.5718327569946557,80629,23536,57093
15906,1.5717339368791652,80629,23536,57093
15907,1.5716351291884076,80629,23536,57093
15908,1.5715363339200403,80629,23536,57093
15909,1.5714375510717205,80629,23536,57093
15910,1.5713387806411063,80629,23536,57093
15911,1.5712400226258563,80629,23536,57093
15912,1.57114127702363,80629,23536,57093
15913,1.571042543832087,80629,23536,57093
15914,1.5709438230488877,80629,23536,57093
15915,1.5708451146716933,80629,23536,57093
15916,1.5707464186981654,80629,23536,57093
15917,1.570647735125966,80613,23536,57077
15918,1.570549063952758,80613,23536,57077
15919,1.5704504051762045,80613,23536,57077
15920,1.57035175879397,80613,23536,57077
15921,1.5702531248037184,80613,23536,57077
15922,1.5701545032031152,80613,23536,57077
15923,1.5700558939898261,80613,23536,57077
15924,1.5699572971615172,80613,23536,57077
15925,1.5698587127158556,80613,23536,57077
15926,1.5697601406505086,80613,23536,57077
15927,1.5696615809631445,80613,23536,57077
15928,1.5695630336514315,80613,23536,57077
15929,1.569464498713039,80607,23536,57071
15930,1.569365976145637,80607,23536,57071
15931,1.569267465946896,80607,23536,57071
15932,1.5691689681144865,80607,23536,57071
15933,1.5690704826460804,80607,23536,57071
15934,1.5689720095393498,80607,23536,57071
15935,1.5688735487919674,80607,23536,57071
15936,1.5687751004016064,80607,23536,57071
15937,1.5686766643659409,80607,23536,57071
15938,1.5685782406826452,80607,23536,57071
15939,1.5684798293493947,80607,23536,57071
15940,1.5683814303638646,80607,23536,57071
15941,1.5682830437237312,80607,23536,57071
15942,1.5681846694266717,80607,23536,57071
15943,1.5680863074703633,80607,23536,57071
15944,1.5679879578524838,80605,23536,57069
15945,1.5678896205707118,80605,23536,57069
15946,1.5677912956227267,80605,23536,57069
15947,1.567692983006208,80605,23536,57069
15948,1.5675946827188363,80605,23536,57069
15949,1.567496394758292,80605,23536,57069
15950,1.567398119122257,80605,23536,57069
15951,1.5672998558084132,80605,23536,57069
15952,1.5672016048144433,80605,23536,57069
15953,1.5671033661380305,80583,23536,57047
15954,1.5670051397768585,80583,23536,57047
15955,1.5669069257286117,80583,23536,57047
15956,1.5668087239909751,80583,23536,57047
15957,1.5667105345616343,80583,23536,57047
15958,1.5666123574382755,80583,23536,57047
15959,1.566514192618585,80583,23536,57047
15960,1.5664160401002507,80583,23536,57047
15961,1.56631789988096,80583,23536,57047
15962,1.5662197719584012,80583,23536,57047
15963,1.5661216563302638,80583,23536,57047
15964,1.566023552994237,80583,23536,57047
15965,1.5659254619480112,80583,23536,57047
15966,1.5658273831892773,80583,23536,57047
15967,1.5657293167157262,80583,23536,57047
15968,1.5656312625250501,80583,23536,57047
15969,1.5655332206149415,80583,23536,57047
15970,1.5654351909830932,80583,23536,57047
15971,1.5653371736271993,80583,23536,57047
15972,1.5652391685449536,80583,23536,57047
15973,1.5651411757340512,80583,23536,57047
15974,1.5650431951921873,80583,23536,57047
15975,1.5649452269170578,80583,23536,57047
15976,1.5648472709063594,80583,23536,57047
15977,1.5647493271577892,80583,23536,57047
15978,1.5646513956690449,80583,23536,57047
15979,1.5645534764378246,80583,23536,57047
15980,1.5644555694618272,80583,23536,57047
15981,1.5643576747387522,80583,23536,57047
15982,1.5642597922662995,80583,23536,57047
15983,1.5641619220421699,80583,23536,57047
15984,1.5640640640640642,80583,23536,57047
15985,1.563966218329684,80583,23536,57047
15986,1.563868384836732,80583,23536,57047
15987,1.563770563582911,80583,23536,57047
15988,1.5636727545659244,80583,23536,57047
15989,1.563574957783476,80583,23536,57047
15990,1.5634771732332708,80583,23536,57047
15991,1.5633794009130135,80583,23536,57047
15992,1.5632816408204102,80583,23536,57047
15993,1.563183892953167,80583,23536,57047
15994,1.563086157308991,80583,23536,57047
15995,1.5629884338855893,80583,23536,57047
15996,1.56289072268067,80583,23536,57047
15997,1.5627930236919423,80583,23536,57047
15998,1.5626953369171146,80583,23536,57047
15999,1.562597662353897,80583,23536,57047
16000,1.5625,80581,23536,57045
16001,1.562402349853134,80581,23536,57045
16002,1.5623047119110112,80581,23536,57045
16003,1.5622070861713429,80581,23536,57045
16004,1.562109472631842,80581,23536,57045
16005,1.5620118712902218,80581,23536,57045
16006,1.561914282144196,80581,23536,57045
16007,1.5618167051914786,80581,23536,57045
16008,1.5617191404297852,80581,23536,57045
16009,1.5616215878568305,80581,23536,57045
16010,1.5615240474703311,80581,23536,57045
16011,1.5614265192680032,80581,23536,57045
16012,1.5613290032475644,80581,23536,57045
16013,1.561231499406732,80581,23536,57045
16014,1.5611340077432247,80581,23536,57045
16015,1.5610365282547611,80581,23536,57045
16016,1.560939060939061,80581,23536,57045
16017,1.5608416057938441,80581,23536,57045
16018,1.560744162816831,80581,23536,57045
16019,1.560646732005743,80581,23536,57045
16020,1.5605493133583022,80581,23536,57045
16021,1.5604519068722302,80581,23536,57045
16022,1.5603545125452503,80581,23536,57045
16023,1.5602571303750858,80581,23536,57045
16024,1.5601597603594608,80581,23536,57045
16025,1.5600624024960998,80581,23536,57045
16026,1.5599650567827281,80581,23536,57045
16027,1.5598677232170712,80581,23536,57045
16028,1.5597704017968554,80581,23536,57045
16029,1.559673092519808,80581,23536,57045
16030,1.5595757953836555,80581,23536,57045
16031,1.5594785103861268,80581,23536,57045
16032,1.55938123752495,80581,23536,57045
16033,1.5592839767978544,80581,23536,57045
16034,1.5591867282025695,80581,23536,57045
16035,1.5590894917368257,80581,23536,57045
16036,1.5589922673983536,80581,23536,57045
16037,1.558895055184885,80581,23536,57045
16038,1.5587978550941515,80581,23536,57045
16039,1.5587006671238854,80581,23536,57045
16040,1.5586034912718205,80581,23536,57045
16041,1.5585063275356899,80581,23536,57045
16042,1.5584091759132277,80581,23536,57045
16043,1.5583120364021692,80581,23536,57045
16044,1.5582149090002493,80581,23536,57045
16045,1.5581177937052042,80581,23536,57045
16046,1.55802069051477,80581,23536,57045
16047,1.557923599426684,80581,23536,57045
16048,1.5578265204386839,80581,23536,57045
16049,1.5577294535485078,80581,23536,57045
16050,1.557632398753894,80581,23536,57045
16051,1.5575353560525824,80581,23536,57045
16052,1.5574383254423125,80581,23536,57045
16053,1.5573413069208248,80581,23536,57045
16054,1.5572443004858603,80581,23536,57045
16055,1.5571473061351604,80581,23536,57045
16056,1.5570503238664675,80581,23536,57045
16057,1.5569533536775237,80581,23536,57045
16058,1.556856395566073,80581,23536,57045
16059,1.5567594495298587,80581,23536,57045
16060,1.5566625155666252,80581,23536,57045
16061,1.5565655936741174,80581,23536,57045
16062,1.556468683850081,80581,23536,57045
16063,1.5563717860922617,80581,23536,57045
16064,1.5562749003984064,80581,23536,57045
16065,1.5561780267662622,80581,23536,57045
16066,1.5560811651935764,80581,23536,57045
16067,1.555984315678098,80581,23536,57045
16068,1.5558874782175753,80581,23536,57045
16069,1.5557906528097578,80581,23536,57045
16070,1.5556938394523958,80581,23536,57045
16071,1.5555970381432394,80581,23536,57045
16072,1.5555002488800398,80581,23536,57045
16073,1.5554034716605487,80581,23536,57045
16074,1.5553067064825183,80581,23536,57045
16075,1.5552099533437014,80581,23536,57045
16076,1.5551132122418512,80581,23536,57045
16077,1.5550164831747217,80581,23536,57045
16078,1.554919766140067,80581,23536,57045
16079,1.5548230611356428,80581,23536,57045
16080,1.554726368159204,80581,23536,57045
16081,1.554629687208507,80581,23536,57045
16082,1.5545330182813082,80581,23536,57045
16083,1.5544363613753653,80581,23536,57045
16084,1.5543397164884356,80581,23536,57045
16085,1.554243083618278,80581,23536,57045
16086,1.5541464627626507,80581,23536,57045
16087,1.5540498539193137,80581,23536,57045
16088,1.5539532570860268,80581,23536,57045
16089,1.5538566722605507,80583,23536,57047
16090,1.5537600994406464,80583,23536,57047
16091,1.5536635386240756,80583,23536,57047
16092,1.5535669898086006,80583,23536,57047
16093,1.553470452991984,80583,23536,57047
16094,1.5533739281719896,80583,23536,57047
16095,1.5532774153463809,80583,23536,57047
16096,1.5531809145129225,80583,23536,57047
16097,1.5530844256693794,80583,23536,57047
16098,1.5529879488135172,80583,23536,57047
16099,1.552891483943102,80583,23536,57047
16100,1.5527950310559007,80583,23536,57047
16101,1.5526985901496801,80583,23536,57047
16102,1.5526021612222085,80583,23536,57047
16103,1.5525057442712538,80583,23536,57047
16104,1.5524093392945852,80583,23536,57047
16105,1.552312946289972,80583,23536,57047
16106,1.5522165652551845,80583,23536,57047
16107,1.552120196187993,80583,23536,57047
16108,1.5520238390861683,80582,23505,57077
16109,1.5519274939474828,80582,23505,57077
16110,1.5518311607697082,80582,23505,57077
16111,1.5517348395506176,80582,23505,57077
16112,1.551638530287984,80582,23505,57077
16113,1.5515422329795816,80568,23505,57063
16114,1.5514459476231848,80568,23505,57063
16115,1.5513496742165684,80568,23505,57063
16116,1.5512534127575082,80568,23505,57063
16117,1.55115716324378,80568,23505,57063
16118,1.5510609256731605,80568,23505,57063
16119,1.550964700043427,80568,23505,57063
16120,1.5508684863523574,80568,23505,57063
16121,1.5507722845977296,80568,23505,57063
16122,1.5506760947773228,80568,23505,57063
16123,1.5505799168889165,80568,23505,57063
16124,1.5504837509302902,80568,23505,57063
16125,1.550387596899225,80568,23505,57063
16126,1.5502914547935012,80568,23505,57063
16127,1.550195324610901,80568,23505,57063
16128,1.5500992063492063,80568,23505,57063
16129,1.5500031000062,80568,23505,57063
16130,1.5499070055796653,80568,23505,57063
16131,1.5498109230673858,80568,23505,57063
16132,1.549714852467146,80568,23505,57063
16133,1.549618793776731,80568,23505,57063
16134,1.549522746993926,80568,23505,57063
16135,1.5494267121165168,80568,23505,57063
16136,1.5493306891422904,80568,23505,57063
16137,1.5492346780690338,80568,23505,57063
16138,1.5491386788945347,80568,23505,57063
16139,1.549042691616581,80568,23505,57063
16140,1.5489467162329615,80568,23505,57063
16141,1.5488507527414659,80568,23505,57063
16142,1.5487548011398835,80568,23505,57063
16143,1.548658861426005,80568,23505,57063
16144,1.5485629335976214,80568,23505,57063
16145,1.548467017652524,80568,23505,57063
16146,1.548371113588505,80568,23505,57063
16147,1.5482752214033566,80568,23505,57063
16148,1.5481793410948725,80568,23505,57063
16149,1.548083472660846,80568,23505,57063
16150,1.5479876160990713,80568,23505,57063
16151,1.5478917714073432,80568,23505,57063
16152,1.5477959385834572,80568,23505,57063
16153,1.547700117625209,80568,23505,57063
16154,1.547604308530395,80568,23505,57063
16155,1.547508511296812,80568,23505,57063
16156,1.547412725922258,80568,23505,57063
16157,1.5473169524045305,80568,23505,57063
16158,1.5472211907414284,80568,23505,57063
16159,1.5471254409307507,80568,23505,57063
16160,1.547029702970297,80568,23505,57063
16161,1.5469339768578676,80568,23505,57063
16162,1.5468382625912636,80568,23505,57063
16163,1.5467425601682856,80568,23505,57063
16164,1.546646869586736,80568,23505,57063
16165,1.546551190844417,80568,23505,57063
16166,1.5464555239391315,80568,23505,57063
16167,1.546359868868683,80568,23505,57063
16168,1.5462642256308758,80568,23505,57063
16169,1.5461685942235142,80568,23505,57063
16170,1.5460729746444033,80568,23505,57063
16171,1.5459773668913488,80568,23505,57063
16172,1.5458817709621568,80568,23505,57063
16173,1.5457861868546343,80568,23505,57063
16174,1.5456906145665883,80568,23505,57063
16175,1.545595054095827,80568,23505,57063
16176,1.5454995054401583,80568,23505,57063
16177,1.5454039685973913,80568,23505,57063
16178,1.5453084435653357,80568,23505,57063
16179,1.5452129303418012,80568,23505,57063
16180,1.5451174289245984,80568,23505,57063
16181,1.5450219393115383,80568,23505,57063
16182,1.5449264615004326,80568,23505,57063
16183,1.5448309954890935,80568,23505,57063
16184,1.5447355412753336,80568,23505,57063
16185,1.5446400988569664,80568,23505,57063
16186,1.5445446682318054,80568,23505,57063
16187,1.5444492493976647,80568,23505,57063
16188,1.5443538423523597,80568,23505,57063
16189,1.5442584470937055,80568,23505,57063
16190,1.5441630636195183,80568,23505,57063
16191,1.5440676919276142,80568,23505,57063
16192,1.5439723320158103,80568,23505,57063
16193,1.5438769838819242,80568,23505,57063
16194,1.5437816475237742,80568,23505,57063
16195,1.5436863229391788,80568,23505,57063
16196,1.5435910101259571,80568,23505,57063
16197,1.5434957090819288,80568,23505,57063
16198,1.5434004198049143,80568,23505,57063
16199,1.5433051422927342,80568,23505,57063
16200,1.5432098765432098,80568,23505,57063
16201,1.5431146225541634,80568,23505,57063
16202,1.543019380323417,80568,23505,57063
16203,1.5429241498487933,80568,23505,57063
16204,1.5428289311281165,80568,23505,57063
16205,1.54273372415921,80568,23505,57063
16206,1.5426385289398987,80568,23505,57063
16207,1.5425433454680078,80568,23505,57063
16208,1.5424481737413622,80568,23505,57063
16209,1.542353013757789,80568,23505,57063
16210,1.5422578655151142,80568,23505,57063
16211,1.5421627290111652,80568,23505,57063
16212,1.54206760424377,80568,23505,57063
16213,1.5419724912107569,80568,23505,57063
16214,1.5418773899099543,80568,23505,57063
16215,1.5417823003391922,80568,23505,57063
16216,1.5416872224962999,80568,23505,57063
16217,1.5415921563791084,80568,23505,57063
16218,1.5414971019854482,80568,23505,57063
16219,1.5414020593131512,80568,23505,57063
16220,1.5413070283600494,80568,23505,57063
16221,1.5412120091239752,80568,23505,57063
16222,1.5411170016027618,80568,23505,57063
16223,1.5410220057942428,80568,23505,57063
16224,1.5409270216962525,80568,23505,57063
16225,1.5408320493066257,80568,23505,57063
16226,1.5407370886231972,80568,23505,57063
16227,1.5406421396438035,80568,23505,57063
16228,1.5405472023662805,80568,23505,57063
16229,1.5404522767884652,80568,23505,57063
16230,1.5403573629081948,80568,23505,57063
16231,1.5402624607233073,80568,23505,57063
16232,1.5401675702316413,80568,23505,57063
16233,1.5400726914310356,80568,23505,57063
16234,1.5399778243193298,80568,23505,57063
16235,1.539882968894364,80568,23505,57063
16236,1.539788125153979,80568,23505,57063
16237,1.5396932930960152,80568,23505,57063
16238,1.539598472718315,80568,23505,57063
16239,1.5395036640187203,80568,23505,57063
16240,1.5394088669950738,80568,23505,57063
16241,1.5393140816452189,80568,23505,57063
16242,1.5392193079669991,80568,23505,57063
16243,1.539124545958259,80568,23505,57063
16244,1.539029795616843,80568,23505,57063
16245,1.538935056940597,80568,23505,57063
16246,1.5388403299273667,80568,23505,57063
16247,1.5387456145749985,80568,23505,57063
16248,1.5386509108813393,80568,23505,57063
16249,1.5385562188442365,80568,23505,57063
16250,1.5384615384615385,80568,23505,57063
16251,1.5383668697310935,80568,23505,57063
16252,1.5382722126507506,80568,23505,57063
16253,1.5381775672183597,80568,23505,57063
16254,1.5380829334317707,80568,23505,57063
16255,1.5379883112888342,80568,23505,57063
16256,1.5378937007874016,80568,23505,57063
16257,1.5377991019253245,80568,23505,57063
16258,1.537704514700455,80568,23505,57063
16259,1.5376099391106464,80568,23505,57063
16260,1.5375153751537516,80568,23505,57063
16261,1.5374208228276243,80568,23505,57063
16262,1.5373262821301192,80568,23505,57063
16263,1.537231753059091,80568,23505,57063
16264,1.5371372356123956,80568,23505,57063
16265,1.5370427297878881,80568,23505,57063
16266,1.5369482355834256,80568,23505,57063
16267,1.5368537529968649,80568,23505,57063
16268,1.5367592820260634,80568,23505,57063
16269,1.5366648226688795,80568,23505,57063
16270,1.5365703749231714,80568,23505,57063
16271,1.5364759387867986,80568,23505,57063
16272,1.5363815142576205,80568,23505,57063
16273,1.536287101333497,80568,23505,57063
16274,1.5361927000122895,80568,23505,57063
16275,1.5360983102918586,80548,23505,57043
16276,1.5360039321700663,80548,23505,57043
16277,1.5359095656447748,80548,23505,57043
16278,1.535815210713847,80548,23505,57043
16279,1.535720867375146,80548,23505,57043
16280,1.5356265356265357,80548,23505,57043
16281,1.5355322154658804,80548,23505,57043
16282,1.5354379068910453,80548,23505,57043
16283,1.5353436098998956,80548,23505,57043
16284,1.5352493244902972,80548,23505,57043
16285,1.5351550506601166,80548,23505,57043
16286,1.535060788407221,80548,23505,57043
16287,1.5349665377294774,80548,23505,57043
16288,1.5348722986247545,80548,23505,57043
16289,1.5347780710909202,80548,23505,57043
16290,1.5346838551258442,80548,23505,57043
16291,1.5345896507273955,80548,23505,57043
16292,1.5344954578934447,80548,23505,57043
16293,1.5344012766218622,80548,23505,57043
16294,1.5343071069105192,80548,23505,57043
16295,1.5342129487572875,80548,23505,57043
16296,1.5341188021600394,80548,23505,57043
16297,1.5340246671166473,80548,23505,57043
16298,1.5339305436249846,80548,23505,57043
16299,1.5338364316829254,80548,23505,57043
16300,1.5337423312883436,80548,23505,57043
16301,1.5336482424391142,80548,23505,57043
16302,1.5335541651331126,80548,23505,57043
16303,1.5334600993682144,80548,23505,57043
16304,1.5333660451422964,80548,23505,57043
16305,1.5332720024532351,80548,23505,57043
16306,1.5331779712989084,80548,23505,57043
16307,1.533083951677194,80548,23505,57043
16308,1.5329899435859702,80548,23505,57043
16309,1.532895947023116,80548,23505,57043
16310,1.5328019619865114,80548,23505,57043
16311,1.532707988474036,80548,23505,57043
16312,1.5326140264835704,80548,23505,57043
16313,1.5325200760129958,80554,23505,57049
16314,1.5324261370601937,80554,23505,57049
16315,1.5323322096230463,80554,23505,57049
16316,1.532238293699436,80554,23505,57049
16317,1.5321443892872464,80554,23505,57049
16318,1.5320504963843609,80554,23505,57049
16319,1.5319566149886634,80554,23505,57049
16320,1.5318627450980393,80554,23505,57049
16321,1.5317688867103731,80554,23505,57049
16322,1.531675039823551,80554,23505,57049
16323,1.531581204435459,80554,23505,57049
16324,1.5314873805439844,80554,23505,57049
16325,1.5313935681470139,80554,23505,57049
16326,1.5312997672424353,80554,23505,57049
16327,1.5312059778281375,80554,23505,57049
16328,1.5311121999020088,80554,23505,57049
16329,1.5310184334619388,80554,23505,57049
16330,1.5309246785058175,80554,23505,57049
16331,1.5308309350315352,80554,23505,57049
16332,1.5307372030369826,80554,23505,57049
16333,1.5306434825200514,80554,23505,57049
16334,1.5305497734786335,80554,23505,57049
16335,1.5304560759106214,80554,23505,57049
16336,1.530362389813908,80554,23505,57049
16337,1.5302687151863867,80554,23505,57049
16338,1.5301750520259518,80554,23505,57049
16339,1.5300814003304977,80554,23505,57049
16340,1.5299877600979193,80554,23505,57049
16341,1.5298941313261123,80554,23505,57049
16342,1.5298005140129727,80554,23505,57049
16343,1.5297069081563972,80554,23505,57049
16344,1.5296133137542829,80554,23505,57049
16345,1.5295197308045274,80554,23505,57049
16346,1.5294261593050287,80554,23505,57049
16347,1.5293325992536857,80554,23505,57049
16348,1.5292390506483973,80554,23505,57049
16349,1.5291455134870635,80554,23505,57049
16350,1.529051987767584,80554,23505,57049
16351,1.52895847348786,80554,23505,57049
16352,1.5288649706457926,80554,23505,57049
16353,1.5287714792392832,80554,23505,57049
16354,1.5286779992662345,80554,23505,57049
16355,1.5285845307245491,80554,23505,57049
16356,1.5284910736121302,80554,23505,57049
16357,1.5283976279268814,80554,23505,57049
16358,1.5283041936667074,80554,23505,57049
16359,1.5282107708295127,80554,23505,57049
16360,1.528117359413203,80554,23505,57049
16361,1.5280239594156837,80554,23505,57049
16362,1.5279305708348612,80554,23505,57049
16363,1.5278371936686426,80554,23505,57049
16364,1.5277438279149351,80554,23505,57049
16365,1.5276504735716467,80554,23505,57049
16366,1.5275571306366857,80554,23505,57049
16367,1.5274637991079612,80554,23505,57049
16368,1.5273704789833822,80554,23505,57049
16369,1.527277170260859,80554,23505,57049
16370,1.5271838729383018,80554,23505,57049
16371,1.5270905870136215,80554,23505,57049
16372,1.52699731248473,80554,23505,57049
16373,1.526904049349539,80554,23505,57049
16374,1.5268107976059606,80554,23505,57049
16375,1.5267175572519085,80554,23505,57049
16376,1.5266243282852956,80554,23505,57049
16377,1.5265311107040362,80554,23505,57049
16378,1.5264379045060448,80554,23505,57049
16379,1.5263447096892362,80554,23505,57049
16380,1.5262515262515262,80554,23505,57049
16381,1.5261583541908308,80554,23505,57049
16382,1.5260651935050666,80554,23505,57049
16383,1.5259720441921505,80554,23505,57049
16384,1.52587890625,80554,23505,57049
16385,1.5257857796765335,80554,23505,57049
16386,1.5256926644696693,80554,23505,57049
16387,1.5255995606273265,80554,23505,57049
16388,1.5255064681474249,80554,23505,57049
16389,1.5254133870278845,80554,23505,57049
16390,1.525320317266626,80548,23505,57043
16391,1.5252272588615703,80548,23505,57043
16392,1.5251342118106392,80548,23505,57043
16393,1.525041176111755,80548,23505,57043
16394,1.52494815176284,80548,23505,57043
16395,1.5248551387618177,80548,23505,57043
16396,1.5247621371066113,80548,23505,57043
16397,1.5246691467951454,80548,23505,57043
16398,1.5245761678253447,80548,23505,57043
16399,1.5244832001951338,80548,23505,57043
16400,1.524390243902439,80548,23505,57043
16401,1.5242972989451862,80548,23505,57043
16402,1.5242043653213022,80548,23505,57043
16403,1.5241114430287142,80548,23505,57043
16404,1.5240185320653499,80548,23505,57043
16405,1.5239256324291375,80548,23505,57043
16406,1.5238327441180055,80548,23505,57043
16407,1.5237398671298836,80548,23505,57043
16408,1.523647001462701,80548,23505,57043
16409,1.5235541471143885,80548,23505,57043
16410,1.5234613040828764,80548,23505,57043
16411,1.5233684723660958,80548,23505,57043
16412,1.523275651961979,80548,23505,57043
16413,1.523182842868458,80548,23505,57043
16414,1.5230900450834652,80548,23505,57043
16415,1.5229972586049345,80548,23505,57043
16416,1.5229044834307992,80548,23505,57043
16417,1.5228117195589936,80548,23505,57043
16418,1.5227189669874528,80548,23505,57043
16419,1.5226262257141117,80548,23505,57043
16420,1.522533495736906,80548,23505,57043
16421,1.5224407770537727,80548,23505,57043
16422,1.5223480696626477,80548,23505,57043
16423,1.5222553735614686,80548,23505,57043
16424,1.5221626887481734,80548,23505,57043
16425,1.5220700152207,80548,23505,57043
16426,1.5219773529769878,80548,23505,57043
16427,1.5218847020149753,80548,23505,57043
16428,1.521792062332603,80548,23505,57043
16429,1.5216994339278105,80548,23505,57043
16430,1.5216068167985393,80549,23505,57044
16431,1.5215142109427302,80549,23505,57044
16432,1.5214216163583252,80549,23505,57044
16433,1.5213290330432665,80549,23505,57044
16434,1.5212364609954971,80549,23505,57044
16435,1.52114390021296,80549,23505,57044
16436,1.5210513506935994,80549,23505,57044
16437,1.5209588124353592,80549,23505,57044
16438,1.5208662854361845,80549,23505,57044
16439,1.5207737696940202,80549,23505,57044
16440,1.5206812652068127,80549,23505,57044
16441,1.5205887719725077,80549,23505,57044
16442,1.5204962899890524,80549,23505,57044
16443,1.520403819254394,80549,23505,57044
16444,1.5203113597664801,80549,23505,57044
16445,1.5202189115232594,80549,23505,57044
16446,1.5201264745226803,80549,23505,57044
16447,1.5200340487626922,80549,23505,57044
16448,1.519941634241245,80549,23505,57044
16449,1.5198492309562892,80549,23505,57044
16450,1.5197568389057752,80549,23505,57044
16451,1.5196644580876542,80549,23505,57044
16452,1.5195720884998785,80549,23505,57044
16453,1.5194797301404,80549,23505,57044
16454,1.5193873830071716,80549,23505,57044
16455,1.5192950470981466,80549,23505,57044
16456,1.5192027224112785,80549,23505,57044
16457,1.519110408944522,80549,23505,57044
16458,1.5190181066958317,80549,23505,57044
16459,1.518925815663163,80549,23505,57044
16460,1.5188335358444713,80549,23505,57044
16461,1.5187412672377134,80549,23505,57044
16462,1.5186490098408456,80549,23505,57044
16463,1.5185567636518253,80549,23505,57044
16464,1.5184645286686103,80549,23505,57044
16465,1.5183723048891589,80549,23505,57044
16466,1.5182800923114297,80549,23505,57044
16467,1.518187890933382,80549,23505,57044
16468,1.5180957007529754,80549,23505,57044
16469,1.5180035217681704,80549,23505,57044
16470,1.5179113539769278,80549,23505,57044
16471,1.5178191973772084,80549,23505,57044
16472,1.5177270519669743,80549,23505,57044
16473,1.5176349177441875,80549,23505,57044
16474,1.5175427947068107,80549,23505,57044
16475,1.5174506828528074,80549,23505,57044
16476,1.5173585821801407,80551,23505,57046
16477,1.5172664926867756,80551,23505,57046
16478,1.517174414370676,80551,23505,57046
16479,1.5170823472298076,80551,23505,57046
16480,1.516990291262136,80551,23505,57046
16481,1.516898246465627,80551,23505,57046
16482,1.5168062128382478,80551,23505,57046
16483,1.516714190377965,80551,23505,57046
16484,1.516622179082747,80551,23505,57046
16485,1.5165301789505612,80551,23505,57046
16486,1.5164381899793764,80551,23505,57046
16487,1.516346212167162,80551,23505,57046
16488,1.5162542455118875,80551,23505,57046
16489,1.5161622900115228,80551,23505,57046
16490,1.5160703456640388,80551,23505,57046
16491,1.5159784124674065,80551,23505,57046
16492,1.5158864904195974,80551,23505,57046
16493,1.5157945795185837,80551,23505,57046
16494,1.5157026797623379,80551,23505,57046
16495,1.515610791148833,80551,23505,57046
16496,1.5155189136760427,80551,23505,57046
16497,1.515427047341941,80551,23505,57046
16498,1.5153351921445024,80551,23505,57046
16499,1.515243348081702,80551,23505,57046
16500,1.5151515151515151,80551,23505,57046
16501,1.515059693351918,80551,23505,57046
16502,1.5149678826808872,80551,23505,57046
16503,1.5148760831363994,80551,23505,57046
16504,1.5147842947164323,80551,23505,57046
16505,1.514692517418964,80551,23505,57046
16506,1.5146007512419726,80551,23505,57046
16507,1.5145089961834373,80551,23505,57046
16508,1.5144172522413375,80551,23505,57046
16509,1.5143255194136531,80551,23505,57046
16510,1.5142337976983646,80551,23505,57046
16511,1.5141420870934528,80551,23505,57046
16512,1.5140503875968991,80551,23505,57046
16513,1.5139586992066856,80551,23505,57046
16514,1.5138670219207946,80551,23505,57046
16515,1.5137753557372087,80551,23505,57046
16516,1.5136837006539114,80551,23505,57046
16517,1.5135920566688865,80551,23505,57046
16518,1.5135004237801186,80551,23505,57046
16519,1.5134088019855922,80551,23505,57046
16520,1.513317191283293,80551,23505,57046
16521,1.5132255916712063,80551,23505,57046
16522,1.5131340031473188,80551,23505,57046
16523,1.513042425709617,80551,23505,57046
16524,1.512950859356088,80551,23505,57046
16525,1.51285930408472,80545,23505,57040
16526,1.5127677598935012,80545,23505,57040
16527,1.51267622678042,80545,23505,57040
16528,1.5125847047434657,80545,23505,57040
16529,1.512493193780628,80545,23505,57040
16530,1.5124016938898972,80545,23505,57040
16531,1.5123102050692638,80545,23505,57040
16532,1.5122187273167191,80545,23505,57040
16533,1.5121272606302547,80545,23505,57040
16534,1.5120358050078626,80545,23505,57040
16535,1.5119443604475356,80545,23505,57040
16536,1.5118529269472665,80545,23505,57040
16537,1.5117615045050492,80545,23505,57040
16538,1.5116700931188778,80545,23505,57040
16539,1.5115786927867465,80545,23505,57040
16540,1.5114873035066505,80545,23505,57040
16541,1.5113959252765854,80545,23505,57040
16542,1.5113045580945472,80545,23505,57040
16543,1.5112132019585323,80545,23505,57040
16544,1.5111218568665377,80545,23505,57040
16545,1.5110305228165608,80545,23505,57040
16546,1.5109391998065997,80545,23505,57040
16547,1.5108478878346527,80545,23505,57040
16548,1.510756586898719,80545,23505,57040
16549,1.5106652969967973,80545,23505,57040
16550,1.5105740181268883,80545,23505,57040
16551,1.5104827502869917,80545,23505,57040
16552,1.5103914934751088,80545,23505,57040
16553,1.5103002476892406,80545,23505,57040
16554,1.510209012927389,80545,23505,57040
16555,1.5101177891875566,80545,23505,57040
16556,1.5100265764677459,80545,23505,57040
16557,1.50993537476596,80545,23505,57040
16558,1.5098441840802028,80545,23505,57040
16559,1.5097530044084788,80545,23505,57040
16560,1.5096618357487923,80545,23505,57040
16561,1.5095706780991487,80545,23505,57040
16562,1.5094795314575535,80545,23505,57040
16563,1.509388395822013,80545,23505,57040
16564,1.5092972711905337,80545,23505,57040
16565,1.5092061575611229,80545,23505,57040
16566,1.509115054931788,80545,23505,57040
16567,1.5090239633005371,80545,23505,57040
16568,1.508932882665379,80545,23505,57040
16569,1.5088418130243226,80545,23505,57040
16570,1.508750754375377,80545,23505,57040
16571,1.508659706716553,80545,23505,57040
16572,1.5085686700458605,80545,23505,57040
16573,1.5084776443613106,80545,23505,57040
16574,1.5083866296609147,80545,23505,57040
16575,1.5082956259426847,80545,23505,57040
16576,1.5082046332046333,80545,23505,57040
16577,1.5081136514447728,80545,23505,57040
16578,1.5080226806611172,80545,23505,57040
16579,1.5079317208516798,80545,23505,57040
16580,1.5078407720144753,80545,23505,57040
16581,1.5077498341475182,80545,23505,57040
16582,1.507658907248824,80545,23505,57040
16583,1.5075679913164084,80545,23505,57040
16584,1.5074770863482876,80545,23505,57040
16585,1.507386192342478,80545,23505,57040
16586,1.5072953092969974,80545,23505,57040
16587,1.5072044372098632,80545,23505,57040
16588,1.5071135760790932,80545,23505,57040
16589,1.5070227259027067,80545,23505,57040
16590,1.506931886678722,80545,23505,57040
16591,1.5068410584051595,80545,23505,57040
16592,1.5067502410800386,80545,23505,57040
16593,1.5066594347013802,80545,23505,57040
16594,1.506568639267205,80545,23505,57040
16595,1.5064778547755349,80545,23505,57040
16596,1.5063870812243914,80545,23505,57040
16597,1.5062963186117972,80545,23505,57040
16598,1.5062055669357755,80545,23505,57040
16599,1.506114826194349,80545,23505,57040
16600,1.5060240963855422,80545,23505,57040
16601,1.505933377507379,80545,23505,57040
16602,1.5058426695578846,80545,23505,57040
16603,1.505751972535084,80545,23505,57040
16604,1.5056612864370031,80545,23505,57040
16605,1.5055706112616682,80545,23505,57040
16606,1.5054799470071059,80545,23505,57040
16607,1.5053892936713433,80545,23505,57040
16608,1.5052986512524085,80545,23505,57040
16609,1.5052080197483293,80545,23505,57040
16610,1.5051173991571343,80545,23505,57040
16611,1.5050267894768528,80545,23505,57040
16612,1.504936190705514,80545,23505,57040
16613,1.5048456028411485,80545,23505,57040
16614,1.5047550258817863,80545,23505,57040
16615,1.5046644598254588,80545,23505,57040
16616,1.5045739046701974,80545,23505,57040
16617,1.5044833604140337,80545,23505,57040
16618,1.5043928270550007,80545,23505,57040
16619,1.5043023045911306,80545,23505,57040
16620,1.5042117930204573,80545,23505,57040
16621,1.5041212923410143,80545,23505,57040
16622,1.5040308025508362,80545,23505,57040
16623,1.5039403236479576,80545,23505,57040
16624,1.5038498556304138,80545,23505,57040
16625,1.5037593984962405,80545,23505,57040
16626,1.503668952243474,80545,23505,57040
16627,1.503578516870151,80545,23505,57040
16628,1.5034880923743084,80545,23505,57040
16629,1.503397678753984,80545,23505,57040
16630,1.503307276007216,80545,23505,57040
16631,1.5032168841320426,80545,23505,57040
16632,1.503126503126503,80545,23505,57040
16633,1.503036132988637,80545,23505,57040
16634,1.5029457737164844,80545,23505,57040
16635,1.5028554253080855,80545,23505,57040
16636,1.502765087761481,80545,23505,57040
16637,1.502674761074713,80545,23505,57040
16638,1.5025844452458228,80545,23505,57040
16639,1.5024941402728529,80545,23505,57040
16640,1.5024038461538463,80545,23505,57040
16641,1.5023135628868458,80545,23505,57040
16642,1.5022232904698956,80545,23505,57040
16643,1.5021330289010395,80545,23505,57040
16644,1.5020427781783225,80545,23505,57040
16645,1.5019525382997898,80545,23505,57040
16646,1.5018623092634866,80545,23505,57040
16647,1.5017720910674597,80545,23505,57040
16648,1.501681883709755,80545,23505,57040
16649,1.5015916871884196,80545,23505,57040
16650,1.5015015015015014,80545,23505,57040
16651,1.5014113266470481,80545,23505,57040
16652,1.5013211626231084,80545,23505,57040
16653,1.5012310094277308,80539,23505,57034
16654,1.5011408670589648,80539,23505,57034
16655,1.5010507355148603,80539,23505,57034
16656,1.5009606147934678,80539,23505,57034
16657,1.500870504892838,80539,23505,57034
16658,1.5007804058110217,80539,23505,57034
16659,1.5006903175460713,80539,23505,57034
16660,1.5006002400960383,80539,23505,57034
16661,1.500510173458976,80539,23505,57034
16662,1.5004201176329373,80539,23505,57034
16663,1.5003300726159756,80539,23505,57034
16664,1.500240038406145,80539,23505,57034
16665,1.5001500150015001,80539,23505,57034
16666,1.500060002400096,80539,23505,57034
16667,1.499970000599988,80539,23505,57034
16668,1.499880009599232,80539,23505,57034
16669,1.4997900293958846,80539,23505,57034
16670,1.4997000599880024,80539,23505,57034
16671,1.499610101373643,80539,23505,57034
16672,1.4995201535508638,80539,23505,57034
16673,1.4994302165177233,80539,23505,57034
16674,1.49934029027228,80539,23505,57034
16675,1.4992503748125936,80539,23505,57034
16676,1.4991604701367234,80539,23505,57034
16677,1.4990705762427294,80539,23505,57034
16678,1.4989806931286724,80539,23505,57034
16679,1.4988908207926135,80539,23505,57034
16680,1.498800959232614,80539,23505,57034
16681,1.4987111084467357,80539,23505,57034
16682,1.4986212684330416,80539,23505,57034
16683,1.4985314391895943,80539,23505,57034
16684,1.4984416207144569,80539,23505,57034
16685,1.4983518130056936,80539,23505,57034
16686,1.4982620160613689,80539,23505,57034
16687,1.498172229879547,80539,23505,57034
16688,1.4980824544582934,80539,23505,57034
16689,1.497992689795674,80539,23505,57034
16690,1.4979029358897544,80539,23505,57034
16691,1.4978131927386016,80539,23505,57034
16692,1.4977234603402827,80539,23505,57034
16693,1.4976337386928653,80539,23505,57034
16694,1.4975440277944172,80539,23505,57034
16695,1.4974543276430068,80539,23505,57034
16696,1.4973646382367034,80539,23505,57034
16697,1.4972749595735761,80539,23505,57034
16698,1.4971852916516948,80539,23505,57034
16699,1.49709563446913,80539,23505,57034
16700,1.4970059880239521,80539,23505,57034
16701,1.4969163523142326,80539,23505,57034
16702,1.4968267273380433,80539,23505,57034
16703,1.4967371130934564,80539,23505,57034
16704,1.496647509578544,80539,23505,57034
16705,1.4965579167913798,80539,23505,57034
16706,1.4964683347300372,80539,23505,57034
16707,1.49637876339259,80539,23505,57034
16708,1.4962892027771129,80539,23505,57034
16709,1.4961996528816806,80539,23505,57034
16710,1.4961101137043686,80539,23505,57034
16711,1.4960205852432529,80539,23505,57034
16712,1.4959310674964097,80539,23505,57034
16713,1.495841560461916,80539,23505,57034
16714,1.4957520641378486,80539,23505,57034
16715,1.4956625785222855,80539,23505,57034
16716,1.4955731036133046,80539,23505,57034
16717,1.4954836394089848,80539,23505,57034
16718,1.4953941859074051,80537,23505,57032
16719,1.495304743106645,80537,23505,57032
16720,1.4952153110047848,80537,23505,57032
16721,1.4951258895999042,80537,23505,57032
16722,1.495036478890085,80537,23505,57032
16723,1.4949470788734078,80537,23505,57032
16724,1.494857689547955,80537,23505,57032
16725,1.4947683109118086,80537,23505,57032
16726,1.4946789429630516,80537,23505,57032
16727,1.4945895856997669,80537,23505,57032
16728,1.4945002391200382,80537,23505,57032
16729,1.49441090322195,80537,23505,57032
16730,1.4943215780035863,80537,23505,57032
16731,1.4942322634630327,80537,23505,57032
16732,1.4941429595983744,80537,23505,57032
16733,1.4940536664076973,80537,23505,57032
16734,1.4939643838890881,80537,23505,57032
16735,1.4938751120406335,80537,23505,57032
16736,1.4937858508604207,80537,23505,57032
16737,1.4936966003465375,80537,23505,57032
16738,1.4936073604970725,80537,23505,57032
16739,1.493518131310114,80537,23505,57032
16740,1.4934289127837514,80537,23505,57032
16741,1.4933397049160744,80537,23505,57032
16742,1.4932505077051725,80537,23505,57032
16743,1.493161321149137,80537,23505,57032
16744,1.4930721452460582,80537,23505,57032
16745,1.492982979994028,80537,23505,57032
16746,1.4928938253911381,80537,23505,57032
16747,1.492804681435481,80537,23505,57032
16748,1.4927155481251493,80537,23505,57032
16749,1.4926264254582362,80537,23505,57032
16750,1.492537313432836,80537,23505,57032
16751,1.492448212047042,80537,23505,57032
16752,1.4923591212989493,80537,23505,57032
16753,1.4922700411866532,80537,23505,57032
16754,1.4921809717082488,80537,23505,57032
16755,1.4920919128618322,80537,23505,57032
16756,1.4920028646455001,80537,23505,57032
16757,1.491913827057349,80537,23505,57032
16758,1.4918248000954768,80537,23505,57032
16759,1.4917357837579808,80537,23505,57032
16760,1.4916467780429594,80537,23505,57032
16761,1.4915577829485114,80537,23505,57032
16762,1.491468798472736,80537,23505,57032
16763,1.4913798246137326,80537,23505,57032
16764,1.4912908613696014,80537,23505,57032
16765,1.4912019087384432,80537,23505,57032
16766,1.4911129667183587,80537,23505,57032
16767,1.491024035307449,80537,23505,57032
16768,1.4909351145038168,80537,23505,57032
16769,1.490846204305564,80537,23505,57032
16770,1.4907573047107932,80537,23505,57032
16771,1.4906684157176078,80537,23505,57032
16772,1.4905795373241115,80537,23505,57032
16773,1.4904906695284088,80537,23505,57032
16774,1.4904018123286038,80537,23505,57032
16775,1.4903129657228018,80537,23505,57032
16776,1.4902241297091083,80537,23505,57032
16777,1.4901353042856291,80537,23505,57032
16778,1.4900464894504708,80537,23505,57032
16779,1.4899576852017402,80537,23505,57032
16780,1.4898688915375446,80537,23505,57032
16781,1.4897801084559918,80537,23505,57032
16782,1.48969133595519,80537,23505,57032
16783,1.489602574033248,80537,23505,57032
16784,1.4895138226882745,80537,23505,57032
16785,1.4894250819183794,80537,23505,57032
16786,1.489336351721673,80537,23505,57032
16787,1.4892476320962649,80537,23505,57032
16788,1.4891589230402669,80537,23505,57032
16789,1.48907022455179,80537,23505,57032
16790,1.4889815366289458,80537,23505,57032
16791,1.488892859269847,80537,23505,57032
16792,1.488804192472606,80537,23505,57032
16793,1.4887155362353361,80537,23505,57032
16794,1.488626890556151,80537,23505,57032
16795,1.4885382554331645,80537,23505,57032
16796,1.4884496308644914,80537,23505,57032
16797,1.4883610168482466,80537,23505,57032
16798,1.4882724133825456,80537,23505,57032
16799,1.4881838204655038,80537,23505,57032
16800,1.4880952380952381,80537,23505,57032
16801,1.488006666269865,80537,23505,57032
16802,1.4879181049875014,80537,23505,57032
16803,1.4878295542462656,80537,23505,57032
16804,1.4877410140442753,80537,23505,57032
16805,1.4876524843796488,80537,23505,57032
16806,1.4875639652505057,80537,23505,57032
16807,1.4874754566549653,80537,23505,57032
16808,1.487386958591147,80537,23505,57032
16809,1.4872984710571717,80537,23505,57032
16810,1.48720999405116,80537,23505,57032
16811,1.487121527571233,80537,23505,57032
16812,1.4870330716155127,80537,23505,57032
16813,1.486944626182121,80537,23505,57032
16814,1.4868561912691804,80537,23505,57032
16815,1.486767766874814,80537,23505,57032
16816,1.4866793529971456,80537,23505,57032
16817,1.4865909496342986,80537,23505,57032
16818,1.4865025567843977,80537,23505,57032
16819,1.4864141744455674,80537,23505,57032
16820,1.4863258026159334,80537,23505,57032
16821,1.486237441293621,80537,23505,57032
16822,1.4861490904767567,80537,23505,57032
16823,1.4860607501634666,80527,23505,57022
16824,1.4859724203518783,80527,23505,57022
16825,1.485884101040119,80527,23505,57022
16826,1.4857957922263165,80527,23505,57022
16827,1.4857074939085992,80527,23505,57022
16828,1.4856192060850963,80527,23505,57022
16829,1.4855309287539367,80527,23505,57022
16830,1.4854426619132501,80527,23505,57022
16831,1.485354405561167,80527,23505,57022
16832,1.4852661596958174,80527,23505,57022
16833,1.485177924315333,80527,23505,57022
16834,1.4850896994178449,80527,23505,57022
16835,1.485001485001485,80527,23505,57022
16836,1.484913281064386,80527,23505,57022
16837,1.4848250876046802,80527,23505,57022
16838,1.4847369046205012,80527,23505,57022
16839,1.4846487321099828,80527,23505,57022
16840,1.484560570071259,80527,23505,57022
16841,1.4844724185024643,80527,23505,57022
16842,1.4843842774017337,80527,23505,57022
16843,1.484296146767203,80505,23489,57016
16844,1.484208026597008,80505,23489,57016
16845,1.4841199168892847,80505,23489,57016
16846,1.4840318176421703,80505,23489,57016
16847,1.4839437288538018,80505,23489,57016
16848,1.4838556505223173,80505,23489,57016
16849,1.4837675826458543,80505,23489,57016
16850,1.4836795252225519,80505,23489,57016
16851,1.4835914782505488,80505,23489,57016
16852,1.4835034417279849,80505,23489,57016
16853,1.4834154156529995,80505,23489,57016
16854,1.4833274000237333,80505,23489,57016
16855,1.483239394838327,80505,23489,57016
16856,1.4831514000949217,80505,23489,57016
16857,1.4830634157916593,80505,23489,57016
16858,1.4829754419266816,80505,23489,57016
16859,1.4828874784981316,80503,23489,57014
16860,1.482799525504152,80503,23489,57014
16861,1.4827115829428859,80503,23489,57014
16862,1.4826236508124777,80503,23489,57014
16863,1.4825357291110717,80503,23489,57014
16864,1.4824478178368121,80503,23489,57014
16865,1.4823599169878448,80503,23489,57014
16866,1.4822720265623148,80503,23489,57014
16867,1.4821841465583685,80503,23489,57014
16868,1.4820962769741521,80503,23489,57014
16869,1.4820084178078132,80503,23489,57014
16870,1.4819205690574986,80503,23489,57014
16871,1.4818327307213561,80503,23489,57014
16872,1.4817449027975345,80503,23489,57014
16873,1.4816570852841817,80503,23489,57014
16874,1.4815692781794476,80503,23489,57014
16875,1.4814814814814814,80503,23489,57014
16876,1.4813936951884332,80503,23489,57014
16877,1.4813059192984535,80503,23489,57014
16878,1.4812181538096931,80503,23489,57014
16879,1.4811303987203033,80503,23489,57014
16880,1.481042654028436,80503,23489,57014
16881,1.4809549197322434,80503,23489,57014
16882,1.480867195829878,80503,23489,57014
16883,1.480779482319493,80503,23489,57014
16884,1.4806917791992418,80503,23489,57014
16885,1.4806040864672787,80503,23489,57014
16886,1.4805164041217578,80503,23489,57014
16887,1.4804287321608338,80503,23489,57014
16888,1.4803410705826623,80503,23489,57014
16889,1.4802534193853987,80503,23489,57014
16890,1.4801657785671996,80503,23489,57014
16891,1.480078148126221,80503,23489,57014
16892,1.4799905280606205,80503,23489,57014
16893,1.479902918368555,80503,23489,57014
16894,1.4798153190481829,80503,23489,57014
16895,1.4797277300976621,80503,23489,57014
16896,1.4796401515151516,80503,23489,57014
16897,1.4795525832988103,80503,23489,57014
16898,1.4794650254467985,80503,23489,57014
16899,1.4793774779572755,80503,23489,57014
16900,1.4792899408284024,80503,23489,57014
16901,1.4792024140583397,80503,23489,57014
16902,1.479114897645249,80503,23489,57014
16903,1.4790273915872922,80503,23489,57014
16904,1.4789398958826314,80503,23489,57014
16905,1.4788524105294292,80503,23489,57014
16906,1.4787649355258488,80503,23489,57014
16907,1.4786774708700539,80503,23489,57014
16908,1.4785900165602082,80503,23489,57014
16909,1.4785025725944763,80503,23489,57014
16910,1.4784151389710232,80503,23489,57014
16911,1.4783277156880137,80503,23489,57014
16912,1.478240302743614,80503,23489,57014
16913,1.47815290013599,80503,23489,57014
16914,1.4780655078633085,80503,23489,57014
16915,1.4779781259237363,80503,23489,57014
16916,1.477890754315441,80503,23489,57014
16917,1.4778033930365904,80503,23489,57014
16918,1.4777160420853528,80503,23489,57014
16919,1.4776287014598972,80503,23489,57014
16920,1.4775413711583925,80503,23489,57014
16921,1.4774540511790084,80503,23489,57014
16922,1.477366741519915,80503,23489,57014
16923,1.4772794421792825,80503,23489,57014
16924,1.4771921531552825,80503,23489,57014
16925,1.4771048744460857,80503,23489,57014
16926,1.477017606049864,80503,23489,57014
16927,1.47693034796479,80503,23489,57014
16928,1.4768431001890359,80503,23489,57014
16929,1.476755862720775,80503,23489,57014
16930,1.4766686355581808,80503,23489,57014
16931,1.476581418699427,80503,23489,57014
16932,1.4764942121426885,80503,23489,57014
16933,1.4764070158861395,80503,23489,57014
16934,1.4763198299279556,80503,23489,57014
16935,1.4762326542663124,80503,23489,57014
16936,1.476145488899386,80503,23489,57014
16937,1.4760583338253528,80503,23489,57014
16938,1.4759711890423899,80503,23489,57014
16939,1.4758840545486747,80503,23489,57014
16940,1.4757969303423848,80503,23489,57014
16941,1.4757098164216989,80503,23489,57014
16942,1.4756227127847952,80503,23489,57014
16943,1.475535619429853,80503,23489,57014
16944,1.475448536355052,80503,23489,57014
16945,1.475361463558572,80501,23489,57012
16946,1.4752744010385932,80501,23489,57012
16947,1.4751873487932967,80501,23489,57012
16948,1.475100306820864,80501,23489,57012
16949,1.475013275119476,80501,23489,57012
16950,1.4749262536873156,80501,23489,57012
16951,1.474839242522565,80501,23489,57012
16952,1.4747522416234073,80501,23489,57012
16953,1.4746652509880258,80501,23489,57012
16954,1.4745782706146042,80501,23489,57012
16955,1.4744913005013272,80501,23489,57012
16956,1.474404340646379,80501,23489,57012
16957,1.4743173910479448,80501,23489,57012
16958,1.4742304517042104,80501,23489,57012
16959,1.4741435226133617,80501,23489,57012
16960,1.474056603773585,80501,23489,57012
16961,1.473969695183067,80501,23489,57012
16962,1.4738827968399952,80501,23489,57012
16963,1.4737959087425574,80501,23489,57012
16964,1.4737090308889413,80501,23489,57012
16965,1.4736221632773356,80501,23489,57012
16966,1.4735353059059295,80501,23489,57012
16967,1.4734484587729122,80501,23489,57012
16968,1.4733616218764733,80501,23489,57012
16969,1.4732747952148035,80501,23489,57012
16970,1.473187978786093,80501,23489,57012
16971,1.4731011725885335,80501,23489,57012
16972,1.4730143766203159,80501,23489,57012
16973,1.4729275908796324,80501,23489,57012
16974,1.4728408153646755,80501,23489,57012
16975,1.4727540500736378,80501,23489,57012
16976,1.4726672950047126,80501,23489,57012
16977,1.4725805501560936,80501,23489,57012
16978,1.4724938155259748,80501,23489,57012
16979,1.4724070911125509,80501,23489,57012
16980,1.4723203769140165,80501,23489,57012
16981,1.4722336729285672,80501,23489,57012
16982,1.4721469791543988,80501,23489,57012
16983,1.4720602955897073,80501,23489,57012
16984,1.4719736222326896,80495,23489,57006
16985,1.4718869590815424,80495,23489,57006
16986,1.4718003061344638,80495,23489,57006
16987,1.4717136633896508,80495,23489,57006
16988,1.4716270308453026,80495,23489,57006
16989,1.4715404084996173,80488,23489,56999
16990,1.4714537963507945,80488,23489,56999
16991,1.4713671943970337,80488,23489,56999
16992,1.4712806026365348,80488,23489,56999
16993,1.4711940210674983,80488,23489,56999
16994,1.4711074496881251,80488,23489,56999
16995,1.4710208884966167,80488,23489,56999
16996,1.4709343374911743,80488,23489,56999
16997,1.4708477966700007,80488,23489,56999
16998,1.4707612660312979,80488,23489,56999
16999,1.470674745573269,80488,23489,56999
17000,1.4705882352941178,80488,23489,56999
17001,1.4705017351920475,80488,23489,56999
17002,1.470415245265263,80488,23489,56999
17003,1.4703287655119686,80488,23489,56999
17004,1.4702422959303694,80488,23489,56999
17005,1.4701558365186709,80488,23489,56999
17006,1.4700693872750794,80488,23489,56999
17007,1.4699829481978008,80488,23489,56999
17008,1.4698965192850424,80488,23489,56999
17009,1.4698101005350108,80488,23489,56999
17010,1.4697236919459142,80488,23489,56999
17011,1.4696372935159603,80488,23489,56999
17012,1.4695509052433575,80488,23489,56999
17013,1.4694645271263151,80488,23489,56999
17014,1.4693781591630422,80488,23489,56999
17015,1.4692918013517484,80488,23489,56999
17016,1.469205453690644,80488,23489,56999
17017,1.4691191161779398,80488,23489,56999
17018,1.4690327888118462,80488,23489,56999
17019,1.4689464715905753,80488,23489,56999
17020,1.4688601645123385,80488,23489,56999
17021,1.4687738675753481,80488,23489,56999
17022,1.468687580777817,80488,23489,56999
17023,1.468601304117958,80488,23489,56999
17024,1.468515037593985,80488,23489,56999
17025,1.4684287812041117,80488,23489,56999
17026,1.4683425349465524,80488,23489,56999
17027,1.468256298819522,80488,23489,56999
17028,1.4681700728212357,80488,23489,56999
17029,1.468083856949909,80488,23489,56999
17030,1.467997651203758,80488,23489,56999
17031,1.4679114555809993,80488,23489,56999
17032,1.4678252700798498,80488,23489,56999
17033,1.4677390946985265,80488,23489,56999
17034,1.4676529294352472,80488,23489,56999
17035,1.4675667742882301,80488,23489,56999
17036,1.467480629255694,80488,23489,56999
17037,1.4673944943358572,80488,23489,56999
17038,1.4673083695269398,80488,23489,56999
17039,1.4672222548271612,80488,23489,56999
17040,1.4671361502347418,80488,23489,56999
17041,1.467050055747902,80488,23489,56999
17042,1.4669639713648632,80488,23489,56999
17043,1.4668778970838467,80480,23489,56991
17044,1.4667918329030745,80480,23489,56991
17045,1.4667057788207685,80480,23489,56991
17046,1.466619734835152,80480,23489,56991
17047,1.4665337009444477,80480,23489,56991
17048,1.4664476771468793,80480,23489,56991
17049,1.466361663440671,80480,23489,56991
17050,1.466275659824047,80480,23489,56991
17051,1.4661896662952318,80480,23489,56991
17052,1.4661036828524514,80480,23489,56991
17053,1.4660177094939306,80480,23489,56991
17054,1.465931746217896,80480,23489,56991
17055,1.4658457930225741,80480,23489,56991
17056,1.4657598499061915,80480,23489,56991
17057,1.4656739168669755,80480,23489,56991
17058,1.465587993903154,80480,23489,56991
17059,1.465502081012955,80405,23399,57006
17060,1.4654161781946073,80405,23399,57006
17061,1.4653302854463397,80405,23399,57006
17062,1.4652444027663813,80405,23399,57006
17063,1.4651585301529626,80405,23399,57006
17064,1.465072667604313,80405,23399,57006
17065,1.464986815118664,80405,23399,57006
17066,1.464900972694246,80405,23399,57006
17067,1.4648151403292904,80405,23399,57006
17068,1.4647293180220295,80405,23399,57006
17069,1.4646435057706955,80405,23399,57006
17070,1.4645577035735209,80405,23399,57006
17071,1.4644719114287388,80405,23399,57006
17072,1.464386129334583,80405,23399,57006
17073,1.4643003572892872,80405,23399,57006
17074,1.4642145952910859,80405,23399,57006
17075,1.4641288433382138,80405,23399,57006
17076,1.4640431014289061,80405,23399,57006
17077,1.4639573695613983,80405,23399,57006
17078,1.4638716477339266,80405,23399,57006
17079,1.4637859359447274,80405,23399,57006
17080,1.4637002341920375,80405,23399,57006
17081,1.463614542474094,80405,23399,57006
17082,1.4635288607891348,80405,23399,57006
17083,1.4634431891353978,80405,23399,57006
17084,1.4633575275111215,80405,23399,57006
17085,1.4632718759145449,80405,23399,57006
17086,1.4631862343439073,80405,23399,57006
17087,1.4631006027974482,80404,23399,57005
17088,1.4630149812734083,80404,23399,57005
17089,1.4629293697700274,80404,23399,57005
17090,1.462843768285547,80404,23399,57005
17091,1.4627581768182085,80404,23399,57005
17092,1.4626725953662532,80404,23399,57005
17093,1.4625870239279237,80404,23399,57005
17094,1.4625014625014625,80404,23399,57005
17095,1.4624159110851127,80404,23399,57005
17096,1.4623303696771175,80404,23399,57005
17097,1.462244838275721,80404,23399,57005
17098,1.4621593168791671,80404,23399,57005
17099,1.462073805485701,80404,23399,57005
17100,1.4619883040935673,80404,23399,57005
17101,1.4619028127010116,80404,23399,57005
17102,1.4618173313062799,80404,23399,57005
17103,1.4617318599076186,80404,23399,57005
17104,1.4616463985032742,80404,23399,57005
17105,1.4615609470914936,80404,23399,57005
17106,1.4614755056705249,80404,23399,57005
17107,1.4613900742386157,80404,23399,57005
17108,1.4613046527940146,80404,23399,57005
17109,1.4612192413349698,80404,23399,57005
17110,1.461133839859731,80404,23399,57005
17111,1.4610484483665478,80404,23399,57005
17112,1.46096306685367,80404,23399,57005
17113,1.4608776953193479,80404,23399,57005
17114,1.4607923337618325,80404,23399,57005
17115,1.4607069821793748,80404,23399,57005
17116,1.4606216405702266,80404,23399,57005
17117,1.46053630893264,80404,23399,57005
17118,1.4604509872648674,80404,23399,57005
17119,1.4603656755651615,80404,23399,57005
17120,1.4602803738317758,80404,23399,57005
17121,1.4601950820629637,80404,23399,57005
17122,1.4601098002569792,80404,23399,57005
17123,1.4600245284120774,80404,23399,57005
17124,1.4599392665265125,80404,23399,57005
17125,1.4598540145985401,80404,23399,57005
17126,1.459768772626416,80397,23428,56969
17127,1.4596835406083961,80397,23428,56969
17128,1.459598318542737,80397,23428,56969
17129,1.4595131064276958,80397,23428,56969
17130,1.4594279042615295,80397,23428,56969
17131,1.459342712042496,80397,23428,56969
17132,1.4592575297688537,80397,23428,56969
17133,1.4591723574388606,80397,23428,56969
17134,1.4590871950507762,80397,23428,56969
17135,1.4590020426028596,80397,23428,56969
17136,1.4589169000933706,80397,23428,56969
17137,1.4588317675205695,80397,23428,56969
17138,1.4587466448827167,80397,23428,56969
17139,1.4586615321780734,80397,23428,56969
17140,1.4585764294049008,80397,23428,56969
17141,1.458491336561461,80397,23428,56969
17142,1.4584062536460156,80397,23428,56969
17143,1.458321180656828,80397,23428,56969
17144,1.4582361175921605,80397,23428,56969
17145,1.458151064450277,80397,23428,56969
17146,1.4580660212294412,80397,23428,56969
17147,1.4579809879279175,80397,23428,56969
17148,1.4578959645439702,80397,23428,56969
17149,1.4578109510758646,80397,23428,56969
17150,1.4577259475218658,80397,23428,56969
17151,1.4576409538802402,80397,23428,56969
17152,1.4575559701492538,80397,23428,56969
17153,1.457470996327173,80397,23428,56969
17154,1.4573860324122654,80397,23428,56969
17155,1.457301078402798,80397,23428,56969
17156,1.457216134297039,80397,23428,56969
17157,1.4571312000932564,80397,23428,56969
17158,1.4570462757897191,80397,23428,56969
17159,1.4569613613846961,80397,23428,56969
17160,1.456876456876457,80397,23428,56969
17161,1.4567915622632714,80397,23428,56969
17162,1.4567066775434099,80397,23428,56969
17163,1.456621802715143,80397,23428,56969
17164,1.456536937776742,80397,23428,56969
17165,1.4564520827264782,80397,23428,56969
17166,1.4563672375626238,80397,23428,56969
17167,1.4562824022834508,80397,23428,56969
17168,1.4561975768872322,80397,23428,56969
17169,1.4561127613722407,80397,23428,56969
17170,1.4560279557367501,80397,23428,56969
17171,1.4559431599790345,80397,23428,56969
17172,1.4558583740973678,80397,23428,56969
17173,1.455773598090025,80397,23428,56969
17174,1.4556888319552812,80397,23428,56969
17175,1.455604075691412,80397,23428,56969
17176,1.455519329296693,80397,23428,56969
17177,1.455434592769401,80397,23428,56969
17178,1.4553498661078124,80397,23428,56969
17179,1.4552651493102042,80397,23428,56969
17180,1.4551804423748544,80397,23428,56969
17181,1.4550957453000408,80397,23428,56969
17182,1.4550110580840414,80397,23428,56969
17183,1.4549263807251354,80397,23428,56969
17184,1.4548417132216014,80397,23428,56969
17185,1.4547570555717195,80397,23428,56969
17186,1.4546724077737694,80397,23428,56969
17187,1.4545877698260312,80397,23428,56969
17188,1.4545031417267862,80397,23428,56969
17189,1.454418523474315,80397,23428,56969
17190,1.4543339150668995,80397,23428,56969
17191,1.4542493165028212,80397,23428,56969
17192,1.4541647277803629,80397,23428,56969
17193,1.4540801488978072,80397,23428,56969
17194,1.4539955798534372,80397,23428,56969
17195,1.4539110206455366,80397,23428,56969
17196,1.453826471272389,80397,23428,56969
17197,1.4537419317322788,80397,23428,56969
17198,1.4536574020234911,80397,23428,56969
17199,1.4535728821443108,80397,23428,56969
17200,1.4534883720930232,80397,23428,56969
17201,1.4534038718679148,80397,23428,56969
17202,1.4533193814672714,80397,23428,56969
17203,1.4532349008893797,80397,23428,56969
17204,1.4531504301325273,80397,23428,56969
17205,1.4530659691950014,80397,23428,56969
17206,1.45298151807509,80397,23428,56969
17207,1.4528970767710816,80397,23428,56969
17208,1.4528126452812646,80397,23428,56969
17209,1.4527282236039283,80397,23428,56969
17210,1.452643811737362,80397,23428,56969
17211,1.452559409679856,80397,23428,56969
17212,1.4524750174297003,80397,23428,56969
17213,1.4523906349851856,80397,23428,56969
17214,1.4523062623446032,80397,23428,56969
17215,1.4522218995062446,80397,23428,56969
17216,1.4521375464684014,80397,23428,56969
17217,1.4520532032293663,80397,23428,56969
17218,1.4519688697874318,80397,23428,56969
17219,1.451884546140891,80397,23428,56969
17220,1.4518002322880372,80397,23428,56969
17221,1.4517159282271646,80397,23428,56969
17222,1.4516316339565671,80397,23428,56969
17223,1.45154734947454,80397,23428,56969
17224,1.4514630747793775,80397,23428,56969
17225,1.4513788098693758,80397,23428,56969
17226,1.4512945547428306,80397,23428,56969
17227,1.451210309398038,80397,23428,56969
17228,1.4511260738332947,80397,23428,56969
17229,1.4510418480468976,80397,23428,56969
17230,1.4509576320371445,80397,23428,56969
17231,1.450873425802333,80397,23428,56969
17232,1.4507892293407614,80397,23428,56969
17233,1.4507050426507282,80397,23428,56969
17234,1.4506208657305326,80397,23428,56969
17235,1.450536698578474,80397,23428,56969
17236,1.4504525411928522,80397,23428,56969
17237,1.4503683935719673,80397,23428,56969
17238,1.45028425571412,80397,23428,56969
17239,1.4502001276176113,80397,23428,56969
17240,1.4501160092807424,80397,23428,56969
17241,1.4500319007018154,80397,23428,56969
17242,1.4499478018791323,80397,23428,56969
17243,1.4498637128109957,80397,23428,56969
17244,1.4497796334957087,80397,23428,56969
17245,1.4496955639315743,80397,23428,56969
17246,1.4496115041168967,80397,23428,56969
17247,1.4495274540499796,80397,23428,56969
17248,1.449443413729128,80397,23428,56969
17249,1.4493593831526466,80397,23428,56969
17250,1.4492753623188406,80397,23428,56969
17251,1.449191351226016,80397,23428,56969
17252,1.4491073498724785,80397,23428,56969
17253,1.449023358256535,80397,23428,56969
17254,1.4489393763764924,80397,23428,56969
17255,1.4488554042306578,80397,23428,56969
17256,1.448771441817339,80397,23428,56969
17257,1.4486874891348438,80397,23428,56969
17258,1.448603546181481,80397,23428,56969
17259,1.4485196129555593,80397,23428,56969
17260,1.4484356894553883,80397,23428,56969
17261,1.448351775679277,80397,23428,56969
17262,1.448267871625536,80397,23428,56969
17263,1.4481839772924752,80397,23428,56969
17264,1.448100092678406,80397,23428,56969
17265,1.4480162177816391,80397,23428,56969
17266,1.4479323526004866,80387,23428,56959
17267,1.44784849713326,80387,23428,56959
17268,1.447764651378272,80367,23428,56939
17269,1.4476808153338352,80367,23428,56939
17270,1.447596988998263,80367,23428,56939
17271,1.4475131723698687,80367,23428,56939
17272,1.447429365446966,80367,23428,56939
17273,1.4473455682278702,80367,23428,56939
17274,1.447261780710895,80367,23428,56939
17275,1.447178002894356,80367,23428,56939
17276,1.4470942347765687,80367,23428,56939
17277,1.447010476355849,80367,23428,56939
17278,1.4469267276305129,80367,23428,56939
17279,1.4468429885988772,80367,23428,56939
17280,1.4467592592592593,80367,23428,56939
17281,1.4466755396099762,80367,23428,56939
17282,1.446591829649346,80367,23428,56939
17283,1.4465081293756872,80367,23428,56939
17284,1.4464244387873177,80367,23428,56939
17285,1.4463407578825571,80367,23428,56939
17286,1.4462570866597246,80367,23428,56939
17287,1.44617342511714,80367,23428,56939
17288,1.4460897732531235,80367,23428,56939
17289,1.4460061310659957,80367,23428,56939
17290,1.4459224985540775,80367,23428,56939
17291,1.4458388757156901,80367,23428,56939
17292,1.4457552625491557,80367,23428,56939
17293,1.4456716590527958,80367,23428,56939
17294,1.4455880652249335,80367,23428,56939
17295,1.4455044810638913,80367,23428,56939
17296,1.4454209065679926,80367,23428,56939
17297,1.445337341735561,80367,23428,56939
17298,1.4452537865649209,80367,23428,56939
17299,1.4451702410543963,80367,23428,56939
17300,1.4450867052023122,80367,23428,56939
17301,1.4450031790069937,80367,23428,56939
17302,1.4449196624667668,80367,23428,56939
17303,1.4448361555799571,80367,23428,56939
17304,1.4447526583448913,80367,23428,56939
17305,1.444669170759896,80367,23428,56939
17306,1.4445856928232983,80367,23428,56939
17307,1.4445022245334258,80367,23428,56939
17308,1.4444187658886065,80367,23428,56939
17309,1.4443353168871684,80367,23428,56939
17310,1.4442518775274409,80367,23428,56939
17311,1.4441684478077523,80367,23428,56939
17312,1.4440850277264325,80367,23428,56939
17313,1.4440016172818113,80367,23428,56939
17314,1.443918216472219,80367,23428,56939
17315,1.443834825295986,80367,23428,56939
17316,1.4437514437514438,80367,23428,56939
17317,1.4436680718369233,80367,23428,56939
17318,1.4435847095507564,80367,23428,56939
17319,1.4435013568912756,80367,23428,56939
17320,1.443418013856813,80367,23428,56939
17321,1.4433346804457017,80367,23428,56939
17322,1.4432513566562752,80367,23428,56939
17323,1.4431680424868671,80367,23428,56939
17324,1.4430847379358116,80367,23428,56939
17325,1.443001443001443,80367,23428,56939
17326,1.4429181576820962,80367,23428,56939
17327,1.4428348819761068,80367,23428,56939
17328,1.44275161588181,80367,23428,56939
17329,1.4426683593975418,80367,23428,56939
17330,1.4425851125216387,80367,23428,56939
17331,1.442501875252438,80367,23428,56939
17332,1.442418647588276,80367,23428,56939
17333,1.4423354295274908,80367,23428,56939
17334,1.4422522210684205,80367,23428,56939
17335,1.442169022209403,80367,23428,56939
17336,1.4420858329487771,80367,23428,56939
17337,1.442002653284882,80367,23428,56939
17338,1.4419194832160571,80367,23428,56939
17339,1.4418363227406426,80367,23428,56939
17340,1.441753171856978,80367,23428,56939
17341,1.4416700305634047,80367,23428,56939
17342,1.4415868988582632,80367,23428,56939
17343,1.441503776739895,80367,23428,56939
17344,1.441420664206642,80258,23314,56944
17345,1.4413375612568464,80258,23314,56944
17346,1.4412544678888504,80258,23314,56944
17347,1.4411713841009972,80258,23314,56944
17348,1.44108830989163,80258,23314,56944
17349,1.4410052452590927,80258,23314,56944
17350,1.440922190201729,80258,23314,56944
17351,1.4408391447178837,80258,23314,56944
17352,1.4407561088059013,80258,23314,56944
17353,1.4406730824641272,80258,23314,56944
17354,1.440590065690907,80258,23314,56944
17355,1.4405070584845865,80258,23314,56944
17356,1.4404240608435124,80258,23314,56944
17357,1.440341072766031,80258,23314,56944
17358,1.4402580942504897,80258,23314,56944
17359,1.440175125295236,80258,23314,56944
17360,1.4400921658986174,80258,23314,56944
17361,1.4400092160589828,80258,23314,56944
17362,1.4399262757746802,80258,23314,56944
17363,1.4398433450440593,80258,23314,56944
17364,1.4397604238654689,80258,23314,56944
17365,1.439677512237259,80258,23314,56944
17366,1.4395946101577797,80258,23314,56944
17367,1.4395117176253815,80258,23314,56944
17368,1.4394288346384154,80258,23314,56944
17369,1.4393459611952328,80258,23314,56944
17370,1.4392630972941853,80258,23314,56944
17371,1.439180242933625,80258,23314,56944
17372,1.4390973981119042,80258,23314,56944
17373,1.4390145628273758,80258,23314,56944
17374,1.438931737078393,80258,23314,56944
17375,1.4388489208633093,80258,23314,56944
17376,1.4387661141804788,80258,23314,56944
17377,1.4386833170282558,80258,23314,56944
17378,1.4386005294049948,80258,23314,56944
17379,1.4385177513090512,80258,23314,56944
17380,1.4384349827387801,80258,23314,56944
17381,1.438352223692538,80258,23314,56944
17382,1.4382694741686803,80258,23314,56944
17383,1.438186734165564,80258,23314,56944
17384,1.4381040036815462,80258,23314,56944
17385,1.438021282714984,80258,23314,56944
17386,1.4379385712642356,80258,23314,56944
17387,1.4378558693276586,80258,23314,56944
17388,1.4377731769036117,80258,23314,56944
17389,1.4376904939904538,80258,23314,56944
17390,1.437607820586544,80258,23314,56944
17391,1.437525156690242,80258,23314,56944
17392,1.437442502299908,80258,23314,56944
17393,1.4373598574139022,80258,23314,56944
17394,1.4372772220305852,80258,23314,56944
17395,1.4371945961483186,80258,23314,56944
17396,1.4371119797654632,80258,23314,56944
17397,1.4370293728803816,80258,23314,56944
17398,1.4369467754914358,80258,23314,56944
17399,1.4368641875969883,80258,23314,56944
17400,1.4367816091954022,80258,23314,56944
17401,1.436699040285041,80258,23314,56944
17402,1.4366164808642685,80258,23314,56944
17403,1.4365339309314487,80258,23314,56944
17404,1.436451390484946,80258,23314,56944
17405,1.4363688595231254,80258,23314,56944
17406,1.4362863380443525,80258,23314,56944
17407,1.4362038260469925,80258,23314,56944
17408,1.4361213235294117,80258,23314,56944
17409,1.4360388304899765,80258,23314,56944
17410,1.4359563469270533,80258,23314,56944
17411,1.43587387283901,80258,23314,56944
17412,1.4357914082242131,80258,23314,56944
17413,1.4357089530810314,80258,23314,56944
17414,1.4356265074078327,80258,23314,56944
17415,1.4355440712029859,80258,23314,56944
17416,1.4354616444648598,80258,23314,56944
17417,1.435379227191824,80259,23314,56945
17418,1.4352968193822482,80259,23314,56945
17419,1.4352144210345026,80259,23314,56945
17420,1.4351320321469576,80259,23314,56945
17421,1.4350496527179841,80259,23314,56945
17422,1.4349672827459534,80259,23314,56945
17423,1.4348849222292372,80259,23314,56945
17424,1.4348025711662076,80259,23314,56945
17425,1.4347202295552368,80259,23314,56945
17426,1.4346378973946976,80259,23314,56945
17427,1.4345555746829632,80257,23314,56943
17428,1.4344732614184073,80257,23314,56943
17429,1.4343909575994034,80257,23314,56943
17430,1.4343086632243258,80257,23314,56943
17431,1.4342263782915496,80257,23314,56943
17432,1.4341441027994493,80257,23314,56943
17433,1.4340618367464004,80257,23314,56943
17434,1.4339795801307789,80257,23314,56943
17435,1.4338973329509608,80257,23314,56943
17436,1.4338150952053224,80257,23314,56943
17437,1.4337328668922407,80257,23314,56943
17438,1.433650648010093,80257,23314,56943
17439,1.4335684385572567,80257,23314,56943
17440,1.43348623853211,80257,23314,56943
17441,1.4334040479330314,80257,23314,56943
17442,1.4333218667583993,80257,23314,56943
17443,1.4332396950065929,80257,23314,56943
17444,1.4331575326759918,80257,23314,56943
17445,1.4330753797649756,80257,23314,56943
17446,1.4329932362719249,80257,23314,56943
17447,1.4329111021952199,80257,23314,56943
17448,1.4328289775332417,80257,23314,56943
17449,1.4327468622843715,80257,23314,56943
17450,1.4326647564469914,80257,23314,56943
17451,1.432582660019483,80257,23314,56943
17452,1.4325005730002291,80257,23314,56943
17453,1.4324184953876125,80257,23314,56943
17454,1.432336427180016,80257,23314,56943
17455,1.4322543683758235,80257,23314,56943
17456,1.4321723189734188,80257,23314,56943
17457,1.4320902789711862,80257,23314,56943
17458,1.4320082483675105,80257,23314,56943
17459,1.4319262271607767,80257,23314,56943
17460,1.43184421534937,80257,23314,56943
17461,1.4317622129316763,80257,23314,56943
17462,1.4316802199060819,80257,23314,56943
17463,1.431598236270973,80257,23314,56943
17464,1.4315162620247366,80257,23314,56943
17465,1.43143429716576,80257,23314,56943
17466,1.431352341692431,80257,23314,56943
17467,1.4312703956031374,80257,23314,56943
17468,1.4311884588962676,80257,23314,56943
17469,1.43110653157021,80257,23314,56943
17470,1.4310246136233544,80257,23314,56943
17471,1.4309427050540897,80257,23314,56943
17472,1.4308608058608059,80257,23314,56943
17473,1.4307789160418931,80257,23314,56943
17474,1.4306970355957422,80227,23314,56913
17475,1.4306151645207439,80227,23314,56913
17476,1.4305333028152896,80225,23314,56911
17477,1.4304514504777708,80225,23314,56911
17478,1.4303696075065797,80225,23314,56911
17479,1.4302877739001087,80225,23314,56911
17480,1.4302059496567505,80225,23314,56911
17481,1.4301241347748985,80225,23314,56911
17482,1.4300423292529458,80225,23314,56911
17483,1.4299605330892868,80225,23314,56911
17484,1.4298787462823153,80225,23314,56911
17485,1.4297969688304262,80225,23314,56911
17486,1.4297152007320142,80225,23314,56911
17487,1.4296334419854748,80225,23314,56911
17488,1.429551692589204,80225,23314,56911
17489,1.4294699525415975,80225,23314,56911
17490,1.429388221841052,80225,23314,56911
17491,1.4293065004859642,80225,23314,56911
17492,1.4292247884747313,80225,23314,56911
17493,1.4291430858057508,80225,23314,56911
17494,1.429061392477421,80225,23314,56911
17495,1.4289797084881395,80225,23314,56911
17496,1.4288980338363055,80225,23314,56911
17497,1.4288163685203177,80225,23314,56911
17498,1.4287347125385759,80225,23314,56911
17499,1.4286530658894794,80225,23314,56911
17500,1.4285714285714286,80225,23314,56911
17501,1.428489800582824,80225,23314,56911
17502,1.428408181922066,80225,23314,56911
17503,1.4283265725875565,80225,23314,56911
17504,1.4282449725776964,80225,23314,56911
17505,1.4281633818908883,80225,23314,56911
17506,1.428081800525534,80225,23314,56911
17507,1.4280002284800366,80226,23314,56912
17508,1.4279186657527987,80226,23314,56912
17509,1.427837112342224,80226,23314,56912
17510,1.4277555682467162,80226,23314,56912
17511,1.4276740334646794,80226,23314,56912
17512,1.427592507994518,80226,23314,56912
17513,1.4275109918346371,80226,23314,56912
17514,1.427429484983442,80226,23314,56912
17515,1.4273479874393378,80226,23314,56912
17516,1.4272664992007307,80226,23314,56912
17517,1.4271850202660272,80226,23314,56912
17518,1.427103550633634,80226,23314,56912
17519,1.427022090301958,80226,23314,56912
17520,1.4269406392694064,80226,23314,56912
17521,1.4268591975343874,80226,23314,56912
17522,1.4267777650953088,80226,23314,56912
17523,1.4266963419505791,80226,23314,56912
17524,1.4266149280986076,80226,23314,56912
17525,1.4265335235378032,80226,23314,56912
17526,1.4264521282665754,80226,23314,56912
17527,1.4263707422833343,80226,23314,56912
17528,1.42628936558649,80226,23314,56912
17529,1.4262079981744538,80226,23314,56912
17530,1.426126640045636,80226,23314,56912
17531,1.4260452911984485,80206,23314,56892
17532,1.4259639516313027,80206,23314,56892
17533,1.425882621342611,80206,23314,56892
17534,1.425801300330786,80206,23314,56892
17535,1.42571998859424,80206,23314,56892
17536,1.4256386861313868,80206,23314,56892
17537,1.4255573929406398,80206,23314,56892
17538,1.4254761090204129,80206,23314,56892
17539,1.4253948343691203,80206,23314,56892
17540,1.4253135689851768,80206,23314,56892
17541,1.4252323128669973,80206,23314,56892
17542,1.4251510660129973,80206,23314,56892
17543,1.4250698284215926,80206,23314,56892
17544,1.4249886000911993,80206,23314,56892
17545,1.4249073810202337,80206,23314,56892
17546,1.4248261712071126,80206,23314,56892
17547,1.4247449706502535,80206,23314,56892
17548,1.4246637793480739,80206,23314,56892
17549,1.4245825972989914,80206,23314,56892
17550,1.4245014245014245,80206,23314,56892
17551,1.4244202609537917,80206,23314,56892
17552,1.4243391066545124,80206,23314,56892
17553,1.4242579616020055,80207,23334,56873
17554,1.4241768257946907,80207,23334,56873
17555,1.4240956992309883,80207,23334,56873
17556,1.4240145819093188,80207,23334,56873
17557,1.4239334738281026,80207,23334,56873
17558,1.4238523749857614,80207,23334,56873
17559,1.4237712853807165,80207,23334,56873
17560,1.4236902050113895,80207,23334,56873
17561,1.423609133876203,80207,23334,56873
17562,1.4235280719735792,80207,23334,56873
17563,1.4234470193019415,80207,23334,56873
17564,1.423365975859713,80207,23334,56873
17565,1.4232849416453175,80207,23334,56873
17566,1.4232039166571786,80207,23334,56873
17567,1.4231229008937212,80207,23334,56873
17568,1.4230418943533698,80207,23334,56873
17569,1.4229608970345495,80207,23334,56873
17570,1.4228799089356858,80207,23334,56873
17571,1.4227989300552046,80207,23334,56873
17572,1.422717960391532,80207,23334,56873
17573,1.4226369999430946,80207,23334,56873
17574,1.422556048708319,80207,23334,56873
17575,1.422475106685633,80207,23334,56873
17576,1.4223941738734638,80207,23334,56873
17577,1.4223132502702396,80207,23334,56873
17578,1.4222323358743885,80207,23334,56873
17579,1.4221514306843392,80207,23334,56873
17580,1.422070534698521,80207,23334,56873
17581,1.421989647915363,80207,23334,56873
17582,1.4219087703332953,80207,23334,56873
17583,1.4218279019507478,80207,23334,56873
17584,1.421747042766151,80207,23334,56873
17585,1.4216661927779357,80207,23334,56873
17586,1.4215853519845332,80207,23334,56873
17587,1.4215045203843748,80207,23334,56873
17588,1.4214236979758927,80201,23334,56867
17589,1.421342884757519,80201,23334,56867
17590,1.4212620807276861,80201,23334,56867
17591,1.4211812858848274,80201,23334,56867
17592,1.421100500227376,80201,23334,56867
17593,1.4210197237537656,80201,23334,56867
17594,1.4209389564624304,80201,23334,56867
17595,1.4208581983518045,80201,23334,56867
17596,1.4207774494203227,80201,23334,56867
17597,1.4206967096664205,80201,23334,56867
17598,1.4206159790885329,80201,23334,56867
17599,1.4205352576850958,80201,23334,56867
17600,1.4204545454545454,80201,23334,56867
17601,1.4203738423953185,80201,23334,56867
17602,1.4202931485058516,80201,23334,56867
17603,1.420212463784582,80201,23334,56867
17604,1.4201317882299478,80201,23334,56867
17605,1.4200511218403862,80201,23334,56867
17606,1.419970464614336,80201,23334,56867
17607,1.4198898165502356,80201,23334,56867
17608,1.4198091776465243,80201,23334,56867
17609,1.4197285479016413,80201,23334,56867
17610,1.4196479273140261,80201,23334,56867
17611,1.4195673158821192,80201,23334,56867
17612,1.4194867136043607,80201,23334,56867
17613,1.4194061204791915,80201,23334,56867
17614,1.4193255365050528,80201,23334,56867
17615,1.419244961680386,80201,23334,56867
17616,1.419164396003633,80201,23334,56867
17617,1.4190838394732361,80201,23334,56867
17618,1.4190032920876376,80201,23334,56867
17619,1.4189227538452807,80201,23334,56867
17620,1.4188422247446084,80201,23334,56867
17621,1.4187617047840644,80201,23334,56867
17622,1.418681193962093,80201,23334,56867
17623,1.418600692277138,80201,23334,56867
17624,1.4185201997276442,80201,23334,56867
17625,1.4184397163120568,80201,23334,56867
17626,1.4183592420288211,80201,23334,56867
17627,1.418278776876383,80201,23334,56867
17628,1.418198320853188,80201,23334,56867
17629,1.4181178739576834,80201,23334,56867
17630,1.4180374361883155,80201,23334,56867
17631,1.4179570075435313,80201,23334,56867
17632,1.4178765880217785,80201,23334,56867
17633,1.4177961776215051,80201,23334,56867
17634,1.4177157763411592,80201,23334,56867
17635,1.417635384179189,80201,23334,56867
17636,1.417555001134044,80201,23334,56867
17637,1.417474627204173,80201,23334,56867
17638,1.4173942623880258,80201,23334,56867
17639,1.4173139066840523,80201,23334,56867
17640,1.417233560090703,80201,23334,56867
17641,1.4171532226064283,80201,23334,56867
17642,1.417072894229679,80201,23334,56867
17643,1.4169925749589072,80201,23334,56867
17644,1.416912264792564,80201,23334,56867
17645,1.4168319637291018,80201,23334,56867
17646,1.4167516717669726,80201,23334,56867
17647,1.4166713889046296,80201,23334,56867
17648,1.416591115140526,80201,23334,56867
17649,1.4165108504731145,80201,23334,56867
17650,1.4164305949008498,80201,23334,56867
17651,1.4163503484221858,80201,23334,56867
17652,1.4162701110355767,80201,23334,56867
17653,1.4161898827394777,80201,23334,56867
17654,1.416109663532344,80201,23334,56867
17655,1.416029453412631,80201,23334,56867
17656,1.4159492523787947,80201,23334,56867
17657,1.4158690604292914,80201,23334,56867
17658,1.4157888775625778,80201,23334,56867
17659,1.4157087037771108,80201,23334,56867
17660,1.4156285390713477,80201,23334,56867
17661,1.4155483834437461,80201,23334,56867
17662,1.415468236892764,80201,23334,56867
17663,1.4153880994168602,80201,23334,56867
17664,1.4153079710144927,80201,23334,56867
17665,1.4152278516841212,80201,23334,56867
17666,1.4151477414242046,80201,23334,56867
17667,1.4150676402332032,80201,23334,56867
17668,1.4149875481095766,80201,23334,56867
17669,1.4149074650517857,80201,23334,56867
17670,1.414827391058291,80201,23334,56867
17671,1.4147473261275536,80201,23334,56867
17672,1.4146672702580354,80201,23334,56867
17673,1.4145872234481978,80201,23334,56867
17674,1.4145071856965032,80201,23334,56867
17675,1.4144271570014144,80201,23334,56867
17676,1.414347137361394,80201,23334,56867
17677,1.4142671267749052,80201,23334,56867
17678,1.414187125240412,80201,23334,56867
17679,1.4141071327563777,80201,23334,56867
17680,1.414027149321267,80201,23334,56867
17681,1.4139471749335444,80201,23334,56867
17682,1.4138672095916751,80201,23334,56867
17683,1.4137872532941242,80201,23334,56867
17684,1.4137073060393577,80201,23334,56867
17685,1.413627367825841,80201,23334,56867
17686,1.4135474386520412,80201,23334,56867
17687,1.4134675185164245,80201,23334,56867
17688,1.413387607417458,80201,23334,56867
17689,1.4133077053536096,80201,23334,56867
17690,1.4132278123233466,80201,23334,56867
17691,1.4131479283251371,80197,23334,56863
17692,1.4130680533574498,80197,23334,56863
17693,1.412988187418753,80197,23334,56863
17694,1.4129083305075167,80197,23334,56863
17695,1.4128284826222097,80197,23334,56863
17696,1.412748643761302,80197,23334,56863
17697,1.412668813923264,80197,23334,56863
17698,1.4125889931065656,80197,23334,56863
17699,1.4125091813096786,80197,23334,56863
17700,1.4124293785310735,80197,23334,56863
17701,1.412349584769222,80197,23334,56863
17702,1.4122698000225964,80197,23334,56863
17703,1.4121900242896683,80197,23334,56863
17704,1.412110257568911,80197,23334,56863
17705,1.412030499858797,80197,23334,56863
17706,1.4119507511577996,80197,23334,56863
17707,1.4118710114643926,80197,23334,56863
17708,1.4117912807770499,80197,23334,56863
17709,1.411711559094246,80197,23334,56863
17710,1.411631846414455,80197,23334,56863
17711,1.4115521427361526,80197,23334,56863
17712,1.411472448057814,80197,23334,56863
17713,1.4113927623779146,80197,23334,56863
17714,1.4113130856949305,80197,23334,56863
17715,1.4112334180073385,80197,23334,56863
17716,1.4111537593136148,80197,23334,56863
17717,1.4110741096122368,80197,23334,56863
17718,1.410994468901682,80197,23334,56863
17719,1.4109148371804279,80197,23334,56863
17720,1.4108352144469527,80197,23334,56863
17721,1.4107556006997348,80197,23334,56863
17722,1.4106759959372532,80197,23334,56863
17723,1.4105964001579867,80197,23334,56863
17724,1.4105168133604153,80197,23334,56863
17725,1.4104372355430184,80197,23334,56863
17726,1.4103576667042763,80197,23334,56863
17727,1.4102781068426693,80197,23334,56863
17728,1.4101985559566788,80197,23334,56863
17729,1.4101190140447855,80197,23334,56863
17730,1.410039481105471,80197,23334,56863
17731,1.4099599571372172,80197,23334,56863
17732,1.4098804421385067,80187,23334,56853
17733,1.4098009361078216,80187,23334,56853
17734,1.409721439043645,80187,23334,56853
17735,1.4096419509444602,80187,23334,56853
17736,1.4095624718087505,80187,23334,56853
17737,1.4094830016350002,80187,23334,56853
17738,1.4094035404216936,80187,23334,56853
17739,1.409324088167315,80187,23334,56853
17740,1.4092446448703495,80187,23334,56853
17741,1.4091652105292825,80187,23334,56853
17742,1.4090857851425995,80187,23334,56853
17743,1.4090063687087866,80187,23334,56853
17744,1.40892696122633,80187,23334,56853
17745,1.4088475626937165,80183,23334,56849
17746,1.408768173109433,80183,23334,56849
17747,1.408688792471967,80183,23334,56849
17748,1.408609420779806,80183,23334,56849
17749,1.4085300580314384,80183,23334,56849
17750,1.408450704225352,80183,23334,56849
17751,1.408371359360036,80183,23334,56849
17752,1.4082920234339793,80183,23334,56849
17753,1.4082126964456712,80183,23334,56849
17754,1.4081333783936014,80183,23334,56849
17755,1.4080540692762602,80183,23334,56849
17756,1.4079747690921378,80183,23334,56849
17757,1.4078954778397252,80183,23334,56849
17758,1.4078161955175132,80183,23334,56849
17759,1.4077369221239935,80183,23334,56849
17760,1.4076576576576576,80183,23334,56849
17761,1.407578402116998,80183,23334,56849
17762,1.4074991555005067,80183,23334,56849
17763,1.4074199178066769,80183,23334,56849
17764,1.4073406890340014,80183,23334,56849
17765,1.4072614691809737,80183,23334,56849
17766,1.407182258246088,80183,23334,56849
17767,1.4071030562278382,80183,23334,56849
17768,1.4070238631247185,80183,23334,56849
17769,1.4069446789352242,80183,23334,56849
17770,1.4068655036578503,80183,23334,56849
17771,1.4067863372910923,80183,23334,56849
17772,1.4067071798334458,80183,23334,56849
17773,1.4066280312834074,80183,23334,56849
17774,1.4065488916394735,80183,23334,56849
17775,1.4064697609001406,80163,23334,56829
17776,1.4063906390639065,80163,23334,56829
17777,1.4063115261292682,80163,23334,56829
17778,1.4062324220947238,80163,23334,56829
17779,1.4061533269587716,80163,23334,56829
17780,1.40607424071991,80163,23334,56829
17781,1.4059951633766379,80163,23334,56829
17782,1.4059160949274547,80163,23334,56829
17783,1.4058370353708598,80163,23334,56829
17784,1.4057579847053532,80163,23334,56829
17785,1.405678942929435,80163,23334,56829
17786,1.4055999100416057,80163,23334,56829
17787,1.4055208860403665,80163,23334,56829
17788,1.4054418709242187,80163,23334,56829
17789,1.4053628646916634,80163,23334,56829
17790,1.405283867341203,80163,23334,56829
17791,1.4052048788713394,80163,23334,56829
17792,1.4051258992805755,80163,23334,56829
17793,1.405046928567414,80163,23334,56829
17794,1.4049679667303585,80163,23334,56829
17795,1.4048890137679124,80163,23334,56829
17796,1.4048100696785795,80163,23334,56829
17797,1.4047311344608642,80163,23334,56829
17798,1.404652208113271,80163,23334,56829
17799,1.4045732906343054,80163,23334,56829
17800,1.404494382022472,80163,23334,56829
17801,1.4044154822762767,80163,23334,56829
17802,1.4043365913942254,80163,23334,56829
17803,1.4042577093748245,80163,23334,56829
17804,1.4041788362165806,80163,23334,56829
17805,1.4040999719180005,80163,23334,56829
17806,1.4040211164775918,80163,23334,56829
17807,1.403942269893862,80163,23334,56829
17808,1.403863432165319,80163,23334,56829
17809,1.403784603290471,80163,23334,56829
17810,1.403705783267827,80163,23334,56829
17811,1.4036269720958958,80163,23334,56829
17812,1.4035481697731866,80163,23334,56829
17813,1.4034693762982091,80163,23334,56829
17814,1.4033905916694736,80163,23334,56829
17815,1.4033118158854898,80163,23334,56829
17816,1.4032330489447689,80163,23334,56829
17817,1.4031542908458214,80163,23334,56829
17818,1.403075541587159,80163,23334,56829
17819,1.4029968011672933,80163,23334,56829
17820,1.4029180695847363,80163,23334,56829
17821,1.402839346838,80163,23334,56829
17822,1.4027606329255975,80163,23334,56829
17823,1.4026819278460416,80163,23334,56829
17824,1.4026032315978456,80163,23334,56829
17825,1.402524544179523,80163,23334,56829
17826,1.4024458655895882,80163,23334,56829
17827,1.4023671958265553,80163,23334,56829
17828,1.4022885348889387,80163,23334,56829
17829,1.4022098827752538,80163,23334,56829
17830,1.4021312394840157,80163,23334,56829
17831,1.40205260501374,80163,23334,56829
17832,1.401973979362943,80163,23334,56829
17833,1.4018953625301407,80163,23334,56829
17834,1.40181675451385,80163,23334,56829
17835,1.4017381553125876,80163,23334,56829
17836,1.401659564924871,80163,23334,56829
17837,1.4015809833492179,80163,23334,56829
17838,1.4015024105841463,80163,23334,56829
17839,1.4014238466281743,80163,23334,56829
17840,1.4013452914798206,80163,23334,56829
17841,1.4012667451376044,80163,23334,56829
17842,1.4011882076000448,80163,23334,56829
17843,1.4011096788656616,80163,23334,56829
17844,1.4010311589329747,80163,23334,56829
17845,1.4009526478005043,80163,23334,56829
17846,1.4008741454667712,80163,23334,56829
17847,1.4007956519302964,80163,23334,56829
17848,1.400717167189601,80163,23334,56829
17849,1.400638691243207,80163,23334,56829
17850,1.4005602240896358,80163,23334,56829
17851,1.4004817657274102,80163,23334,56829
17852,1.4004033161550526,80163,23334,56829
17853,1.4003248753710862,80163,23334,56829
17854,1.4002464433740338,80163,23334,56829
17855,1.4001680201624196,80163,23334,56829
17856,1.400089605734767,80163,23334,56829
17857,1.4000112000896008,80163,23334,56829
17858,1.3999328032254452,80163,23334,56829
17859,1.3998544151408254,80163,23334,56829
17860,1.3997760358342666,80163,23334,56829
17861,1.3996976653042943,80163,23334,56829
17862,1.3996193035494346,80163,23334,56829
17863,1.3995409505682137,80163,23334,56829
17864,1.399462606359158,80163,23334,56829
17865,1.3993842709207949,80163,23334,56829
17866,1.3993059442516511,80163,23334,56829
17867,1.3992276263502545,80163,23334,56829
17868,1.3991493172151332,80163,23334,56829
17869,1.399071016844815,80163,23334,56829
17870,1.3989927252378287,80163,23334,56829
17871,1.3989144423927034,80163,23334,56829
17872,1.3988361683079678,80163,23334,56829
17873,1.3987579029821517,80163,23334,56829
17874,1.3986796464137854,80163,23334,56829
17875,1.3986013986013985,80163,23334,56829
17876,1.3985231595435221,80163,23334,56829
17877,1.3984449292386867,80163,23334,56829
17878,1.3983667076854234,80163,23334,56829
17879,1.398288494882264,80163,23334,56829
17880,1.3982102908277405,80163,23334,56829
17881,1.3981320955203849,80163,23334,56829
17882,1.3980539089587294,80163,23334,56829
17883,1.3979757311413075,80163,23334,56829
17884,1.3978975620666518,80163,23334,56829
17885,1.397819401733296,80163,23334,56829
17886,1.3977412501397741,80163,23334,56829
17887,1.3976631072846202,80163,23334,56829
17888,1.3975849731663685,80163,23334,56829
17889,1.3975068477835542,80163,23334,56829
17890,1.3974287311347122,80163,23334,56829
17891,1.3973506232183779,80163,23334,56829
17892,1.3972725240330874,80163,23334,56829
17893,1.3971944335773767,80163,23334,56829
17894,1.397116351849782,80163,23334,56829
17895,1.3970382788488405,80163,23334,56829
17896,1.396960214573089,80163,23334,56829
17897,1.396882159021065,80163,23334,56829
17898,1.3968041121913064,80163,23334,56829
17899,1.396726074082351,80163,23334,56829
17900,1.3966480446927374,80163,23334,56829
17901,1.3965700240210044,80163,23334,56829
17902,1.396492012065691,80163,23334,56829
17903,1.3964140088253365,80163,23334,56829
17904,1.3963360142984809,80163,23334,56829
17905,1.3962580284836639,80154,23334,56820
17906,1.3961800513794258,80154,23334,56820
17907,1.3961020829843078,80154,23334,56820
17908,1.3960241232968507,80154,23334,56820
17909,1.3959461723155955,80154,23334,56820
17910,1.3958682300390843,80154,23334,56820
17911,1.395790296465859,80154,23334,56820
17912,1.3957123715944617,80154,23334,56820
17913,1.3956344554234354,80154,23334,56820
17914,1.395556547951323,80154,23334,56820
17915,1.3954786491766675,80154,23334,56820
17916,1.3954007590980129,80154,23334,56820
17917,1.395322877713903,80154,23334,56820
17918,1.395245005022882,80154,23334,56820
17919,1.3951671410234947,80154,23334,56820
17920,1.3950892857142858,80154,23334,56820
17921,1.3950114390938007,80154,23334,56820
17922,1.3949336011605848,80154,23334,56820
17923,1.3948557719131842,80154,23334,56820
17924,1.394777951350145,80154,23334,56820
17925,1.394700139470014,80154,23334,56820
17926,1.3946223362713377,80154,23334,56820
17927,1.3945445417526636,80154,23334,56820
17928,1.394466755912539,80154,23334,56820
17929,1.394388978749512,80153,23334,56819
17930,1.3943112102621305,80153,23334,56819
17931,1.394233450448943,80153,23334,56819
17932,1.3941556993084987,80153,23334,56819
17933,1.3940779568393464,80153,23334,56819
17934,1.3940002230400357,80153,23334,56819
17935,1.3939224979091163,80153,23334,56819
17936,1.3938447814451382,80153,23334,56819
17937,1.393767073646652,80153,23334,56819
17938,1.3936893745122088,80153,23334,56819
17939,1.393611684040359,80153,23334,56819
17940,1.3935340022296545,80153,23334,56819
17941,1.3934563290786466,80153,23334,56819
17942,1.3933786645858879,80153,23334,56819
17943,1.3933010087499302,80153,23334,56819
17944,1.3932233615693268,80153,23334,56819
17945,1.3931457230426303,80153,23334,56819
17946,1.393068093168394,80153,23334,56819
17947,1.392990471945172,80153,23334,56819
17948,1.3929128593715177,80153,23334,56819
17949,1.3928352554459857,80153,23334,56819
17950,1.392757660167131,80153,23334,56819
17951,1.3926800735335079,80153,23334,56819
17952,1.392602495543672,80153,23334,56819
17953,1.392524926196179,80153,23334,56819
17954,1.3924473654895846,80153,23334,56819
17955,1.392369813422445,80153,23334,56819
17956,1.392292269993317,80153,23334,56819
17957,1.3922147352007574,80073,23334,56739
17958,1.3921372090433233,80073,23334,56739
17959,1.3920596915195724,80073,23334,56739
17960,1.3919821826280623,80073,23334,56739
17961,1.3919046823673515,80073,23334,56739
17962,1.3918271907359983,80073,23334,56739
17963,1.3917497077325613,80073,23334,56739
17964,1.3916722333556002,80073,23334,56739
17965,1.3915947676036737,80073,23334,56739
17966,1.3915173104753422,80073,23334,56739
17967,1.3914398619691657,80073,23334,56739
17968,1.3913624220837044,80073,23334,56739
17969,1.391284990817519,80073,23334,56739
17970,1.391207568169171,80073,23334,56739
17971,1.3911301541372212,80073,23334,56739
17972,1.3910527487202315,80073,23334,56739
17973,1.390975351916764,80073,23334,56739
17974,1.390897963725381,80073,23334,56739
17975,1.3908205841446453,80073,23334,56739
17976,1.3907432131731197,80073,23334,56739
17977,1.3906658508093674,80073,23334,56739
17978,1.3905884970519524,80073,23334,56739
17979,1.3905111518994382,80073,23334,56739
17980,1.3904338153503892,80073,23334,56739
17981,1.3903564874033703,80073,23334,56739
17982,1.3902791680569457,80073,23334,56739
17983,1.3902018573096813,80073,23334,56739
17984,1.3901245551601424,80073,23334,56739
17985,1.3900472616068946,80073,23334,56739
17986,1.3899699766485043,80073,23334,56739
17987,1.3898927002835382,80073,23334,56739
17988,1.3898154325105625,80073,23334,56739
17989,1.389738173328145,80073,23334,56739
17990,1.3896609227348526,80073,23334,56739
17991,1.3895836807292534,80073,23334,56739
17992,1.3895064473099155,80073,23334,56739
17993,1.389429222475407,80073,23334,56739
17994,1.389352006224297,80073,23334,56739
17995,1.3892747985551541,80073,23334,56739
17996,1.3891975994665482,80073,23334,56739
17997,1.3891204089570484,80073,23334,56739
17998,1.389043227025225,80073,23334,56739
17999,1.3889660536696482,80073,23334,56739
18000,1.3888888888888888,80073,23334,56739
18001,1.3888117326815177,80073,23334,56739
18002,1.388734585046106,80073,23334,56739
18003,1.3886574459812253,80073,23334,56739
18004,1.3885803154854477,80073,23334,56739
18005,1.388503193557345,80073,23334,56739
18006,1.3884260801954904,80073,23334,56739
18007,1.3883489753984561,80073,23334,56739
18008,1.3882718791648156,80073,23334,56739
18009,1.3881947914931423,80073,23334,56739
18010,1.38811771238201,80073,23334,56739
18011,1.3880406418299929,80073,23334,56739
18012,1.387963579835665,80073,23334,56739
18013,1.3878865263976017,80073,23334,56739
18014,1.3878094815143778,80073,23334,56739
18015,1.3877324451845685,80073,23334,56739
18016,1.3876554174067495,80073,23334,56739
18017,1.3875783981794971,80073,23334,56739
18018,1.3875013875013875,80073,23334,56739
18019,1.3874243853709973,80073,23334,56739
18020,1.3873473917869035,80073,23334,56739
18021,1.3872704067476833,80073,23334,56739
18022,1.3871934302519142,80073,23334,56739
18023,1.3871164622981746,80073,23334,56739
18024,1.3870395028850422,80073,23334,56739
18025,1.3869625520110958,80073,23334,56739
18026,1.386885609674914,80073,23334,56739
18027,1.3868086758750762,80073,23334,56739
18028,1.386731750610162,80073,23334,56739
18029,1.386654833878751,80073,23334,56739
18030,1.3865779256794233,80073,23334,56739
18031,1.3865010260107593,80073,23334,56739
18032,1.3864241348713398,80073,23334,56739
18033,1.386347252259746,80073,23334,56739
18034,1.3862703781745591,80073,23334,56739
18035,1.386193512614361,80073,23334,56739
18036,1.3861166555777333,80073,23334,56739
18037,1.386039807063259,80073,23334,56739
18038,1.38596296706952,80073,23334,56739
18039,1.3858861355950995,80073,23334,56739
18040,1.3858093126385809,80073,23334,56739
18041,1.3857324981985477,80073,23334,56739
18042,1.3856556922735839,80073,23334,56739
18043,1.3855788948622734,80073,23334,56739
18044,1.3855021059632011,80073,23334,56739
18045,1.3854253255749516,80073,23334,56739
18046,1.3853485536961099,80073,23334,56739
18047,1.3852717903252618,80073,23334,56739
18048,1.385195035460993,80073,23334,56739
18049,1.3851182891018894,80073,23334,56739
18050,1.3850415512465375,80073,23334,56739
18051,1.384964821893524,80073,23334,56739
18052,1.3848881010414358,80073,23334,56739
18053,1.3848113886888607,80073,23334,56739
18054,1.3847346848343858,80073,23334,56739
18055,1.3846579894765993,80073,23334,56739
18056,1.3845813026140894,80073,23334,56739
18057,1.384504624245445,80073,23334,56739
18058,1.3844279543692546,80073,23334,56739
18059,1.3843512929841078,80073,23334,56739
18060,1.3842746400885935,80073,23334,56739
18061,1.3841979956813022,80073,23334,56739
18062,1.3841213597608237,80073,23334,56739
18063,1.3840447323257488,80073,23334,56739
18064,1.3839681133746677,80073,23334,56739
18065,1.3838915029061722,80073,23334,56739
18066,1.3838149009188532,80073,23334,56739
18067,1.3837383074113023,80073,23334,56739
18068,1.383661722382112,80074,23334,56740
18069,1.3835851458298745,80074,23334,56740
18070,1.3835085777531821,80074,23334,56740
18071,1.383432018150628,80074,23334,56740
18072,1.3833554670208057,80074,23334,56740
18073,1.3832789243623085,80074,23334,56740
18074,1.3832023901737303,80074,23334,56740
18075,1.3831258644536653,80074,23334,56740
18076,1.3830493472007082,80074,23334,56740
18077,1.3829728384134536,80074,23334,56740
18078,1.3828963380904968,80074,23334,56740
18079,1.382819846230433,80074,23334,56740
18080,1.3827433628318584,80074,23334,56740
18081,1.3826668878933688,80074,23334,56740
18082,1.3825904214135605,80074,23334,56740
18083,1.3825139633910302,80074,23334,56740
18084,1.3824375138243752,80074,23334,56740
18085,1.3823610727121924,80074,23334,56740
18086,1.3822846400530797,80074,23334,56740
18087,1.382208215845635,80074,23334,56740
18088,1.3821318000884564,80074,23334,56740
18089,1.3820553927801427,80074,23334,56740
18090,1.3819789939192924,80074,23334,56740
18091,1.381902603504505,80074,23334,56740
18092,1.3818262215343797,80074,23334,56740
18093,1.3817498480075168,80074,23334,56740
18094,1.3816734829225157,80074,23334,56740
18095,1.3815971262779774,80074,23334,56740
18096,1.3815207780725023,80074,23334,56740
18097,1.3814444383046913,80074,23334,56740
18098,1.3813681069731463,80074,23334,56740
18099,1.3812917840764682,80074,23334,56740
18100,1.3812154696132597,80074,23334,56740
18101,1.3811391635821226,80074,23334,56740
18102,1.3810628659816595,80074,23334,56740
18103,1.3809865768104734,80074,23334,56740
18104,1.3809102960671675,80074,23334,56740
18105,1.3808340237503451,80074,23334,56740
18106,1.3807577598586105,80074,23334,56740
18107,1.3806815043905671,80074,23334,56740
18108,1.38060525734482,80074,23334,56740
18109,1.3805290187199735,80074,23334,56740
18110,1.3804527885146327,80074,23334,56740
18111,1.3803765667274033,80074,23334,56740
18112,1.3803003533568905,80074,23334,56740
18113,1.3802241484017004,80074,23334,56740
18114,1.3801479518604394,80074,23334,56740
18115,1.3800717637317141,80074,23334,56740
18116,1.3799955840141311,80074,23334,56740
18117,1.379919412706298,80074,23334,56740
18118,1.379843249806822,80074,23334,56740
18119,1.3797670953143109,80074,23334,56740
18120,1.379690949227373,80074,23334,56740
18121,1.3796148115446167,80074,23334,56740
18122,1.3795386822646507,80074,23334,56740
18123,1.379462561386084,80074,23334,56740
18124,1.379386448907526,80074,23334,56740
18125,1.3793103448275863,80074,23334,56740
18126,1.3792342491448748,80074,23334,56740
18127,1.3791581618580018,80074,23334,56740
18128,1.379082082965578,80074,23334,56740
18129,1.3790060124662145,80070,23334,56736
18130,1.3789299503585217,80070,23334,56736
18131,1.378853896641112,80070,23334,56736
18132,1.3787778513125966,80070,23334,56736
18133,1.3787018143715877,80070,23334,56736
18134,1.378625785816698,80070,23334,56736
18135,1.3785497656465397,80070,23334,56736
18136,1.3784737538597265,80070,23334,56736
18137,1.3783977504548712,80070,23334,56736
18138,1.3783217554305878,80070,23334,56736
18139,1.3782457687854899,80070,23334,56736
18140,1.3781697905181918,80070,23334,56736
18141,1.3780938206273083,80070,23334,56736
18142,1.378017859111454,80053,23270,56783
18143,1.3779419059692444,80053,23270,56783
18144,1.3778659611992945,80053,23270,56783
18145,1.3777900248002204,80053,23270,56783
18146,1.377714096770638,80053,23270,56783
18147,1.3776381771091641,80053,23270,56783
18148,1.3775622658144149,80053,23270,56783
18149,1.3774863628850074,80053,23270,56783
18150,1.3774104683195592,80053,23270,56783
18151,1.3773345821166878,80053,23270,56783
18152,1.377258704275011,80053,23270,56783
18153,1.3771828347931472,80053,23270,56783
18154,1.3771069736697146,80053,23270,56783
18155,1.3770311209033324,80053,23270,56783
18156,1.3769552764926196,80053,23270,56783
18157,1.3768794404361955,80053,23270,56783
18158,1.3768036127326797,80053,23270,56783
18159,1.3767277933806927,80053,23270,56783
18160,1.3766519823788546,80053,23270,56783
18161,1.376576179725786,80053,23270,56783
18162,1.3765003854201079,80053,23270,56783
18163,1.3764245994604416,80053,23270,56783
18164,1.3763488218454085,80053,23270,56783
18165,1.3762730525736306,80053,23270,56783
18166,1.37619729164373,80053,23270,56783
18167,1.3761215390543293,80053,23270,56783
18168,1.376045794804051,80053,23270,56783
18169,1.3759700588915185,80053,23270,56783
18170,1.3758943313153549,80053,23270,56783
18171,1.3758186120741842,80053,23270,56783
18172,1.37574290116663,80053,23270,56783
18173,1.3756671985913167,80053,23270,56783
18174,1.3755915043468692,80053,23270,56783
18175,1.375515818431912,80053,23270,56783
18176,1.3754401408450705,80053,23270,56783
18177,1.37536447158497,80053,23270,56783
18178,1.3752888106502366,80053,23270,56783
18179,1.3752131580394962,80053,23270,56783
18180,1.375137513751375,80053,23270,56783
18181,1.3750618777845003,80053,23270,56783
18182,1.3749862501374985,80053,23270,56783
18183,1.3749106308089973,80053,23270,56783
18184,1.3748350197976242,80053,23270,56783
18185,1.3747594171020072,80053,23270,56783
18186,1.3746838227207743,80053,23270,56783
18187,1.374608236652554,80053,23270,56783
18188,1.3745326588959754,80053,23270,56783
18189,1.3744570894496675,80053,23270,56783
18190,1.3743815283122596,80053,23270,56783
18191,1.3743059754823814,80053,23270,56783
18192,1.374230430958663,80053,23270,56783
18193,1.374154894739735,80053,23270,56783
18194,1.3740793668242277,80053,23270,56783
18195,1.3740038472107723,80053,23270,56783
18196,1.3739283358979995,80053,23270,56783
18197,1.3738528328845414,80053,23270,56783
18198,1.3737773381690295,80053,23270,56783
18199,1.373701851750096,80054,23301,56753
18200,1.3736263736263736,80054,23301,56753
18201,1.3735509037964948,80054,23301,56753
18202,1.3734754422590925,80054,23301,56753
18203,1.3733999890128001,80054,23301,56753
18204,1.3733245440562514,80054,23301,56753
18205,1.3732491073880801,80054,23301,56753
18206,1.3731736790069209,80054,23301,56753
18207,1.3730982589114078,80054,23301,56753
18208,1.3730228471001757,80054,23301,56753
18209,1.37294744357186,80054,23301,56753
18210,1.372872048325096,80048,23301,56747
18211,1.3727966613585196,80048,23301,56747
18212,1.3727212826707664,80048,23301,56747
18213,1.3726459122604733,80048,23301,56747
18214,1.3725705501262766,80048,23301,56747
18215,1.372495196266813,80048,23301,56747
18216,1.3724198506807201,80048,23301,56747
18217,1.3723445133666357,80048,23301,56747
18218,1.3722691843231969,80048,23301,56747
18219,1.3721938635490423,80048,23301,56747
18220,1.37211855104281,80048,23301,56747
18221,1.3720432468031392,80048,23301,56747
18222,1.3719679508286686,80048,23301,56747
18223,1.3718926631180377,80048,23301,56747
18224,1.371817383669886,80048,23301,56747
18225,1.3717421124828533,80048,23301,56747
18226,1.37166684955558,80048,23301,56747
18227,1.3715915948867066,80048,23301,56747
18228,1.3715163484748738,80048,23301,56747
18229,1.371441110318723,80048,23301,56747
18230,1.3713658804168953,80046,23301,56745
18231,1.3712906587680325,80046,23301,56745
18232,1.3712154453707766,80046,23301,56745
18233,1.37114024022377,80046,23301,56745
18234,1.3710650433256553,80046,23301,56745
18235,1.3709898546750754,80046,23301,56745
18236,1.3709146742706735,80046,23301,56745
18237,1.3708395021110928,80046,23301,56745
18238,1.3707643381949774,80046,23301,56745
18239,1.3706891825209715,80046,23301,56745
18240,1.3706140350877194,80046,23301,56745
18241,1.3705388958938656,80046,23301,56745
18242,1.370463764938055,80046,23301,56745
18243,1.3703886422189333,80046,23301,56745
18244,1.3703135277351457,80046,23301,56745
18245,1.3702384214853385,80046,23301,56745
18246,1.3701633234681574,80046,23301,56745
18247,1.370088233682249,80046,23301,56745
18248,1.3700131521262604,80046,23301,56745
18249,1.3699380787988382,80046,23301,56745
18250,1.36986301369863,80046,23301,56745
18251,1.3697879568242837,80046,23301,56745
18252,1.3697129081744466,80046,23301,56745
18253,1.3696378677477674,80046,23301,56745
18254,1.3695628355428948,80046,23301,56745
18255,1.3694878115584772,80046,23301,56745
18256,1.3694127957931639,80046,23301,56745
18257,1.3693377882456044,80046,23301,56745
18258,1.3692627889144484,80046,23301,56745
18259,1.369187797798346,80046,23301,56745
18260,1.3691128148959475,80046,23301,56745
18261,1.3690378402059034,80046,23301,56745
18262,1.3689628737268644,80046,23301,56745
18263,1.3688879154574825,80046,23301,56745
18264,1.3688129653964083,80046,23301,56745
18265,1.368738023542294,80046,23301,56745
18266,1.3686630898937917,80046,23301,56745
18267,1.368588164449554,80046,23301,56745
18268,1.368513247208233,80046,23301,56745
18269,1.3684383381684821,80046,23301,56745
18270,1.3683634373289546,80046,23301,56745
18271,1.368288544688304,80046,23301,56745
18272,1.368213660245184,80046,23301,56745
18273,1.3681387839982488,80046,23301,56745
18274,1.368063915946153,80046,23301,56745
18275,1.3679890560875514,80046,23301,56745
18276,1.3679142044210988,80046,23301,56745
18277,1.3678393609454507,80046,23301,56745
18278,1.3677645256592625,80046,23301,56745
18279,1.3676896985611904,80046,23301,56745
18280,1.3676148796498906,80046,23301,56745
18281,1.3675400689240196,80046,23301,56745
18282,1.367465266382234,80046,23301,56745
18283,1.3673904720231909,80046,23301,56745
18284,1.367315685845548,80046,23301,56745
18285,1.3672409078479628,80046,23301,56745
18286,1.3671661380290934,80046,23301,56745
18287,1.3670913763875978,80046,23301,56745
18288,1.3670166229221348,80046,23301,56745
18289,1.366941877631363,80046,23301,56745
18290,1.366867140513942,80046,23301,56745
18291,1.366792411568531,80046,23301,56745
18292,1.3667176907937897,80046,23301,56745
18293,1.366642978188378,80046,23301,56745
18294,1.3665682737509566,80046,23301,56745
18295,1.3664935774801859,80046,23301,56745
18296,1.3664188893747267,80046,23301,56745
18297,1.3663442094332405,80046,23301,56745
18298,1.3662695376543885,80046,23301,56745
18299,1.3661948740368326,80046,23301,56745
18300,1.366120218579235,80046,23301,56745
18301,1.366045571280258,80046,23301,56745
18302,1.365970932138564,80046,23301,56745
18303,1.3658963011528165,80046,23301,56745
18304,1.3658216783216783,80046,23301,56745
18305,1.3657470636438132,80046,23301,56745
18306,1.3656724571178849,80046,23301,56745
18307,1.3655978587425575,80046,23301,56745
18308,1.3655232685164955,80046,23301,56745
18309,1.3654486864383637,80046,23301,56745
18310,1.3653741125068268,80046,23301,56745
18311,1.3652995467205504,80046,23301,56745
18312,1.3652249890782,80046,23301,56745
18313,1.3651504395784415,80046,23301,56745
18314,1.3650758982199411,80046,23301,56745
18315,1.365001365001365,80046,23301,56745
18316,1.3649268399213803,80046,23301,56745
18317,1.3648523229786538,80046,23301,56745
18318,1.3647778141718527,80046,23301,56745
18319,1.3647033134996451,80046,23301,56745
18320,1.3646288209606987,80046,23301,56745
18321,1.3645543365536816,80046,23301,56745
18322,1.3644798602772623,80046,23301,56745
18323,1.3644053921301098,80046,23301,56745
18324,1.3643309321108927,80046,23301,56745
18325,1.364256480218281,80046,23301,56745
18326,1.364182036450944,80046,23301,56745
18327,1.3641076008075517,80046,23301,56745
18328,1.3640331732867743,80046,23301,56745
18329,1.3639587538872824,80046,23301,56745
18330,1.363884342607747,80046,23301,56745
18331,1.3638099394468386,80046,23301,56745
18332,1.3637355444032293,80046,23301,56745
18333,1.3636611574755904,80046,23301,56745
18334,1.3635867786625941,80046,23301,56745
18335,1.3635124079629124,80046,23301,56745
18336,1.3634380453752182,80046,23301,56745
18337,1.363363690898184,80046,23301,56745
18338,1.3632893445304832,80046,23301,56745
18339,1.363215006270789,80046,23301,56745
18340,1.3631406761177753,80046,23301,56745
18341,1.3630663540701162,80046,23301,56745
18342,1.3629920401264857,80046,23301,56745
18343,1.3629177342855585,80046,23301,56745
18344,1.3628434365460096,80046,23301,56745
18345,1.362769146906514,80046,23301,56745
18346,1.3626948653657474,80046,23301,56745
18347,1.362620591922385,80046,23301,56745
18348,1.3625463265751037,80046,23301,56745
18349,1.362472069322579,80046,23301,56745
18350,1.3623978201634876,80046,23301,56745
18351,1.362323579096507,80046,23301,56745
18352,1.3622493461203138,80046,23301,56745
18353,1.3621751212335858,80046,23301,56745
18354,1.3621009044350005,80046,23301,56745
18355,1.362026695723236,80046,23301,56745
18356,1.361952495096971,80046,23301,56745
18357,1.3618783025548837,80046,23301,56745
18358,1.361804118095653,80046,23301,56745
18359,1.3617299417179585,80046,23301,56745
18360,1.3616557734204793,80046,23301,56745
18361,1.3615816132018954,80046,23301,56745
18362,1.3615074610608866,80046,23301,56745
18363,1.3614333169961335,80046,23301,56745
18364,1.3613591810063168,80046,23301,56745
18365,1.361285053090117,80046,23301,56745
18366,1.361210933246216,80046,23301,56745
18367,1.3611368214732944,80046,23301,56745
18368,1.3610627177700347,80046,23301,56745
18369,1.3609886221351188,80046,23301,56745
18370,1.360914534567229,80046,23301,56745
18371,1.3608404550650481,80046,23301,56745
18372,1.3607663836272588,80046,23301,56745
18373,1.3606923202525445,80046,23301,56745
18374,1.3606182649395886,80046,23301,56745
18375,1.3605442176870748,80046,23301,56745
18376,1.3604701784936875,80046,23301,56745
18377,1.3603961473581108,80046,23301,56745
18378,1.3603221242790293,80046,23301,56745
18379,1.3602481092551282,80046,23301,56745
18380,1.3601741022850924,80046,23301,56745
18381,1.360100103367608,80046,23301,56745
18382,1.36002611250136,80046,23301,56745
18383,1.359952129685035,80046,23301,56745
18384,1.3598781549173193,80046,23301,56745
18385,1.3598041881968996,80046,23301,56745
18386,1.3597302295224627,80046,23301,56745
18387,1.359656278892696,80046,23301,56745
18388,1.3595823363062867,80046,23301,56745
18389,1.3595084017619228,80046,23301,56745
18390,1.3594344752582925,80046,23301,56745
18391,1.359360556794084,80046,23301,56745
18392,1.359286646367986,80046,23301,56745
18393,1.3592127439786876,80046,23301,56745
18394,1.3591388496248777,80046,23301,56745
18395,1.359064963305246,80046,23301,56745
18396,1.3589910850184823,80046,23301,56745
18397,1.3589172147632766,80046,23301,56745
18398,1.3588433525383194,80046,23301,56745
18399,1.3587694983423013,80046,23301,56745
18400,1.358695652173913,80046,23301,56745
18401,1.358621814031846,80046,23301,56745
18402,1.3585479839147918,80046,23301,56745
18403,1.3584741618214422,80046,23301,56745
18404,1.3584003477504891,80046,23301,56745
18405,1.3583265417006247,80046,23301,56745
18406,1.3582527436705423,80046,23301,56745
18407,1.3581789536589342,80046,23301,56745
18408,1.3581051716644936,80046,23301,56745
18409,1.3580313976859144,80046,23301,56745
18410,1.3579576317218902,80046,23301,56745
18411,1.3578838737711152,80046,23301,56745
18412,1.3578101238322833,80046,23301,56745
18413,1.3577363819040895,80046,23301,56745
18414,1.3576626479852287,80046,23301,56745
18415,1.357588922074396,80046,23301,56745
18416,1.3575152041702867,80046,23301,56745
18417,1.3574414942715969,80046,23301,56745
18418,1.3573677923770224,80046,23301,56745
18419,1.3572940984852597,80046,23301,56745
18420,1.3572204125950054,80046,23301,56745
18421,1.3571467347049564,80046,23301,56745
18422,1.3570730648138096,80046,23301,56745
18423,1.3569994029202628,80046,23301,56745
18424,1.3569257490230135,80046,23301,56745
18425,1.3568521031207599,80046,23301,56745
18426,1.3567784652122001,80046,23301,56745
18427,1.356704835296033,80046,23301,56745
18428,1.3566312133709573,80046,23301,56745
18429,1.356557599435672,80046,23301,56745
18430,1.3564839934888768,80046,23301,56745
18431,1.3564103955292712,80046,23301,56745
18432,1.3563368055555556,80046,23301,56745
18433,1.3562632235664298,80046,23301,56745
18434,1.3561896495605945,80046,23301,56745
18435,1.3561160835367507,80046,23301,56745
18436,1.3560425254935995,80046,23301,56745
18437,1.355968975429842,80046,23301,56745
18438,1.3558954333441804,80046,23301,56745
18439,1.3558218992353164,80046,23301,56745
18440,1.3557483731019522,80046,23301,56745
18441,1.3556748549427906,80046,23301,56745
18442,1.355601344756534,80046,23301,56745
18443,1.3555278425418857,80046,23301,56745
18444,1.3554543482975494,80046,23301,56745
18445,1.3553808620222283,80046,23301,56745
18446,1.3553073837146266,80046,23301,56745
18447,1.3552339133734483,80046,23301,56745
18448,1.355160450997398,80046,23301,56745
18449,1.3550869965851808,80046,23301,56745
18450,1.3550135501355014,80046,23301,56745
18451,1.3549401116470652,80046,23301,56745
18452,1.3548666811185779,80046,23301,56745
18453,1.3547932585487454,80046,23301,56745
18454,1.354719843936274,80046,23301,56745
18455,1.3546464372798699,80046,23301,56745
18456,1.3545730385782402,80046,23301,56745
18457,1.3544996478300915,80046,23301,56745
18458,1.3544262650341314,80046,23301,56745
18459,1.3543528901890676,80046,23301,56745
18460,1.3542795232936078,80046,23301,56745
18461,1.35420616434646,80046,23301,56745
18462,1.354132813346333,80046,23301,56745
18463,1.3540594702919353,80046,23301,56745
18464,1.3539861351819757,80046,23301,56745
18465,1.353912808015164,80046,23301,56745
18466,1.353839488790209,80046,23301,56745
18467,1.3537661775058212,80046,23301,56745
18468,1.3536928741607104,80046,23301,56745
18469,1.3536195787535872,80017,23301,56716
18470,1.353546291283162,80017,23301,56716
18471,1.3534730117481457,80017,23301,56716
18472,1.35339974014725,80017,23301,56716
18473,1.353326476479186,80017,23301,56716
18474,1.3532532207426653,80017,23301,56716
18475,1.3531799729364005,80017,23301,56716
18476,1.3531067330591038,80017,23301,56716
18477,1.3530335011094874,80017,23301,56716
18478,1.3529602770862648,80017,23301,56716
18479,1.3528870609881487,80017,23301,56716
18480,1.352813852813853,80017,23301,56716
18481,1.3527406525620909,80017,23301,56716
18482,1.3526674602315767,80017,23301,56716
18483,1.3525942758210248,80017,23301,56716
18484,1.3525210993291494,80017,23301,56716
18485,1.352447930754666,80017,23301,56716
18486,1.3523747700962891,80017,23301,56716
18487,1.3523016173527345,80017,23301,56716
18488,1.3522284725227174,80017,23301,56716
18489,1.3521553356049543,80017,23301,56716
18490,1.3520822065981613,80017,23301,56716
18491,1.3520090855010545,80017,23301,56716
18492,1.3519359723123512,80017,23301,56716
18493,1.3518628670307684,80017,23301,56716
18494,1.3517897696550232,80017,23301,56716
18495,1.3517166801838334,80017,23301,56716
18496,1.351643598615917,80017,23301,56716
18497,1.3515705249499919,80017,23301,56716
18498,1.3514974591847768,80017,23301,56716
18499,1.3514244013189902,80017,23301,56716
18500,1.3513513513513513,80017,23301,56716
18501,1.3512783092805793,80017,23301,56716
18502,1.351205275105394,80017,23301,56716
18503,1.351132248824515,80017,23301,56716
18504,1.3510592304366624,80017,23301,56716
18505,1.3509862199405567,80017,23301,56716
18506,1.3509132173349183,80017,23301,56716
18507,1.3508402226184686,80017,23301,56716
18508,1.3507672357899287,80017,23301,56716
18509,1.3506942568480198,80017,23301,56716
18510,1.3506212857914641,80017,23301,56716
18511,1.3505483226189834,80017,23301,56716
18512,1.3504753673293,80017,23301,56716
18513,1.3504024199211364,80017,23301,56716
18514,1.350329480393216,80017,23301,56716
18515,1.3502565487442615,80017,23301,56716
18516,1.3501836249729964,80016,23270,56746
18517,1.3501107090781443,80016,23270,56746
18518,1.3500378010584297,80016,23270,56746
18519,1.3499649009125763,80016,23270,56746
18520,1.349892008639309,80016,23270,56746
18521,1.3498191242373523,80016,23270,56746
18522,1.3497462477054314,80016,23270,56746
18523,1.3496733790422717,80016,23270,56746
18524,1.349600518246599,80016,23270,56746
18525,1.349527665317139,80016,23270,56746
18526,1.349454820252618,80016,23270,56746
18527,1.3493819830517624,80017,23301,56716
18528,1.3493091537132988,80017,23301,56716
18529,1.3492363322359544,80017,23301,56716
18530,1.3491635186184565,80016,23270,56746
18531,1.3490907128595326,80016,23270,56746
18532,1.3490179149579107,80016,23270,56746
18533,1.3489451249123185,80016,23270,56746
18534,1.3488723427214848,80016,23270,56746
18535,1.348799568384138,80016,23270,56746
18536,1.3487268018990073,80016,23270,56746
18537,1.3486540432648217,80016,23270,56746
18538,1.3485812924803107,80016,23270,56746
18539,1.3485085495442042,80016,23270,56746
18540,1.348435814455232,80016,23270,56746
18541,1.3483630872121244,80016,23270,56746
18542,1.3482903678136124,80016,23270,56746
18543,1.3482176562584263,80016,23270,56746
18544,1.3481449525452978,80016,23270,56746
18545,1.3480722566729577,80016,23270,56746
18546,1.347999568640138,80016,23270,56746
18547,1.3479268884455706,80016,23270,56746
18548,1.3478542160879878,80016,23270,56746
18549,1.3477815515661222,80016,23270,56746
18550,1.3477088948787062,80016,23270,56746
18551,1.347636246024473,80016,23270,56746
18552,1.347563605002156,80016,23270,56746
18553,1.3474909718104888,80016,23270,56746
18554,1.3474183464482052,80016,23270,56746
18555,1.3473457289140394,80016,23270,56746
18556,1.3472731192067255,80016,23270,56746
18557,1.3472005173249986,80016,23270,56746
18558,1.3471279232675935,80016,23270,56746
18559,1.3470553370332454,80016,23270,56746
18560,1.3469827586206897,80016,23270,56746
18561,1.3469101880286622,80016,23270,56746
18562,1.3468376252558991,80016,23270,56746
18563,1.3467650703011367,80016,23270,56746
18564,1.3466925231631115,80016,23270,56746
18565,1.3466199838405601,80016,23270,56746
18566,1.3465474523322203,80016,23270,56746
18567,1.3464749286368287,80016,23270,56746
18568,1.3464024127531236,80016,23270,56746
18569,1.3463299046798427,80016,23270,56746
18570,1.3462574044157243,80016,23270,56746
18571,1.3461849119595068,80016,23270,56746
18572,1.346112427309929,80016,23270,56746
18573,1.3460399504657299,80016,23270,56746
18574,1.3459674814256488,80016,23270,56746
18575,1.3458950201884252,80016,23270,56746
18576,1.3458225667527992,80016,23270,56746
18577,1.345750121117511,80016,23270,56746
18578,1.3456776832813004,80016,23270,56746
18579,1.3456052532429086,80016,23270,56746
18580,1.3455328310010763,80016,23270,56746
18581,1.345460416554545,80016,23270,56746
18582,1.3453880099020556,80016,23270,56746
18583,1.3453156110423505,80016,23270,56746
18584,1.3452432199741713,80016,23270,56746
18585,1.3451708366962605,80016,23270,56746
18586,1.3450984612073604,80016,23270,56746
18587,1.345026093506214,80016,23270,56746
18588,1.3449537335915644,80016,23270,56746
18589,1.344881381462155,80016,23270,56746
18590,1.3448090371167294,80016,23270,56746
18591,1.3447367005540316,80016,23270,56746
18592,1.3446643717728055,80016,23270,56746
18593,1.3445920507717959,80016,23270,56746
18594,1.3445197375497473,80016,23270,56746
18595,1.3444474321054047,80016,23270,56746
18596,1.3443751344375134,80016,23270,56746
18597,1.344302844544819,80016,23270,56746
18598,1.3442305624260673,80016,23270,56746
18599,1.3441582880800043,80016,23270,56746
18600,1.3440860215053763,80016,23270,56746
18601,1.34401376270093,80016,23270,56746
18602,1.3439415116654123,80016,23270,56746
18603,1.3438692683975704,80016,23270,56746
18604,1.3437970328961513,80016,23270,56746
18605,1.3437248051599033,80016,23270,56746
18606,1.3436525851875738,80016,23270,56746
18607,1.3435803729779114,80016,23270,56746
18608,1.3435081685296646,80016,23270,56746
18609,1.343435971841582,80016,23270,56746
18610,1.3433637829124128,80016,23270,56746
18611,1.343291601740906,80016,23270,56746
18612,1.3432194283258112,80016,23270,56746
18613,1.3431472626658787,80016,23270,56746
18614,1.3430751047598581,80016,23270,56746
18615,1.3430029546065,80016,23270,56746
18616,1.3429308122045551,80016,23270,56746
18617,1.3428586775527744,80016,23270,56746
18618,1.3427865506499086,80016,23270,56746
18619,1.3427144314947097,80016,23270,56746
18620,1.3426423200859292,80016,23270,56746
18621,1.342570216422319,80016,23270,56746
18622,1.3424981205026314,80016,23270,56746
18623,1.342426032325619,80016,23270,56746
18624,1.3423539518900343,80016,23270,56746
18625,1.342281879194631,80016,23270,56746
18626,1.3422098142381618,80016,23270,56746
18627,1.3421377570193804,80016,23270,56746
18628,1.342065707537041,80016,23270,56746
18629,1.3419936657898974,80016,23270,56746
18630,1.3419216317767042,80016,23270,56746
18631,1.341849605496216,80016,23270,56746
18632,1.3417775869471877,80016,23270,56746
18633,1.3417055761283745,80016,23270,56746
18634,1.3416335730385318,80016,23270,56746
18635,1.3415615776764154,80016,23270,56746
18636,1.3414895900407813,80016,23270,56746
18637,1.3414176101303859,80002,23286,56716
18638,1.3413456379439854,80002,23286,56716
18639,1.341273673480337,80002,23286,56716
18640,1.3412017167381973,80002,23286,56716
18641,1.3411297677163243,80002,23286,56716
18642,1.341057826413475,80002,23286,56716
18643,1.3409858928284075,80002,23286,56716
18644,1.3409139669598797,80002,23286,56716
18645,1.3408420488066506,80002,23286,56716
18646,1.3407701383674784,80002,23286,56716
18647,1.340698235641122,80002,23286,56716
18648,1.3406263406263406,80002,23286,56716
18649,1.340554453321894,80002,23286,56716
18650,1.3404825737265416,80002,23286,56716
18651,1.3404107018390434,80002,23286,56716
18652,1.34033883765816,79992,23286,56706
18653,1.3402669811826515,79992,23286,56706
18654,1.340195132411279,79992,23286,56706
18655,1.3401232913428036,79992,23286,56706
18656,1.3400514579759863,79992,23286,56706
18657,1.339979632309589,79989,23286,56703
18658,1.3399078143423733,79989,23286,56703
18659,1.3398360040731014,79989,23286,56703
18660,1.339764201500536,79989,23286,56703
18661,1.3396924066234392,79989,23286,56703
18662,1.3396206194405744,79989,23286,56703
18663,1.3395488399507045,79989,23286,56703
18664,1.3394770681525932,79989,23286,56703
18665,1.339405304045004,79989,23286,56703
18666,1.339333547626701,79989,23286,56703
18667,1.3392617988964484,79989,23286,56703
18668,1.3391900578530105,79989,23286,56703
18669,1.3391183244951523,79989,23286,56703
18670,1.339046598821639,79989,23286,56703
18671,1.3389748808312356,79975,23286,56689
18672,1.338903170522708,79975,23286,56689
18673,1.3388314678948214,79975,23286,56689
18674,1.3387597729463425,79975,23286,56689
18675,1.3386880856760375,79975,23286,56689
18676,1.3386164060826728,79975,23286,56689
18677,1.3385447341650158,79975,23286,56689
18678,1.3384730699218332,79975,23286,56689
18679,1.3384014133518924,79975,23286,56689
18680,1.3383297644539613,79975,23286,56689
18681,1.338258123226808,79975,23286,56689
18682,1.3381864896692004,79975,23286,56689
18683,1.338114863779907,79975,23286,56689
18684,1.3380432455576965,79975,23286,56689
18685,1.337971635001338,79975,23286,56689
18686,1.3379000321096008,79975,23286,56689
18687,1.3378284368812543,79975,23286,56689
18688,1.3377568493150684,79975,23286,56689
18689,1.3376852694098134,79975,23286,56689
18690,1.337613697164259,79975,23286,56689
18691,1.3375421325771761,79975,23286,56689
18692,1.3374705756473357,79975,23286,56689
18693,1.3373990263735087,79975,23286,56689
18694,1.3373274847544667,79975,23286,56689
18695,1.337255950788981,79975,23286,56689
18696,1.3371844244758238,79975,23286,56689
18697,1.337112905813767,79975,23286,56689
18698,1.3370413948015831,79975,23286,56689
18699,1.3369698914380448,79975,23286,56689
18700,1.3368983957219251,79975,23286,56689
18701,1.3368269076519972,79975,23286,56689
18702,1.3367554272270346,79975,23286,56689
18703,1.336683954445811,79975,23286,56689
18704,1.3366124893071,79975,23286,56689
18705,1.3365410318096766,79975,23286,56689
18706,1.3364695819523147,79975,23286,56689
18707,1.3363981397337894,79975,23286,56689
18708,1.3363267051528758,79975,23286,56689
18709,1.336255278208349,79975,23286,56689
18710,1.3361838588989845,79975,23286,56689
18711,1.3361124472235584,79975,23286,56689
18712,1.3360410431808465,79975,23286,56689
18713,1.3359696467696254,79975,23286,56689
18714,1.3358982579886716,79975,23286,56689
18715,1.335826876836762,79975,23286,56689
18716,1.3357555033126736,79975,23286,56689
18717,1.335684137415184,79975,23286,56689
18718,1.3356127791430707,79975,23286,56689
18719,1.335541428495112,79975,23286,56689
18720,1.3354700854700854,79975,23286,56689
18721,1.33539875006677,79975,23286,56689
18722,1.335327422283944,79975,23286,56689
18723,1.3352561021203866,79975,23286,56689
18724,1.3351847895748772,79975,23286,56689
18725,1.335113484646195,79975,23286,56689
18726,1.3350421873331197,79975,23286,56689
18727,1.3349708976344317,79975,23286,56689
18728,1.3348996155489108,79975,23286,56689
18729,1.3348283410753377,79975,23286,56689
18730,1.3347570742124932,79975,23286,56689
18731,1.3346858149591587,79975,23286,56689
18732,1.3346145633141149,79975,23286,56689
18733,1.3345433192761438,79975,23286,56689
18734,1.3344720828440269,79975,23286,56689
18735,1.3344008540165466,79975,23286,56689
18736,1.334329632792485,79975,23286,56689
18737,1.334258419170625,79975,23286,56689
18738,1.3341872131497492,79975,23286,56689
18739,1.3341160147286408,79975,23286,56689
18740,1.3340448239060831,79975,23286,56689
18741,1.3339736406808602,79975,23286,56689
18742,1.3339024650517555,79975,23286,56689
18743,1.3338312970175532,79975,23286,56689
18744,1.333760136577038,79975,23286,56689
18745,1.3336889837289945,79975,23286,56689
18746,1.3336178384722075,79975,23286,56689
18747,1.3335467008054622,79975,23286,56689
18748,1.3334755707275443,79965,23286,56679
18749,1.3334044482372394,79965,23286,56679
18750,1.3333333333333333,79965,23286,56679
18751,1.3332622260146125,79965,23286,56679
18752,1.3331911262798635,79965,23286,56679
18753,1.3331200341278728,79965,23286,56679
18754,1.3330489495574278,79965,23286,56679
18755,1.3329778725673154,79965,23286,56679
18756,1.3329068031563234,79965,23286,56679
18757,1.3328357413232392,79965,23286,56679
18758,1.3327646870668515,79965,23286,56679
18759,1.3326936403859482,79965,23286,56679
18760,1.3326226012793176,79965,23286,56679
18761,1.332551569745749,79965,23286,56679
18762,1.3324805457840316,79965,23286,56679
18763,1.3324095293929543,79965,23286,56679
18764,1.3323385205713068,79965,23286,56679
18765,1.332267519317879,79965,23286,56679
18766,1.3321965256314612,79965,23286,56679
18767,1.3321255395108436,79965,23286,56679
18768,1.3320545609548167,79965,23286,56679
18769,1.3319835899621717,79965,23286,56679
18770,1.3319126265316996,79965,23286,56679
18771,1.3318416706621916,79965,23286,56679
18772,1.3317707223524398,79965,23286,56679
18773,1.331699781601236,79965,23286,56679
18774,1.331628848407372,79965,23286,56679
18775,1.3315579227696406,79965,23286,56679
18776,1.3314870046868343,79965,23286,56679
18777,1.3314160941577462,79965,23286,56679
18778,1.3313451911811696,79965,23286,56679
18779,1.3312742957558976,79965,23286,56679
18780,1.3312034078807242,79965,23286,56679
18781,1.3311325275544432,79965,23286,56679
18782,1.3310616547758491,79965,23286,56679
18783,1.3309907895437363,79965,23286,56679
18784,1.3309199318568994,79965,23286,56679
18785,1.3308490817141336,79965,23286,56679
18786,1.330778239114234,79965,23286,56679
18787,1.330707404055996,79965,23286,56679
18788,1.330636576538216,79965,23286,56679
18789,1.3305657565596891,79965,23286,56679
18790,1.3304949441192124,79965,23286,56679
18791,1.330424139215582,79965,23286,56679
18792,1.3303533418475948,79965,23286,56679
18793,1.3302825520140478,79965,23286,56679
18794,1.3302117697137383,79965,23286,56679
18795,1.3301409949454641,79965,23286,56679
18796,1.330070227708023,79965,23286,56679
18797,1.3299994680002127,79965,23286,56679
18798,1.329928715820832,79965,23286,56679
18799,1.329857971168679,79965,23286,56679
18800,1.3297872340425532,79965,23286,56679
18801,1.329716504441253,79965,23286,56679
18802,1.3296457823635783,79965,23286,56679
18803,1.3295750678083285,79965,23286,56679
18804,1.3295043607743033,79965,23286,56679
18805,1.329433661260303,79965,23286,56679
18806,1.329362969265128,79964,23319,56645
18807,1.329292284787579,79964,23319,56645
18808,1.329221607826457,79964,23319,56645
18809,1.3291509383805624,79964,23319,56645
18810,1.3290802764486975,79964,23319,56645
18811,1.3290096220296634,79964,23319,56645
18812,1.3289389751222624,79964,23319,56645
18813,1.3288683357252964,79964,23319,56645
18814,1.3287977038375678,79964,23319,56645
18815,1.3287270794578794,79964,23319,56645
18816,1.3286564625850341,79964,23319,56645
18817,1.328585853217835,79964,23319,56645
18818,1.3285152513550855,79964,23319,56645
18819,1.3284446569955897,79964,23319,56645
18820,1.328374070138151,79964,23319,56645
18821,1.3283034907815738,79964,23319,56645
18822,1.3282329189246627,79964,23319,56645
18823,1.3281623545662222,79964,23319,56645
18824,1.3280917977050575,79964,23319,56645
18825,1.3280212483399734,79964,23319,56645
18826,1.3279507064697758,79964,23319,56645
18827,1.3278801720932703,79964,23319,56645
18828,1.3278096452092627,79964,23319,56645
18829,1.3277391258165596,79964,23319,56645
18830,1.327668613913967,79964,23319,56645
18831,1.327598109500292,79964,23319,56645
18832,1.3275276125743416,79964,23319,56645
18833,1.3274571231349228,79964,23319,56645
18834,1.3273866411808433,79964,23319,56645
18835,1.3273161667109106,79964,23319,56645
18836,1.3272456997239328,79964,23319,56645
18837,1.3271752402187185,79964,23319,56645
18838,1.3271047881940758,79964,23319,56645
18839,1.3270343436488137,79964,23319,56645
18840,1.326963906581741,79964,23319,56645
18841,1.3268934769916672,79964,23319,56645
18842,1.3268230548774016,79964,23319,56645
18843,1.326752640237754,79964,23319,56645
18844,1.3266822330715347,79964,23319,56645
18845,1.3266118333775536,79964,23319,56645
18846,1.3265414411546217,79964,23319,56645
18847,1.3264710564015494,79964,23319,56645
18848,1.3264006791171477,79964,23319,56645
18849,1.326330309300228,79964,23319,56645
18850,1.3262599469496021,79964,23319,56645
18851,1.3261895920640814,79964,23319,56645
18852,1.3261192446424783,79964,23319,56645
18853,1.3260489046836048,79964,23319,56645
18854,1.3259785721862736,79964,23319,56645
18855,1.3259082471492973,79964,23319,56645
18856,1.3258379295714893,79964,23319,56645
18857,1.3257676194516625,79964,23319,56645
18858,1.3256973167886308,79964,23319,56645
18859,1.3256270215812078,79964,23319,56645
18860,1.325556733828208,79964,23319,56645
18861,1.325486453528445,79964,23319,56645
18862,1.3254161806807339,79964,23319,56645
18863,1.3253459152838891,79964,23319,56645
18864,1.3252756573367261,79964,23319,56645
18865,1.3252054068380599,79964,23319,56645
18866,1.3251351637867061,79964,23319,56645
18867,1.3250649281814808,79964,23319,56645
18868,1.3249947000212,79964,23319,56645
18869,1.3249244793046797,79964,23319,56645
18870,1.3248542660307365,79964,23319,56645
18871,1.3247840601981877,79964,23319,56645
18872,1.32471386180585,79964,23319,56645
18873,1.3246436708525406,79964,23319,56645
18874,1.3245734873370774,79964,23319,56645
18875,1.3245033112582782,79964,23319,56645
18876,1.3244331426149607,79964,23319,56645
18877,1.3243629814059437,79964,23319,56645
18878,1.3242928276300456,79964,23319,56645
18879,1.3242226812860851,79964,23319,56645
18880,1.3241525423728813,79964,23319,56645
18881,1.3240824108892537,79964,23319,56645
18882,1.3240122868340218,79964,23319,56645
18883,1.3239421702060055,79964,23319,56645
18884,1.3238720610040247,79964,23319,56645
18885,1.3238019592268997,79964,23319,56645
18886,1.3237318648734513,79964,23319,56645
18887,1.3236617779425002,79964,23319,56645
18888,1.3235916984328675,79964,23319,56645
18889,1.3235216263433744,79964,23319,56645
18890,1.3234515616728428,79964,23319,56645
18891,1.3233815044200943,79964,23319,56645
18892,1.3233114545839508,79964,23319,56645
18893,1.323241412163235,79964,23319,56645
18894,1.3231713771567692,79964,23319,56645
18895,1.3231013495633765,79964,23319,56645
18896,1.3230313293818798,79964,23319,56645
18897,1.3229613166111023,79964,23319,56645
18898,1.3228913112498677,79964,23319,56645
18899,1.322821313297,79964,23319,56645
18900,1.3227513227513228,79964,23319,56645
18901,1.3226813396116608,79964,23319,56645
18902,1.3226113638768384,79964,23319,56645
18903,1.3225413955456806,79964,23319,56645
18904,1.3224714346170123,79964,23319,56645
18905,1.3224014810896587,79964,23319,56645
18906,1.3223315349624458,79964,23319,56645
18907,1.322261596234199,79964,23319,56645
18908,1.3221916649037444,79964,23319,56645
18909,1.3221217409699084,79964,23319,56645
18910,1.3220518244315178,79964,23319,56645
18911,1.3219819152873988,79964,23319,56645
18912,1.321912013536379,79964,23319,56645
18913,1.3218421191772856,79964,23319,56645
18914,1.3217722322089458,79964,23319,56645
18915,1.3217023526301876,79964,23319,56645
18916,1.3216324804398394,79964,23319,56645
18917,1.3215626156367288,79964,23319,56645
18918,1.321492758219685,79964,23319,56645
18919,1.3214229081875364,79964,23319,56645
18920,1.3213530655391121,79964,23319,56645
18921,1.3212832302732413,79964,23319,56645
18922,1.3212134023887538,79964,23319,56645
18923,1.3211435818844792,79964,23319,56645
18924,1.3210737687592475,79964,23319,56645
18925,1.321003963011889,79964,23319,56645
18926,1.3209341646412343,79964,23319,56645
18927,1.320864373646114,79964,23319,56645
18928,1.3207945900253593,79964,23319,56645
18929,1.3207248137778012,79964,23319,56645
18930,1.3206550449022716,79964,23319,56645
18931,1.3205852833976017,79964,23319,56645
18932,1.320515529262624,79964,23319,56645
18933,1.3204457824961706,79964,23319,56645
18934,1.3203760430970741,79964,23319,56645
18935,1.3203063110641668,79964,23319,56645
18936,1.3202365863962822,79964,23319,56645
18937,1.3201668690922532,79964,23319,56645
18938,1.3200971591509134,79964,23319,56645
18939,1.3200274565710968,79964,23319,56645
18940,1.3199577613516367,79964,23319,56645
18941,1.3198880734913678,79964,23319,56645
18942,1.3198183929891247,79964,23319,56645
18943,1.3197487198437416,79964,23319,56645
18944,1.319679054054054,79964,23319,56645
18945,1.3196093956188968,79964,23319,56645
18946,1.3195397445371055,79964,23319,56645
18947,1.3194701008075158,79964,23319,56645
18948,1.3194004644289634,79964,23319,56645
18949,1.319330835400285,79964,23319,56645
18950,1.3192612137203166,79964,23319,56645
18951,1.319191599387895,79964,23319,56645
18952,1.3191219924018573,79964,23319,56645
18953,1.3190523927610405,79964,23319,56645
18954,1.3189828004642818,79964,23319,56645
18955,1.3189132155104195,79964,23319,56645
18956,1.3188436378982908,79964,23319,56645
18957,1.318774067626734,79964,23319,56645
18958,1.318704504694588,79964,23319,56645
18959,1.318634949100691,79964,23319,56645
18960,1.3185654008438819,79964,23319,56645
18961,1.318495859923,79964,23319,56645
18962,1.3184263263368843,79964,23319,56645
18963,1.3183568000843748,79964,23319,56645
18964,1.3182872811643114,79964,23319,56645
18965,1.318217769575534,79964,23319,56645
18966,1.3181482653168828,79964,23319,56645
18967,1.3180787683871988,79964,23319,56645
18968,1.3180092787853226,79964,23319,56645
18969,1.3179397965100954,79964,23319,56645
18970,1.3178703215603584,79964,23319,56645
18971,1.3178008539349533,79964,23319,56645
18972,1.317731393632722,79964,23319,56645
18973,1.3176619406525063,79964,23319,56645
18974,1.3175924949931486,79964,23319,56645
18975,1.3175230566534915,79964,23319,56645
18976,1.3174536256323777,79964,23319,56645
18977,1.3173842019286506,79964,23319,56645
18978,1.3173147855411529,79964,23319,56645
18979,1.3172453764687286,79964,23319,56645
18980,1.3171759747102212,79964,23319,56645
18981,1.317106580264475,79964,23319,56645
18982,1.317037193130334,79964,23319,56645
18983,1.3169678133066427,79964,23319,56645
18984,1.3168984407922462,79964,23319,56645
18985,1.3168290755859888,79964,23319,56645
18986,1.3167597176867165,79964,23319,56645
18987,1.3166903670932744,79964,23319,56645
18988,1.3166210238045082,79964,23319,56645
18989,1.3165516878192638,79964,23319,56645
18990,1.3164823591363877,79964,23319,56645
18991,1.3164130377547258,79964,23319,56645
18992,1.3163437236731255,79964,23319,56645
18993,1.3162744168904332,79964,23319,56645
18994,1.3162051174054965,79964,23319,56645
18995,1.3161358252171624,79964,23319,56645
18996,1.3160665403242788,79964,23319,56645
18997,1.3159972627256935,79964,23319,56645
18998,1.3159279924202547,79964,23319,56645
18999,1.315858729406811,79964,23319,56645
19000,1.3157894736842106,79964,23319,56645
19001,1.3157202252513025,79964,23319,56645
19002,1.3156509841069361,79964,23319,56645
19003,1.3155817502499605,79964,23319,56645
19004,1.3155125236792253,79964,23319,56645
19005,1.3154433043935807,79964,23319,56645
19006,1.3153740923918762,79958,23319,56639
19007,1.3153048876729625,79958,23319,56639
19008,1.3152356902356903,79958,23319,56639
19009,1.31516650007891,79958,23319,56639
19010,1.3150973172014728,79958,23319,56639
19011,1.3150281416022302,79958,23319,56639
19012,1.3149589732800337,79947,23319,56628
19013,1.314889812233735,79947,23319,56628
19014,1.3148206584621858,79947,23319,56628
19015,1.3147515119642388,79947,23319,56628
19016,1.3146823727387462,79947,23319,56628
19017,1.3146132407845612,79947,23319,56628
19018,1.3145441161005362,79947,23319,56628
19019,1.314474998685525,79947,23319,56628
19020,1.3144058885383807,79947,23319,56628
19021,1.314336785657957,79947,23319,56628
19022,1.314267690043108,79947,23319,56628
19023,1.3141986016926879,79947,23319,56628
19024,1.314129520605551,79947,23319,56628
19025,1.314060446780552,79947,23319,56628
19026,1.3139913802165457,79947,23319,56628
19027,1.3139223209123876,79947,23319,56628
19028,1.3138532688669329,79947,23319,56628
19029,1.3137842240790372,79947,23319,56628
19030,1.3137151865475565,79947,23319,56628
19031,1.3136461562713468,79947,23319,56628
19032,1.3135771332492645,79933,23319,56614
19033,1.313508117480166,79933,23319,56614
19034,1.3134391089629085,79933,23319,56614
19035,1.3133701076963489,79933,23319,56614
19036,1.3133011136793444,79933,23319,56614
19037,1.3132321269107528,79933,23319,56614
19038,1.3131631473894316,79933,23319,56614
19039,1.313094175114239,79933,23319,56614
19040,1.3130252100840336,79933,23319,56614
19041,1.3129562522976734,79933,23319,56614
19042,1.3128873017540175,79933,23319,56614
19043,1.3128183584519246,79933,23319,56614
19044,1.312749422390254,79933,23319,56614
19045,1.3126804935678655,79933,23319,56614
19046,1.3126115719836187,79933,23319,56614
19047,1.3125426576363732,79933,23319,56614
19048,1.3124737505249895,79933,23319,56614
19049,1.312404850648328,79933,23319,56614
19050,1.3123359580052494,79933,23319,56614
19051,1.3122670725946144,79933,23319,56614
19052,1.3121981944152845,79933,23319,56614
19053,1.3121293234661209,79933,23319,56614
19054,1.312060459745985,79933,23319,56614
19055,1.311991603253739,79933,23319,56614
19056,1.3119227539882452,79933,23319,56614
19057,1.3118539119483654,79933,23319,56614
19058,1.3117850771329624,79933,23319,56614
19059,1.3117162495408994,79933,23319,56614
19060,1.3116474291710387,79933,23319,56614
19061,1.3115786160222445,79933,23319,56614
19062,1.3115098100933795,79933,23319,56614
19063,1.311441011383308,79933,23319,56614
19064,1.311372219890894,79933,23319,56614
19065,1.3113034356150013,79933,23319,56614
19066,1.311234658554495,79933,23319,56614
19067,1.3111658887082394,79933,23319,56614
19068,1.3110971260750997,79933,23319,56614
19069,1.311028370653941,79933,23319,56614
19070,1.3109596224436288,79933,23319,56614
19071,1.3108908814430287,79933,23319,56614
19072,1.3108221476510067,79933,23319,56614
19073,1.310753421066429,79933,23319,56614
19074,1.310684701688162,79933,23319,56614
19075,1.3106159895150722,79933,23319,56614
19076,1.3105472845460264,79933,23319,56614
19077,1.310478586779892,79933,23319,56614
19078,1.3104098962155362,79933,23319,56614
19079,1.3103412128518266,79933,23319,56614
19080,1.310272536687631,79933,23319,56614
19081,1.3102038677218175,79933,23319,56614
19082,1.3101352059532543,79933,23319,56614
19083,1.31006655138081,79933,23319,56614
19084,1.3099979040033536,79933,23319,56614
19085,1.3099292638197537,79933,23319,56614
19086,1.3098606308288798,79933,23319,56614
19087,1.3097920050296012,79933,23319,56614
19088,1.309723386420788,79933,23319,56614
19089,1.3096547750013097,79933,23319,56614
19090,1.3095861707700367,79933,23319,56614
19091,1.3095175737258393,79920,23319,56601
19092,1.3094489838675885,79920,23319,56601
19093,1.309380401194155,79920,23319,56601
19094,1.3093118257044098,79920,23319,56601
19095,1.3092432573972244,79920,23319,56601
19096,1.3091746962714705,79920,23319,56601
19097,1.3091061423260197,79920,23319,56601
19098,1.3090375955597444,79920,23319,56601
19099,1.3089690559715168,79920,23319,56601
19100,1.3089005235602094,79920,23319,56601
19101,1.308831998324695,79920,23319,56601
19102,1.3087634802638468,79920,23319,56601
19103,1.3086949693765377,79920,23319,56601
19104,1.3086264656616415,79920,23319,56601
19105,1.308557969118032,79920,23319,56601
19106,1.308489479744583,79920,23319,56601
19107,1.3084209975401686,79920,23319,56601
19108,1.3083525225036634,79920,23319,56601
19109,1.308284054633942,79920,23319,56601
19110,1.3082155939298796,79920,23319,56601
19111,1.308147140390351,79920,23319,56601
19112,1.308078694014232,79920,23319,56601
19113,1.3080102548003976,79920,23319,56601
19114,1.3079418227477242,79920,23319,56601
19115,1.3078733978550876,79920,23319,56601
19116,1.3078049801213643,79920,23319,56601
19117,1.3077365695454308,79920,23319,56601
19118,1.3076681661261638,79920,23319,56601
19119,1.3075997698624404,79920,23319,56601
19120,1.3075313807531381,79920,23319,56601
19121,1.307462998797134,79920,23319,56601
19122,1.307394623993306,79920,23319,56601
19123,1.3073262563405323,79920,23319,56601
19124,1.3072578958376908,79920,23319,56601
19125,1.3071895424836601,79920,23319,56601
19126,1.3071211962773188,79920,23319,56601
19127,1.307052857217546,79920,23319,56601
19128,1.3069845253032204,79920,23319,56601
19129,1.3069162005332218,79920,23319,56601
19130,1.3068478829064296,79920,23319,56601
19131,1.306779572421724,79920,23319,56601
19132,1.3067112690779845,79920,23319,56601
19133,1.3066429728740918,79920,23319,56601
19134,1.3065746838089265,79920,23319,56601
19135,1.3065064018813692,79920,23319,56601
19136,1.306438127090301,79920,23319,56601
19137,1.3063698594346032,79920,23319,56601
19138,1.306301598913157,79920,23319,56601
19139,1.3062333455248445,79920,23319,56601
19140,1.3061650992685476,79920,23319,56601
19141,1.3060968601431482,79920,23319,56601
19142,1.306028628147529,79920,23319,56601
19143,1.3059604032805725,79920,23319,56601
19144,1.3058921855411618,79920,23319,56601
19145,1.3058239749281797,79920,23319,56601
19146,1.3057557714405097,79920,23319,56601
19147,1.3056875750770356,79920,23319,56601
19148,1.305619385836641,79920,23319,56601
19149,1.3055512037182098,79920,23319,56601
19150,1.3054830287206267,79920,23319,56601
19151,1.3054148608427758,79920,23319,56601
19152,1.3053467000835421,79920,23319,56601
19153,1.3052785464418106,79920,23319,56601
19154,1.3052103999164666,79920,23319,56601
19155,1.3051422605063951,79920,23319,56601
19156,1.3050741282104823,79920,23319,56601
19157,1.3050060030276138,79920,23319,56601
19158,1.304937884956676,79920,23319,56601
19159,1.3048697739965551,79920,23319,56601
19160,1.3048016701461378,79920,23319,56601
19161,1.3047335734043108,79920,23319,56601
19162,1.3046654837699614,79920,23319,56601
19163,1.3045974012419768,79920,23319,56601
19164,1.3045293258192445,79920,23319,56601
19165,1.3044612575006522,79920,23319,56601
19166,1.304393196285088,79920,23319,56601
19167,1.3043251421714406,79920,23319,56601
19168,1.3042570951585977,79920,23319,56601
19169,1.3041890552454485,79920,23319,56601
19170,1.3041210224308817,79920,23319,56601
19171,1.3040529967137864,79920,23319,56601
19172,1.3039849780930524,79920,23319,56601
19173,1.303916966567569,79920,23319,56601
19174,1.3038489621362261,79920,23319,56601
19175,1.303780964797914,79920,23319,56601
19176,1.3037129745515228,79920,23319,56601
19177,1.3036449913959431,79920,23319,56601
19178,1.3035770153300656,79920,23319,56601
19179,1.3035090463527816,79920,23319,56601
19180,1.3034410844629822,79920,23319,56601
19181,1.303373129659559,79920,23319,56601
19182,1.3033051819414034,79920,23319,56601
19183,1.3032372413074076,79920,23319,56601
19184,1.3031693077564637,79920,23319,56601
19185,1.3031013812874641,79920,23319,56601
19186,1.3030334618993016,79920,23319,56601
19187,1.3029655495908687,79920,23319,56601
19188,1.302897644361059,79920,23319,56601
19189,1.3028297462087655,79920,23319,56601
19190,1.3027618551328817,79920,23319,56601
19191,1.3026939711323016,79920,23319,56601
19192,1.3026260942059191,79920,23319,56601
19193,1.3025582243526286,79920,23319,56601
19194,1.3024903615713244,79920,23319,56601
19195,1.3024225058609014,79920,23319,56601
19196,1.3023546572202542,79920,23319,56601
19197,1.3022868156482783,79901,23319,56582
19198,1.3022189811438691,79901,23319,56582
19199,1.3021511537059223,79901,23319,56582
19200,1.3020833333333333,79901,23319,56582
19201,1.3020155200249988,79901,23319,56582
19202,1.3019477137798146,79901,23319,56582
19203,1.3018799145966775,79901,23319,56582
19204,1.3018121224744845,79901,23319,56582
19205,1.3017443374121322,79901,23319,56582
19206,1.3016765594085182,79901,23319,56582
19207,1.3016087884625398,79901,23319,56582
19208,1.3015410245730945,79901,23319,56582
19209,1.3014732677390806,79901,23319,56582
19210,1.3014055179593962,79901,23319,56582
19211,1.3013377752329394,79901,23319,56582
19212,1.3012700395586092,79901,23319,56582
19213,1.3012023109353041,79901,23319,56582
19214,1.3011345893619235,79901,23319,56582
19215,1.3010668748373666,79901,23319,56582
19216,1.3009991673605328,79901,23319,56582
19217,1.300931466930322,79901,23319,56582
19218,1.3008637735456343,79901,23319,56582
19219,1.3007960872053697,79901,23319,56582
19220,1.3007284079084287,79901,23319,56582
19221,1.300660735653712,79901,23319,56582
19222,1.3005930704401207,79901,23319,56582
19223,1.3005254122665557,79901,23319,56582
19224,1.3004577611319184,79901,23319,56582
19225,1.3003901170351104,79901,23319,56582
19226,1.300322479975034,79901,23319,56582
19227,1.3002548499505904,79901,23319,56582
19228,1.3001872269606822,79901,23319,56582
19229,1.3001196110042124,79901,23319,56582
19230,1.3000520020800832,79893,23319,56574
19231,1.2999844001871979,79893,23319,56574
19232,1.2999168053244592,79893,23319,56574
19233,1.299849217490771,79893,23319,56574
19234,1.299781636685037,79893,23319,56574
19235,1.2997140629061605,79893,23319,56574
19236,1.2996464961530463,79893,23319,56574
19237,1.2995789364245984,79893,23319,56574
19238,1.2995113837197214,79893,23319,56574
19239,1.29944383803732,79893,23319,56574
19240,1.2993762993762994,79893,23319,56574
19241,1.2993087677355646,79893,23319,56574
19242,1.2992412431140214,79893,23319,56574
19243,1.2991737255105753,79893,23319,56574
19244,1.2991062149241321,79893,23319,56574
19245,1.2990387113535984,79893,23319,56574
19246,1.29897121479788,79873,23319,56554
19247,1.298903725255884,79873,23319,56554
19248,1.298836242726517,79873,23319,56554
19249,1.298768767208686,79873,23319,56554
19250,1.2987012987012987,79873,23319,56554
19251,1.2986338372032622,79873,23319,56554
19252,1.2985663827134843,79873,23319,56554
19253,1.2984989352308731,79873,23319,56554
19254,1.2984314947543367,79873,23319,56554
19255,1.2983640612827836,79873,23319,56554
19256,1.2982966348151226,79873,23319,56554
19257,1.2982292153502621,79873,23319,56554
19258,1.2981618028871118,79873,23319,56554
19259,1.2980943974245807,79873,23319,56554
19260,1.2980269989615785,79873,23319,56554
19261,1.2979596074970148,79873,23319,56554
19262,1.2978922230297996,79873,23319,56554
19263,1.2978248455588435,79873,23319,56554
19264,1.2977574750830565,79873,23319,56554
19265,1.2976901116013495,79873,23319,56554
19266,1.2976227551126336,79873,23319,56554
19267,1.2975554056158198,79873,23319,56554
19268,1.2974880631098193,79873,23319,56554
19269,1.297420727593544,79873,23319,56554
19270,1.2973533990659056,79873,23319,56554
19271,1.297286077525816,79873,23319,56554
19272,1.2972187629721876,79873,23319,56554
19273,1.297151455403933,79873,23319,56554
19274,1.2970841548199648,79873,23319,56554
19275,1.297016861219196,79873,23319,56554
19276,1.2969495746005395,79873,23319,56554
19277,1.296882294962909,79873,23319,56554
19278,1.2968150223052184,79873,23319,56554
19279,1.296747756626381,79873,23319,56554
19280,1.2966804979253113,79873,23319,56554
19281,1.2966132462009232,79873,23319,56554
19282,1.2965460014521315,79873,23319,56554
19283,1.296478763677851,79873,23319,56554
19284,1.2964115328769965,79873,23319,56554
19285,1.2963443090484832,79873,23319,56554
19286,1.2962770921912268,79873,23319,56554
19287,1.2962098823041426,79873,23319,56554
19288,1.2961426793861468,79873,23319,56554
19289,1.2960754834361554,79873,23319,56554
19290,1.2960082944530844,79873,23319,56554
19291,1.2959411124358509,79873,23319,56554
19292,1.2958739373833714,79873,23319,56554
19293,1.2958067692945627,79853,23319,56534
19294,1.2957396081683425,79853,23319,56534
19295,1.295672454003628,79853,23319,56534
19296,1.2956053067993367,79853,23319,56534
19297,1.2955381665543866,79853,23319,56534
19298,1.2954710332676962,79853,23319,56534
19299,1.2954039069381833,79853,23319,56534
19300,1.2953367875647668,79853,23319,56534
19301,1.2952696751463655,79853,23319,56534
19302,1.2952025696818983,79853,23319,56534
19303,1.2951354711702845,79853,23319,56534
19304,1.2950683796104434,79853,23319,56534
19305,1.295001295001295,79853,23319,56534
19306,1.294934217341759,79853,23319,56534
19307,1.2948671466307557,79853,23319,56534
19308,1.2948000828672053,79853,23319,56534
19309,1.2947330260500285,79853,23319,56534
19310,1.294665976178146,79853,23319,56534
19311,1.294598933250479,79853,23319,56534
19312,1.2945318972659485,79853,23319,56534
19313,1.2944648682234765,79853,23319,56534
19314,1.294397846121984,79853,23319,56534
19315,1.2943308309603936,79853,23319,56534
19316,1.2942638227376269,79853,23319,56534
19317,1.2941968214526065,79853,23319,56534
19318,1.2941298271042552,79852,23299,56553
19319,1.2940628396914955,79852,23299,56553
19320,1.2939958592132506,79852,23299,56553
19321,1.2939288856684437,79852,23299,56553
19322,1.2938619190559983,79852,23299,56553
19323,1.2937949593748383,79852,23299,56553
19324,1.2937280066238874,79852,23299,56553
19325,1.2936610608020698,79852,23299,56553
19326,1.29359412190831,79852,23299,56553
19327,1.2935271899415326,79852,23299,56553
19328,1.2934602649006623,79852,23299,56553
19329,1.2933933467846241,79839,23299,56540
19330,1.2933264355923435,79839,23299,56540
19331,1.293259531322746,79839,23299,56540
19332,1.2931926339747568,79839,23299,56540
19333,1.2931257435473025,79839,23299,56540
19334,1.293058860039309,79839,23299,56540
19335,1.2929919834497026,79839,23299,56540
19336,1.29292511377741,79839,23299,56540
19337,1.292858251021358,79839,23299,56540
19338,1.2927913951804737,79839,23299,56540
19339,1.2927245462536843,79839,23299,56540
19340,1.2926577042399172,79839,23299,56540
19341,1.2925908691381005,79839,23299,56540
19342,1.2925240409471617,79839,23299,56540
19343,1.2924572196660291,79839,23299,56540
19344,1.292390405293631,79839,23299,56540
19345,1.2923235978288963,79839,23299,56540
19346,1.2922567972707537,79839,23299,56540
19347,1.292190003618132,79839,23299,56540
19348,1.2921232168699608,79839,23299,56540
19349,1.2920564370251693,79839,23299,56540
19350,1.2919896640826873,79839,23299,56540
19351,1.2919228980414448,79839,23299,56540
19352,1.291856138900372,79839,23299,56540
19353,1.2917893866583992,79839,23299,56540
19354,1.291722641314457,79839,23299,56540
19355,1.2916559028674761,79839,23299,56540
19356,1.2915891713163876,79839,23299,56540
19357,1.291522446660123,79839,23299,56540
19358,1.2914557288976134,79839,23299,56540
19359,1.2913890180277907,79839,23299,56540
19360,1.2913223140495869,79839,23299,56540
19361,1.2912556169619338,79839,23299,56540
19362,1.2911889267637642,79839,23299,56540
19363,1.2911222434540102,79839,23299,56540
19364,1.291055567031605,79839,23299,56540
19365,1.2909888974954815,79839,23299,56540
19366,1.290922234844573,79839,23299,56540
19367,1.2908555790778127,79839,23299,56540
19368,1.2907889301941347,79839,23299,56540
19369,1.2907222881924725,79839,23299,56540
19370,1.2906556530717606,79839,23299,56540
19371,1.2905890248309329,79839,23299,56540
19372,1.2905224034689242,79839,23299,56540
19373,1.2904557889846693,79839,23299,56540
19374,1.2903891813771033,79839,23299,56540
19375,1.2903225806451613,79839,23299,56540
19376,1.2902559867877788,79839,23299,56540
19377,1.2901893998038911,79839,23299,56540
19378,1.2901228196924348,79839,23299,56540
19379,1.2900562464523453,79839,23299,56540
19380,1.2899896800825594,79839,23299,56540
19381,1.2899231205820134,79839,23299,56540
19382,1.289856567949644,79839,23299,56540
19383,1.2897900221843883,79839,23299,56540
19384,1.2897234832851836,79839,23299,56540
19385,1.2896569512509672,79839,23299,56540
19386,1.2895904260806768,79839,23299,56540
19387,1.28952390777325,79839,23299,56540
19388,1.2894573963276252,79839,23299,56540
19389,1.2893908917427408,79839,23299,56540
19390,1.2893243940175347,79839,23299,56540
19391,1.2892579031509463,79839,23299,56540
19392,1.2891914191419143,79839,23299,56540
19393,1.2891249419893775,79839,23299,56540
19394,1.289058471692276,79839,23299,56540
19395,1.288992008249549,79840,23266,56574
19396,1.2889255516601361,79840,23266,56574
19397,1.2888591019229778,79840,23266,56574
19398,1.2887926590370142,79840,23266,56574
19399,1.2887262230011856,79840,23266,56574
19400,1.288659793814433,79840,23266,56574
19401,1.2885933714756972,79840,23266,56574
19402,1.2885269559839192,79840,23266,56574
19403,1.2884605473380406,79836,23266,56570
19404,1.2883941455370027,79836,23266,56570
19405,1.2883277505797475,79836,23266,56570
19406,1.288261362465217,79836,23266,56570
19407,1.2881949811923532,79836,23266,56570
19408,1.288128606760099,79836,23266,56570
19409,1.2880622391673966,79836,23266,56570
19410,1.287995878413189,79836,23266,56570
19411,1.2879295244964195,79836,23266,56570
19412,1.2878631774160314,79836,23266,56570
19413,1.2877968371709678,79836,23266,56570
19414,1.2877305037601732,79836,23266,56570
19415,1.2876641771825907,79836,23266,56570
19416,1.2875978574371651,79836,23266,56570
19417,1.2875315445228408,79836,23266,56570
19418,1.287465238438562,79836,23266,56570
19419,1.287398939183274,79836,23266,56570
19420,1.2873326467559216,79836,23266,56570
19421,1.2872663611554502,79836,23266,56570
19422,1.2872000823808052,79836,23266,56570
19423,1.2871338104309324,79836,23266,56570
19424,1.2870675453047775,79836,23266,56570
19425,1.287001287001287,79836,23266,56570
19426,1.286935035519407,79836,23266,56570
19427,1.286868790858084,79836,23266,56570
19428,1.2868025530162652,79836,23266,56570
19429,1.2867363219928971,79836,23266,56570
19430,1.2866700977869274,79836,23266,56570
19431,1.2866038803973032,79836,23266,56570
19432,1.2865376698229725,79836,23266,56570
19433,1.2864714660628827,79836,23266,56570
19434,1.2864052691159824,79836,23266,56570
19435,1.2863390789812195,79836,23266,56570
19436,1.2862728956575427,79836,23266,56570
19437,1.2862067191439008,79836,23266,56570
19438,1.2861405494392428,79836,23266,56570
19439,1.2860743865425177,79836,23266,56570
19440,1.286008230452675,79836,23266,56570
19441,1.2859420811686642,79836,23266,56570
19442,1.2858759386894352,79836,23266,56570
19443,1.2858098030139382,79836,23266,56570
19444,1.2857436741411232,79836,23266,56570
19445,1.2856775520699408,79836,23266,56570
19446,1.2856114367993419,79836,23266,56570
19447,1.285545328328277,79836,23266,56570
19448,1.2854792266556971,79836,23266,56570
19449,1.2854131317805542,79836,23266,56570
19450,1.2853470437017995,79836,23266,56570
19451,1.2852809624183847,79836,23266,56570
19452,1.2852148879292618,79836,23266,56570
19453,1.285148820233383,79836,23266,56570
19454,1.2850827593297007,79836,23266,56570
19455,1.285016705217168,79836,23266,56570
19456,1.284950657894737,79836,23266,56570
19457,1.284884617361361,79836,23266,56570
19458,1.2848185836159933,79836,23266,56570
19459,1.2847525566575877,79836,23266,56570
19460,1.2846865364850977,79836,23266,56570
19461,1.284620523097477,79836,23266,56570
19462,1.28455451649368,79836,23266,56570
19463,1.284488516672661,79836,23266,56570
19464,1.2844225236333744,79836,23266,56570
19465,1.2843565373747752,79836,23266,56570
19466,1.2842905578958184,79836,23266,56570
19467,1.284224585195459,79836,23266,56570
19468,1.2841586192726526,79836,23266,56570
19469,1.2840926601263547,79836,23266,56570
19470,1.2840267077555214,79836,23266,56570
19471,1.2839607621591085,79836,23266,56570
19472,1.2838948233360723,79836,23266,56570
19473,1.2838288912853695,79836,23266,56570
19474,1.2837629660059566,79836,23266,56570
19475,1.2836970474967908,79836,23266,56570
19476,1.2836311357568289,79836,23266,56570
19477,1.2835652307850285,79836,23266,56570
19478,1.283499332580347,79836,23266,56570
19479,1.2834334411417423,79836,23266,56570
19480,1.2833675564681726,79836,23266,56570
19481,1.2833016785585956,79836,23266,56570
19482,1.28323580741197,79836,23266,56570
19483,1.2831699430272545,79836,23266,56570
19484,1.283104085403408,79836,23266,56570
19485,1.2830382345393894,79836,23266,56570
19486,1.282972390434158,79836,23266,56570
19487,1.2829065530866732,79836,23266,56570
19488,1.2828407224958949,79836,23266,56570
19489,1.282774898660783,79836,23266,56570
19490,1.2827090815802975,79836,23266,56570
19491,1.282643271253399,79836,23266,56570
19492,1.2825774676790478,79836,23266,56570
19493,1.2825116708562048,79836,23266,56570
19494,1.2824458807838308,79836,23266,56570
19495,1.2823800974608874,79836,23266,56570
19496,1.2823143208863357,79836,23266,56570
19497,1.2822485510591373,79836,23266,56570
19498,1.2821827879782541,79836,23266,56570
19499,1.2821170316426482,79836,23266,56570
19500,1.2820512820512822,79836,23266,56570
19501,1.2819855392031179,79836,23266,56570
19502,1.2819198030971182,79836,23266,56570
19503,1.2818540737322464,79836,23266,56570
19504,1.281788351107465,79836,23266,56570
19505,1.2817226352217381,79836,23266,56570
19506,1.2816569260740285,79836,23266,56570
19507,1.2815912236633002,79836,23266,56570
19508,1.2815255279885176,79836,23266,56570
19509,1.2814598390486442,79836,23266,56570
19510,1.2813941568426448,79836,23266,56570
19511,1.2813284813694839,79836,23266,56570
19512,1.2812628126281262,79836,23266,56570
19513,1.281197150617537,79836,23266,56570
19514,1.2811314953366812,79836,23266,56570
19515,1.2810658467845246,79836,23266,56570
19516,1.2810002049600329,79836,23266,56570
19517,1.2809345698621715,79836,23266,56570
19518,1.2808689414899068,79836,23266,56570
19519,1.280803319842205,79836,23266,56570
19520,1.2807377049180328,79829,23266,56563
19521,1.2806720967163567,79829,23266,56563
19522,1.2806064952361438,79829,23266,56563
19523,1.2805409004763613,79829,23266,56563
19524,1.2804753124359762,79829,23266,56563
19525,1.2804097311139564,79829,23266,56563
19526,1.2803441565092697,79829,23266,56563
19527,1.2802785886208838,79829,23266,56563
19528,1.2802130274477672,79829,23266,56563
19529,1.2801474729888884,79829,23266,56563
19530,1.2800819252432156,79829,23266,56563
19531,1.2800163842097179,79829,23266,56563
19532,1.2799508498873644,79829,23266,56563
19533,1.279885322275124,79829,23266,56563
19534,1.2798198013719668,79829,23266,56563
19535,1.2797542871768621,79829,23266,56563
19536,1.2796887796887797,79829,23266,56563
19537,1.27962327890669,79829,23266,56563
19538,1.279557784829563,79829,23266,56563
19539,1.2794922974563694,79829,23266,56563
19540,1.2794268167860798,79829,23266,56563
19541,1.2793613428176653,79829,23266,56563
19542,1.2792958755500972,79829,23266,56563
19543,1.2792304149823466,79829,23266,56563
19544,1.2791649611133853,79829,23266,56563
19545,1.2790995139421848,79829,23266,56563
19546,1.2790340734677172,79829,23266,56563
19547,1.2789686396889548,79829,23266,56563
19548,1.27890321260487,79829,23266,56563
19549,1.2788377922144356,79829,23266,56563
19550,1.278772378516624,79829,23266,56563
19551,1.2787069715104087,79829,23266,56563
19552,1.2786415711947627,79829,23266,56563
19553,1.2785761775686595,79829,23266,56563
19554,1.2785107906310729,79829,23266,56563
19555,1.2784454103809768,79829,23266,56563
19556,1.278380036817345,79829,23266,56563
19557,1.2783146699391523,79829,23266,56563
19558,1.2782493097453727,79829,23266,56563
19559,1.2781839562349813,79829,23266,56563
19560,1.278118609406953,79829,23266,56563
19561,1.2780532692602629,79829,23266,56563
19562,1.2779879357938861,79829,23266,56563
19563,1.2779226090067985,79829,23266,56563
19564,1.2778572888979758,79829,23266,56563
19565,1.277791975466394,79829,23266,56563
19566,1.2777266687110294,79829,23266,56563
19567,1.277661368630858,79829,23266,56563
19568,1.277596075224857,79829,23266,56563
19569,1.2775307884920026,79829,23266,56563
19570,1.2774655084312723,79829,23266,56563
19571,1.2774002350416434,79829,23266,56563
19572,1.2773349683220927,79829,23266,56563
19573,1.2772697082715987,79829,23266,56563
19574,1.2772044548891386,79829,23266,56563
19575,1.277139208173691,79829,23266,56563
19576,1.2770739681242338,79829,23266,56563
19577,1.2770087347397456,79829,23266,56563
19578,1.2769435080192053,79829,23266,56563
19579,1.2768782879615914,79829,23266,56563
19580,1.2768130745658837,79829,23266,56563
19581,1.2767478678310606,79829,23266,56563
19582,1.2766826677561025,79829,23266,56563
19583,1.2766174743399887,79829,23266,56563
19584,1.2765522875816993,79806,23266,56540
19585,1.2764871074802144,79806,23266,56540
19586,1.2764219340345144,79806,23266,56540
19587,1.2763567672435798,79806,23266,56540
19588,1.2762916071063917,79806,23266,56540
19589,1.2762264536219308,79806,23266,56540
19590,1.2761613067891782,79806,23266,56540
19591,1.2760961666071156,79806,23266,56540
19592,1.2760310330747244,79806,23266,56540
19593,1.2759659061909865,79806,23266,56540
19594,1.275900785954884,79806,23266,56540
19595,1.2758356723653994,79806,23266,56540
19596,1.2757705654215146,79806,23266,56540
19597,1.2757054651222126,79806,23266,56540
19598,1.2756403714664761,79806,23266,56540
19599,1.2755752844532884,79806,23266,56540
19600,1.2755102040816326,79806,23266,56540
19601,1.2754451303504923,79806,23266,56540
19602,1.2753800632588512,79806,23266,56540
19603,1.275315002805693,79806,23266,56540
19604,1.275249948990002,79806,23266,56540
19605,1.2751849018107626,79806,23266,56540
19606,1.2751198612669592,79806,23266,56540
19607,1.2750548273575764,79806,23266,56540
19608,1.2749898000815993,79806,23266,56540
19609,1.2749247794380132,79806,23266,56540
19610,1.2748597654258031,79806,23266,56540
19611,1.274794758043955,79806,23266,56540
19612,1.2747297572914542,79806,23266,56540
19613,1.274664763167287,79806,23266,56540
19614,1.2745997756704395,79806,23266,56540
19615,1.274534794799898,79806,23266,56540
19616,1.2744698205546492,79806,23266,56540
19617,1.27440485293368,79806,23266,56540
19618,1.2743398919359772,79806,23266,56540
19619,1.274274937560528,79806,23266,56540
19620,1.2742099898063202,79806,23266,56540
19621,1.274145048672341,79806,23266,56540
19622,1.2740801141575782,79806,23266,56540
19623,1.2740151862610203,79806,23266,56540
19624,1.2739502649816552,79806,23266,56540
19625,1.2738853503184713,79806,23266,56540
19626,1.2738204422704575,79806,23266,56540
19627,1.2737555408366026,79806,23266,56540
19628,1.2736906460158957,79806,23266,56540
19629,1.2736257578073258,79806,23266,56540
19630,1.273560876209883,79806,23266,56540
19631,1.2734960012225562,79806,23266,56540
19632,1.2734311328443357,79806,23266,56540
19633,1.2733662710742117,79806,23266,56540
19634,1.2733014159111744,79806,23266,56540
19635,1.2732365673542143,79806,23266,56540
19636,1.2731717254023223,79806,23266,56540
19637,1.273106890054489,79806,23266,56540
19638,1.2730420613097058,79806,23266,56540
19639,1.2729772391669636,79806,23266,56540
19640,1.2729124236252545,79806,23266,56540
19641,1.27284761468357,79806,23266,56540
19642,1.2727828123409022,79806,23266,56540
19643,1.2727180165962428,79806,23266,56540
19644,1.272653227448585,79806,23266,56540
19645,1.2725884448969202,79806,23266,56540
19646,1.2725236689402424,79806,23266,56540
19647,1.2724588995775437,79806,23266,56540
19648,1.2723941368078175,79806,23266,56540
19649,1.2723293806300575,79806,23266,56540
19650,1.272264631043257,79806,23266,56540
19651,1.2721998880464098,79806,23266,56540
19652,1.27213515163851,79806,23266,56540
19653,1.272070421818552,79806,23266,56540
19654,1.2720056985855297,79806,23266,56540
19655,1.271940981938438,79806,23266,56540
19656,1.271876271876272,79806,23266,56540
19657,1.2718115683980262,79806,23266,56540
19658,1.271746871502696,79806,23266,56540
19659,1.2716821811892771,79806,23266,56540
19660,1.2716174974567651,79806,23266,56540
19661,1.2715528203041555,79806,23266,56540
19662,1.2714881497304444,79806,23266,56540
19663,1.2714234857346285,79806,23266,56540
19664,1.2713588283157038,79806,23266,56540
19665,1.2712941774726672,79806,23266,56540
19666,1.2712295332045154,79806,23266,56540
19667,1.2711648955102457,79806,23266,56540
19668,1.271100264388855,79806,23266,56540
19669,1.2710356398393412,79806,23266,56540
19670,1.2709710218607015,79806,23266,56540
19671,1.2709064104519343,79806,23266,56540
19672,1.2708418056120374,79806,23266,56540
19673,1.2707772073400092,79806,23266,56540
19674,1.270712615634848,79806,23266,56540
19675,1.2706480304955527,79806,23266,56540
19676,1.270583451921122,79806,23266,56540
19677,1.2705188799105556,79806,23266,56540
19678,1.270454314462852,79806,23266,56540
19679,1.270389755577011,79806,23266,56540
19680,1.2703252032520325,79806,23266,56540
19681,1.2702606574869164,79806,23266,56540
19682,1.2701961182806625,79806,23266,56540
19683,1.2701315856322715,79806,23266,56540
19684,1.2700670595407437,79806,23266,56540
19685,1.27000254000508,79806,23266,56540
19686,1.2699380270242813,79806,23266,56540
19687,1.2698735205973486,79806,23266,56540
19688,1.2698090207232833,79806,23266,56540
19689,1.269744527401087,79806,23266,56540
19690,1.2696800406297613,79806,23266,56540
19691,1.2696155604083084,79806,23266,56540
19692,1.2695510867357302,79806,23266,56540
19693,1.2694866196110293,79806,23266,56540
19694,1.269422159033208,79806,23266,56540
19695,1.2693577050012694,79806,23266,56540
19696,1.2692932575142162,79806,23266,56540
19697,1.2692288165710515,79806,23266,56540
19698,1.2691643821707788,79806,23266,56540
19699,1.2690999543124017,79806,23266,56540
19700,1.2690355329949239,79806,23266,56540
19701,1.2689711182173493,79806,23266,56540
19702,1.2689067099786824,79806,23266,56540
19703,1.2688423082779272,79806,23266,56540
19704,1.2687779131140886,79806,23266,56540
19705,1.268713524486171,79806,23266,56540
19706,1.2686491423931798,79806,23266,56540
19707,1.26858476683412,79806,23266,56540
19708,1.2685203978079969,79806,23266,56540
19709,1.2684560353138161,79806,23266,56540
19710,1.2683916793505834,79806,23266,56540
19711,1.268327329917305,79806,23266,56540
19712,1.2682629870129871,79806,23266,56540
19713,1.2681986506366356,79806,23266,56540
19714,1.2681343207872577,79806,23266,56540
19715,1.26806999746386,79806,23266,56540
19716,1.2680056806654494,79806,23266,56540
19717,1.2679413703910332,79806,23266,56540
19718,1.2678770666396186,79720,23145,56575
19719,1.2678127694102135,79720,23145,56575
19720,1.2677484787018256,79720,23145,56575
19721,1.2676841945134627,79720,23145,56575
19722,1.2676199168441336,79720,23145,56575
19723,1.2675556456928458,79720,23145,56575
19724,1.2674913810586088,79720,23145,56575
19725,1.267427122940431,79720,23145,56575
19726,1.2673628713373213,79720,23145,56575
19727,1.267298626248289,79720,23145,56575
19728,1.267234387672344,79720,23145,56575
19729,1.267170155608495,79720,23145,56575
19730,1.2671059300557526,79720,23145,56575
19731,1.2670417110131265,79720,23145,56575
19732,1.266977498479627,79720,23145,56575
19733,1.2669132924542645,79720,23145,56575
19734,1.2668490929360494,79720,23145,56575
19735,1.266784899923993,79720,23145,56575
19736,1.266720713417106,79720,23145,56575
19737,1.2666565334143993,79720,23145,56575
19738,1.266592359914885,79720,23145,56575
19739,1.2665281929175742,79720,23145,56575
19740,1.2664640324214793,79720,23145,56575
19741,1.2663998784256116,79720,23145,56575
19742,1.266335730928984,79720,23145,56575
19743,1.2662715899306083,79720,23145,56575
19744,1.2662074554294975,79720,23145,56575
19745,1.2661433274246645,79720,23145,56575
19746,1.266079205915122,79720,23145,56575
19747,1.2660150908998835,79720,23145,56575
19748,1.2659509823779622,79720,23145,56575
19749,1.265886880348372,79720,23145,56575
19750,1.2658227848101267,79720,23145,56575
19751,1.26575869576224,79720,23145,56575
19752,1.2656946132037261,79720,23145,56575
19753,1.2656305371335999,79720,23145,56575
19754,1.2655664675508758,79720,23145,56575
19755,1.2655024044545684,79720,23145,56575
19756,1.265438347843693,79720,23145,56575
19757,1.2653742977172648,79720,23145,56575
19758,1.265310254074299,79720,23145,56575
19759,1.2652462169138115,79720,23145,56575
19760,1.2651821862348178,79720,23145,56575
19761,1.265118162036334,79720,23145,56575
19762,1.2650541443173768,79720,23145,56575
19763,1.264990133076962,79720,23145,56575
19764,1.2649261283141064,79720,23145,56575
19765,1.2648621300278269,79720,23145,56575
19766,1.2647981382171405,79720,23145,56575
19767,1.2647341528810645,79720,23145,56575
19768,1.264670174018616,79720,23145,56575
19769,1.2646062016288129,79720,23145,56575
19770,1.2645422357106728,79720,23145,56575
19771,1.2644782762632139,79720,23145,56575
19772,1.2644143232854541,79720,23145,56575
19773,1.2643503767764124,79720,23145,56575
19774,1.2642864367351068,79720,23145,56575
19775,1.2642225031605563,79720,23145,56575
19776,1.26415857605178,79720,23145,56575
19777,1.264094655407797,79720,23145,56575
19778,1.2640307412276266,79720,23145,56575
19779,1.2639668335102887,79720,23145,56575
19780,1.2639029322548028,79720,23145,56575
19781,1.263839037460189,79720,23145,56575
19782,1.2637751491254676,79720,23145,56575
19783,1.2637112672496589,79720,23145,56575
19784,1.2636473918317832,79720,23145,56575
19785,1.2635835228708618,79720,23145,56575
19786,1.2635196603659153,79720,23145,56575
19787,1.263455804315965,79720,23145,56575
19788,1.2633919547200323,79720,23145,56575
19789,1.2633281115771389,79720,23145,56575
19790,1.263264274886306,79720,23145,56575
19791,1.2632004446465566,79720,23145,56575
19792,1.263136620856912,79720,23145,56575
19793,1.2630728035163947,79720,23145,56575
19794,1.2630089926240275,79720,23145,56575
19795,1.262945188178833,79720,23145,56575
19796,1.2628813901798344,79704,23159,56545
19797,1.2628175986260544,79704,23159,56545
19798,1.2627538135165168,79704,23159,56545
19799,1.262690034850245,79704,23159,56545
19800,1.2626262626262625,79704,23159,56545
19801,1.2625624968435938,79704,23159,56545
19802,1.2624987375012624,79704,23159,56545
19803,1.2624349845982932,79704,23159,56545
19804,1.2623712381337104,79704,23159,56545
19805,1.2623074981065388,79704,23159,56545
19806,1.2622437645158033,79704,23159,56545
19807,1.2621800373605292,79704,23159,56545
19808,1.2621163166397416,79704,23159,56545
19809,1.262052602352466,79704,23159,56545
19810,1.2619888944977284,79704,23159,56545
19811,1.2619251930745545,79704,23159,56545
19812,1.2618614980819705,79704,23159,56545
19813,1.2617978095190028,79704,23159,56545
19814,1.2617341273846776,79704,23159,56545
19815,1.2616704516780217,79704,23159,56545
19816,1.2616067823980621,79704,23159,56545
19817,1.261543119543826,79704,23159,56545
19818,1.2614794631143404,79704,23159,56545
19819,1.261415813108633,79704,23159,56545
19820,1.2613521695257315,79704,23159,56545
19821,1.2612885323646637,79704,23159,56545
19822,1.2612249016244577,79704,23159,56545
19823,1.2611612773041416,79704,23159,56545
19824,1.261097659402744,79704,23159,56545
19825,1.2610340479192939,79704,23159,56545
19826,1.2609704428528195,79704,23159,56545
19827,1.2609068442023503,79704,23159,56545
19828,1.2608432519669155,79704,23159,56545
19829,1.2607796661455444,79704,23159,56545
19830,1.2607160867372669,79704,23159,56545
19831,1.2606525137411124,79704,23159,56545
19832,1.2605889471561114,79704,23159,56545
19833,1.2605253869812938,79704,23159,56545
19834,1.2604618332156903,79704,23159,56545
19835,1.2603982858583311,79704,23159,56545
19836,1.2603347449082476,79704,23159,56545
19837,1.2602712103644704,79704,23159,56545
19838,1.2602076822260309,79704,23159,56545
19839,1.2601441604919603,79704,23159,56545
19840,1.2600806451612903,79704,23159,56545
19841,1.2600171362330528,79704,23159,56545
19842,1.2599536337062796,79704,23159,56545
19843,1.2598901375800031,79704,23159,56545
19844,1.2598266478532554,79704,23159,56545
19845,1.2597631645250693,79704,23159,56545
19846,1.2596996875944775,79704,23159,56545
19847,1.2596362170605129,79704,23159,56545
19848,1.2595727529222087,79704,23159,56545
19849,1.2595092951785984,79704,23159,56545
19850,1.2594458438287153,79704,23159,56545
19851,1.2593823988715933,79704,23159,56545
19852,1.2593189603062664,79704,23159,56545
19853,1.2592555281317686,79704,23159,56545
19854,1.259192102347134,79704,23159,56545
19855,1.2591286829513977,79704,23159,56545
19856,1.2590652699435938,79704,23159,56545
19857,1.2590018633227578,79704,23159,56545
19858,1.2589384630879243,79704,23159,56545
19859,1.2588750692381288,79704,23159,56545
19860,1.2588116817724069,79704,23159,56545
19861,1.2587483006897942,79704,23159,56545
19862,1.2586849259893262,79704,23159,56545
19863,1.2586215576700397,79704,23159,56545
19864,1.2585581957309706,79704,23159,56545
19865,1.2584948401711553,79704,23159,56545
19866,1.2584314909896306,79704,23159,56545
19867,1.2583681481854332,79704,23159,56545
19868,1.2583048117576001,79704,23159,56545
19869,1.2582414817051688,79704,23159,56545
19870,1.2581781580271767,79704,23159,56545
19871,1.2581148407226612,79704,23159,56545
19872,1.2580515297906603,79704,23159,56545
19873,1.257988225230212,79704,23159,56545
19874,1.2579249270403543,79704,23159,56545
19875,1.2578616352201257,79704,23159,56545
19876,1.2577983497685652,79704,23159,56545
19877,1.257735070684711,79704,23159,56545
19878,1.2576717979676024,79704,23159,56545
19879,1.2576085316162784,79690,23160,56530
19880,1.2575452716297786,79690,23160,56530
19881,1.2574820180071424,79690,23160,56530
19882,1.2574187707474098,79690,23160,56530
19883,1.2573555298496202,79690,23160,56530
19884,1.2572922953128143,79690,23160,56530
19885,1.2572290671360322,79690,23160,56530
19886,1.2571658453183143,79690,23160,56530
19887,1.2571026298587016,79690,23160,56530
19888,1.257039420756235,79690,23160,56530
19889,1.2569762180099553,79690,23160,56530
19890,1.256913021618904,79690,23160,56530
19891,1.2568498315821226,79690,23160,56530
19892,1.2567866478986527,79690,23160,56530
19893,1.2567234705675363,79690,23160,56530
19894,1.2566602995878153,79690,23160,56530
19895,1.2565971349585323,79690,23160,56530
19896,1.2565339766787293,79690,23160,56530
19897,1.2564708247474494,79690,23160,56530
19898,1.256407679163735,79690,23160,56530
19899,1.2563445399266295,79690,23160,56530
19900,1.256281407035176,79690,23160,56530
19901,1.2562182804884177,79690,23160,56530
19902,1.2561551602853984,79690,23160,56530
19903,1.2560920464251621,79690,23160,56530
19904,1.2560289389067525,79690,23160,56530
19905,1.2559658377292138,79690,23160,56530
19906,1.2559027428915905,79671,23160,56511
19907,1.255839654392927,79671,23160,56511
19908,1.2557765722322685,79671,23160,56511
19909,1.2557134964086594,79671,23160,56511
19910,1.2556504269211453,79671,23160,56511
19911,1.2555873637687711,79671,23160,56511
19912,1.2555243069505826,79671,23160,56511
19913,1.2554612564656256,79671,23160,56511
19914,1.2553982123129457,79671,23160,56511
19915,1.2553351744915893,79671,23160,56511
19916,1.2552721430006026,79671,23160,56511
19917,1.2552091178390319,79671,23160,56511
19918,1.2551460990059242,79671,23160,56511
19919,1.2550830865003264,79671,23160,56511
19920,1.2550200803212852,79671,23160,56511
19921,1.254957080467848,79671,23160,56511
19922,1.2548940869390623,79671,23160,56511
19923,1.2548310997339758,79671,23160,56511
19924,1.2547681188516362,79671,23160,56511
19925,1.2547051442910917,79671,23160,56511
19926,1.2546421760513902,79671,23160,56511
19927,1.2545792141315804,79671,23160,56511
19928,1.2545162585307106,79671,23160,56511
19929,1.2544533092478298,79671,23160,56511
19930,1.2543903662819869,79671,23160,56511
19931,1.254327429632231,79671,23160,56511
19932,1.254264499297612,79671,23160,56511
19933,1.2542015752771785,79671,23160,56511
19934,1.2541386575699809,79671,23160,56511
19935,1.254075746175069,79671,23160,56511
19936,1.2540128410914928,79671,23160,56511
19937,1.2539499423183027,79671,23160,56511
19938,1.2538870498545491,79671,23160,56511
19939,1.2538241636992828,79671,23160,56511
19940,1.2537612838515546,79671,23160,56511
19941,1.2536984103104156,79671,23160,56511
19942,1.2536355430749173,79671,23160,56511
19943,1.2535726821441107,79671,23160,56511
19944,1.2535098275170478,79671,23160,56511
19945,1.2534469791927803,79671,23160,56511
19946,1.25338413717036,79671,23160,56511
19947,1.2533213014488394,79671,23160,56511
19948,1.2532584720272708,79671,23160,56511
19949,1.253195648904707,79671,23160,56511
19950,1.2531328320802004,79671,23160,56511
19951,1.2530700215528043,79671,23160,56511
19952,1.2530072173215718,79671,23160,56511
19953,1.2529444193855561,79671,23160,56511
19954,1.2528816277438108,79671,23160,56511
19955,1.2528188423953897,79671,23160,56511
19956,1.2527560633393466,79671,23160,56511
19957,1.2526932905747357,79671,23160,56511
19958,1.2526305241006113,79671,23160,56511
19959,1.2525677639160278,79671,23160,56511
19960,1.25250501002004,79671,23160,56511
19961,1.2524422624117029,79671,23160,56511
19962,1.2523795210900712,79671,23160,56511
19963,1.2523167860542002,79671,23160,56511
19964,1.2522540573031458,79671,23160,56511
19965,1.252191334835963,79670,23160,56510
19966,1.252128618651708,79670,23160,56510
19967,1.2520659087494366,79670,23160,56510
19968,1.252003205128205,79670,23160,56510
19969,1.25194050778707,79670,23160,56510
19970,1.2518778167250877,79670,23160,56510
19971,1.2518151319413149,79670,23160,56510
19972,1.2517524534348088,79670,23160,56510
19973,1.2516897812046262,79670,23160,56510
19974,1.2516271152498248,79670,23160,56510
19975,1.2515644555694618,79670,23160,56510
19976,1.2515018021625952,79670,23160,56510
19977,1.2514391550282826,79670,23160,56510
19978,1.2513765141655822,79670,23160,56510
19979,1.2513138795735523,79670,23160,56510
19980,1.2512512512512513,79670,23160,56510
19981,1.2511886291977379,79670,23160,56510
19982,1.251126013412071,79670,23160,56510
19983,1.2510634038933093,79670,23160,56510
19984,1.2510008006405124,79670,23160,56510
19985,1.2509382036527394,79670,23160,56510
19986,1.2508756129290504,79670,23160,56510
19987,1.2508130284685046,79670,23160,56510
19988,1.250750450270162,79671,23160,56511
19989,1.2506878783330833,79671,23160,56511
19990,1.2506253126563283,79671,23160,56511
19991,1.2505627532389576,79671,23160,56511
19992,1.250500200080032,79671,23160,56511
19993,1.2504376531786126,79671,23160,56511
19994,1.25037511253376,79671,23160,56511
19995,1.2503125781445361,79671,23160,56511
19996,1.250250050010002,79671,23160,56511
19997,1.2501875281292194,79671,23160,56511
19998,1.2501250125012502,79671,23160,56511
19999,1.2500625031251562,79671,23160,56511
20000,1.25,79671,23160,56511
20001,1.2499375031248439,79671,23160,56511
20002,1.24987501249875,79671,23160,56511
20003,1.249812528120782,79671,23160,56511
20004,1.249750049990002,79671,23160,56511
20005,1.2496875781054737,79671,23160,56511
20006,1.24962511246626,79671,23160,56511
20007,1.249562653071425,79671,23160,56511
20008,1.249500199920032,79671,23160,56511
20009,1.249437753011145,79671,23160,56511
20010,1.249375312343828,79671,23160,56511
20011,1.2493128779171456,79671,23160,56511
20012,1.249250449730162,79671,23160,56511
20013,1.2491880277819418,79671,23160,56511
20014,1.24912561207155,79671,23160,56511
20015,1.2490632025980515,79666,23150,56516
20016,1.2490007993605117,79666,23150,56516
20017,1.2489384023579957,79666,23150,56516
20018,1.2488760115895694,79666,23150,56516
20019,1.2488136270542984,79666,23150,56516
20020,1.2487512487512487,79666,23150,56516
20021,1.2486888766794866,79666,23150,56516
20022,1.248626510838078,79666,23150,56516
20023,1.24856415122609,79666,23150,56516
20024,1.248501797842589,79666,23150,56516
20025,1.2484394506866416,79666,23150,56516
20026,1.2483771097573155,79666,23150,56516
20027,1.2483147750536776,79666,23150,56516
20028,1.2482524465747953,79666,23150,56516
20029,1.2481901243197364,79666,23150,56516
20030,1.2481278082875686,79666,23150,56516
20031,1.24806549847736,79666,23150,56516
20032,1.248003194888179,79666,23150,56516
20033,1.2479408975190935,79666,23150,56516
20034,1.2478786063691725,79666,23150,56516
20035,1.2478163214374844,79666,23150,56516
20036,1.2477540427230984,79666,23150,56516
20037,1.2476917702250836,79666,23150,56516
20038,1.2476295039425092,79666,23150,56516
20039,1.2475672438744447,79666,23150,56516
20040,1.2475049900199602,79666,23150,56516
20041,1.247442742378125,79666,23150,56516
20042,1.2473805009480092,79666,23150,56516
20043,1.2473182657286834,79666,23150,56516
20044,1.2472560367192178,79666,23150,56516
20045,1.247193813918683,79666,23150,56516
20046,1.2471315973261499,79666,23150,56516
20047,1.2470693869406895,79666,23150,56516
20048,1.2470071827613727,79666,23150,56516
20049,1.2469449847872711,79666,23150,56516
20050,1.2468827930174564,79666,23150,56516
20051,1.246820607451,79666,23150,56516
20052,1.246758428086974,79666,23150,56516
20053,1.2466962549244502,79666,23150,56516
20054,1.2466340879625013,79666,23150,56516
20055,1.2465719272001994,79666,23150,56516
20056,1.2465097726366174,79666,23150,56516
20057,1.2464476242708282,79664,23150,56514
20058,1.2463854821019045,79664,23150,56514
20059,1.2463233461289196,79664,23150,56514
20060,1.2462612163509472,79664,23150,56514
20061,1.2461990927670605,79664,23150,56514
20062,1.2461369753763334,79664,23150,56514
20063,1.2460748641778399,79664,23150,56514
20064,1.246012759170654,79664,23150,56514
20065,1.24595066035385,79664,23150,56514
20066,1.2458885677265026,79664,23150,56514
20067,1.2458264812876862,79664,23150,56514
20068,1.245764401036476,79664,23150,56514
20069,1.2457023269719467,79664,23150,56514
20070,1.2456402590931739,79664,23150,56514
20071,1.2455781973992328,79664,23150,56514
20072,1.245516141889199,79664,23150,56514
20073,1.2454540925621482,79664,23150,56514
20074,1.2453920494171564,79664,23150,56514
20075,1.2453300124533002,79664,23150,56514
20076,1.2452679816696552,79664,23150,56514
20077,1.2452059570652987,79664,23150,56514
20078,1.2451439386393066,79664,23150,56514
20079,1.2450819263907564,79664,23150,56514
20080,1.245019920318725,79664,23150,56514
20081,1.2449579204222898,79664,23150,56514
20082,1.2448959267005277,79664,23150,56514
20083,1.244833939152517,79664,23150,56514
20084,1.2447719577773353,79664,23150,56514
20085,1.2447099825740602,79664,23150,56514
20086,1.2446480135417703,79664,23150,56514
20087,1.244586050679544,79664,23150,56514
20088,1.2445240939864595,79664,23150,56514
20089,1.244462143461596,79664,23150,56514
20090,1.2444001991040319,79664,23150,56514
20091,1.2443382609128466,79664,23150,56514
20092,1.2442763288871193,79664,23150,56514
20093,1.2442144030259294,79664,23150,56514
20094,1.2441524833283568,79664,23150,56514
20095,1.244090569793481,79664,23150,56514
20096,1.2440286624203822,79664,23150,56514
20097,1.2439667612081404,79664,23150,56514
20098,1.2439048661558365,79664,23150,56514
20099,1.2438429772625503,79664,23150,56514
20100,1.243781094527363,79664,23150,56514
20101,1.2437192179493557,79664,23150,56514
20102,1.2436573475276091,79664,23150,56514
20103,1.2435954832612048,79664,23150,56514
20104,1.243533625149224,79664,23150,56514
20105,1.2434717731907485,79664,23150,56514
20106,1.2434099273848602,79664,23150,56514
20107,1.243348087730641,79664,23150,56514
20108,1.2432862542271732,79664,23150,56514
20109,1.2432244268735393,79664,23150,56514
20110,1.2431626056688214,79664,23150,56514
20111,1.2431007906121028,79664,23150,56514
20112,1.2430389817024663,79664,23150,56514
20113,1.2429771789389947,79664,23150,56514
20114,1.2429153823207717,79664,23150,56514
20115,1.2428535918468804,79664,23150,56514
20116,1.2427918075164048,79664,23150,56514
20117,1.2427300293284287,79664,23150,56514
20118,1.242668257282036,79664,23150,56514
20119,1.2426064913763109,79664,23150,56514
20120,1.242544731610338,79664,23150,56514
20121,1.2424829779832016,79664,23150,56514
20122,1.2424212304939868,79664,23150,56514
20123,1.242359489141778,79664,23150,56514
20124,1.242297753925661,79664,23150,56514
20125,1.2422360248447204,79664,23150,56514
20126,1.2421743018980422,79664,23150,56514
20127,1.2421125850847121,79644,23150,56494
20128,1.2420508744038157,79644,23150,56494
20129,1.241989169854439,79644,23150,56494
20130,1.241927471435668,79644,23150,56494
20131,1.24186577914659,79644,23150,56494
20132,1.2418040929862906,79644,23150,56494
20133,1.2417424129538568,79644,23150,56494
20134,1.241680739048376,79644,23150,56494
20135,1.2416190712689348,79644,23150,56494
20136,1.2415574096146207,79644,23150,56494
20137,1.241495754084521,79644,23150,56494
20138,1.2414341046777237,79644,23150,56494
20139,1.2413724613933164,79644,23150,56494
20140,1.2413108242303872,79644,23150,56494
20141,1.2412491931880245,79644,23150,56494
20142,1.2411875682653162,79644,23150,56494
20143,1.2411259494613514,79644,23150,56494
20144,1.2410643367752183,79644,23150,56494
20145,1.2410027302060065,79644,23150,56494
20146,1.2409411297528046,79644,23150,56494
20147,1.240879535414702,79644,23150,56494
20148,1.240817947190788,79644,23150,56494
20149,1.240756365080153,79644,23150,56494
20150,1.2406947890818858,79644,23150,56494
20151,1.240633219195077,79644,23150,56494
20152,1.240571655418817,79644,23150,56494
20153,1.2405100977521957,79644,23150,56494
20154,1.2404485461943038,79644,23150,56494
20155,1.2403870007442321,79644,23150,56494
20156,1.2403254614010717,79644,23150,56494
20157,1.2402639281639132,79644,23150,56494
20158,1.2402024010318484,79644,23150,56494
20159,1.2401408800039684,79644,23150,56494
20160,1.2400793650793651,79644,23150,56494
20161,1.24001785625713,79644,23150,56494
20162,1.2399563535363556,79644,23150,56494
20163,1.2398948569161334,79644,23150,56494
20164,1.2398333663955565,79644,23150,56494
20165,1.239771881973717,79644,23150,56494
20166,1.2397104036497075,79644,23150,56494
20167,1.2396489314226211,79644,23150,56494
20168,1.239587465291551,79644,23150,56494
20169,1.2395260052555903,79644,23150,56494
20170,1.2394645513138325,79644,23150,56494
20171,1.239403103465371,79644,23150,56494
20172,1.2393416617093,79644,23150,56494
20173,1.2392802260447133,79644,23150,56494
20174,1.2392187964707049,79644,23150,56494
20175,1.2391573729863692,79644,23150,56494
20176,1.239095955590801,79644,23150,56494
20177,1.2390345442830946,79644,23150,56494
20178,1.238973139062345,79644,23150,56494
20179,1.2389117399276475,79598,23150,56448
20180,1.2388503468780971,79598,23150,56448
20181,1.2387889599127893,79598,23150,56448
20182,1.2387275790308196,79598,23150,56448
20183,1.2386662042312837,79598,23150,56448
20184,1.238604835513278,79598,23150,56448
20185,1.238543472875898,79598,23150,56448
20186,1.2384821163182405,79598,23150,56448
20187,1.2384207658394015,79598,23150,56448
20188,1.2383594214384783,79598,23150,56448
20189,1.2382980831145673,79598,23150,56448
20190,1.2382367508667658,79598,23150,56448
20191,1.2381754246941707,79598,23150,56448
20192,1.2381141045958794,79598,23150,56448
20193,1.23805279057099,79598,23150,56448
20194,1.2379914826185996,79598,23150,56448
20195,1.2379301807378065,79598,23150,56448
20196,1.2378688849277084,79598,23150,56448
20197,1.2378075951874041,79598,23150,56448
20198,1.2377463115159917,79598,23150,56448
20199,1.23768503391257,79598,23150,56448
20200,1.2376237623762376,79598,23150,56448
20201,1.2375624969060937,79598,23150,56448
20202,1.2375012375012375,79598,23150,56448
20203,1.2374399841607682,79598,23150,56448
20204,1.2373787368837854,79598,23150,56448
20205,1.2373174956693889,79598,23150,56448
20206,1.2372562605166781,79598,23150,56448
20207,1.2371950314247537,79598,23150,56448
20208,1.2371338083927157,79598,23150,56448
20209,1.2370725914196645,79598,23150,56448
20210,1.2370113805047007,79598,23150,56448
20211,1.236950175646925,79598,23150,56448
20212,1.2368889768454383,79598,23150,56448
20213,1.236827784099342,79598,23150,56448
20214,1.2367665974077373,79598,23150,56448
20215,1.2367054167697253,79598,23150,56448
20216,1.2366442421844084,79598,23150,56448
20217,1.2365830736508878,79598,23150,56448
20218,1.236521911168266,79598,23150,56448
20219,1.2364607547356448,79598,23150,56448
20220,1.2363996043521266,79598,23150,56448
20221,1.2363384600168141,79598,23150,56448
20222,1.23627732172881,79598,23150,56448
20223,1.2362161894872175,79598,23150,56448
20224,1.2361550632911393,79598,23150,56448
20225,1.2360939431396787,79596,23150,56446
20226,1.2360328290319391,79596,23150,56446
20227,1.2359717209670242,79596,23150,56446
20228,1.2359106189440379,79596,23150,56446
20229,1.235849522962084,79596,23150,56446
20230,1.2357884330202669,79596,23150,56446
20231,1.2357273491176908,79596,23150,56446
20232,1.2356662712534598,79596,23150,56446
20233,1.2356051994266792,79596,23150,56446
20234,1.2355441336364534,79596,23150,56446
20235,1.2354830738818878,79596,23150,56446
20236,1.2354220201620874,79596,23150,56446
20237,1.2353609724761576,79596,23150,56446
20238,1.2352999308232038,79596,23150,56446
20239,1.235238895202332,79596,23150,56446
20240,1.2351778656126482,79584,23150,56434
20241,1.2351168420532583,79584,23150,56434
20242,1.2350558245232683,79584,23150,56434
20243,1.2349948130217854,79584,23150,56434
20244,1.2349338075479155,79584,23150,56434
20245,1.2348728081007656,79584,23150,56434
20246,1.234811814679443,79584,23150,56434
20247,1.2347508272830543,79584,23150,56434
20248,1.2346898459107072,79584,23150,56434
20249,1.2346288705615092,79584,23150,56434
20250,1.2345679012345678,79584,23150,56434
20251,1.2345069379289912,79584,23150,56434
20252,1.234445980643887,79584,23150,56434
20253,1.2343850293783638,79584,23150,56434
20254,1.2343240841315295,79584,23150,56434
20255,1.2342631449024932,79584,23150,56434
20256,1.2342022116903633,79584,23150,56434
20257,1.234141284494249,79584,23150,56434
20258,1.2340803633132589,79584,23150,56434
20259,1.2340194481465028,79584,23150,56434
20260,1.2339585389930898,79584,23150,56434
20261,1.2338976358521296,79584,23150,56434
20262,1.2338367387227323,79584,23150,56434
20263,1.2337758476040073,79584,23150,56434
20264,1.2337149624950652,79584,23150,56434
20265,1.233654083395016,79584,23150,56434
20266,1.2335932103029705,79584,23150,56434
20267,1.2335323432180392,79584,23150,56434
20268,1.2334714821393329,79584,23150,56434
20269,1.2334106270659628,79584,23150,56434
20270,1.23334977799704,79584,23150,56434
20271,1.2332889349316758,79584,23150,56434
20272,1.2332280978689818,79584,23150,56434
20273,1.2331672668080698,79584,23150,56434
20274,1.2331064417480517,79584,23150,56434
20275,1.2330456226880395,79584,23150,56434
20276,1.2329848096271454,79584,23150,56434
20277,1.2329240025644819,79584,23150,56434
20278,1.2328632014991616,79584,23150,56434
20279,1.2328024064302974,79584,23150,56434
20280,1.232741617357002,79584,23150,56434
20281,1.2326808342783886,79584,23150,56434
20282,1.2326200571935706,79584,23150,56434
20283,1.2325592861016614,79584,23150,56434
20284,1.2324985210017747,79584,23150,56434
20285,1.2324377618930245,79584,23150,56434
20286,1.2323770087745243,79584,23150,56434
20287,1.2323162616453887,79584,23150,56434
20288,1.2322555205047319,79584,23150,56434
20289,1.2321947853516684,79584,23150,56434
20290,1.232134056185313,79584,23150,56434
20291,1.2320733330047804,79584,23150,56434
20292,1.232012615809186,79584,23150,56434
20293,1.2319519045976446,79584,23150,56434
20294,1.2318911993692716,79584,23150,56434
20295,1.231830500123183,79584,23150,56434
20296,1.2317698068584944,79584,23150,56434
20297,1.2317091195743213,79584,23150,56434
20298,1.2316484382697803,79584,23150,56434
20299,1.2315877629439873,79584,23150,56434
20300,1.2315270935960592,79584,23150,56434
20301,1.2314664302251122,79584,23150,56434
20302,1.231405772830263,79584,23150,56434
20303,1.231345121410629,79584,23150,56434
20304,1.231284475965327,79584,23150,56434
20305,1.2312238364934744,79584,23150,56434
20306,1.2311632029941888,79584,23150,56434
20307,1.2311025754665879,79584,23150,56434
20308,1.2310419539097892,79584,23150,56434
20309,1.2309813383229111,79584,23150,56434
20310,1.2309207287050714,79584,23150,56434
20311,1.2308601250553888,79584,23150,56434
20312,1.2307995273729815,79584,23150,56434
20313,1.2307389356569685,79584,23150,56434
20314,1.2306783499064684,79584,23150,56434
20315,1.2306177701206005,79584,23150,56434
20316,1.230557196298484,79584,23150,56434
20317,1.230496628439238,79584,23150,56434
20318,1.2304360665419825,79584,23150,56434
20319,1.230375510605837,79584,23150,56434
20320,1.2303149606299213,79584,23150,56434
20321,1.2302544166133556,79584,23150,56434
20322,1.2301938785552604,79584,23150,56434
20323,1.2301333464547557,79584,23150,56434
20324,1.2300728203109623,79584,23150,56434
20325,1.2300123001230012,79584,23150,56434
20326,1.229951785889993,79584,23150,56434
20327,1.229891277611059,79584,23150,56434
20328,1.2298307752853208,79584,23150,56434
20329,1.2297702789118992,79584,23150,56434
20330,1.2297097884899164,79584,23150,56434
20331,1.229649304018494,79584,23150,56434
20332,1.229588825496754,79584,23150,56434
20333,1.2295283529238183,79584,23150,56434
20334,1.2294678862988098,79584,23150,56434
20335,1.2294074256208507,79584,23150,56434
20336,1.2293469708890636,79584,23150,56434
20337,1.2292865221025717,79584,23150,56434
20338,1.2292260792604977,79584,23150,56434
20339,1.2291656423619648,79584,23150,56434
20340,1.2291052114060963,79584,23150,56434
20341,1.2290447863920162,79584,23150,56434
20342,1.2289843673188476,79584,23150,56434
20343,1.228923954185715,79584,23150,56434
20344,1.228863546991742,79584,23150,56434
20345,1.228803145736053,79584,23150,56434
20346,1.2287427504177726,79584,23150,56434
20347,1.228682361036025,79584,23150,56434
20348,1.2286219775899352,79584,23150,56434
20349,1.228561600078628,79584,23150,56434
20350,1.2285012285012284,79584,23150,56434
20351,1.2284408628568622,79584,23150,56434
20352,1.2283805031446542,79584,23150,56434
20353,1.2283201493637301,79584,23150,56434
20354,1.228259801513216,79584,23150,56434
20355,1.2281994595922379,79584,23150,56434
20356,1.2281391235999215,79584,23150,56434
20357,1.2280787935353932,79584,23150,56434
20358,1.2280184693977798,79584,23150,56434
20359,1.2279581511862077,79584,23150,56434
20360,1.2278978388998036,79584,23150,56434
20361,1.2278375325376947,79584,23150,56434
20362,1.227777232099008,79584,23150,56434
20363,1.227716937582871,79584,23150,56434
20364,1.2276566489884109,79584,23150,56434
20365,1.2275963663147558,79584,23150,56434
20366,1.227536089561033,79584,23150,56434
20367,1.227475818726371,79584,23150,56434
20368,1.2274155538098979,79584,23150,56434
20369,1.2273552948107418,79584,23150,56434
20370,1.2272950417280315,79584,23150,56434
20371,1.2272347945608955,79584,23150,56434
20372,1.2271745533084626,79584,23150,56434
20373,1.227114317969862,79584,23150,56434
20374,1.227054088544223,79584,23150,56434
20375,1.2269938650306749,79584,23150,56434
20376,1.226933647428347,79584,23150,56434
20377,1.2268734357363695,79584,23150,56434
20378,1.2268132299538719,79584,23150,56434
20379,1.2267530300799843,79584,23150,56434
20380,1.2266928361138372,79584,23150,56434
20381,1.2266326480545606,79584,23150,56434
20382,1.2265724659012855,79584,23150,56434
20383,1.2265122896531424,79584,23150,56434
20384,1.2264521193092621,79584,23150,56434
20385,1.226391954868776,79584,23150,56434
20386,1.2263317963308153,79584,23150,56434
20387,1.2262716436945111,79583,23150,56433
20388,1.2262114969589955,79583,23150,56433
20389,1.2261513561233999,79583,23150,56433
20390,1.2260912211868562,79583,23150,56433
20391,1.226031092148497,79583,23150,56433
20392,1.2259709690074538,79583,23150,56433
20393,1.2259108517628599,79583,23150,56433
20394,1.2258507404138472,79583,23150,56433
20395,1.2257906349595489,79583,23150,56433
20396,1.225730535399098,79583,23150,56433
20397,1.225670441731627,79583,23150,56433
20398,1.2256103539562702,79585,23150,56435
20399,1.2255502720721605,79585,23150,56435
20400,1.2254901960784315,79585,23150,56435
20401,1.2254301259742169,79585,23150,56435
20402,1.2253700617586512,79585,23150,56435
20403,1.225310003430868,79585,23150,56435
20404,1.225249950990002,79585,23150,56435
20405,1.2251899044351875,79585,23150,56435
20406,1.2251298637655592,79585,23150,56435
20407,1.225069828980252,79585,23150,56435
20408,1.2250098000784007,79585,23150,56435
20409,1.2249497770591407,79585,23150,56435
20410,1.224889759921607,79585,23150,56435
20411,1.2248297486649355,79585,23150,56435
20412,1.2247697432882618,79585,23150,56435
20413,1.2247097437907215,79585,23150,56435
20414,1.224649750171451,79585,23150,56435
20415,1.224589762429586,79585,23150,56435
20416,1.2245297805642634,79585,23150,56435
20417,1.2244698045746192,79585,23150,56435
20418,1.2244098344597905,79585,23150,56435
20419,1.2243498702189137,79585,23150,56435
20420,1.2242899118511263,79585,23150,56435
20421,1.2242299593555654,79585,23150,56435
20422,1.2241700127313682,79585,23150,56435
20423,1.2241100719776723,79585,23150,56435
20424,1.2240501370936154,79585,23150,56435
20425,1.2239902080783354,79585,23150,56435
20426,1.2239302849309703,79585,23150,56435
20427,1.2238703676506584,79585,23150,56435
20428,1.2238104562365382,79585,23150,56435
20429,1.2237505506877477,79585,23150,56435
20430,1.2236906510034264,79585,23150,56435
20431,1.2236307571827125,79585,23150,56435
20432,1.2235708692247456,79585,23150,56435
20433,1.2235109871286645,79585,23150,56435
20434,1.2234511108936086,79585,23150,56435
20435,1.223391240518718,79585,23150,56435
20436,1.2233313760031317,79585,23150,56435
20437,1.22327151734599,79585,23150,56435
20438,1.223211664546433,79585,23150,56435
20439,1.223151817603601,79585,23150,56435
20440,1.2230919765166341,79585,23150,56435
20441,1.223032141284673,79585,23150,56435
20442,1.2229723119068585,79585,23150,56435
20443,1.2229124883823315,79585,23150,56435
20444,1.2228526707102327,79585,23150,56435
20445,1.2227928588897041,79585,23150,56435
20446,1.2227330529198865,79585,23150,56435
20447,1.2226732527999218,79585,23150,56435
20448,1.2226134585289514,79585,23150,56435
20449,1.2225536701061177,79585,23150,56435
20450,1.2224938875305624,79585,23150,56435
20451,1.2224341108014278,79585,23150,56435
20452,1.2223743399178564,79585,23150,56435
20453,1.2223145748789908,79585,23150,56435
20454,1.2222548156839739,79585,23150,56435
20455,1.2221950623319482,79585,23150,56435
20456,1.222135314822057,79585,23150,56435
20457,1.2220755731534438,79585,23150,56435
20458,1.2220158373252517,79585,23150,56435
20459,1.2219561073366245,79585,23150,56435
20460,1.2218963831867058,79585,23150,56435
20461,1.2218366648746395,79585,23150,56435
20462,1.2217769523995698,79585,23150,56435
20463,1.2217172457606411,79585,23150,56435
20464,1.2216575449569977,79585,23150,56435
20465,1.221597849987784,79585,23150,56435
20466,1.221538160852145,79585,23150,56435
20467,1.2214784775492256,79585,23150,56435
20468,1.2214188000781707,79585,23150,56435
20469,1.221359128438126,79585,23150,56435
20470,1.2212994626282365,79585,23150,56435
20471,1.2212398026476479,79585,23150,56435
20472,1.221180148495506,79585,23150,56435
20473,1.2211205001709569,79585,23150,56435
20474,1.2210608576731465,79585,23150,56435
20475,1.221001221001221,79585,23150,56435
20476,1.220941590154327,79585,23150,56435
20477,1.2208819651316112,79585,23150,56435
20478,1.22082234593222,79586,23150,56436
20479,1.2207627325553005,79586,23150,56436
20480,1.220703125,79586,23150,56436
20481,1.2206435232654655,79586,23150,56436
20482,1.2205839273508445,79586,23150,56436
20483,1.220524337255285,79586,23150,56436
20484,1.220464752977934,79586,23150,56436
20485,1.22040517451794,79586,23150,56436
20486,1.2203456018744507,79586,23150,56436
20487,1.220286035046615,79586,23150,56436
20488,1.2202264740335806,79586,23150,56436
20489,1.2201669188344966,79586,23150,56436
20490,1.2201073694485114,79586,23150,56436
20491,1.2200478258747742,79586,23150,56436
20492,1.2199882881124342,79586,23150,56436
20493,1.2199287561606402,79586,23150,56436
20494,1.219869230018542,79586,23150,56436
20495,1.2198097096852891,79586,23150,56436
20496,1.2197501951600311,79586,23150,56436
20497,1.2196906864419184,79586,23150,56436
20498,1.2196311835301006,79586,23150,56436
20499,1.219571686423728,79586,23150,56436
20500,1.2195121951219512,79585,23150,56435
20501,1.2194527096239207,79585,23150,56435
20502,1.2193932299287875,79585,23150,56435
20503,1.219333756035702,79585,23150,56435
20504,1.2192742879438159,79585,23150,56435
20505,1.21921482565228,79585,23150,56435
20506,1.2191553691602457,79564,23114,56450
20507,1.219095918466865,79564,23114,56450
20508,1.2190364735712893,79564,23114,56450
20509,1.2189770344726705,79564,23114,56450
20510,1.2189176011701608,79564,23114,56450
20511,1.2188581736629125,79564,23114,56450
20512,1.218798751950078,79564,23114,56450
20513,1.2187393360308096,79564,23114,56450
20514,1.2186799259042604,79564,23114,56450
20515,1.2186205215695833,79564,23114,56450
20516,1.218561123025931,79564,23114,56450
20517,1.218501730272457,79564,23114,56450
20518,1.2184423433083147,79564,23114,56450
20519,1.2183829621326576,79564,23114,56450
20520,1.2183235867446394,79564,23114,56450
20521,1.2182642171434142,79564,23114,56450
20522,1.2182048533281356,79564,23114,56450
20523,1.2181454952979585,79564,23114,56450
20524,1.2180861430520367,79564,23114,56450
20525,1.218026796589525,79564,23114,56450
20526,1.2179674559095781,79564,23114,56450
20527,1.217908121011351,79564,23114,56450
20528,1.2178487918939984,79564,23114,56450
20529,1.217789468556676,79564,23114,56450
20530,1.2177301509985388,79564,23114,56450
20531,1.2176708392187423,79564,23114,56450
20532,1.2176115332164426,79564,23114,56450
20533,1.2175522329907953,79564,23114,56450
20534,1.2174929385409565,79564,23114,56450
20535,1.2174336498660823,79564,23114,56450
20536,1.2173743669653292,79564,23114,56450
20537,1.2173150898378535,79564,23114,56450
20538,1.2172558184828124,79564,23114,56450
20539,1.2171965528993622,79564,23114,56450
20540,1.2171372930866602,79564,23114,56450
20541,1.2170780390438636,79564,23114,56450
20542,1.2170187907701295,79564,23114,56450
20543,1.2169595482646156,79564,23114,56450
20544,1.2169003115264798,79564,23114,56450
20545,1.2168410805548795,79564,23114,56450
20546,1.216781855348973,79564,23114,56450
20547,1.2167226359079184,79564,23114,56450
20548,1.216663422230874,79564,23114,56450
20549,1.2166042143169984,79564,23114,56450
20550,1.2165450121654502,79564,23114,56450
20551,1.2164858157753882,79564,23114,56450
20552,1.2164266251459712,79564,23114,56450
20553,1.2163674402763587,79564,23114,56450
20554,1.21630826116571,79564,23114,56450
20555,1.2162490878131842,79564,23114,56450
20556,1.2161899202179411,79564,23114,56450
20557,1.216130758379141,79564,23114,56450
20558,1.2160716022959432,79564,23114,56450
20559,1.2160124519675082,79564,23114,56450
20560,1.215953307392996,79564,23114,56450
20561,1.2158941685715676,79564,23114,56450
20562,1.215835035502383,79564,23114,56450
20563,1.2157759081846033,79564,23114,56450
20564,1.2157167866173897,79471,23016,56455
20565,1.2156576707999027,79471,23016,56455
20566,1.215598560731304,79471,23016,56455
20567,1.2155394564107551,79471,23016,56455
20568,1.2154803578374174,79471,23016,56455
20569,1.2154212650104526,79471,23016,56455
20570,1.215362177929023,79471,23016,56455
20571,1.2153030965922902,79471,23016,56455
20572,1.2152440209994166,79471,23016,56455
20573,1.215184951149565,79471,23016,56455
20574,1.2151258870418975,79471,23016,56455
20575,1.2150668286755772,79471,23016,56455
20576,1.2150077760497666,79471,23016,56455
20577,1.2149487291636294,79471,23016,56455
20578,1.214889688016328,79471,23016,56455
20579,1.2148306526070265,79471,23016,56455
20580,1.2147716229348882,79471,23016,56455
20581,1.2147125989990768,79471,23016,56455
20582,1.2146535807987562,79471,23016,56455
20583,1.2145945683330903,79471,23016,56455
20584,1.2145355616012437,79471,23016,56455
20585,1.2144765606023804,79471,23016,56455
20586,1.214417565335665,79471,23016,56455
20587,1.2143585758002624,79471,23016,56455
20588,1.214299591995337,79471,23016,56455
20589,1.2142406139200543,79471,23016,56455
20590,1.2141816415735793,79471,23016,56455
20591,1.2141226749550775,79471,23016,56455
20592,1.214063714063714,79471,23016,56455
20593,1.214004758898655,79471,23016,56455
20594,1.2139458094590658,79471,23016,56455
20595,1.2138868657441126,79471,23016,56455
20596,1.2138279277529618,79471,23016,56455
20597,1.2137689954847792,79471,23016,56455
20598,1.213710068938732,79471,23016,56455
20599,1.2136511481139862,79471,23016,56455
20600,1.2135922330097086,79471,23016,56455
20601,1.2135333236250667,79471,23016,56455
20602,1.2134744199592273,79471,23016,56455
20603,1.2134155220113576,79471,23016,56455
20604,1.213356629780625,79471,23016,56455
20605,1.2132977432661975,79471,23016,56455
20606,1.2132388624672426,79471,23016,56455
20607,1.213179987382928,79471,23016,56455
20608,1.2131211180124224,79471,23016,56455
20609,1.2130622543548935,79471,23016,56455
20610,1.21300339640951,79471,23016,56455
20611,1.2129445441754403,79471,23016,56455
20612,1.2128856976518534,79471,23016,56455
20613,1.212826856837918,79471,23016,56455
20614,1.212768021732803,79471,23016,56455
20615,1.2127091923356779,79471,23016,56455
20616,1.212650368645712,79471,23016,56455
20617,1.212591550662075,79471,23016,56455
20618,1.2125327383839364,79471,23016,56455
20619,1.212473931810466,79471,23016,56455
20620,1.2124151309408342,79471,23016,56455
20621,1.2123563357742106,79471,23016,56455
20622,1.2122975463097663,79471,23016,56455
20623,1.2122387625466713,79471,23016,56455
20624,1.2121799844840961,79471,23016,56455
20625,1.2121212121212122,79471,23016,56455
20626,1.21206244545719,79471,23016,56455
20627,1.2120036844912008,79471,23016,56455
20628,1.211944929222416,79471,23016,56455
20629,1.2118861796500073,79471,23016,56455
20630,1.211827435773146,79471,23016,56455
20631,1.2117686975910038,79471,23016,56455
20632,1.211709965102753,79471,23016,56455
20633,1.2116512383075655,79471,23016,56455
20634,1.2115925172046138,79471,23016,56455
20635,1.2115338017930701,79471,23016,56455
20636,1.211475092072107,79471,23016,56455
20637,1.2114163880408975,79471,23016,56455
20638,1.2113576896986142,79471,23016,56455
20639,1.2112989970444303,79471,23016,56455
20640,1.2112403100775193,79471,23016,56455
20641,1.2111816287970545,79471,23016,56455
20642,1.2111229532022092,79471,23016,56455
20643,1.2110642832921572,79471,23016,56455
20644,1.2110056190660725,79471,23016,56455
20645,1.2109469605231291,79471,23016,56455
20646,1.2108883076625012,79471,23016,56455
20647,1.2108296604833633,79471,23016,56455
20648,1.2107710189848895,79471,23016,56455
20649,1.210712383166255,79471,23016,56455
20650,1.2106537530266344,79471,23016,56455
20651,1.2105951285652026,79471,23016,56455
20652,1.210536509781135,79471,23016,56455
20653,1.2104778966736067,79471,23016,56455
20654,1.2104192892417933,79471,23016,56455
20655,1.2103606874848705,79471,23016,56455
20656,1.210302091402014,79471,23016,56455
20657,1.2102435009923997,79471,23016,56455
20658,1.2101849162552039,79471,23016,56455
20659,1.2101263371896025,79471,23016,56455
20660,1.2100677637947725,79471,23016,56455
20661,1.2100091960698902,79471,23016,56455
20662,1.2099506340141322,79471,23016,56455
20663,1.2098920776266757,79471,23016,56455
20664,1.2098335269066975,79471,23016,56455
20665,1.2097749818533752,79471,23016,56455
20666,1.209716442465886,79471,23016,56455
20667,1.2096579087434074,79471,23016,56455
20668,1.209599380685117,79471,23016,56455
20669,1.209540858290193,79471,23016,56455
20670,1.2094823415578133,79471,23016,56455
20671,1.2094238304871558,79471,23016,56455
20672,1.2093653250773995,79471,23016,56455
20673,1.2093068253277222,79471,23016,56455
20674,1.2092483312373028,79471,23016,56455
20675,1.2091898428053205,79471,23016,56455
20676,1.2091313600309537,79471,23016,56455
20677,1.209072882913382,79471,23016,56455
20678,1.2090144114517845,79471,23016,56455
20679,1.2089559456453407,79471,23016,56455
20680,1.2088974854932302,79471,23016,56455
20681,1.2088390309946329,79471,23016,56455
20682,1.2087805821487283,79471,23016,56455
20683,1.2087221389546972,79471,23016,56455
20684,1.2086637014117192,79471,23016,56455
20685,1.208605269518975,79471,23016,56455
20686,1.2085468432756454,79471,23016,56455
20687,1.2084884226809107,79471,23016,56455
20688,1.208430007733952,79471,23016,56455
20689,1.2083715984339505,79471,23016,56455
20690,1.208313194780087,79471,23016,56455
20691,1.2082547967715431,79471,23016,56455
20692,1.2081964044075004,79471,23016,56455
20693,1.2081380176871406,79471,23016,56455
20694,1.2080796366096453,79471,23016,56455
20695,1.2080212611741967,79471,23016,56455
20696,1.2079628913799767,79471,23016,56455
20697,1.2079045272261681,79471,23016,56455
20698,1.2078461687119528,79471,23016,56455
20699,1.2077878158365138,79471,23016,56455
20700,1.2077294685990339,79471,23016,56455
20701,1.2076711269986957,79471,23016,56455
20702,1.2076127910346826,79471,23016,56455
20703,1.207554460706178,79471,23016,56455
20704,1.2074961360123648,79471,23016,56455
20705,1.207437816952427,79471,23016,56455
20706,1.2073795035255481,79471,23016,56455
20707,1.2073211957309122,79471,23016,56455
20708,1.2072628935677032,79471,23016,56455
20709,1.2072045970351055,79471,23016,56455
20710,1.2071463061323033,79471,23016,56455
20711,1.207088020858481,79471,23016,56455
20712,1.2070297412128235,79471,23016,56455
20713,1.2069714671945155,79471,23016,56455
20714,1.2069131988027422,79471,23016,56455
20715,1.2068549360366885,79471,23016,56455
20716,1.2067966788955398,79471,23016,56455
20717,1.2067384273784814,79471,23016,56455
20718,1.2066801814846992,79471,23016,56455
20719,1.206621941213379,79471,23016,56455
20720,1.2065637065637065,79471,23016,56455
20721,1.206505477534868,79471,23016,56455
20722,1.2064472541260496,79471,23016,56455
20723,1.2063890363364378,79471,23016,56455
20724,1.206330824165219,79471,23016,56455
20725,1.2062726176115801,79471,23016,56455
20726,1.2062144166747082,79471,23016,56455
20727,1.2061562213537897,79471,23016,56455
20728,1.2060980316480123,79471,23016,56455
20729,1.2060398475565632,79471,23016,56455
20730,1.20598166907863,79471,23016,56455
20731,1.2059234962134002,79471,23016,56455
20732,1.2058653289600618,79471,23016,56455
20733,1.2058071673178026,79471,23016,56455
20734,1.2057490112858107,79471,23016,56455
20735,1.2056908608632746,79471,23016,56455
20736,1.2056327160493827,79471,23016,56455
20737,1.2055745768433235,79471,23016,56455
20738,1.2055164432442858,79471,23016,56455
20739,1.2054583152514586,79471,23016,56455
20740,1.2054001928640308,79471,23016,56455
20741,1.205342076081192,79471,23016,56455
20742,1.205283964902131,79471,23016,56455
20743,1.2052258593260377,79471,23016,56455
20744,1.2051677593521017,79471,23016,56455
20745,1.2051096649795132,79471,23016,56455
20746,1.2050515762074616,79471,23016,56455
20747,1.2049934930351376,79471,23016,56455
20748,1.2049354154617313,79471,23016,56455
20749,1.204877343486433,79471,23016,56455
20750,1.2048192771084338,79471,23016,56455
20751,1.204761216326924,79471,23016,56455
20752,1.2047031611410948,79471,23016,56455
20753,1.2046451115501373,79471,23016,56455
20754,1.2045870675532429,79471,23016,56455
20755,1.2045290291496025,79471,23016,56455
20756,1.2044709963384082,79471,23016,56455
20757,1.2044129691188514,79471,23016,56455
20758,1.2043549474901243,79471,23016,56455
20759,1.2042969314514187,79471,23016,56455
20760,1.2042389210019269,79471,23016,56455
20761,1.204180916140841,79471,23016,56455
20762,1.2041229168673537,79471,23016,56455
20763,1.204064923180658,79471,23016,56455
20764,1.204006935079946,79471,23016,56455
20765,1.2039489525644114,79471,23016,56455
20766,1.2038909756332468,79471,23016,56455
20767,1.2038330042856455,79471,23016,56455
20768,1.2037750385208013,79471,23016,56455
20769,1.2037170783379074,79471,23016,56455
20770,1.203659123736158,79471,23016,56455
20771,1.2036011747147466,79471,23016,56455
20772,1.2035432312728673,79471,23016,56455
20773,1.2034852934097144,79471,23016,56455
20774,1.2034273611244826,79471,23016,56455
20775,1.203369434416366,79471,23016,56455
20776,1.203311513284559,79471,23016,56455
20777,1.2032535977282572,79471,23016,56455
20778,1.2031956877466552,79471,23016,56455
20779,1.203137783338948,79471,23016,56455
20780,1.2030798845043311,79471,23016,56455
20781,1.203021991242,79471,23016,56455
20782,1.20296410355115,79471,23016,56455
20783,1.2029062214309771,79471,23016,56455
20784,1.2028483448806775,79471,23016,56455
20785,1.2027904738994468,79471,23016,56455
20786,1.2027326084864813,79471,23016,56455
20787,1.2026747486409775,79471,23016,56455
20788,1.202616894362132,79471,23016,56455
20789,1.2025590456491413,79471,23016,56455
20790,1.2025012025012025,79471,23016,56455
20791,1.2024433649175124,79471,23016,56455
20792,1.2023855328972681,79471,23016,56455
20793,1.2023277064396671,79422,23016,56406
20794,1.202269885543907,79422,23016,56406
20795,1.202212070209185,79422,23016,56406
20796,1.202154260434699,79422,23016,56406
20797,1.202096456219647,79422,23016,56406
20798,1.2020386575632271,79422,23016,56406
20799,1.2019808644646377,79422,23016,56406
20800,1.2019230769230769,79422,23016,56406
20801,1.2018652949377433,79422,23016,56406
20802,1.2018075185078358,79422,23016,56406
20803,1.201749747632553,79422,23016,56406
20804,1.201691982311094,79422,23016,56406
20805,1.201634222542658,79422,23016,56406
20806,1.2015764683264443,79422,23016,56406
20807,1.2015187196616524,79422,23016,56406
20808,1.2014609765474817,79422,23016,56406
20809,1.2014032389831324,79422,23016,56406
20810,1.2013455069678038,79422,23016,56406
20811,1.2012877805006967,79422,23016,56406
20812,1.201230059581011,79422,23016,56406
20813,1.201172344207947,79422,23016,56406
20814,1.2011146343807053,79422,23016,56406
20815,1.2010569300984866,79422,23016,56406
20816,1.200999231360492,79422,23016,56406
20817,1.200941538165922,79422,23016,56406
20818,1.2008838505139783,79422,23016,56406
20819,1.200826168403862,79422,23016,56406
20820,1.2007684918347743,79422,23016,56406
20821,1.2007108208059172,79422,23016,56406
20822,1.200653155316492,79422,23016,56406
20823,1.2005954953657014,79422,23016,56406
20824,1.2005378409527467,79422,23016,56406
20825,1.2004801920768307,79422,23016,56406
20826,1.2004225487371554,79422,23016,56406
20827,1.2003649109329235,79422,23016,56406
20828,1.2003072786633378,79422,23016,56406
20829,1.200249651927601,79422,23016,56406
20830,1.200192030724916,79422,23016,56406
20831,1.2001344150544861,79422,23016,56406
20832,1.2000768049155146,79422,23016,56406
20833,1.200019200307205,79423,23047,56376
20834,1.1999616012287606,79423,23047,56376
20835,1.1999040076793857,79423,23047,56376
20836,1.1998464196582836,79423,23047,56376
20837,1.199788837164659,79423,23047,56376
20838,1.1997312601977157,79423,23047,56376
20839,1.1996736887566581,79423,23047,56376
20840,1.199616122840691,79423,23047,56376
20841,1.1995585624490188,79423,23047,56376
20842,1.1995010075808463,79423,23047,56376
20843,1.1994434582353788,79423,23047,56376
20844,1.199385914411821,79423,23047,56376
20845,1.1993283761093787,79423,23047,56376
20846,1.199270843327257,79423,23047,56376
20847,1.1992133160646616,79423,23047,56376
20848,1.1991557943207982,79423,23047,56376
20849,1.1990982780948727,79423,23047,56376
20850,1.1990407673860912,79423,23047,56376
20851,1.1989832621936598,79423,23047,56376
20852,1.198925762516785,79423,23047,56376
20853,1.1988682683546732,79423,23047,56376
20854,1.198810779706531,79423,23047,56376
20855,1.1987532965715655,79423,23047,56376
20856,1.1986958189489836,79423,23047,56376
20857,1.198638346837992,79423,23047,56376
20858,1.1985808802377984,79423,23047,56376
20859,1.1985234191476102,79423,23047,56376
20860,1.1984659635666348,79423,23047,56376
20861,1.1984085134940798,79423,23047,56376
20862,1.1983510689291534,79423,23047,56376
20863,1.1982936298710636,79423,23047,56376
20864,1.1982361963190185,79423,23047,56376
20865,1.1981787682722262,79423,23047,56376
20866,1.1981213457298956,79423,23047,56376
20867,1.198063928691235,79423,23047,56376
20868,1.1980065171554533,79423,23047,56376
20869,1.1979491111217595,79423,23047,56376
20870,1.1978917105893627,79423,23047,56376
20871,1.197834315557472,79423,23047,56376
20872,1.197776926025297,79423,23047,56376
20873,1.1977195419920472,79423,23047,56376
20874,1.197662163456932,79423,23047,56376
20875,1.1976047904191616,79423,23047,56376
20876,1.197547422877946,79423,23047,56376
20877,1.197490060832495,79423,23047,56376
20878,1.1974327042820194,79423,23047,56376
20879,1.1973753532257292,79423,23047,56376
20880,1.1973180076628354,79423,23047,56376
20881,1.1972606675925483,79423,23047,56376
20882,1.1972033330140792,79423,23047,56376
20883,1.1971460039266388,79423,23047,56376
20884,1.1970886803294387,79423,23047,56376
20885,1.1970313622216902,79423,23047,56376
20886,1.1969740496026047,79423,23047,56376
20887,1.1969167424713938,79423,23047,56376
20888,1.1968594408272692,79423,23047,56376
20889,1.1968021446694432,79423,23047,56376
20890,1.1967448539971277,79423,23047,56376
20891,1.1966875688095353,79423,23047,56376
20892,1.1966302891058778,79423,23047,56376
20893,1.1965730148853684,79423,23047,56376
20894,1.1965157461472193,79423,23047,56376
20895,1.1964584828906437,79423,23047,56376
20896,1.1964012251148546,79423,23047,56376
20897,1.196343972819065,79423,23047,56376
20898,1.1962867260024883,79423,23047,56376
20899,1.196229484664338,79423,23047,56376
20900,1.1961722488038278,79423,23047,56376
20901,1.1961150184201712,79423,23047,56376
20902,1.1960577935125825,79423,23047,56376
20903,1.1960005740802755,79423,23047,56376
20904,1.1959433601224645,79423,23047,56376
20905,1.195886151638364,79423,23047,56376
20906,1.1958289486271885,79423,23047,56376
20907,1.1957717510881523,79423,23047,56376
20908,1.1957145590204705,79423,23047,56376
20909,1.1956573724233583,79423,23047,56376
20910,1.1956001912960306,79423,23047,56376
20911,1.1955430156377027,79423,23047,56376
20912,1.1954858454475898,79423,23047,56376
20913,1.195428680724908,79423,23047,56376
20914,1.1953715214688725,79423,23047,56376
20915,1.1953143676786995,79423,23047,56376
20916,1.1952572193536048,79423,23047,56376
20917,1.1952000764928048,79423,23047,56376
20918,1.1951429390955157,79423,23047,56376
20919,1.1950858071609542,79423,23047,56376
20920,1.1950286806883366,79423,23047,56376
20921,1.1949715596768797,79423,23047,56376
20922,1.1949144441258006,79423,23047,56376
20923,1.1948573340343163,79423,23047,56376
20924,1.194800229401644,79423,23047,56376
20925,1.1947431302270013,79423,23047,56376
20926,1.1946860365096053,79423,23047,56376
20927,1.194628948248674,79423,23047,56376
20928,1.194571865443425,79423,23047,56376
20929,1.1945147880930767,79423,23047,56376
20930,1.1944577161968466,79423,23047,56376
20931,1.1944006497539534,79423,23047,56376
20932,1.1943435887636156,79423,23047,56376
20933,1.1942865332250514,79423,23047,56376
20934,1.1942294831374798,79423,23047,56376
20935,1.1941724385001193,79423,23047,56376
20936,1.1941153993121896,79423,23047,56376
20937,1.1940583655729091,79423,23047,56376
20938,1.1940013372814977,79423,23047,56376
20939,1.1939443144371746,79423,23047,56376
20940,1.1938872970391594,79423,23047,56376
20941,1.193830285086672,79423,23047,56376
20942,1.1937732785789323,79423,23047,56376
20943,1.1937162775151602,79423,23047,56376
20944,1.193659281894576,79423,23047,56376
20945,1.1936022917164002,79423,23047,56376
20946,1.193545306979853,79423,23047,56376
20947,1.1934883276841552,79423,23047,56376
20948,1.1934313538285277,79423,23047,56376
20949,1.1933743854121914,79423,23047,56376
20950,1.1933174224343674,79423,23047,56376
20951,1.193260464894277,79423,23047,56376
20952,1.1932035127911416,79423,23047,56376
20953,1.1931465661241827,79423,23047,56376
20954,1.193089624892622,79423,23047,56376
20955,1.1930326890956813,79423,23047,56376
20956,1.1929757587325827,79423,23047,56376
20957,1.192918833802548,79423,23047,56376
20958,1.1928619143048,79423,23047,56376
20959,1.192805000238561,79423,23047,56376
20960,1.1927480916030535,79423,23047,56376
20961,1.1926911883975002,79423,23047,56376
20962,1.192634290621124,79423,23047,56376
20963,1.192577398273148,79423,23047,56376
20964,1.1925205113527952,79423,23047,56376
20965,1.1924636298592892,79423,23047,56376
20966,1.1924067537918535,79423,23047,56376
20967,1.1923498831497115,79423,23047,56376
20968,1.192293017932087,79423,23047,56376
20969,1.192236158138204,79423,23047,56376
20970,1.1921793037672865,79423,23047,56376
20971,1.192122454818559,79423,23047,56376
20972,1.1920656112912456,79423,23047,56376
20973,1.1920087731845705,79423,23047,56376
20974,1.1919519404977592,79423,23047,56376
20975,1.1918951132300357,79423,23047,56376
20976,1.1918382913806256,79423,23047,56376
20977,1.1917814749487534,79423,23047,56376
20978,1.1917246639336447,79423,23047,56376
20979,1.191667858334525,79423,23047,56376
20980,1.1916110581506196,79423,23047,56376
20981,1.1915542633811544,79423,23047,56376
20982,1.191497474025355,79423,23047,56376
20983,1.1914406900824477,79423,23047,56376
20984,1.1913839115516585,79423,23047,56376
20985,1.1913271384322135,79423,23047,56376
20986,1.1912703707233394,79423,23047,56376
20987,1.1912136084242626,79423,23047,56376
20988,1.19115685153421,79423,23047,56376
20989,1.1911001000524084,79423,23047,56376
20990,1.1910433539780847,79423,23047,56376
20991,1.1909866133104663,79423,23047,56376
20992,1.1909298780487805,79423,23047,56376
20993,1.1908731481922545,79423,23047,56376
20994,1.1908164237401162,79423,23047,56376
20995,1.1907597046915932,79423,23047,56376
20996,1.1907029910459135,79423,23047,56376
20997,1.190646282802305,79423,23047,56376
20998,1.1905895799599961,79388,23047,56341
20999,1.190532882518215,79388,23047,56341
21000,1.1904761904761905,79388,23047,56341
21001,1.1904195038331509,79388,23047,56341
21002,1.190362822588325,79388,23047,56341
21003,1.1903061467409417,79388,23047,56341
21004,1.1902494762902305,79388,23047,56341
21005,1.19019281123542,79388,23047,56341
21006,1.1901361515757403,79388,23047,56341
21007,1.1900794973104203,79388,23047,56341
21008,1.19002284843869,79388,23047,56341
21009,1.1899662049597792,79388,23047,56341
21010,1.1899095668729176,79388,23047,56341
21011,1.1898529341773356,79388,23047,56341
21012,1.1897963068722635,79388,23047,56341
21013,1.1897396849569315,79388,23047,56341
21014,1.1896830684305701,79388,23047,56341
21015,1.1896264572924102,79388,23047,56341
21016,1.1895698515416826,79388,23047,56341
21017,1.189513251177618,79388,23047,56341
21018,1.1894566561994482,79388,23047,56341
21019,1.1894000666064037,79388,23047,56341
21020,1.1893434823977165,79388,23047,56341
21021,1.189286903572618,79388,23047,56341
21022,1.1892303301303397,79388,23047,56341
21023,1.1891737620701137,79388,23047,56341
21024,1.189117199391172,79388,23047,56341
21025,1.1890606420927468,79388,23047,56341
21026,1.1890040901740702,79388,23047,56341
21027,1.1889475436343748,79388,23047,56341
21028,1.1888910024728934,79388,23047,56341
21029,1.1888344666888582,79388,23047,56341
21030,1.1887779362815025,79388,23047,56341
21031,1.1887214112500595,79388,23047,56341
21032,1.1886648915937619,79388,23047,56341
21033,1.1886083773118432,79388,23047,56341
21034,1.1885518684035372,79388,23047,56341
21035,1.188495364868077,79388,23047,56341
21036,1.1884388667046968,79388,23047,56341
21037,1.18838237391263,79388,23047,56341
21038,1.1883258864911113,79388,23047,56341
21039,1.1882694044393745,79388,23047,56341
21040,1.188212927756654,79388,23047,56341
21041,1.1881564564421843,79388,23047,56341
21042,1.1880999904952,79388,23047,56341
21043,1.1880435299149361,79388,23047,56341
21044,1.1879870747006274,79388,23047,56341
21045,1.1879306248515087,79388,23047,56341
21046,1.1878741803668156,79388,23047,56341
21047,1.1878177412457833,79388,23047,56341
21048,1.1877613074876472,79388,23047,56341
21049,1.1877048790916434,79388,23047,56341
21050,1.187648456057007,79388,23047,56341
21051,1.1875920383829748,79388,23047,56341
21052,1.1875356260687822,79388,23047,56341
21053,1.1874792191136656,79388,23047,56341
21054,1.1874228175168613,79388,23047,56341
21055,1.1873664212776063,79388,23047,56341
21056,1.1873100303951367,79388,23047,56341
21057,1.1872536448686897,79388,23047,56341
21058,1.1871972646975022,79388,23047,56341
21059,1.1871408898808111,79388,23047,56341
21060,1.1870845204178537,79388,23047,56341
21061,1.1870281563078677,79388,23047,56341
21062,1.1869717975500902,79388,23047,56341
21063,1.1869154441437593,79388,23047,56341
21064,1.1868590960881125,79388,23047,56341
21065,1.186802753382388,79388,23047,56341
21066,1.1867464160258236,79388,23047,56341
21067,1.186690084017658,79388,23047,56341
21068,1.1866337573571293,79388,23047,56341
21069,1.1865774360434762,79388,23047,56341
21070,1.1865211200759374,79388,23047,56341
21071,1.1864648094537515,79388,23047,56341
21072,1.1864085041761578,79388,23047,56341
21073,1.1863522042423955,79388,23047,56341
21074,1.1862959096517036,79388,23047,56341
21075,1.1862396204033214,79388,23047,56341
21076,1.1861833364964889,79388,23047,56341
21077,1.1861270579304455,79388,23047,56341
21078,1.1860707847044312,79388,23047,56341
21079,1.1860145168176859,79388,23047,56341
21080,1.1859582542694498,79388,23047,56341
21081,1.185901997058963,79388,23047,56341
21082,1.1858457451854663,79388,23047,56341
21083,1.1857894986482,79388,23047,56341
21084,1.1857332574464048,79388,23047,56341
21085,1.1856770215793218,79388,23047,56341
21086,1.1856207910461918,79388,23047,56341
21087,1.185564565846256,79388,23047,56341
21088,1.1855083459787557,79388,23047,56341
21089,1.1854521314429323,79388,23047,56341
21090,1.1853959222380275,79388,23047,56341
21091,1.185339718363283,79388,23047,56341
21092,1.1852835198179406,79388,23047,56341
21093,1.185227326601242,79388,23047,56341
21094,1.1851711387124302,79388,23047,56341
21095,1.1851149561507466,79388,23047,56341
21096,1.185058778915434,79388,23047,56341
21097,1.1850026070057353,79388,23047,56341
21098,1.184946440420893,79388,23047,56341
21099,1.1848902791601497,79388,23047,56341
21100,1.1848341232227488,79388,23047,56341
21101,1.1847779726079333,79388,23047,56341
21102,1.1847218273149465,79388,23047,56341
21103,1.184665687343032,79388,23047,56341
21104,1.1846095526914329,79388,23047,56341
21105,1.1845534233593935,79388,23047,56341
21106,1.1844972993461576,79388,23047,56341
21107,1.184441180650969,79388,23047,56341
21108,1.1843850672730718,79388,23047,56341
21109,1.1843289592117106,79388,23047,56341
21110,1.1842728564661298,79388,23047,56341
21111,1.1842167590355739,79388,23047,56341
21112,1.1841606669192877,79388,23047,56341
21113,1.184104580116516,79388,23047,56341
21114,1.1840484986265036,79388,23047,56341
21115,1.1839924224484963,79388,23047,56341
21116,1.183936351581739,79388,23047,56341
21117,1.1838802860254771,79388,23047,56341
21118,1.1838242257789564,79388,23047,56341
21119,1.1837681708414225,79388,23047,56341
21120,1.183712121212121,79388,23047,56341
21121,1.1836560768902988,79388,23047,56341
21122,1.1836000378752012,79388,23047,56341
21123,1.183544004166075,79388,23047,56341
21124,1.1834879757621664,79388,23047,56341
21125,1.183431952662722,79388,23047,56341
21126,1.1833759348669886,79388,23047,56341
21127,1.183319922374213,79388,23047,56341
21128,1.1832639151836426,79388,23047,56341
21129,1.1832079132945241,79388,23047,56341
21130,1.183151916706105,79388,23047,56341
21131,1.1830959254176328,79388,23047,56341
21132,1.183039939428355,79388,23047,56341
21133,1.1829839587375195,79388,23047,56341
21134,1.182927983344374,79388,23047,56341
21135,1.1828720132481665,79388,23047,56341
21136,1.1828160484481454,79388,23047,56341
21137,1.1827600889435588,79388,23047,56341
21138,1.182704134733655,79388,23047,56341
21139,1.182648185817683,79388,23047,56341
21140,1.1825922421948911,79388,23047,56341
21141,1.1825363038645287,79388,23047,56341
21142,1.1824803708258442,79388,23047,56341
21143,1.1824244430780873,79388,23047,56341
21144,1.182368520620507,79388,23047,56341
21145,1.1823126034523528,79388,23047,56341
21146,1.1822566915728743,79388,23047,56341
21147,1.1822007849813212,79388,23047,56341
21148,1.1821448836769435,79388,23047,56341
21149,1.182088987658991,79388,23047,56341
21150,1.1820330969267139,79388,23047,56341
21151,1.1819772114793627,79388,23047,56341
21152,1.1819213313161876,79388,23047,56341
21153,1.1818654564364393,79388,23047,56341
21154,1.1818095868393685,79388,23047,56341
21155,1.181753722524226,79388,23047,56341
21156,1.1816978634902628,79388,23047,56341
21157,1.1816420097367302,79388,23047,56341
21158,1.1815861612628793,79388,23047,56341
21159,1.1815303180679617,79388,23047,56341
21160,1.1814744801512287,79388,23047,56341
21161,1.1814186475119324,79388,23047,56341
21162,1.1813628201493243,79388,23047,56341
21163,1.1813069980626565,79388,23047,56341
21164,1.1812511812511812,79388,23047,56341
21165,1.1811953697141506,79388,23047,56341
21166,1.1811395634508173,79388,23047,56341
21167,1.1810837624604338,79388,23047,56341
21168,1.1810279667422525,79388,23047,56341
21169,1.1809721762955265,79388,23047,56341
21170,1.1809163911195086,79388,23047,56341
21171,1.1808606112134523,79388,23047,56341
21172,1.1808048365766106,79388,23047,56341
21173,1.1807490672082368,79388,23047,56341
21174,1.1806933031075848,79388,23047,56341
21175,1.1806375442739079,79388,23047,56341
21176,1.1805817907064602,79388,23047,56341
21177,1.1805260424044954,79388,23047,56341
21178,1.180470299367268,79388,23047,56341
21179,1.1804145615940318,79388,23047,56341
21180,1.1803588290840414,79388,23047,56341
21181,1.1803031018365515,79388,23047,56341
21182,1.1802473798508166,79388,23047,56341
21183,1.1801916631260916,79388,23047,56341
21184,1.1801359516616314,79388,23047,56341
21185,1.180080245456691,79388,23047,56341
21186,1.1800245445105257,79388,23047,56341
21187,1.1799688488223912,79388,23047,56341
21188,1.1799131583915423,79388,23047,56341
21189,1.1798574732172353,79388,23047,56341
21190,1.179801793298726,79388,23047,56341
21191,1.1797461186352698,79388,23047,56341
21192,1.179690449226123,79388,23047,56341
21193,1.1796347850705422,79388,23047,56341
21194,1.1795791261677833,79388,23047,56341
21195,1.179523472517103,79388,23047,56341
21196,1.179467824117758,79388,23047,56341
21197,1.179412180969005,79388,23047,56341
21198,1.179356543070101,79388,23047,56341
21199,1.179300910420303,79388,23047,56341
21200,1.179245283018868,79388,23047,56341
21201,1.1791896608650536,79388,23047,56341
21202,1.179134043958117,79388,23047,56341
21203,1.1790784322973165,79388,23047,56341
21204,1.179022825881909,79388,23047,56341
21205,1.1789672247111531,79388,23047,56341
21206,1.1789116287843062,79388,23047,56341
21207,1.1788560381006272,79388,23047,56341
21208,1.1788004526593738,79388,23047,56341
21209,1.1787448724598049,79388,23047,56341
21210,1.1786892975011787,79388,23047,56341
21211,1.1786337277827543,79388,23047,56341
21212,1.1785781633037904,79388,23047,56341
21213,1.178522604063546,79388,23047,56341
21214,1.1784670500612804,79388,23047,56341
21215,1.1784115012962526,79388,23047,56341
21216,1.1783559577677225,79388,23047,56341
21217,1.1783004194749493,79388,23047,56341
21218,1.178244886417193,79388,23047,56341
21219,1.178189358593713,79388,23047,56341
21220,1.17813383600377,79388,23047,56341
21221,1.1780783186466237,79388,23047,56341
21222,1.1780228065215343,79388,23047,56341
21223,1.1779672996277624,79388,23047,56341
21224,1.1779117979645684,79388,23047,56341
21225,1.1778563015312131,79388,23047,56341
21226,1.1778008103269575,79388,23047,56341
21227,1.1777453243510623,79388,23047,56341
21228,1.1776898436027887,79388,23047,56341
21229,1.177634368081398,79388,23047,56341
21230,1.1775788977861517,79388,23047,56341
21231,1.177523432716311,79388,23047,56341
21232,1.177467972871138,79388,23047,56341
21233,1.177412518249894,79388,23047,56341
21234,1.1773570688518413,79388,23047,56341
21235,1.177301624676242,79388,23047,56341
21236,1.1772461857223582,79388,23047,56341
21237,1.1771907519894524,79388,23047,56341
21238,1.177135323476787,79388,23047,56341
21239,1.1770799001836245,79388,23047,56341
21240,1.177024482109228,79388,23047,56341
21241,1.17696906925286,79388,23047,56341
21242,1.176913661613784,79388,23047,56341
21243,1.176858259191263,79388,23047,56341
21244,1.1768028619845603,79388,23047,56341
21245,1.1767474699929394,79388,23047,56341
21246,1.1766920832156642,79388,23047,56341
21247,1.1766367016519979,79388,23047,56341
21248,1.1765813253012047,79388,23047,56341
21249,1.1765259541625488,79388,23047,56341
21250,1.1764705882352942,79388,23047,56341
21251,1.176415227518705,79388,23047,56341
21252,1.1763598720120458,79388,23047,56341
21253,1.1763045217145816,79388,23047,56341
21254,1.1762491766255763,79388,23047,56341
21255,1.1761938367442955,79388,23047,56341
21256,1.1761385020700037,79388,23047,56341
21257,1.1760831726019665,79388,23047,56341
21258,1.1760278483394486,79388,23047,56341
21259,1.175972529281716,79388,23047,56341
21260,1.175917215428034,79388,23047,56341
21261,1.175861906777668,79388,23047,56341
21262,1.1758066033298844,79388,23047,56341
21263,1.1757513050839485,79388,23047,56341
21264,1.175696012039127,79388,23047,56341
21265,1.175640724194686,79388,23047,56341
21266,1.1755854415498919,79388,23047,56341
21267,1.175530164104011,79388,23047,56341
21268,1.17547489185631,79388,23047,56341
21269,1.1754196248060558,79388,23047,56341
21270,1.1753643629525152,79388,23047,56341
21271,1.1753091062949557,79388,23047,56341
21272,1.1752538548326439,79388,23047,56341
21273,1.1751986085648474,79388,23047,56341
21274,1.1751433674908338,79388,23047,56341
21275,1.1750881316098707,79388,23047,56341
21276,1.1750329009212257,79388,23047,56341
21277,1.174977675424167,79388,23047,56341
21278,1.1749224551179622,79388,23047,56341
21279,1.1748672400018798,79388,23047,56341
21280,1.1748120300751879,79388,23047,56341
21281,1.1747568253371552,79388,23047,56341
21282,1.1747016257870502,79388,23047,56341
21283,1.1746464314241414,79388,23047,56341
21284,1.1745912422476978,79388,23047,56341
21285,1.1745360582569886,79388,23047,56341
21286,1.1744808794512824,79388,23047,56341
21287,1.1744257058298493,79388,23047,56341
21288,1.174370537391958,79388,23047,56341
21289,1.1743153741368781,79374,23047,56327
21290,1.1742602160638798,79374,23047,56327
21291,1.1742050631722325,79374,23047,56327
21292,1.174149915461206,79374,23047,56327
21293,1.1740947729300708,79374,23047,56327
21294,1.174039635578097,79374,23047,56327
21295,1.173984503404555,79374,23047,56327
21296,1.1739293764087153,79374,23047,56327
21297,1.1738742545898484,79374,23047,56327
21298,1.1738191379472251,79374,23047,56327
21299,1.1737640264801164,79374,23047,56327
21300,1.1737089201877935,79374,23047,56327
21301,1.1736538190695271,79374,23047,56327
21302,1.1735987231245892,79374,23047,56327
21303,1.1735436323522508,79374,23047,56327
21304,1.1734885467517837,79374,23047,56327
21305,1.1734334663224595,79374,23047,56327
21306,1.1733783910635502,79374,23047,56327
21307,1.1733233209743277,79374,23047,56327
21308,1.1732682560540642,79374,23047,56327
21309,1.173213196302032,79374,23047,56327
21310,1.1731581417175034,79374,23047,56327
21311,1.1731030922997514,79374,23047,56327
21312,1.173048048048048,79374,23047,56327
21313,1.1729930089616667,79374,23047,56327
21314,1.1729379750398798,79374,23047,56327
21315,1.172882946281961,79374,23047,56327
21316,1.1728279226871834,79374,23047,56327
21317,1.17277290425482,79374,23047,56327
21318,1.172717890984145,79374,23047,56327
21319,1.1726628828744312,79374,23047,56327
21320,1.172607879924953,79374,23047,56327
21321,1.1725528821349842,79374,23047,56327
21322,1.172497889503799,79374,23047,56327
21323,1.172442902030671,79374,23047,56327
21324,1.1723879197148752,79374,23047,56327
21325,1.1723329425556859,79374,23047,56327
21326,1.1722779705523774,79374,23047,56327
21327,1.1722230037042247,79374,23047,56327
21328,1.1721680420105027,79374,23047,56327
21329,1.1721130854704862,79374,23047,56327
21330,1.1720581340834506,79374,23047,56327
21331,1.172003187848671,79374,23047,56327
21332,1.1719482467654228,79374,23047,56327
21333,1.1718933108329819,79374,23047,56327
21334,1.1718383800506234,79374,23047,56327
21335,1.1717834544176235,79374,23047,56327
21336,1.1717285339332584,79374,23047,56327
21337,1.1716736185968037,79374,23047,56327
21338,1.1716187084075358,79374,23047,56327
21339,1.1715638033647313,79374,23047,56327
21340,1.1715089034676665,79374,23047,56327
21341,1.1714540087156178,79374,23047,56327
21342,1.1713991191078625,79374,23047,56327
21343,1.171344234643677,79374,23047,56327
21344,1.171289355322339,79374,23047,56327
21345,1.1712344811431248,79374,23047,56327
21346,1.1711796121053124,79374,23047,56327
21347,1.1711247482081792,79374,23047,56327
21348,1.1710698894510025,79374,23047,56327
21349,1.17101503583306,79374,23047,56327
21350,1.17096018735363,79373,23016,56357
21351,1.17090534401199,79373,23016,56357
21352,1.1708505058074186,79373,23016,56357
21353,1.1707956727391935,79373,23016,56357
21354,1.1707408448065937,79373,23016,56357
21355,1.1706860220088973,79373,23016,56357
21356,1.170631204345383,79373,23016,56357
21357,1.1705763918153298,79373,23016,56357
21358,1.1705215844180166,79373,23016,56357
21359,1.1704667821527226,79373,23016,56357
21360,1.1704119850187267,79373,23016,56357
21361,1.1703571930153083,79373,23016,56357
21362,1.170302406141747,79373,23016,56357
21363,1.1702476243973226,79373,23016,56357
21364,1.1701928477813144,79373,23016,56357
21365,1.1701380762930025,79373,23016,56357
21366,1.1700833099316672,79373,23016,56357
21367,1.1700285486965882,79373,23016,56357
21368,1.1699737925870461,79373,23016,56357
21369,1.169919041602321,79373,23016,56357
21370,1.169864295741694,79373,23016,56357
21371,1.1698095550044452,79373,23016,56357
21372,1.169754819389856,79373,23016,56357
21373,1.1697000888972067,79373,23016,56357
21374,1.169645363525779,79373,23016,56357
21375,1.1695906432748537,79373,23016,56357
21376,1.1695359281437125,79373,23016,56357
21377,1.1694812181316367,79373,23016,56357
21378,1.169426513237908,79373,23016,56357
21379,1.1693718134618083,79373,23016,56357
21380,1.1693171188026192,79373,23016,56357
21381,1.169262429259623,79373,23016,56357
21382,1.1692077448321017,79373,23016,56357
21383,1.1691530655193378,79373,23016,56357
21384,1.1690983913206134,79373,23016,56357
21385,1.1690437222352117,79373,23016,56357
21386,1.1689890582624147,79373,23016,56357
21387,1.1689343994015056,79373,23016,56357
21388,1.1688797456517674,79373,23016,56357
21389,1.1688250970124832,79373,23016,56357
21390,1.168770453482936,79373,23016,56357
21391,1.1687158150624095,79373,23016,56357
21392,1.168661181750187,79373,23016,56357
21393,1.1686065535455523,79373,23016,56357
21394,1.1685519304477892,79373,23016,56357
21395,1.1684973124561813,79373,23016,56357
21396,1.168442699570013,79373,23016,56357
21397,1.1683880917885685,79373,23016,56357
21398,1.1683334891111319,79373,23016,56357
21399,1.1682788915369877,79373,23016,56357
21400,1.1682242990654206,79373,23016,56357
21401,1.1681697116957153,79373,23016,56357
21402,1.1681151294271563,79373,23016,56357
21403,1.168060552259029,79375,23016,56359
21404,1.1680059801906186,79375,23016,56359
21405,1.16795141322121,79375,23016,56359
21406,1.1678968513500887,79375,23016,56359
21407,1.1678422945765403,79375,23016,56359
21408,1.1677877428998504,79375,23016,56359
21409,1.167733196319305,79375,23016,56359
21410,1.1676786548341895,79375,23016,56359
21411,1.1676241184437905,79375,23016,56359
21412,1.167569587147394,79375,23016,56359
21413,1.1675150609442861,79375,23016,56359
21414,1.1674605398337536,79375,23016,56359
21415,1.167406023815083,79375,23016,56359
21416,1.1673515128875607,79375,23016,56359
21417,1.167297007050474,79375,23016,56359
21418,1.1672425063031096,79375,23016,56359
21419,1.1671880106447547,79375,23016,56359
21420,1.1671335200746966,79375,23016,56359
21421,1.1670790345922226,79375,23016,56359
21422,1.1670245541966202,79375,23016,56359
21423,1.1669700788871773,79375,23016,56359
21424,1.1669156086631816,79375,23016,56359
21425,1.1668611435239207,79375,23016,56359
21426,1.166806683468683,79375,23016,56359
21427,1.1667522284967564,79375,23016,56359
21428,1.1666977786074295,79375,23016,56359
21429,1.1666433337999906,79375,23016,56359
21430,1.1665888940737283,79375,23016,56359
21431,1.1665344594279314,79375,23016,56359
21432,1.1664800298618887,79375,23016,56359
21433,1.1664256053748892,79375,23016,56359
21434,1.1663711859662218,79375,23016,56359
21435,1.166316771635176,79375,23016,56359
21436,1.1662623623810413,79375,23016,56359
21437,1.1662079582031069,79375,23016,56359
21438,1.1661535591006624,79375,23016,56359
21439,1.1660991650729977,79375,23016,56359
21440,1.166044776119403,79375,23016,56359
21441,1.165990392239168,79369,23016,56353
21442,1.1659360134315828,79369,23016,56353
21443,1.1658816396959382,79369,23016,56353
21444,1.165827271031524,79369,23016,56353
21445,1.165772907437631,79369,23016,56353
21446,1.1657185489135504,79369,23016,56353
21447,1.1656641954585722,79369,23016,56353
21448,1.165609847071988,79369,23016,56353
21449,1.1655555037530887,79369,23016,56353
21450,1.1655011655011656,79369,23016,56353
21451,1.1654468323155098,79369,23016,56353
21452,1.165392504195413,79369,23016,56353
21453,1.1653381811401669,79369,23016,56353
21454,1.1652838631490632,79369,23016,56353
21455,1.1652295502213936,79369,23016,56353
21456,1.1651752423564503,79369,23016,56353
21457,1.1651209395535256,79369,23016,56353
21458,1.1650666418119116,79369,23016,56353
21459,1.1650123491309008,79369,23016,56353
21460,1.1649580615097856,79369,23016,56353
21461,1.164903778947859,79369,23016,56353
21462,1.1648495014444133,79369,23016,56353
21463,1.164795228998742,79369,23016,56353
21464,1.1647409616101378,79369,23016,56353
21465,1.1646866992778941,79369,23016,56353
21466,1.1646324420013043,79369,23016,56353
21467,1.1645781897796619,79369,23016,56353
21468,1.16452394261226,79369,23016,56353
21469,1.164469700498393,79369,23016,56353
21470,1.1644154634373545,79369,23016,56353
21471,1.1643612314284384,79369,23016,56353
21472,1.164307004470939,79369,23016,56353
21473,1.1642527825641504,79369,23016,56353
21474,1.164198565707367,79369,23016,56353
21475,1.1641443538998837,79369,23016,56353
21476,1.1640901471409946,79369,23016,56353
21477,1.164035945429995,79369,23016,56353
21478,1.1639817487661794,79369,23016,56353
21479,1.163927557148843,79369,23016,56353
21480,1.1638733705772812,79369,23016,56353
21481,1.163819189050789,79369,23016,56353
21482,1.163765012568662,79369,23016,56353
21483,1.163710841130196,79369,23016,56353
21484,1.1636566747346864,79369,23016,56353
21485,1.163602513381429,79369,23016,56353
21486,1.1635483570697198,79369,23016,56353
21487,1.163494205798855,79369,23016,56353
21488,1.1634400595681311,79369,23016,56353
21489,1.163385918376844,79362,23016,56346
21490,1.1633317822242903,79362,23016,56346
21491,1.1632776511097669,79362,23016,56346
21492,1.1632235250325702,79362,23016,56346
21493,1.1631694039919973,79362,23016,56346
21494,1.1631152879873452,79362,23016,56346
21495,1.1630611770179111,79362,23016,56346
21496,1.1630070710829923,79362,23016,56346
21497,1.162952970181886,79362,23016,56346
21498,1.1628988743138897,79362,23016,56346
21499,1.1628447834783013,79362,23016,56346
21500,1.1627906976744187,79362,23016,56346
21501,1.1627366169015394,79362,23016,56346
21502,1.1626825411589619,79362,23016,56346
21503,1.1626284704459844,79362,23016,56346
21504,1.1625744047619047,79362,23016,56346
21505,1.162520344106022,79362,23016,56346
21506,1.1624662884776342,79362,23016,56346
21507,1.1624122378760404,79362,23016,56346
21508,1.1623581923005393,79362,23016,56346
21509,1.16230415175043,79362,23016,56346
21510,1.1622501162250116,79362,23016,56346
21511,1.1621960857235833,79362,23016,56346
21512,1.1621420602454444,79362,23016,56346
21513,1.1620880397898945,79362,23016,56346
21514,1.162034024356233,79362,23016,56346
21515,1.1619800139437602,79362,23016,56346
21516,1.1619260085517755,79362,23016,56346
21517,1.161872008179579,79362,23016,56346
21518,1.1618180128264708,79362,23016,56346
21519,1.1617640224917514,79362,23016,56346
21520,1.161710037174721,79362,23016,56346
21521,1.1616560568746805,79362,23016,56346
21522,1.1616020815909303,79362,23016,56346
21523,1.161548111322771,79362,23016,56346
21524,1.1614941460695039,79362,23016,56346
21525,1.1614401858304297,79360,23016,56344
21526,1.16138623060485,79360,23016,56344
21527,1.1613322803920658,79360,23016,56344
21528,1.1612783351913787,79360,23016,56344
21529,1.1612243950020902,79360,23016,56344
21530,1.1611704598235022,79360,23016,56344
21531,1.1611165296549162,79360,23016,56344
21532,1.1610626044956345,79360,23016,56344
21533,1.161008684344959,79360,23016,56344
21534,1.160954769202192,79360,23016,56344
21535,1.1609008590666356,79360,23016,56344
21536,1.160846953937593,79360,23016,56344
21537,1.160793053814366,79360,23016,56344
21538,1.1607391586962579,79360,23016,56344
21539,1.160685268582571,79360,23016,56344
21540,1.1606313834726092,79360,23016,56344
21541,1.1605775033656747,79360,23016,56344
21542,1.1605236282610714,79360,23016,56344
21543,1.1604697581581025,79360,23016,56344
21544,1.1604158930560713,79360,23016,56344
21545,1.1603620329542816,79360,23016,56344
21546,1.1603081778520374,79360,23016,56344
21547,1.1602543277486426,79360,23016,56344
21548,1.1602004826434007,79360,23016,56344
21549,1.1601466425356166,79360,23016,56344
21550,1.160092807424594,79360,23016,56344
21551,1.1600389773096376,79360,23016,56344
21552,1.159985152190052,79360,23016,56344
21553,1.1599313320651417,79360,23016,56344
21554,1.1598775169342117,79360,23016,56344
21555,1.1598237067965669,79360,23016,56344
21556,1.1597699016515124,79360,23016,56344
21557,1.1597161014983532,79360,23016,56344
21558,1.1596623063363949,79360,23016,56344
21559,1.1596085161649428,79360,23016,56344
21560,1.1595547309833023,79360,23016,56344
21561,1.1595009507907796,79360,23016,56344
21562,1.1594471755866802,79360,23016,56344
21563,1.1593934053703103,79360,23016,56344
21564,1.1593396401409757,79360,23016,56344
21565,1.1592858798979828,79360,23016,56344
21566,1.159232124640638,79360,23016,56344
21567,1.1591783743682478,79360,23016,56344
21568,1.1591246290801187,79360,23016,56344
21569,1.1590708887755574,79360,23016,56344
21570,1.1590171534538711,79360,23016,56344
21571,1.1589634231143666,79360,23016,56344
21572,1.1589096977563509,79360,23016,56344
21573,1.1588559773791314,79360,23016,56344
21574,1.1588022619820153,79360,23016,56344
21575,1.1587485515643106,79360,23016,56344
21576,1.1586948461253244,79360,23016,56344
21577,1.1586411456643648,79360,23016,56344
21578,1.1585874501807396,79360,23016,56344
21579,1.1585337596737568,79360,23016,56344
21580,1.1584800741427248,79360,23016,56344
21581,1.1584263935869514,79360,23016,56344
21582,1.1583727180057455,79360,23016,56344
21583,1.1583190473984155,79360,23016,56344
21584,1.1582653817642699,79360,23016,56344
21585,1.1582117211026175,79360,23016,56344
21586,1.1581580654127674,79360,23016,56344
21587,1.158104414694029,79360,23016,56344
21588,1.1580507689457107,79360,23016,56344
21589,1.1579971281671222,79360,23016,56344
21590,1.1579434923575729,79360,23016,56344
21591,1.1578898615163726,79360,23016,56344
21592,1.1578362356428307,79360,23016,56344
21593,1.157782614736257,79360,23016,56344
21594,1.1577289987959618,79360,23016,56344
21595,1.157675387821255,79360,23016,56344
21596,1.1576217818114465,79360,23016,56344
21597,1.157568180765847,79360,23016,56344
21598,1.1575145846837671,79360,23016,56344
21599,1.1574609935645168,79360,23016,56344
21600,1.1574074074074074,79360,23016,56344
21601,1.1573538262117495,79360,23016,56344
21602,1.157300249976854,79360,23016,56344
21603,1.1572466787020321,79360,23016,56344
21604,1.157193112386595,79360,23016,56344
21605,1.157139551029854,79360,23016,56344
21606,1.157085994631121,79360,23016,56344
21607,1.157032443189707,79360,23016,56344
21608,1.1569788967049242,79360,23016,56344
21609,1.156925355176084,79360,23016,56344
21610,1.1568718186024989,79360,23016,56344
21611,1.1568182869834807,79360,23016,56344
21612,1.1567647603183417,79360,23016,56344
21613,1.1567112386063942,79360,23016,56344
21614,1.1566577218469511,79360,23016,56344
21615,1.1566042100393246,79360,23016,56344
21616,1.1565507031828275,79360,23016,56344
21617,1.156497201276773,79360,23016,56344
21618,1.1564437043204736,79360,23016,56344
21619,1.156390212313243,79360,23016,56344
21620,1.1563367252543941,79360,23016,56344
21621,1.1562832431432404,79360,23016,56344
21622,1.1562297659790954,79360,23016,56344
21623,1.1561762937612727,79360,23016,56344
21624,1.1561228264890862,79360,23016,56344
21625,1.1560693641618498,79360,23016,56344
21626,1.1560159067788773,79360,23016,56344
21627,1.155962454339483,79360,23016,56344
21628,1.1559090068429814,79360,23016,56344
21629,1.1558555642886865,79360,23016,56344
21630,1.155802126675913,79360,23016,56344
21631,1.1557486940039758,79360,23016,56344
21632,1.1556952662721893,79360,23016,56344
21633,1.1556418434798688,79360,23016,56344
21634,1.155588425626329,79360,23016,56344
21635,1.1555350127108852,79360,23016,56344
21636,1.1554816047328527,79360,23016,56344
21637,1.155428201691547,79360,23016,56344
21638,1.1553748035862834,79360,23016,56344
21639,1.1553214104163778,79360,23016,56344
21640,1.155268022181146,79360,23016,56344
21641,1.1552146388799038,79360,23016,56344
21642,1.1551612605119674,79360,23016,56344
21643,1.155107887076653,79360,23016,56344
21644,1.1550545185732766,79360,23016,56344
21645,1.155001155001155,79360,23016,56344
21646,1.1549477963596047,79360,23016,56344
21647,1.154894442647942,79360,23016,56344
21648,1.154841093865484,79360,23016,56344
21649,1.154787750011548,79360,23016,56344
21650,1.1547344110854503,79360,23016,56344
21651,1.1546810770865088,79360,23016,56344
21652,1.1546277480140403,79360,23016,56344
21653,1.1545744238673625,79355,23020,56335
21654,1.1545211046457928,79355,23020,56335
21655,1.1544677903486493,79355,23020,56335
21656,1.1544144809752495,79355,23020,56335
21657,1.154361176524911,79355,23020,56335
21658,1.1543078769969526,79355,23020,56335
21659,1.154254582390692,79355,23020,56335
21660,1.154201292705448,79355,23020,56335
21661,1.1541480079405384,79355,23020,56335
21662,1.154094728095282,79355,23020,56335
21663,1.1540414531689978,79355,23020,56335
21664,1.1539881831610044,79355,23020,56335
21665,1.1539349180706209,79355,23020,56335
21666,1.153881657897166,79355,23020,56335
21667,1.1538284026399594,79355,23020,56335
21668,1.1537751522983202,79355,23020,56335
21669,1.1537219068715676,79355,23020,56335
21670,1.1536686663590217,79355,23020,56335
21671,1.153615430760002,79355,23020,56335
21672,1.153562200073828,79355,23020,56335
21673,1.1535089742998201,79355,23020,56335
21674,1.1534557534372982,79355,23020,56335
21675,1.1534025374855825,79355,23020,56335
21676,1.1533493264439934,79355,23020,56335
21677,1.1532961203118512,79355,23020,56335
21678,1.1532429190884768,79355,23020,56335
21679,1.1531897227731907,79355,23020,56335
21680,1.1531365313653137,79355,23020,56335
21681,1.1530833448641669,79355,23020,56335
21682,1.1530301632690712,79355,23020,56335
21683,1.1529769865793478,79355,23020,56335
21684,1.1529238147943184,79355,23020,56335
21685,1.1528706479133042,79355,23020,56335
21686,1.1528174859356266,79355,23020,56335
21687,1.1527643288606078,79355,23020,56335
21688,1.152711176687569,79355,23020,56335
21689,1.1526580294158328,79355,23020,56335
21690,1.152604887044721,79355,23020,56335
21691,1.1525517495735558,79355,23020,56335
21692,1.1524986170016596,79355,23020,56335
21693,1.1524454893283547,79355,23020,56335
21694,1.1523923665529638,79329,23020,56309
21695,1.1523392486748099,79329,23020,56309
21696,1.1522861356932153,79329,23020,56309
21697,1.1522330276075032,79329,23020,56309
21698,1.152179924416997,79329,23020,56309
21699,1.1521268261210194,79329,23020,56309
21700,1.152073732718894,79329,23020,56309
21701,1.1520206442099443,79329,23020,56309
21702,1.1519675605934936,79329,23020,56309
21703,1.151914481868866,79329,23020,56309
21704,1.1518614080353853,79329,23020,56309
21705,1.151808339092375,79329,23020,56309
21706,1.1517552750391598,79329,23020,56309
21707,1.1517022158750634,79329,23020,56309
21708,1.1516491615994104,79329,23020,56309
21709,1.1515961122115252,79329,23020,56309
21710,1.1515430677107323,79329,23020,56309
21711,1.1514900280963567,79329,23020,56309
21712,1.1514369933677229,79329,23020,56309
21713,1.151383963524156,79329,23020,56309
21714,1.151330938564981,79329,23020,56309
21715,1.1512779184895234,79329,23020,56309
21716,1.151224903297108,79329,23020,56309
21717,1.151171892987061,79329,23020,56309
21718,1.151118887558707,79329,23020,56309
21719,1.1510658870113726,79329,23020,56309
21720,1.1510128913443831,79329,23020,56309
21721,1.1509599005570645,79329,23020,56309
21722,1.1509069146487432,79329,23020,56309
21723,1.150853933618745,79329,23020,56309
21724,1.1508009574663967,79329,23020,56309
21725,1.1507479861910241,79329,23020,56309
21726,1.1506950197919543,79329,23020,56309
21727,1.1506420582685137,79329,23020,56309
21728,1.1505891016200294,79329,23020,56309
21729,1.1505361498458282,79329,23020,56309
21730,1.150483202945237,79329,23020,56309
21731,1.1504302609175832,79329,23020,56309
21732,1.150377323762194,79329,23020,56309
21733,1.150324391478397,79329,23020,56309
21734,1.1502714640655194,79329,23020,56309
21735,1.1502185415228894,79329,23020,56309
21736,1.1501656238498343,79329,23020,56309
21737,1.1501127110456826,79329,23020,56309
21738,1.1500598031097617,79329,23020,56309
21739,1.1500069000414002,79329,23020,56309
21740,1.1499540018399264,79329,23020,56309
21741,1.1499011085046686,79329,23020,56309
21742,1.1498482200349553,79329,23020,56309
21743,1.1497953364301154,79329,23020,56309
21744,1.1497424576894775,79329,23020,56309
21745,1.1496895838123706,79329,23020,56309
21746,1.1496367147981237,79329,23020,56309
21747,1.149583850646066,79329,23020,56309
21748,1.149530991355527,79329,23020,56309
21749,1.1494781369258358,79329,23020,56309
21750,1.1494252873563218,79329,23020,56309
21751,1.1493724426463152,79329,23020,56309
21752,1.1493196027951453,79329,23020,56309
21753,1.1492667678021422,79329,23020,56309
21754,1.149213937666636,79329,23020,56309
21755,1.1491611123879568,79329,23020,56309
21756,1.1491082919654347,79329,23020,56309
21757,1.1490554763984004,79329,23020,56309
21758,1.1490026656861845,79329,23020,56309
21759,1.1489498598281171,79329,23020,56309
21760,1.1488970588235294,79329,23020,56309
21761,1.1488442626717523,79306,23032,56274
21762,1.1487914713721166,79306,23032,56274
21763,1.1487386849239536,79306,23032,56274
21764,1.1486859033265944,79306,23032,56274
21765,1.1486331265793706,79306,23032,56274
21766,1.1485803546816136,79306,23032,56274
21767,1.1485275876326548,79306,23032,56274
21768,1.1484748254318264,79306,23032,56274
21769,1.1484220680784603,79306,23032,56274
21770,1.148369315571888,79306,23032,56274
21771,1.1483165679114418,79306,23032,56274
21772,1.148263825096454,79306,23032,56274
21773,1.1482110871262572,79306,23032,56274
21774,1.1481583540001836,79306,23032,56274
21775,1.148105625717566,79306,23032,56274
21776,1.148052902277737,79306,23032,56274
21777,1.1480001836800293,79306,23032,56274
21778,1.1479474699237764,79306,23032,56274
21779,1.1478947610083108,79306,23032,56274
21780,1.147842056932966,79306,23032,56274
21781,1.1477893576970755,79306,23032,56274
21782,1.1477366632999724,79306,23032,56274
21783,1.1476839737409907,79306,23032,56274
21784,1.1476312890194638,79306,23032,56274
21785,1.1475786091347258,79306,23032,56274
21786,1.1475259340861104,79306,23032,56274
21787,1.1474732638729517,79306,23032,56274
21788,1.1474205984945842,79306,23032,56274
21789,1.1473679379503419,79306,23032,56274
21790,1.1473152822395594,79306,23032,56274
21791,1.1472626313615713,79306,23032,56274
21792,1.1472099853157123,79306,23032,56274
21793,1.147157344101317,79306,23032,56274
21794,1.1471047077177206,79306,23032,56274
21795,1.1470520761642578,79306,23032,56274
21796,1.1469994494402642,79306,23032,56274
21797,1.146946827545075,79306,23032,56274
21798,1.1468942104780255,79306,23032,56274
21799,1.1468415982384512,79306,23032,56274
21800,1.146788990825688,79306,23032,56274
21801,1.1467363882390715,79306,23032,56274
21802,1.146683790477938,79306,23032,56274
21803,1.1466311975416228,79306,23032,56274
21804,1.1465786094294625,79306,23032,56274
21805,1.1465260261407935,79306,23032,56274
21806,1.1464734476749519,79306,23032,56274
21807,1.1464208740312745,79306,23032,56274
21808,1.1463683052090976,79306,23032,56274
21809,1.1463157412077583,79306,23032,56274
21810,1.1462631820265934,79306,23032,56274
21811,1.1462106276649398,79306,23032,56274
21812,1.1461580781221345,79306,23032,56274
21813,1.1461055333975152,79306,23032,56274
21814,1.146052993490419,79306,23032,56274
21815,1.1460004584001833,79306,23032,56274
21816,1.145947928126146,79306,23032,56274
21817,1.1458954026676444,79306,23032,56274
21818,1.145842882024017,79306,23032,56274
21819,1.145790366194601,79306,23032,56274
21820,1.1457378551787352,79306,23032,56274
21821,1.1456853489757572,79306,23032,56274
21822,1.145632847585006,79306,23032,56274
21823,1.1455803510058196,79306,23032,56274
21824,1.1455278592375366,79306,23032,56274
21825,1.145475372279496,79306,23032,56274
21826,1.1454228901310364,79306,23032,56274
21827,1.1453704127914968,79306,23032,56274
21828,1.1453179402602163,79306,23032,56274
21829,1.1452654725365339,79306,23032,56274
21830,1.1452130096197892,79306,23032,56274
21831,1.1451605515093215,79306,23032,56274
21832,1.1451080982044706,79306,23032,56274
21833,1.1450556497045756,79306,23032,56274
21834,1.1450032060089768,79306,23032,56274
21835,1.144950767117014,79306,23032,56274
21836,1.1448983330280271,79306,23032,56274
21837,1.1448459037413563,79306,23032,56274
21838,1.1447934792563421,79306,23032,56274
21839,1.1447410595723246,79306,23032,56274
21840,1.1446886446886446,79306,23032,56274
21841,1.1446362346046426,79306,23032,56274
21842,1.1445838293196593,79295,23032,56263
21843,1.1445314288330357,79295,23032,56263
21844,1.1444790331441128,79295,23032,56263
21845,1.1444266422522316,79295,23032,56263
21846,1.1443742561567336,79295,23032,56263
21847,1.1443218748569597,79295,23032,56263
21848,1.144269498352252,79295,23032,56263
21849,1.1442171266419516,79295,23032,56263
21850,1.1441647597254005,79295,23032,56263
21851,1.1441123976019405,79295,23032,56263
21852,1.1440600402709133,79295,23032,56263
21853,1.1440076877316616,79295,23032,56263
21854,1.143955339983527,79295,23032,56263
21855,1.1439029970258523,79295,23032,56263
21856,1.1438506588579795,79295,23032,56263
21857,1.1437983254792514,79295,23032,56263
21858,1.143745996889011,79295,23032,56263
21859,1.1436936730866005,79295,23032,56263
21860,1.1436413540713632,79295,23032,56263
21861,1.143589039842642,79295,23032,56263
21862,1.1435367303997805,79295,23032,56263
21863,1.1434844257421215,79295,23032,56263
21864,1.1434321258690083,79295,23032,56263
21865,1.1433798307797851,79295,23032,56263
21866,1.143327540473795,79295,23032,56263
21867,1.143275254950382,79295,23032,56263
21868,1.1432229742088897,79295,23032,56263
21869,1.1431706982486625,79295,23032,56263
21870,1.1431184270690444,79295,23032,56263
21871,1.1430661606693795,79295,23032,56263
21872,1.1430138990490124,79295,23032,56263
21873,1.1429616422072875,79295,23032,56263
21874,1.1429093901435494,79295,23032,56263
21875,1.1428571428571428,79295,23032,56263
21876,1.1428049003474128,79295,23032,56263
21877,1.142752662613704,79295,23032,56263
21878,1.1427004296553616,79295,23032,56263
21879,1.142648201471731,79295,23032,56263
21880,1.1425959780621573,79295,23032,56263
21881,1.142543759425986,79295,23032,56263
21882,1.1424915455625628,79295,23032,56263
21883,1.1424393364712333,79295,23032,56263
21884,1.1423871321513435,79295,23032,56263
21885,1.142334932602239,79295,23032,56263
21886,1.142282737823266,79295,23032,56263
21887,1.1422305478137706,79295,23032,56263
21888,1.1421783625730995,79295,23032,56263
21889,1.1421261821005986,79295,23032,56263
21890,1.1420740063956145,79295,23032,56263
21891,1.142021835457494,79295,23032,56263
21892,1.1419696692855839,79295,23032,56263
21893,1.1419175078792307,79295,23032,56263
21894,1.141865351237782,79295,23032,56263
21895,1.1418131993605847,79295,23032,56263
21896,1.1417610522469857,79295,23032,56263
21897,1.141708909896333,79295,23032,56263
21898,1.1416567723079734,79295,23032,56263
21899,1.141604639481255,79295,23032,56263
21900,1.1415525114155252,79295,23032,56263
21901,1.141500388110132,79295,23032,56263
21902,1.1414482695644232,79295,23032,56263
21903,1.1413961557777474,79295,23032,56263
21904,1.1413440467494522,79295,23032,56263
21905,1.141291942478886,79295,23032,56263
21906,1.1412398429653976,79295,23032,56263
21907,1.1411877482083352,79295,23032,56263
21908,1.1411356582070475,79295,23032,56263
21909,1.1410835729608837,79295,23032,56263
21910,1.1410314924691922,79295,23032,56263
21911,1.140979416731322,79295,23032,56263
21912,1.140927345746623,79295,23032,56263
21913,1.1408752795144435,79295,23032,56263
21914,1.1408232180341333,79295,23032,56263
21915,1.1407711613050422,79295,23032,56263
21916,1.1407191093265194,79295,23032,56263
21917,1.140667062097915,79295,23032,56263
21918,1.1406150196185783,79295,23032,56263
21919,1.1405629818878598,79295,23032,56263
21920,1.1405109489051095,79295,23032,56263
21921,1.1404589206696776,79295,23032,56263
21922,1.1404068971809143,79295,23032,56263
21923,1.1403548784381698,79295,23032,56263
21924,1.1403028644407955,79295,23032,56263
21925,1.1402508551881414,79295,23032,56263
21926,1.1401988506795586,79295,23032,56263
21927,1.1401468509143977,79295,23032,56263
21928,1.1400948558920103,79295,23032,56263
21929,1.140042865611747,79295,23032,56263
21930,1.1399908800729595,79295,23032,56263
21931,1.1399388992749988,79295,23032,56263
21932,1.1398869232172169,79295,23032,56263
21933,1.139834951898965,79295,23032,56263
21934,1.139782985319595,79295,23032,56263
21935,1.139731023478459,79295,23032,56263
21936,1.1396790663749088,79295,23032,56263
21937,1.1396271140082965,79295,23032,56263
21938,1.1395751663779743,79295,23032,56263
21939,1.1395232234832946,79295,23032,56263
21940,1.1394712853236098,79295,23032,56263
21941,1.1394193518982727,79295,23032,56263
21942,1.1393674232066358,79295,23032,56263
21943,1.1393154992480519,79295,23032,56263
21944,1.1392635800218738,79295,23032,56263
21945,1.139211665527455,79295,23032,56263
21946,1.1391597557641484,79295,23032,56263
21947,1.1391078507313073,79295,23032,56263
21948,1.1390559504282851,79295,23032,56263
21949,1.1390040548544353,79295,23032,56263
21950,1.1389521640091116,79295,23032,56263
21951,1.1389002778916677,79295,23032,56263
21952,1.1388483965014577,79295,23032,56263
21953,1.1387965198378354,79295,23032,56263
21954,1.1387446479001548,79295,23032,56263
21955,1.1386927806877705,79295,23032,56263
21956,1.1386409182000365,79295,23032,56263
21957,1.1385890604363074,79295,23032,56263
21958,1.1385372073959377,79295,23032,56263
21959,1.1384853590782822,79295,23032,56263
21960,1.138433515482696,79295,23032,56263
21961,1.1383816766085333,79295,23032,56263
21962,1.1383298424551498,79295,23032,56263
21963,1.1382780130219006,79295,23032,56263
21964,1.1382261883081406,79295,23032,56263
21965,1.1381743683132255,79295,23032,56263
21966,1.1381225530365109,79295,23032,56263
21967,1.1380707424773524,79295,23032,56263
21968,1.1380189366351057,79295,23032,56263
21969,1.1379671355091265,79295,23032,56263
21970,1.137915339098771,79295,23032,56263
21971,1.1378635474033953,79295,23032,56263
21972,1.1378117604223557,79295,23032,56263
21973,1.1377599781550085,79295,23032,56263
21974,1.13770820060071,79295,23032,56263
21975,1.1376564277588168,79295,23032,56263
21976,1.1376046596286857,79295,23032,56263
21977,1.1375528962096737,79295,23032,56263
21978,1.1375011375011375,79295,23032,56263
21979,1.1374493835024342,79295,23032,56263
21980,1.1373976342129208,79295,23032,56263
21981,1.1373458896319548,79295,23032,56263
21982,1.1372941497588935,79295,23032,56263
21983,1.1372424145930946,79295,23032,56263
21984,1.1371906841339157,79295,23032,56263
21985,1.137138958380714,79295,23032,56263
21986,1.1370872373328482,79295,23032,56263
21987,1.1370355209896756,79295,23032,56263
21988,1.1369838093505549,79295,23032,56263
21989,1.1369321024148438,79295,23032,56263
21990,1.1368804001819008,79295,23032,56263
21991,1.1368287026510846,79295,23032,56263
21992,1.1367770098217533,79295,23032,56263
21993,1.136725321693266,79295,23032,56263
21994,1.1366736382649814,79295,23032,56263
21995,1.1366219595362583,79295,23032,56263
21996,1.1365702855064557,79295,23032,56263
21997,1.136518616174933,79295,23032,56263
21998,1.1364669515410493,79295,23032,56263
21999,1.1364152916041639,79295,23032,56263
22000,1.1363636363636365,79295,23032,56263
22001,1.1363119858188264,79295,23032,56263
22002,1.1362603399690938,79295,23032,56263
22003,1.136208698813798,79295,23032,56263
22004,1.1361570623522996,79295,23032,56263
22005,1.1361054305839582,79295,23032,56263
22006,1.1360538035081342,79295,23032,56263
22007,1.1360021811241878,79295,23032,56263
22008,1.1359505634314795,79295,23032,56263
22009,1.1358989504293697,79295,23032,56263
22010,1.1358473421172195,79295,23032,56263
22011,1.135795738494389,79295,23032,56263
22012,1.13574413956024,79295,23032,56263
22013,1.1356925453141327,79295,23032,56263
22014,1.1356409557554283,79295,23032,56263
22015,1.1355893708834885,79295,23032,56263
22016,1.1355377906976745,79295,23032,56263
22017,1.1354862151973475,79295,23032,56263
22018,1.1354346443818695,79295,23032,56263
22019,1.1353830782506018,79295,23032,56263
22020,1.1353315168029066,79295,23032,56263
22021,1.1352799600381454,79295,23032,56263
22022,1.1352284079556807,79295,23032,56263
22023,1.1351768605548744,79295,23032,56263
22024,1.135125317835089,79295,23032,56263
22025,1.1350737797956867,79295,23032,56263
22026,1.1350222464360302,79295,23032,56263
22027,1.134970717755482,79295,23032,56263
22028,1.1349191937534047,79295,23032,56263
22029,1.1348676744291615,79295,23032,56263
22030,1.1348161597821154,79295,23032,56263
22031,1.134764649811629,79295,23032,56263
22032,1.1347131445170662,79295,23032,56263
22033,1.1346616438977897,79295,23032,56263
22034,1.1346101479531634,79295,23032,56263
22035,1.1345586566825505,79295,23032,56263
22036,1.1345071700853149,79295,23032,56263
22037,1.1344556881608205,79295,23032,56263
22038,1.134404210908431,79295,23032,56263
22039,1.1343527383275103,79295,23032,56263
22040,1.134301270417423,79295,23032,56263
22041,1.1342498071775329,79295,23032,56263
22042,1.1341983486072045,79295,23032,56263
22043,1.1341468947058022,79295,23032,56263
22044,1.134095445472691,79295,23032,56263
22045,1.1340440009072352,79295,23032,56263
22046,1.1339925610087997,79295,23032,56263
22047,1.1339411257767498,79295,23032,56263
22048,1.13388969521045,79295,23032,56263
22049,1.1338382693092657,79295,23032,56263
22050,1.1337868480725624,79295,23032,56263
22051,1.1337354314997052,79295,23032,56263
22052,1.13368401959006,79295,23032,56263
22053,1.1336326123429918,79295,23032,56263
22054,1.133581209757867,79295,23032,56263
22055,1.1335298118340513,79295,23032,56263
22056,1.1334784185709104,79295,23032,56263
22057,1.1334270299678106,79295,23032,56263
22058,1.1333756460241182,79295,23032,56263
22059,1.1333242667391994,79295,23032,56263
22060,1.1332728921124207,79295,23032,56263
22061,1.1332215221431485,79295,23032,56263
22062,1.1331701568307497,79295,23032,56263
22063,1.133118796174591,79295,23032,56263
22064,1.1330674401740393,79295,23032,56263
22065,1.1330160888284613,79295,23032,56263
22066,1.1329647421372246,79295,23032,56263
22067,1.1329134000996963,79295,23032,56263
22068,1.1328620627152437,79295,23032,56263
22069,1.1328107299832344,79295,23032,56263
22070,1.1327594019030358,79295,23032,56263
22071,1.1327080784740158,79295,23032,56263
22072,1.132656759695542,79295,23032,56263
22073,1.1326054455669823,79295,23032,56263
22074,1.132554136087705,79295,23032,56263
22075,1.1325028312570782,79295,23032,56263
22076,1.13245153107447,79295,23032,56263
22077,1.132400235539249,79295,23032,56263
22078,1.1323489446507835,79295,23032,56263
22079,1.1322976584084423,79295,23032,56263
22080,1.1322463768115942,79295,23032,56263
22081,1.1321950998596078,79295,23032,56263
22082,1.1321438275518523,79295,23032,56263
22083,1.1320925598876965,79295,23032,56263
22084,1.1320412968665097,79295,23032,56263
22085,1.1319900384876613,79295,23032,56263
22086,1.1319387847505207,79295,23032,56263
22087,1.1318875356544573,79295,23032,56263
22088,1.131836291198841,79295,23032,56263
22089,1.1317850513830414,79295,23032,56263
22090,1.1317338162064283,79295,23032,56263
22091,1.1316825856683717,79295,23032,56263
22092,1.131631359768242,79295,23032,56263
22093,1.131580138505409,79295,23032,56263
22094,1.1315289218792433,79295,23032,56263
22095,1.1314777098891151,79295,23002,56293
22096,1.1314265025343955,79295,23002,56293
22097,1.1313752998144544,79215,22858,56357
22098,1.1313241017286633,79215,22858,56357
22099,1.1312729082763926,79215,22858,56357
22100,1.1312217194570136,79215,22858,56357
22101,1.1311705352698973,79215,22858,56357
22102,1.131119355714415,79215,22858,56357
22103,1.131068180789938,79215,22858,56357
22104,1.131017010495838,79215,22858,56357
22105,1.130965844831486,79215,22858,56357
22106,1.1309146837962545,79215,22858,56357
22107,1.1308635273895147,79215,22858,56357
22108,1.1308123756106387,79215,22858,56357
22109,1.1307612284589985,79215,22858,56357
22110,1.1307100859339665,79215,22858,56357
22111,1.1306589480349147,79215,22858,56357
22112,1.1306078147612155,79215,22858,56357
22113,1.1305566861122416,79215,22858,56357
22114,1.1305055620873654,79215,22858,56357
22115,1.1304544426859597,79215,22858,56357
22116,1.1304033279073973,79215,22858,56357
22117,1.1303522177510512,79215,22858,56357
22118,1.1303011122162945,79215,22858,56357
22119,1.1302500113025,79215,22858,56357
22120,1.1301989150090417,79215,22858,56357
22121,1.1301478233352922,79215,22858,56357
22122,1.1300967362806256,79215,22858,56357
22123,1.1300456538444152,79215,22858,56357
22124,1.129994576026035,79215,22858,56357
22125,1.1299435028248588,79215,22858,56357
22126,1.1298924342402603,79215,22858,56357
22127,1.129841370271614,79215,22858,56357
22128,1.1297903109182936,79215,22858,56357
22129,1.1297392561796737,79215,22858,56357
22130,1.1296882060551288,79215,22858,56357
22131,1.1296371605440332,79215,22858,56357
22132,1.1295861196457617,79215,22858,56357
22133,1.129535083359689,79215,22858,56357
22134,1.1294840516851903,79215,22858,56357
22135,1.12943302462164,79215,22858,56357
22136,1.1293820021684133,79215,22858,56357
22137,1.129330984324886,79215,22858,56357
22138,1.1292799710904327,79215,22858,56357
22139,1.1292289624644294,79215,22858,56357
22140,1.1291779584462511,79215,22858,56357
22141,1.129126959035274,79215,22858,56357
22142,1.1290759642308734,79215,22858,56357
22143,1.1290249740324256,79215,22858,56357
22144,1.1289739884393064,79215,22858,56357
22145,1.1289230074508918,79215,22858,56357
22146,1.1288720310665583,79215,22858,56357
22147,1.128821059285682,79215,22858,56357
22148,1.1287700921076396,79215,22858,56357
22149,1.1287191295318073,79215,22858,56357
22150,1.1286681715575622,79215,22858,56357
22151,1.1286172181842806,79215,22858,56357
22152,1.1285662694113399,79215,22858,56357
22153,1.1285153252381168,79215,22858,56357
22154,1.1284643856639884,79215,22858,56357
22155,1.128413450688332,79215,22858,56357
22156,1.1283625203105254,79215,22858,56357
22157,1.1283115945299453,79215,22858,56357
22158,1.12826067334597,79215,22858,56357
22159,1.1282097567579765,79215,22858,56357
22160,1.128158844765343,79215,22858,56357
22161,1.1281079373674474,79215,22858,56357
22162,1.1280570345636676,79215,22858,56357
22163,1.1280061363533818,79215,22858,56357
22164,1.1279552427359683,79215,22858,56357
22165,1.1279043537108053,79215,22858,56357
22166,1.1278534692772715,79215,22858,56357
22167,1.1278025894347454,79215,22858,56357
22168,1.1277517141826054,79215,22858,56357
22169,1.127700843520231,79215,22858,56357
22170,1.1276499774470004,79215,22858,56357
22171,1.1275991159622931,79215,22858,56357
22172,1.127548259065488,79215,22858,56357
22173,1.1274974067559644,79215,22858,56357
22174,1.1274465590331018,79215,22858,56357
22175,1.1273957158962795,79215,22858,56357
22176,1.1273448773448773,79215,22858,56357
22177,1.1272940433782748,79215,22858,56357
22178,1.1272432139958517,79215,22858,56357
22179,1.1271923891969882,79215,22858,56357
22180,1.127141568981064,79215,22858,56357
22181,1.1270907533474595,79215,22858,56357
22182,1.127039942295555,79215,22858,56357
22183,1.1269891358247306,79215,22858,56357
22184,1.126938333934367,79215,22858,56357
22185,1.1268875366238449,79215,22858,56357
22186,1.1268367438925448,79215,22858,56357
22187,1.1267859557398476,79215,22858,56357
22188,1.1267351721651344,79215,22858,56357
22189,1.126684393167786,79215,22858,56357
22190,1.1266336187471835,79215,22858,56357
22191,1.1265828489027083,79215,22858,56357
22192,1.1265320836337418,79215,22858,56357
22193,1.1264813229396657,79215,22858,56357
22194,1.1264305668198613,79215,22858,56357
22195,1.1263798152737103,79215,22858,56357
22196,1.1263290683005946,79215,22858,56357
22197,1.1262783258998963,79215,22858,56357
22198,1.1262275880709973,79215,22858,56357
22199,1.1261768548132798,79215,22858,56357
22200,1.1261261261261262,79215,22858,56357
22201,1.1260754020089185,79215,22858,56357
22202,1.1260246824610396,79215,22858,56357
22203,1.1259739674818718,79215,22858,56357
22204,1.125923257070798,79215,22858,56357
22205,1.125872551227201,79215,22858,56357
22206,1.1258218499504637,79215,22858,56357
22207,1.1257711532399695,79215,22858,56357
22208,1.1257204610951008,79215,22858,56357
22209,1.1256697735152417,79215,22858,56357
22210,1.125619090499775,79215,22858,56357
22211,1.1255684120480842,79215,22858,56357
22212,1.1255177381595534,79215,22858,56357
22213,1.125467068833566,79215,22858,56357
22214,1.1254164040695058,79215,22858,56357
22215,1.1253657438667568,79215,22858,56357
22216,1.125315088224703,79215,22858,56357
22217,1.1252644371427285,79215,22858,56357
22218,1.1252137906202178,79215,22858,56357
22219,1.1251631486565552,79215,22858,56357
22220,1.125112511251125,79215,22858,56357
22221,1.1250618784033122,79215,22858,56357
22222,1.1250112501125011,79215,22858,56357
22223,1.1249606263780767,79215,22858,56357
22224,1.124910007199424,79215,22858,56357
22225,1.124859392575928,79215,22858,56357
22226,1.124808782506974,79215,22858,56357
22227,1.1247581769919468,79215,22858,56357
22228,1.124707576030232,79215,22858,56357
22229,1.1246569796212156,79215,22858,56357
22230,1.1246063877642825,79215,22858,56357
22231,1.1245558004588188,79215,22858,56357
22232,1.12450521770421,79215,22858,56357
22233,1.1244546394998425,79215,22858,56357
22234,1.124404065845102,79215,22858,56357
22235,1.124353496739375,79215,22858,56357
22236,1.124302932182047,79215,22858,56357
22237,1.1242523721725053,79215,22858,56357
22238,1.1242018167101357,79215,22858,56357
22239,1.1241512657943253,79215,22858,56357
22240,1.1241007194244603,79215,22858,56357
22241,1.124050177599928,79215,22858,56357
22242,1.1239996403201151,79215,22858,56357
22243,1.1239491075844086,79215,22858,56357
22244,1.1238985793921956,79215,22858,56357
22245,1.1238480557428636,79215,22858,56357
22246,1.1237975366357997,79215,22858,56357
22247,1.1237470220703916,79215,22858,56357
22248,1.1236965120460267,79215,22858,56357
22249,1.1236460065620926,79215,22858,56357
22250,1.1235955056179776,79215,22858,56357
22251,1.123545009213069,79215,22858,56357
22252,1.1234945173467554,79215,22858,56357
22253,1.1234440300184245,79215,22858,56357
22254,1.1233935472274648,79215,22858,56357
22255,1.1233430689732644,79205,22858,56347
22256,1.123292595255212,79205,22858,56347
22257,1.1232421260726961,79205,22858,56347
22258,1.1231916614251056,79205,22858,56347
22259,1.123141201311829,79205,22858,56347
22260,1.1230907457322552,79205,22858,56347
22261,1.1230402946857734,79205,22858,56347
22262,1.1229898481717726,79205,22858,56347
22263,1.122939406189642,79205,22858,56347
22264,1.122888968738771,79205,22858,56347
22265,1.1228385358185493,79205,22858,56347
22266,1.122788107428366,79205,22858,56347
22267,1.1227376835676113,79205,22858,56347
22268,1.1226872642356744,79205,22858,56347
22269,1.1226368494319459,79205,22858,56347
22270,1.122586439155815,79205,22858,56347
22271,1.1225360334066723,79205,22858,56347
22272,1.122485632183908,79205,22858,56347
22273,1.1224352354869125,79205,22858,56347
22274,1.1223848433150758,79205,22858,56347
22275,1.122334455667789,79205,22858,56347
22276,1.1222840725444425,79205,22858,56347
22277,1.122233693944427,79205,22858,56347
22278,1.1221833198671336,79205,22858,56347
22279,1.122132950311953,79205,22858,56347
22280,1.1220825852782765,79205,22858,56347
22281,1.1220322247654952,79205,22858,56347
22282,1.1219818687730005,79205,22858,56347
22283,1.121931517300184,79205,22858,56347
22284,1.1218811703464369,79205,22858,56347
22285,1.121830827911151,79205,22858,56347
22286,1.121780489993718,79205,22858,56347
22287,1.1217301565935298,79205,22858,56347
22288,1.1216798277099784,79205,22858,56347
22289,1.121629503342456,79205,22858,56347
22290,1.1215791834903543,79205,22858,56347
22291,1.1215288681530662,79205,22858,56347
22292,1.121478557329984,79205,22858,56347
22293,1.1214282510204998,79205,22858,56347
22294,1.1213779492240064,79205,22858,56347
22295,1.121327651939897,79205,22858,56347
22296,1.1212773591675638,79205,22858,56347
22297,1.1212270709064,79205,22858,56347
22298,1.1211767871557987,79205,22858,56347
22299,1.1211265079151531,79205,22858,56347
22300,1.1210762331838564,79205,22858,56347
22301,1.1210259629613022,79205,22858,56347
22302,1.1209756972468836,79205,22858,56347
22303,1.1209254360399947,79205,22858,56347
22304,1.1208751793400287,79205,22858,56347
22305,1.1208249271463797,79205,22858,56347
22306,1.1207746794584417,79205,22858,56347
22307,1.1207244362756086,79205,22858,56347
22308,1.1206741975972745,79205,22858,56347
22309,1.1206239634228339,79205,22858,56347
22310,1.1205737337516808,79205,22858,56347
22311,1.1205235085832101,79205,22858,56347
22312,1.120473287916816,79205,22858,56347
22313,1.1204230717518935,79205,22858,56347
22314,1.1203728600878373,79205,22858,56347
22315,1.1203226529240422,79205,22858,56347
22316,1.1202724502599033,79205,22858,56347
22317,1.1202222520948155,79205,22858,56347
22318,1.1201720584281745,79205,22858,56347
22319,1.1201218692593755,79205,22858,56347
22320,1.1200716845878136,79205,22858,56347
22321,1.1200215044128847,79205,22858,56347
22322,1.1199713287339843,79205,22858,56347
22323,1.1199211575505084,79205,22858,56347
22324,1.1198709908618527,79205,22858,56347
22325,1.1198208286674132,79205,22858,56347
22326,1.119770670966586,79205,22858,56347
22327,1.1197205177587675,79205,22858,56347
22328,1.1196703690433536,79209,22858,56351
22329,1.119620224819741,79209,22858,56351
22330,1.1195700850873265,79209,22858,56351
22331,1.1195199498455062,79209,22858,56351
22332,1.1194698190936772,79209,22858,56351
22333,1.1194196928312363,79209,22858,56351
22334,1.1193695710575804,79209,22858,56351
22335,1.1193194537721065,79209,22858,56351
22336,1.119269340974212,79209,22858,56351
22337,1.1192192326632942,79209,22858,56351
22338,1.1191691288387502,79209,22858,56351
22339,1.1191190294999775,79209,22858,56351
22340,1.1190689346463742,79209,22858,56351
22341,1.1190188442773377,79209,22858,56351
22342,1.1189687583922656,79209,22858,56351
22343,1.1189186769905564,79209,22858,56351
22344,1.1188686000716075,79209,22858,56351
22345,1.1188185276348177,79209,22858,56351
22346,1.1187684596795846,79209,22858,56351
22347,1.118718396205307,79209,22858,56351
22348,1.1186683372113835,79209,22858,56351
22349,1.1186182826972124,79209,22858,56351
22350,1.1185682326621924,79209,22858,56351
22351,1.1185181871057224,79209,22858,56351
22352,1.1184681460272012,79209,22858,56351
22353,1.118418109426028,79209,22858,56351
22354,1.1183680773016016,79209,22858,56351
22355,1.1183180496533214,79209,22858,56351
22356,1.1182680264805869,79209,22858,56351
22357,1.1182180077827972,79209,22858,56351
22358,1.1181679935593523,79209,22858,56351
22359,1.1181179838096515,79209,22858,56351
22360,1.118067978533095,79209,22858,56351
22361,1.118017977729082,79209,22858,56351
22362,1.1179679813970127,79209,22858,56351
22363,1.1179179895362876,79209,22858,56351
22364,1.1178680021463065,79209,22858,56351
22365,1.11781801922647,79209,22858,56351
22366,1.117768040776178,79209,22858,56351
22367,1.1177180667948317,79209,22858,56351
22368,1.1176680972818311,79209,22858,56351
22369,1.1176181322365775,79209,22858,56351
22370,1.117568171658471,79209,22858,56351
22371,1.1175182155469134,79209,22858,56351
22372,1.1174682639013052,79209,22858,56351
22373,1.1174183167210476,79209,22858,56351
22374,1.1173683740055422,79209,22858,56351
22375,1.1173184357541899,79209,22858,56351
22376,1.1172685019663926,79209,22858,56351
22377,1.1172185726415516,79209,22858,56351
22378,1.1171686477790688,79209,22858,56351
22379,1.1171187273783458,79209,22858,56351
22380,1.1170688114387846,79209,22858,56351
22381,1.1170188999597874,79209,22858,56351
22382,1.116968992940756,79209,22858,56351
22383,1.1169190903810928,79209,22858,56351
22384,1.1168691922802,79209,22858,56351
22385,1.1168192986374805,79209,22858,56351
22386,1.1167694094523364,79209,22858,56351
22387,1.1167195247241704,79209,22858,56351
22388,1.1166696444523851,79209,22858,56351
22389,1.116619768636384,79209,22858,56351
22390,1.1165698972755695,79209,22858,56351
22391,1.1165200303693448,79209,22858,56351
22392,1.1164701679171132,79209,22858,56351
22393,1.1164203099182781,79209,22858,56351
22394,1.1163704563722425,79209,22858,56351
22395,1.1163206072784104,79209,22858,56351
22396,1.116270762636185,79209,22858,56351
22397,1.1162209224449704,79209,22858,56351
22398,1.11617108670417,79209,22858,56351
22399,1.116121255413188,79209,22858,56351
22400,1.1160714285714286,79209,22858,56351
22401,1.1160216061782957,79209,22858,56351
22402,1.1159717882331934,79209,22858,56351
22403,1.1159219747355265,79209,22858,56351
22404,1.1158721656846993,79209,22858,56351
22405,1.1158223610801161,79209,22858,56351
22406,1.115772560921182,79209,22858,56351
22407,1.1157227652073012,79209,22858,56351
22408,1.1156729739378792,79209,22858,56351
22409,1.115623187112321,79209,22858,56351
22410,1.1155734047300312,79209,22858,56351
22411,1.1155236267904154,79209,22858,56351
22412,1.1154738532928787,79209,22858,56351
22413,1.1154240842368268,79209,22858,56351
22414,1.115374319621665,79209,22858,56351
22415,1.115324559446799,79209,22858,56351
22416,1.1152748037116345,79209,22858,56351
22417,1.1152250524155776,79209,22858,56351
22418,1.1151753055580338,79209,22858,56351
22419,1.1151255631384094,79206,22858,56348
22420,1.1150758251561106,79206,22858,56348
22421,1.1150260916105437,79206,22858,56348
22422,1.1149763625011149,79206,22858,56348
22423,1.114926637827231,79206,22858,56348
22424,1.1148769175882982,79206,22858,56348
22425,1.1148272017837235,79206,22858,56348
22426,1.1147774904129135,79206,22858,56348
22427,1.1147277834752753,79206,22858,56348
22428,1.1146780809702157,79206,22858,56348
22429,1.1146283828971422,79206,22858,56348
22430,1.1145786892554614,79206,22858,56348
22431,1.114529000044581,79206,22858,56348
22432,1.1144793152639088,79206,22858,56348
22433,1.1144296349128515,79206,22858,56348
22434,1.1143799589908174,79206,22858,56348
22435,1.114330287497214,79206,22858,56348
22436,1.1142806204314495,79206,22858,56348
22437,1.1142309577929312,79206,22858,56348
22438,1.1141812995810678,79206,22858,56348
22439,1.1141316457952672,79206,22858,56348
22440,1.1140819964349375,79206,22858,56348
22441,1.1140323514994876,79206,22858,56348
22442,1.1139827109883254,79206,22858,56348
22443,1.11393307490086,79206,22858,56348
22444,1.1138834432364997,79206,22858,56348
22445,1.1138338159946537,79206,22858,56348
22446,1.1137841931747305,79206,22858,56348
22447,1.1137345747761394,79206,22858,56348
22448,1.1136849607982893,79206,22858,56348
22449,1.1136353512405899,79206,22858,56348
22450,1.1135857461024499,79206,22858,56348
22451,1.113536145383279,79206,22858,56348
22452,1.113486549082487,79206,22858,56348
22453,1.1134369571994833,79206,22858,56348
22454,1.1133873697336778,79208,22867,56341
22455,1.11333778668448,79208,22867,56341
22456,1.1132882080513002,79208,22867,56341
22457,1.1132386338335485,79188,22867,56321
22458,1.113189064030635,79188,22867,56321
22459,1.1131394986419698,79188,22867,56321
22460,1.1130899376669634,79188,22867,56321
22461,1.1130403811050265,79188,22867,56321
22462,1.1129908289555694,79188,22867,56321
22463,1.1129412812180028,79188,22867,56321
22464,1.1128917378917378,79188,22867,56321
22465,1.1128421989761852,79188,22867,56321
22466,1.1127926644707558,79188,22867,56321
22467,1.1127431343748608,79188,22867,56321
22468,1.1126936086879118,79188,22867,56321
22469,1.1126440874093195,79188,22867,56321
22470,1.1125945705384959,79188,22867,56321
22471,1.112545058074852,79188,22867,56321
22472,1.1124955500178,79188,22867,56321
22473,1.1124460463667512,79188,22867,56321
22474,1.1123965471211177,79188,22867,56321
22475,1.1123470522803114,79188,22867,56321
22476,1.1122975618437445,79188,22867,56321
22477,1.1122480758108289,79188,22867,56321
22478,1.1121985941809769,79188,22867,56321
22479,1.112149116953601,79188,22867,56321
22480,1.112099644128114,79188,22867,56321
22481,1.1120501757039278,79188,22867,56321
22482,1.1120007116804556,79188,22867,56321
22483,1.1119512520571098,79188,22867,56321
22484,1.1119017968333036,79188,22867,56321
22485,1.1118523460084502,79188,22867,56321
22486,1.1118028995819622,79188,22867,56321
22487,1.111753457553253,79188,22867,56321
22488,1.111704019921736,79188,22867,56321
22489,1.1116545866868246,79188,22867,56321
22490,1.1116051578479325,79188,22867,56321
22491,1.111555733404473,79188,22867,56321
22492,1.1115063133558598,79188,22867,56321
22493,1.1114568977015071,79188,22867,56321
22494,1.1114074864408288,79188,22867,56321
22495,1.1113580795732385,79188,22867,56321
22496,1.1113086770981508,79188,22867,56321
22497,1.1112592790149798,79188,22867,56321
22498,1.1112098853231398,79188,22867,56321
22499,1.1111604960220454,79188,22867,56321
22500,1.1111111111111112,79188,22867,56321
22501,1.1110617305897517,79188,22867,56321
22502,1.1110123544573816,79188,22867,56321
22503,1.110962982713416,79188,22867,56321
22504,1.1109136153572698,79188,22867,56321
22505,1.110864252388358,79188,22867,56321
22506,1.1108148938060962,79188,22867,56321
22507,1.1107655396098992,79188,22867,56321
22508,1.1107161897991824,79188,22867,56321
22509,1.1106668443733618,79188,22867,56321
22510,1.1106175033318526,79188,22867,56321
22511,1.1105681666740705,79188,22867,56321
22512,1.1105188343994314,79188,22867,56321
22513,1.1104695065073513,79188,22867,56321
22514,1.1104201829972462,79188,22867,56321
22515,1.1103708638685321,79188,22867,56321
22516,1.1103215491206253,79188,22867,56321
22517,1.1102722387529422,79188,22867,56321
22518,1.1102229327648991,79188,22867,56321
22519,1.1101736311559127,79188,22867,56321
22520,1.1101243339253997,79188,22867,56321
22521,1.1100750410727764,79188,22867,56321
22522,1.1100257525974602,79188,22867,56321
22523,1.1099764684988678,79188,22867,56321
22524,1.1099271887764162,79188,22867,56321
22525,1.1098779134295227,79188,22867,56321
22526,1.1098286424576045,79188,22867,56321
22527,1.109779375860079,79188,22867,56321
22528,1.1097301136363635,79188,22867,56321
22529,1.109680855785876,79188,22867,56321
22530,1.1096316023080337,79188,22867,56321
22531,1.1095823532022546,79188,22867,56321
22532,1.1095331084679567,79188,22867,56321
22533,1.1094838681045578,79188,22867,56321
22534,1.109434632111476,79188,22867,56321
22535,1.1093854004881296,79188,22867,56321
22536,1.1093361732339369,79188,22867,56321
22537,1.109286950348316,79188,22867,56321
22538,1.1092377318306859,79188,22867,56321
22539,1.109188517680465,79188,22867,56321
22540,1.109139307897072,79188,22867,56321
22541,1.1090901024799256,79188,22867,56321
22542,1.1090409014284446,79188,22867,56321
22543,1.1089917047420486,79188,22867,56321
22544,1.1089425124201562,79188,22867,56321
22545,1.1088933244621868,79188,22867,56321
22546,1.1088441408675596,79188,22867,56321
22547,1.1087949616356942,79188,22867,56321
22548,1.1087457867660102,79188,22867,56321
22549,1.1086966162579273,79188,22867,56321
22550,1.1086474501108647,79188,22867,56321
22551,1.108598288324243,79188,22867,56321
22552,1.1085491308974813,79188,22867,56321
22553,1.1084999778300004,79188,22867,56321
22554,1.1084508291212203,79188,22867,56321
22555,1.108401684770561,79188,22867,56321
22556,1.1083525447774427,79188,22867,56321
22557,1.1083034091412864,79188,22867,56321
22558,1.1082542778615125,79188,22867,56321
22559,1.1082051509375415,79188,22867,56321
22560,1.1081560283687943,79188,22867,56321
22561,1.1081069101546916,79188,22867,56321
22562,1.1080577962946547,79188,22867,56321
22563,1.1080086867881045,79188,22867,56321
22564,1.107959581634462,79188,22867,56321
22565,1.1079104808331486,79188,22867,56321
22566,1.1078613843835858,79188,22867,56321
22567,1.1078122922851952,79188,22867,56321
22568,1.1077632045373982,79188,22867,56321
22569,1.1077141211396162,79188,22867,56321
22570,1.1076650420912717,79188,22867,56321
22571,1.107615967391786,79188,22867,56321
22572,1.1075668970405812,79188,22867,56321
22573,1.1075178310370797,79188,22867,56321
22574,1.1074687693807035,79188,22867,56321
22575,1.1074197120708749,79188,22867,56321
22576,1.1073706591070163,79188,22867,56321
22577,1.1073216104885504,79188,22867,56321
22578,1.1072725662148994,79188,22867,56321
22579,1.1072235262854866,79188,22867,56321
22580,1.1071744906997343,79188,22867,56321
22581,1.1071254594570656,79188,22867,56321
22582,1.1070764325569038,79188,22867,56321
22583,1.1070274099986717,79188,22867,56321
22584,1.1069783917817924,79188,22867,56321
22585,1.1069293779056897,79188,22867,56321
22586,1.1068803683697865,79188,22867,56321
22587,1.106831363173507,79188,22867,56321
22588,1.106782362316274,79188,22867,56321
22589,1.106733365797512,79188,22867,56321
22590,1.1066843736166445,79188,22867,56321
22591,1.1066353857730955,79188,22867,56321
22592,1.106586402266289,79188,22867,56321
22593,1.106537423095649,79188,22867,56321
22594,1.1064884482606,79188,22867,56321
22595,1.1064394777605664,79188,22867,56321
22596,1.1063905115949726,79188,22867,56321
22597,1.106341549763243,79188,22867,56321
22598,1.1062925922648021,79188,22867,56321
22599,1.106243639099075,79188,22867,56321
22600,1.1061946902654867,79188,22867,56321
22601,1.1061457457634618,79188,22867,56321
22602,1.1060968055924254,79188,22867,56321
22603,1.1060478697518028,79188,22867,56321
22604,1.1059989382410194,79188,22867,56321
22605,1.1059500110595002,79188,22867,56321
22606,1.1059010882066709,79188,22867,56321
22607,1.105852169681957,79188,22867,56321
22608,1.105803255484784,79188,22867,56321
22609,1.1057543456145782,79188,22867,56321
22610,1.105705440070765,79188,22867,56321
22611,1.1056565388527708,79188,22867,56321
22612,1.1056076419600211,79188,22867,56321
22613,1.1055587493919428,79188,22867,56321
22614,1.1055098611479615,79188,22867,56321
22615,1.105460977227504,79188,22867,56321
22616,1.1054120976299964,79188,22867,56321
22617,1.1053632223548657,79188,22867,56321
22618,1.1053143514015387,79188,22867,56321
22619,1.1052654847694416,79188,22867,56321
22620,1.1052166224580018,79188,22867,56321
22621,1.105167764466646,79188,22867,56321
22622,1.1051189107948016,79188,22867,56321
22623,1.1050700614418953,79188,22867,56321
22624,1.105021216407355,79188,22867,56321
22625,1.1049723756906078,79188,22867,56321
22626,1.104923539291081,79188,22867,56321
22627,1.1048747072082026,79188,22867,56321
22628,1.1048258794414,79188,22867,56321
22629,1.1047770559901011,79188,22867,56321
22630,1.104728236853734,79188,22867,56321
22631,1.1046794220317264,79188,22867,56321
22632,1.1046306115235065,79188,22867,56321
22633,1.1045818053285026,79188,22867,56321
22634,1.104533003446143,79188,22867,56321
22635,1.104484205875856,79188,22867,56321
22636,1.1044354126170701,79188,22867,56321
22637,1.1043866236692141,79188,22867,56321
22638,1.1043378390317167,79188,22867,56321
22639,1.1042890587040064,79188,22867,56321
22640,1.1042402826855124,79188,22867,56321
22641,1.1041915109756637,79188,22867,56321
22642,1.1041427435738893,79188,22867,56321
22643,1.1040939804796184,79188,22867,56321
22644,1.1040452216922805,79188,22867,56321
22645,1.103996467211305,79188,22867,56321
22646,1.1039477170361212,79188,22867,56321
22647,1.1038989711661589,79188,22867,56321
22648,1.1038502296008477,79188,22867,56321
22649,1.1038014923396176,79188,22867,56321
22650,1.1037527593818985,79188,22867,56321
22651,1.1037040307271202,79188,22867,56321
22652,1.103655306374713,79188,22867,56321
22653,1.1036065863241071,79188,22867,56321
22654,1.1035578705747329,79188,22867,56321
22655,1.1035091591260207,79188,22867,56321
22656,1.1034604519774012,79188,22867,56321
22657,1.1034117491283046,79188,22867,56321
22658,1.1033630505781622,79188,22867,56321
22659,1.1033143563264045,79188,22867,56321
22660,1.1032656663724625,79188,22867,56321
22661,1.1032169807157672,79188,22867,56321
22662,1.1031682993557497,79188,22867,56321
22663,1.1031196222918414,79188,22867,56321
22664,1.1030709495234734,79188,22867,56321
22665,1.1030222810500772,79188,22867,56321
22666,1.1029736168710844,79188,22867,56321
22667,1.1029249569859267,79188,22867,56321
22668,1.1028763013940357,79188,22867,56321
22669,1.102827650094843,79188,22867,56321
22670,1.1027790030877813,79188,22867,56321
22671,1.1027303603722818,79188,22867,56321
22672,1.102681721947777,79188,22867,56321
22673,1.1026330878136992,79188,22867,56321
22674,1.1025844579694806,79188,22867,56321
22675,1.1025358324145536,79188,22867,56321
22676,1.1024872111483506,79188,22867,56321
22677,1.1024385941703048,79188,22867,56321
22678,1.1023899814798483,79188,22867,56321
22679,1.1023413730764142,79188,22867,56321
22680,1.1022927689594357,79188,22867,56321
22681,1.1022441691283453,79188,22867,56321
22682,1.1021955735825766,79188,22867,56321
22683,1.1021469823215624,79188,22867,56321
22684,1.1020983953447363,79188,22867,56321
22685,1.102049812651532,79188,22867,56321
22686,1.1020012342413823,79188,22867,56321
22687,1.1019526601137215,79188,22867,56321
22688,1.101904090267983,79188,22867,56321
22689,1.1018555247036008,79188,22867,56321
22690,1.1018069634200087,79188,22867,56321
22691,1.101758406416641,79188,22867,56321
22692,1.1017098536929315,79188,22867,56321
22693,1.1016613052483144,79188,22867,56321
22694,1.1016127610822244,79188,22867,56321
22695,1.1015642211940957,79188,22867,56321
22696,1.1015156855833628,79188,22867,56321
22697,1.1014671542494603,79188,22867,56321
22698,1.1014186271918232,79188,22867,56321
22699,1.1013701044098858,79188,22867,56321
22700,1.1013215859030836,79111,23011,56100
22701,1.1012730716708514,79111,23011,56100
22702,1.1012245617126244,79111,23011,56100
22703,1.1011760560278376,79111,23011,56100
22704,1.1011275546159267,79111,23011,56100
22705,1.1010790574763267,79111,23011,56100
22706,1.1010305646084735,79111,23011,56100
22707,1.1009820760118025,79111,23011,56100
22708,1.1009335916857494,79111,23011,56100
22709,1.1008851116297502,79111,23011,56100
22710,1.1008366358432409,79111,23011,56100
22711,1.1007881643256572,79111,23011,56100
22712,1.1007396970764354,79111,23011,56100
22713,1.1006912340950117,79111,23011,56100
22714,1.1006427753808223,79111,23011,56100
22715,1.100594320933304,79111,23011,56100
22716,1.100545870751893,79111,23011,56100
22717,1.100497424836026,79111,23011,56100
22718,1.1004489831851396,79111,23011,56100
22719,1.1004005457986707,79111,23011,56100
22720,1.1003521126760563,79111,23011,56100
22721,1.1003036838167335,79111,23011,56100
22722,1.1002552592201391,79111,23011,56100
22723,1.1002068388857105,79111,23011,56100
22724,1.1001584228128851,79111,23011,56100
22725,1.1001100110011002,79111,23011,56100
22726,1.1000616034497932,79111,23011,56100
22727,1.100013200158402,79111,23011,56100
22728,1.0999648011263639,79111,23011,56100
22729,1.0999164063531173,79111,23011,56100
22730,1.0998680158380993,79111,23011,56100
22731,1.0998196295807487,79111,23011,56100
22732,1.0997712475805033,79111,23011,56100
22733,1.0997228698368011,79111,23011,56100
22734,1.0996744963490808,79111,23011,56100
22735,1.0996261271167802,79111,23011,56100
22736,1.0995777621393386,79111,23011,56100
22737,1.0995294014161938,79111,23011,56100
22738,1.0994810449467851,79111,23011,56100
22739,1.099432692730551,79111,23011,56100
22740,1.0993843447669305,79111,23011,56100
22741,1.0993360010553626,79111,23011,56100
22742,1.0992876615952862,79111,23011,56100
22743,1.0992393263861409,79111,23011,56100
22744,1.0991909954273655,79111,23011,56100
22745,1.0991426687183996,79111,23011,56100
22746,1.0990943462586829,79111,23011,56100
22747,1.0990460280476546,79111,23011,56100
22748,1.0989977140847547,79111,23011,56100
22749,1.0989494043694228,79111,23011,56100
22750,1.098901098901099,79111,23011,56100
22751,1.0988527976792228,79111,23011,56100
22752,1.098804500703235,79111,23011,56100
22753,1.098756207972575,79111,23011,56100
22754,1.0987079194866836,79111,23011,56100
22755,1.098659635245001,79111,23011,56100
22756,1.0986113552469678,79111,23011,56100
22757,1.0985630794920245,79111,23011,56100
22758,1.0985148079796117,79111,23011,56100
22759,1.09846654070917,79111,23011,56100
22760,1.0984182776801406,79111,23011,56100
22761,1.0983700188919643,79111,23011,56100
22762,1.0983217643440824,79111,23011,56100
22763,1.0982735140359354,79111,23011,56100
22764,1.0982252679669653,79111,23011,56100
22765,1.0981770261366133,79111,23011,56100
22766,1.0981287885443205,79111,23011,56100
22767,1.0980805551895287,79111,23011,56100
22768,1.0980323260716796,79111,23011,56100
22769,1.0979841011902147,79111,23011,56100
22770,1.0979358805445762,79111,23011,56100
22771,1.0978876641342057,79111,23011,56100
22772,1.0978394519585455,79111,23011,56100
22773,1.0977912440170376,79111,23011,56100
22774,1.0977430403091244,79111,23011,56100
22775,1.0976948408342482,79111,23011,56100
22776,1.097646645591851,79111,23011,56100
22777,1.097598454581376,79111,23011,56100
22778,1.0975502678022653,79111,23011,56100
22779,1.097502085253962,79111,23011,56100
22780,1.0974539069359086,79111,23011,56100
22781,1.0974057328475484,79111,23011,56100
22782,1.097357562988324,79111,23011,56100
22783,1.097309397357679,79111,23011,56100
22784,1.0972612359550562,79111,23011,56100
22785,1.097213078779899,79111,23011,56100
22786,1.097164925831651,79111,23011,56100
22787,1.0971167771097556,79111,23011,56100
22788,1.0970686326136563,79111,23011,56100
22789,1.0970204923427969,79111,23011,56100
22790,1.0969723562966214,79111,23011,56100
22791,1.0969242244745734,79111,23011,56100
22792,1.0968760968760969,79111,23011,56100
22793,1.096827973500636,79111,23011,56100
22794,1.0967798543476353,79111,23011,56100
22795,1.0967317394165388,79111,23011,56100
22796,1.0966836287067907,79111,23011,56100
22797,1.0966355222178357,79111,23011,56100
22798,1.0965874199491183,79111,23011,56100
22799,1.0965393219000834,79111,23011,56100
22800,1.0964912280701755,79111,23011,56100
22801,1.0964431384588396,79111,23011,56100
22802,1.0963950530655207,79111,23011,56100
22803,1.0963469718896637,79111,23011,56100
22804,1.096298894930714,79111,23011,56100
22805,1.0962508221881166,79111,23011,56100
22806,1.0962027536613173,79111,23011,56100
22807,1.0961546893497611,79111,23011,56100
22808,1.0961066292528938,79111,23011,56100
22809,1.0960585733701609,79111,23011,56100
22810,1.0960105217010083,79111,23011,56100
22811,1.095962474244882,79111,23011,56100
22812,1.0959144310012274,79111,23011,56100
22813,1.095866391969491,79111,23011,56100
22814,1.095818357149119,79111,23011,56100
22815,1.0957703265395573,79111,23011,56100
22816,1.0957223001402525,79111,23011,56100
22817,1.0956742779506508,79111,23011,56100
22818,1.095626259970199,79111,23011,56100
22819,1.0955782461983434,79111,23011,56100
22820,1.0955302366345312,79111,23011,56100
22821,1.0954822312782087,79111,23011,56100
22822,1.0954342301288231,79111,23011,56100
22823,1.0953862331858213,79111,23011,56100
22824,1.0953382404486505,79111,23011,56100
22825,1.095290251916758,79111,23011,56100
22826,1.0952422675895908,79111,23011,56100
22827,1.0951942874665965,79111,23011,56100
22828,1.0951463115472226,79111,23011,56100
22829,1.0950983398309169,79111,23011,56100
22830,1.0950503723171265,79111,23011,56100
22831,1.0950024090052999,79111,23011,56100
22832,1.0949544498948844,79111,23011,56100
22833,1.0949064949853282,79111,23011,56100
22834,1.0948585442760794,79111,23011,56100
22835,1.0948105977665863,79111,23011,56100
22836,1.094762655456297,79111,23011,56100
22837,1.09471471734466,79111,23011,56100
22838,1.0946667834311237,79111,23011,56100
22839,1.0946188537151365,79111,23011,56100
22840,1.094570928196147,79111,23011,56100
22841,1.0945230068736045,79111,23011,56100
22842,1.0944750897469573,79111,23011,56100
22843,1.0944271768156546,79111,23011,56100
22844,1.0943792680791455,79111,23011,56100
22845,1.094331363536879,79111,23011,56100
22846,1.0942834631883043,79111,23011,56100
22847,1.0942355670328707,79111,23011,56100
22848,1.0941876750700281,79111,23011,56100
22849,1.0941397872992253,79111,23011,56100
22850,1.0940919037199124,79111,23011,56100
22851,1.094044024331539,79111,23011,56100
22852,1.093996149133555,79111,23011,56100
22853,1.0939482781254102,79111,23011,56100
22854,1.0939004113065547,79111,23011,56100
22855,1.0938525486764383,79111,23011,56100
22856,1.0938046902345118,79111,23011,56100
22857,1.0937568359802248,79111,23011,56100
22858,1.0937089859130282,79111,23011,56100
22859,1.0936611400323724,79111,23011,56100
22860,1.0936132983377078,79111,23011,56100
22861,1.0935654608284853,79111,23011,56100
22862,1.0935176275041554,79111,23011,56100
22863,1.0934697983641692,79111,23011,56100
22864,1.0934219734079775,79111,23011,56100
22865,1.0933741526350318,79111,23011,56100
22866,1.0933263360447827,79111,23011,56100
22867,1.0932785236366818,79111,23011,56100
22868,1.0932307154101801,79111,23011,56100
22869,1.0931829113647296,79111,23011,56100
22870,1.0931351114997814,79111,23011,56100
22871,1.0930873158147874,79111,23011,56100
22872,1.093039524309199,79111,23011,56100
22873,1.0929917369824684,79111,23011,56100
22874,1.0929439538340473,79111,23011,56100
22875,1.092896174863388,79111,23011,56100
22876,1.0928484000699423,79111,23011,56100
22877,1.0928006294531625,79111,23011,56100
22878,1.0927528630125012,79111,23011,56100
22879,1.0927051007474102,79111,23011,56100
22880,1.0926573426573427,79111,23011,56100
22881,1.0926095887417508,79111,23011,56100
22882,1.0925618390000873,79111,23011,56100
22883,1.0925140934318052,79111,23011,56100
22884,1.0924663520363573,79111,23011,56100
22885,1.0924186148131965,79111,23011,56100
22886,1.0923708817617757,79111,23011,56100
22887,1.0923231528815485,79111,23011,56100
22888,1.0922754281719678,79111,23011,56100
22889,1.092227707632487,79111,23011,56100
22890,1.09217999126256,79111,23011,56100
22891,1.09213227906164,79111,23011,56100
22892,1.0920845710291804,79111,23011,56100
22893,1.0920368671646354,79111,23011,56100
22894,1.0919891674674587,79111,23011,56100
22895,1.0919414719371041,79111,23011,56100
22896,1.0918937805730258,79111,23011,56100
22897,1.0918460933746779,79111,23011,56100
22898,1.0917984103415146,79111,23011,56100
22899,1.0917507314729902,79111,23011,56100
22900,1.091703056768559,79111,23011,56100
22901,1.0916553862276757,79111,23011,56100
22902,1.0916077198497949,79111,23011,56100
22903,1.0915600576343711,79111,23011,56100
22904,1.0915123995808593,79111,23011,56100
22905,1.0914647456887143,79111,23011,56100
22906,1.091417095957391,79111,23011,56100
22907,1.0913694503863447,79111,23011,56100
22908,1.0913218089750305,79111,23011,56100
22909,1.0912741717229038,79111,23011,56100
22910,1.0912265386294195,79111,23011,56100
22911,1.0911789096940334,79111,23011,56100
22912,1.0911312849162011,79111,23011,56100
22913,1.091083664295378,79111,23011,56100
22914,1.0910360478310204,79111,23011,56100
22915,1.0909884355225834,79111,23011,56100
22916,1.0909408273695236,79111,23011,56100
22917,1.0908932233712965,79111,23011,56100
22918,1.0908456235273585,79111,23011,56100
22919,1.0907980278371656,79111,23011,56100
22920,1.0907504363001745,79111,23011,56100
22921,1.0907028489158415,79111,23011,56100
22922,1.0906552656836228,79111,23011,56100
22923,1.0906076866029752,79111,23011,56100
22924,1.0905601116733554,79111,23011,56100
22925,1.0905125408942202,79111,23011,56100
22926,1.0904649742650265,79111,23011,56100
22927,1.0904174117852314,79111,23011,56100
22928,1.0903698534542916,79111,23011,56100
22929,1.0903222992716648,79111,23011,56100
22930,1.0902747492368077,79111,23011,56100
22931,1.090227203349178,79111,23011,56100
22932,1.090179661608233,79111,23011,56100
22933,1.0901321240134305,79111,23011,56100
22934,1.0900845905642278,79111,23011,56100
22935,1.090037061260083,79111,23011,56100
22936,1.0899895361004535,79111,23011,56100
22937,1.0899420150847976,79111,23011,56100
22938,1.0898944982125731,79111,23011,56100
22939,1.0898469854832382,79111,23011,56100
22940,1.0897994768962511,79111,23011,56100
22941,1.08975197245107,79111,23011,56100
22942,1.0897044721471536,79111,23011,56100
22943,1.0896569759839603,79111,23011,56100
22944,1.0896094839609485,79111,23011,56100
22945,1.0895619960775769,79111,23011,56100
22946,1.0895145123333043,79111,23011,56100
22947,1.0894670327275897,79111,23011,56100
22948,1.089419557259892,79111,23011,56100
22949,1.08937208592967,79111,23011,56100
22950,1.0893246187363834,79111,23011,56100
22951,1.0892771556794911,79111,23011,56100
22952,1.0892296967584525,79111,23011,56100
22953,1.0891822419727268,79111,23011,56100
22954,1.089134791321774,79111,23011,56100
22955,1.0890873448050533,79111,23011,56100
22956,1.0890399024220248,79111,23011,56100
22957,1.088992464172148,79111,23011,56100
22958,1.0889450300548829,79111,23011,56100
22959,1.0888976000696895,79111,23011,56100
22960,1.088850174216028,79111,23011,56100
22961,1.0888027524933583,79111,23011,56100
22962,1.088755334901141,79111,23011,56100
22963,1.0887079214388364,79111,23011,56100
22964,1.088660512105905,79111,23011,56100
22965,1.088613106901807,79111,23011,56100
22966,1.0885657058260036,79111,23011,56100
22967,1.0885183088779553,79111,23011,56100
22968,1.0884709160571229,79111,23011,56100
22969,1.0884235273629674,79111,23011,56100
22970,1.0883761427949499,79111,23011,56100
22971,1.0883287623525315,79111,23011,56100
22972,1.0882813860351732,79111,23011,56100
22973,1.0882340138423368,79111,23011,56100
22974,1.088186645773483,79111,23011,56100
22975,1.088139281828074,79111,23011,56100
22976,1.088091922005571,79111,23011,56100
22977,1.088044566305436,79111,23011,56100
22978,1.0879972147271304,79111,23011,56100
22979,1.0879498672701162,79111,23011,56100
22980,1.0879025239338556,79111,23011,56100
22981,1.0878551847178104,79111,23011,56100
22982,1.087807849621443,79111,23011,56100
22983,1.0877605186442152,79111,23011,56100
22984,1.08771319178559,79111,23011,56100
22985,1.0876658690450294,79111,23011,56100
22986,1.087618550421996,79111,23011,56100
22987,1.0875712359159524,79111,23011,56100
22988,1.0875239255263616,79111,23011,56100
22989,1.0874766192526861,79111,23011,56100
22990,1.087429317094389,79111,23011,56100
22991,1.087382019050933,79111,23011,56100
22992,1.0873347251217815,79111,23011,56100
22993,1.0872874353063977,79111,23011,56100
22994,1.0872401496042445,79111,23011,56100
22995,1.0871928680147858,79111,23011,56100
22996,1.0871455905374847,79111,23011,56100
22997,1.087098317171805,79111,23011,56100
22998,1.0870510479172102,79111,23011,56100
22999,1.087003782773164,79111,23011,56100
23000,1.0869565217391304,79111,23011,56100
23001,1.0869092648145733,79111,23011,56100
23002,1.0868620119989567,79111,23011,56100
23003,1.0868147632917446,79111,23011,56100
23004,1.0867675186924013,79111,23011,56100
23005,1.0867202782003913,79111,23011,56100
23006,1.0866730418151787,79111,23011,56100
23007,1.086625809536228,79111,23011,56100
23008,1.0865785813630042,79111,23011,56100
23009,1.0865313572949715,79111,23011,56100
23010,1.086484137331595,79111,23011,56100
23011,1.0864369214723393,79111,23011,56100
23012,1.0863897097166695,79111,23011,56100
23013,1.0863425020640507,79111,23011,56100
23014,1.086295298513948,79111,23011,56100
23015,1.0862480990658265,79111,23011,56100
23016,1.0862009037191518,79111,23011,56100
23017,1.0861537124733893,79111,23011,56100
23018,1.0861065253280042,79111,23011,56100
23019,1.0860593422824623,79111,23011,56100
23020,1.0860121633362294,79111,23011,56100
23021,1.0859649884887712,79111,23011,56100
23022,1.0859178177395534,79111,23011,56100
23023,1.0858706510880425,79111,23011,56100
23024,1.085823488533704,79111,23011,56100
23025,1.0857763300760044,79111,23011,56100
23026,1.0857291757144099,79111,23011,56100
23027,1.0856820254483868,79111,23011,56100
23028,1.0856348792774013,79111,23011,56100
23029,1.0855877372009206,79111,23011,56100
23030,1.0855405992184108,79111,23011,56100
23031,1.0854934653293387,79111,23011,56100
23032,1.0854463355331712,79111,23011,56100
23033,1.0853992098293752,79111,23011,56100
23034,1.0853520882174177,79111,23011,56100
23035,1.0853049706967657,79111,23011,56100
23036,1.0852578572668865,79111,23011,56100
23037,1.0852107479272475,79111,23011,56100
23038,1.0851636426773157,79111,23011,56100
23039,1.085116541516559,79111,23011,56100
23040,1.0850694444444444,79111,23011,56100
23041,1.08502235146044,79111,23011,56100
23042,1.0849752625640134,79111,23011,56100
23043,1.0849281777546327,79111,23011,56100
23044,1.0848810970317653,79111,23011,56100
23045,1.0848340203948796,79111,23011,56100
23046,1.0847869478434435,79111,23011,56100
23047,1.0847398793769254,79111,23011,56100
23048,1.0846928149947934,79111,23011,56100
23049,1.084645754696516,79111,23011,56100
23050,1.0845986984815619,79111,23011,56100
23051,1.0845516463493992,79111,23011,56100
23052,1.0845045982994967,79111,23011,56100
23053,1.0844575543313235,79111,23011,56100
23054,1.084410514444348,79111,23011,56100
23055,1.0843634786380394,79111,23011,56100
23056,1.0843164469118667,79111,23011,56100
23057,1.084269419265299,79111,23011,56100
23058,1.0842223956978054,79111,23011,56100
23059,1.0841753762088555,79111,23011,56100
23060,1.0841283607979184,79111,23011,56100
23061,1.0840813494644639,79111,23011,56100
23062,1.0840343422079612,79111,23011,56100
23063,1.0839873390278802,79111,23011,56100
23064,1.0839403399236907,79111,23011,56100
23065,1.0838933448948624,79111,23011,56100
23066,1.0838463539408654,79111,23011,56100
23067,1.0837993670611696,79111,23011,56100
23068,1.0837523842552454,79111,23011,56100
23069,1.0837054055225628,79111,23011,56100
23070,1.083658430862592,79111,23011,56100
23071,1.083611460274804,79111,23011,56100
23072,1.0835644937586686,79111,23011,56100
23073,1.0835175313136567,79111,23011,56100
23074,1.0834705729392389,79111,23011,56100
23075,1.0834236186348862,79111,23011,56100
23076,1.0833766684000694,79111,23011,56100
23077,1.0833297222342593,79111,23011,56100
23078,1.083282780136927,79111,23011,56100
23079,1.0832358421075436,79111,23011,56100
23080,1.0831889081455806,79111,23011,56100
23081,1.0831419782505092,79111,23011,56100
23082,1.0830950524218006,79111,23011,56100
23083,1.0830481306589266,79111,23011,56100
23084,1.0830012129613584,79111,23011,56100
23085,1.0829542993285683,79111,23011,56100
23086,1.0829073897600276,79111,23011,56100
23087,1.0828604842552085,79111,23011,56100
23088,1.0828135828135828,79111,23011,56100
23089,1.0827666854346225,79111,23011,56100
23090,1.0827197921178,79111,23011,56100
23091,1.0826729028625872,79111,23011,56100
23092,1.0826260176684566,79111,23011,56100
23093,1.0825791365348807,79111,23011,56100
23094,1.082532259461332,79111,23011,56100
23095,1.082485386447283,79111,23011,56100
23096,1.0824385174922064,79111,23011,56100
23097,1.0823916525955752,79111,23011,56100
23098,1.082344791756862,79111,23011,56100
23099,1.0822979349755402,79111,23011,56100
23100,1.0822510822510822,79111,23011,56100
23101,1.0822042335829618,79111,23011,56100
23102,1.082157388970652,79111,23011,56100
23103,1.082110548413626,79111,23011,56100
23104,1.0820637119113574,79111,23011,56100
23105,1.0820168794633196,79111,23011,56100
23106,1.0819700510689865,79111,23011,56100
23107,1.0819232267278314,79111,23011,56100
23108,1.0818764064393285,79111,23011,56100
23109,1.0818295902029513,79111,23011,56100
23110,1.081782778018174,79111,23011,56100
23111,1.0817359698844706,79111,23011,56100
23112,1.0816891658013152,79111,23011,56100
23113,1.0816423657681824,79111,23011,56100
23114,1.081595569784546,79111,23011,56100
23115,1.0815487778498811,79111,23011,56100
23116,1.0815019899636615,79111,23011,56100
23117,1.0814552061253624,79111,23011,56100
23118,1.081408426334458,79111,23011,56100
23119,1.0813616505904236,79111,23011,56100
23120,1.0813148788927336,79111,23011,56100
23121,1.0812681112408633,79111,23011,56100
23122,1.0812213476342878,79111,23011,56100
23123,1.081174588072482,79111,23011,56100
23124,1.0811278325549214,79111,23011,56100
23125,1.0810810810810811,79111,23011,56100
23126,1.0810343336504367,79111,23011,56100
23127,1.0809875902624637,79111,23011,56100
23128,1.0809408509166378,79111,23011,56100
23129,1.0808941156124345,79111,23011,56100
23130,1.0808473843493298,79111,23011,56100
23131,1.0808006571267996,79111,23011,56100
23132,1.0807539339443195,79111,23011,56100
23133,1.0807072148013661,79111,23011,56100
23134,1.080660499697415,79111,23011,56100
23135,1.080613788631943,79111,23011,56100
23136,1.080567081604426,79111,23011,56100
23137,1.0805203786143407,79111,23011,56100
23138,1.0804736796611634,79111,23011,56100
23139,1.080426984744371,79111,23011,56100
23140,1.08038029386344,79111,23011,56100
23141,1.080333607017847,79111,23011,56100
23142,1.0802869242070694,79111,23011,56100
23143,1.0802402454305837,79111,23011,56100
23144,1.0801935706878674,79111,23011,56100
23145,1.080146899978397,79111,23011,56100
23146,1.0801002333016505,79111,23011,56100
23147,1.0800535706571046,79111,23011,56100
23148,1.080006912044237,79111,23011,56100
23149,1.0799602574625253,79111,23011,56100
23150,1.079913606911447,79111,23011,56100
23151,1.0798669603904798,79111,23011,56100
23152,1.0798203178991015,79111,23011,56100
23153,1.07977367943679,79111,23011,56100
23154,1.0797270450030232,79111,23011,56100
23155,1.0796804145972791,79111,23011,56100
23156,1.079633788219036,79111,23011,56100
23157,1.0795871658677723,79111,23011,56100
23158,1.0795405475429658,79111,23011,56100
23159,1.0794939332440951,79111,23011,56100
23160,1.079447322970639,79111,23011,56100
23161,1.0794007167220758,79111,23011,56100
23162,1.0793541144978844,79111,23011,56100
23163,1.0793075162975434,79111,23011,56100
23164,1.0792609221205318,79111,23011,56100
23165,1.0792143319663285,79111,23011,56100
23166,1.0791677458344124,79111,23011,56100
23167,1.079121163724263,79111,23011,56100
23168,1.0790745856353592,79111,23011,56100
23169,1.0790280115671802,79111,23011,56100
23170,1.0789814415192058,79108,23011,56097
23171,1.0789348754909154,79108,23011,56097
23172,1.0788883134817884,79108,23011,56097
23173,1.0788417554913046,79108,23011,56097
23174,1.0787952015189437,79108,23011,56097
23175,1.0787486515641855,79108,23011,56097
23176,1.0787021056265103,79108,23011,56097
23177,1.0786555637053976,79108,23011,56097
23178,1.0786090258003278,79108,23011,56097
23179,1.0785624919107812,79108,23011,56097
23180,1.0785159620362381,79108,23011,56097
23181,1.0784694361761789,79108,23011,56097
23182,1.0784229143300836,79108,23011,56097
23183,1.0783763964974336,79108,23011,56097
23184,1.0783298826777088,79108,23011,56097
23185,1.0782833728703904,79108,23011,56097
23186,1.0782368670749591,79108,23011,56097
23187,1.0781903652908957,79108,23011,56097
23188,1.0781438675176815,79108,23011,56097
23189,1.0780973737547976,79108,23011,56097
23190,1.0780508840017249,79108,23011,56097
23191,1.0780043982579448,79108,23011,56097
23192,1.077957916522939,79108,23011,56097
23193,1.0779114387961886,79108,23011,56097
23194,1.0778649650771752,79108,23011,56097
23195,1.0778184953653804,79108,23011,56097
23196,1.0777720296602862,79108,23011,56097
23197,1.0777255679613744,79108,23011,56097
23198,1.0776791102681265,79108,23011,56097
23199,1.077632656580025,79108,23011,56097
23200,1.0775862068965518,79108,23011,56097
23201,1.0775397612171889,79108,23011,56097
23202,1.077493319541419,79108,23011,56097
23203,1.077446881868724,79108,23011,56097
23204,1.0774004481985864,79108,23011,56097
23205,1.077354018530489,79108,23011,56097
23206,1.0773075928639144,79108,23011,56097
23207,1.0772611711983453,79108,23011,56097
23208,1.0772147535332643,79108,23011,56097
23209,1.0771683398681546,79108,23011,56097
23210,1.077121930202499,79108,23011,56097
23211,1.0770755245357804,79108,23011,56097
23212,1.0770291228674824,79108,23011,56097
23213,1.0769827251970878,79108,23011,56097
23214,1.0769363315240803,79108,23011,56097
23215,1.0768899418479432,79108,23011,56097
23216,1.07684355616816,79108,23011,56097
23217,1.0767971744842142,79108,23011,56097
23218,1.0767507967955896,79108,23011,56097
23219,1.0767044231017702,79108,23011,56097
23220,1.0766580534022394,79108,23011,56097
23221,1.0766116876964815,79108,23011,56097
23222,1.0765653259839807,79108,23011,56097
23223,1.0765189682642209,79108,23011,56097
23224,1.076472614536686,79108,23011,56097
23225,1.0764262648008611,79108,23011,56097
23226,1.07637991905623,79108,23011,56097
23227,1.0763335773022775,79108,23011,56097
23228,1.076287239538488,79108,23011,56097
23229,1.0762409057643463,79108,23011,56097
23230,1.076194575979337,79108,23011,56097
23231,1.0761482501829451,79108,23011,56097
23232,1.0761019283746556,79108,23011,56097
23233,1.0760556105539534,79108,23011,56097
23234,1.0760092967203236,79108,23011,56097
23235,1.0759629868732516,79100,23011,56089
23236,1.0759166810122225,79100,23011,56089
23237,1.0758703791367217,79100,23011,56089
23238,1.0758240812462345,79097,23011,56086
23239,1.075777787340247,79097,23011,56086
23240,1.0757314974182444,79097,23011,56086
23241,1.0756852114797126,79097,23011,56086
23242,1.0756389295241373,79097,23011,56086
23243,1.0755926515510046,79097,23011,56086
23244,1.0755463775598004,79097,23011,56086
23245,1.0755001075500108,79097,23011,56086
23246,1.075453841521122,79097,23011,56086
23247,1.0754075794726201,79097,23011,56086
23248,1.0753613214039917,79097,23011,56086
23249,1.0753150673147231,79097,23011,56086
23250,1.075268817204301,79097,23011,56086
23251,1.0752225710722119,79097,23011,56086
23252,1.0751763289179426,79097,23011,56086
23253,1.0751300907409798,79097,23011,56086
23254,1.0750838565408103,79097,23011,56086
23255,1.075037626316921,79097,23011,56086
23256,1.0749914000687995,79097,23011,56086
23257,1.0749451777959325,79097,23011,56086
23258,1.0748989594978071,79097,23011,56086
23259,1.0748527451739112,79097,23011,56086
23260,1.0748065348237317,79097,23011,56086
23261,1.0747603284467564,79097,23011,56086
23262,1.0747141260424726,79097,23011,56086
23263,1.0746679276103683,79097,23011,56086
23264,1.0746217331499313,79097,23011,56086
23265,1.0745755426606491,79097,23011,56086
23266,1.0745293561420097,79097,23011,56086
23267,1.0744831735935014,79097,23011,56086
23268,1.0744369950146124,79097,23011,56086
23269,1.0743908204048305,79097,23011,56086
23270,1.0743446497636442,79097,23011,56086
23271,1.0742984830905418,79097,23011,56086
23272,1.074252320385012,79097,23011,56086
23273,1.0742061616465433,79097,23011,56086
23274,1.074160006874624,79097,23011,56086
23275,1.0741138560687433,79097,23011,56086
23276,1.0740677092283897,79097,23011,56086
23277,1.0740215663530523,79097,23011,56086
23278,1.0739754274422202,79097,23011,56086
23279,1.073929292495382,79097,23011,56086
23280,1.0738831615120275,79097,23011,56086
23281,1.0738370344916455,79097,23011,56086
23282,1.0737909114337256,79097,23011,56086
23283,1.0737447923377572,79097,23011,56086
23284,1.0736986772032298,79097,23011,56086
23285,1.0736525660296328,79097,23011,56086
23286,1.0736064588164562,79097,23011,56086
23287,1.0735603555631898,79063,23016,56047
23288,1.0735142562693232,79063,23016,56047
23289,1.0734681609343466,79063,23016,56047
23290,1.07342206955775,79063,23016,56047
23291,1.0733759821390236,79063,23016,56047
23292,1.0733298986776576,79063,23016,56047
23293,1.0732838191731422,79063,23016,56047
23294,1.0732377436249678,79063,23016,56047
23295,1.073191672032625,79063,23016,56047
23296,1.0731456043956045,79063,23016,56047
23297,1.0730995407133965,79063,23016,56047
23298,1.0730534809854924,79063,23016,56047
23299,1.0730074252113824,79063,23016,56047
23300,1.0729613733905579,79063,23016,56047
23301,1.0729153255225097,79063,23016,56047
23302,1.0728692816067291,79063,23016,56047
23303,1.072823241642707,79063,23016,56047
23304,1.0727772056299347,79063,23016,56047
23305,1.072731173567904,79063,23016,56047
23306,1.0726851454561057,79063,23016,56047
23307,1.0726391212940318,79063,23016,56047
23308,1.0725931010811738,79063,23016,56047
23309,1.0725470848170235,79063,23016,56047
23310,1.0725010725010724,79063,23016,56047
23311,1.0724550641328128,79063,23016,56047
23312,1.0724090597117364,79063,23016,56047
23313,1.0723630592373354,79063,23016,56047
23314,1.0723170627091019,79063,23016,56047
23315,1.072271070126528,79063,23016,56047
23316,1.0722250814891061,79063,23016,56047
23317,1.072179096796329,79063,23016,56047
23318,1.0721331160476886,79063,23016,56047
23319,1.0720871392426776,79063,23016,56047
23320,1.072041166380789,79063,23016,56047
23321,1.0719951974615154,79063,23016,56047
23322,1.0719492324843496,79063,23016,56047
23323,1.0719032714487844,79063,23016,56047
23324,1.071857314354313,79063,23016,56047
23325,1.0718113612004287,79063,23016,56047
23326,1.0717654119866244,79063,23016,56047
23327,1.0717194667123933,79063,23016,56047
23328,1.0716735253772292,79063,23016,56047
23329,1.071627587980625,79063,23016,56047
23330,1.0715816545220747,79063,23016,56047
23331,1.0715357250010715,79063,23016,56047
23332,1.0714897994171095,79063,23016,56047
23333,1.0714438777696824,79063,23016,56047
23334,1.0713979600582841,79063,23016,56047
23335,1.0713520462824084,79063,23016,56047
23336,1.0713061364415495,79063,23016,56047
23337,1.0712602305352017,79063,23016,56047
23338,1.0712143285628588,79063,23016,56047
23339,1.0711684305240157,79063,23016,56047
23340,1.0711225364181662,79063,23016,56047
23341,1.0710766462448054,79063,23016,56047
23342,1.0710307600034272,79063,23016,56047
23343,1.070984877693527,79063,23016,56047
23344,1.070938999314599,79063,23016,56047
23345,1.0708931248661384,79063,23016,56047
23346,1.07084725434764,79063,23016,56047
23347,1.0708013877585985,79063,23016,56047
23348,1.0707555250985095,79063,23016,56047
23349,1.070709666366868,79063,23016,56047
23350,1.0706638115631693,79063,23016,56047
23351,1.0706179606869084,79063,23016,56047
23352,1.0705721137375814,79063,23016,56047
23353,1.0705262707146834,79063,23016,56047
23354,1.0704804316177101,79063,23016,56047
23355,1.0704345964461572,79063,23016,56047
23356,1.0703887651995205,79063,23016,56047
23357,1.070342937877296,79063,23016,56047
23358,1.0702971144789795,79063,23016,56047
23359,1.070251295004067,79063,23016,56047
23360,1.0702054794520548,79063,23016,56047
23361,1.0701596678224392,79063,23016,56047
23362,1.0701138601147162,79063,23016,56047
23363,1.0700680563283824,79063,23016,56047
23364,1.0700222564629345,79063,23016,56047
23365,1.0699764605178685,79063,23016,56047
23366,1.0699306684926817,79063,23016,56047
23367,1.0698848803868704,79063,23016,56047
23368,1.0698390961999316,79063,23016,56047
23369,1.069793315931362,79063,23016,56047
23370,1.069747539580659,79063,23016,56047
23371,1.0697017671473192,79063,23016,56047
23372,1.0696559986308403,79063,23016,56047
23373,1.0696102340307192,79063,23016,56047
23374,1.0695644733464533,79063,23016,56047
23375,1.0695187165775402,79063,23016,56047
23376,1.069472963723477,79063,23016,56047
23377,1.0694272147837618,79063,23016,56047
23378,1.069381469757892,79063,23016,56047
23379,1.0693357286453655,79063,23016,56047
23380,1.0692899914456802,79063,23016,56047
23381,1.0692442581583337,79063,23016,56047
23382,1.0691985287828243,79063,23016,56047
23383,1.0691528033186504,79063,23016,56047
23384,1.0691070817653097,79063,23016,56047
23385,1.0690613641223006,79063,23016,56047
23386,1.0690156503891217,79063,23016,56047
23387,1.0689699405652713,79063,23016,56047
23388,1.0689242346502479,79063,23016,56047
23389,1.0688785326435504,79063,23016,56047
23390,1.0688328345446771,79063,23016,56047
23391,1.0687871403531273,79063,23016,56047
23392,1.0687414500683994,79063,23016,56047
23393,1.0686957636899928,79063,23016,56047
23394,1.0686500812174062,79063,23016,56047
23395,1.068604402650139,79063,23016,56047
23396,1.0685587279876902,79063,23016,56047
23397,1.0685130572295594,79063,23016,56047
23398,1.0684673903752457,79063,23016,56047
23399,1.068421727424249,79063,23016,56047
23400,1.0683760683760684,79063,23016,56047
23401,1.0683304132302038,79063,23016,56047
23402,1.068284761986155,79063,23016,56047
23403,1.0682391146434218,79063,23016,56047
23404,1.068193471201504,79063,23016,56047
23405,1.0681478316599018,79063,23016,56047
23406,1.068102196018115,79063,23016,56047
23407,1.068056564275644,79063,23016,56047
23408,1.068010936431989,79063,23016,56047
23409,1.0679653124866504,79063,23016,56047
23410,1.0679196924391285,79063,23016,56047
23411,1.067874076288924,79063,23016,56047
23412,1.0678284640355373,79063,23016,56047
23413,1.0677828556784692,79063,23016,56047
23414,1.0677372512172205,79063,23016,56047
23415,1.067691650651292,79063,23016,56047
23416,1.0676460539801844,79063,23016,56047
23417,1.0676004612033991,79063,23016,56047
23418,1.0675548723204373,79043,23016,56027
23419,1.0675092873307999,79043,23016,56027
23420,1.067463706233988,79043,23016,56027
23421,1.0674181290295035,79043,23016,56027
23422,1.0673725557168474,79043,23016,56027
23423,1.0673269862955215,79043,23016,56027
23424,1.0672814207650274,79043,23016,56027
23425,1.0672358591248665,79043,23016,56027
23426,1.0671903013745412,79043,23016,56027
23427,1.0671447475135527,79043,23016,56027
23428,1.0670991975414035,79043,23016,56027
23429,1.0670536514575952,79043,23016,56027
23430,1.0670081092616304,79043,23016,56027
23431,1.066962570953011,79043,23016,56027
23432,1.0669170365312393,79043,23016,56027
23433,1.0668715059958178,79043,23016,56027
23434,1.0668259793462491,79043,23016,56027
23435,1.0667804565820354,79043,23016,56027
23436,1.0667349377026796,79043,23016,56027
23437,1.0666894227076844,79043,23016,56027
23438,1.0666439115965527,79043,23016,56027
23439,1.066598404368787,79043,23016,56027
23440,1.0665529010238908,79043,23016,56027
23441,1.066507401561367,79043,23016,56027
23442,1.0664619059807183,79043,23016,56027
23443,1.0664164142814485,79043,23016,56027
23444,1.066370926463061,79043,23016,56027
23445,1.0663254425250586,79043,23016,56027
23446,1.0662799624669452,79043,23016,56027
23447,1.0662344862882245,79043,23016,56027
23448,1.0661890139883998,79043,23016,56027
23449,1.0661435455669752,79043,23016,56027
23450,1.0660980810234542,79043,23016,56027
23451,1.0660526203573408,79043,23016,56027
23452,1.0660071635681392,79043,23016,56027
23453,1.0659617106553532,79043,23016,56027
23454,1.0659162616184872,79043,23016,56027
23455,1.0658708164570454,79043,23016,56027
23456,1.065825375170532,79043,23016,56027
23457,1.0657799377584516,79043,23016,56027
23458,1.0657345042203086,79043,23016,56027
23459,1.0656890745556076,79043,23016,56027
23460,1.0656436487638534,79043,23016,56027
23461,1.0655982268445505,79043,23016,56027
23462,1.065552808797204,79043,23016,56027
23463,1.0655073946213187,79043,23016,56027
23464,1.0654619843163995,79043,23016,56027
23465,1.0654165778819518,79043,23016,56027
23466,1.0653711753174806,79043,23016,56027
23467,1.065325776622491,79043,23016,56027
23468,1.0652803817964889,79043,23016,56027
23469,1.065234990838979,79043,23016,56027
23470,1.0651896037494675,79043,23016,56027
23471,1.0651442205274595,79043,23016,56027
23472,1.065098841172461,79043,23016,56027
23473,1.0650534656839774,79043,23016,56027
23474,1.065008094061515,79043,23016,56027
23475,1.0649627263045793,79043,23016,56027
23476,1.0649173624126769,79043,23016,56027
23477,1.0648720023853133,79043,23016,56027
23478,1.064826646221995,79043,23016,56027
23479,1.0647812939222283,79043,23016,56027
23480,1.0647359454855196,79043,23016,56027
23481,1.0646906009113752,79043,23016,56027
23482,1.0646452601993015,79043,23016,56027
23483,1.0645999233488055,79043,23016,56027
23484,1.0645545903593936,79043,23016,56027
23485,1.0645092612305727,79043,23016,56027
23486,1.0644639359618495,79043,23016,56027
23487,1.0644186145527312,79043,23016,56027
23488,1.0643732970027249,79043,23016,56027
23489,1.0643279833113373,79043,23016,56027
23490,1.0642826734780757,79043,23016,56027
23491,1.0642373675024477,79043,23016,56027
23492,1.0641920653839605,79043,23016,56027
23493,1.0641467671221214,79043,23016,56027
23494,1.0641014727164382,79043,23016,56027
23495,1.0640561821664183,79043,23016,56027
23496,1.0640108954715697,79043,23016,56027
23497,1.0639656126313997,79043,23016,56027
23498,1.0639203336454166,79043,23016,56027
23499,1.0638750585131282,79043,23016,56027
23500,1.0638297872340425,79043,23016,56027
23501,1.0637845198076679,79043,23016,56027
23502,1.063739256233512,79043,23016,56027
23503,1.0636939965110837,79043,23016,56027
23504,1.0636487406398911,79043,23016,56027
23505,1.0636034886194428,79043,23016,56027
23506,1.063558240449247,79043,23016,56027
23507,1.0635129961288128,79043,23016,56027
23508,1.0634677556576484,79043,23016,56027
23509,1.063422519035263,79043,23016,56027
23510,1.0633772862611655,79043,23016,56027
23511,1.0633320573348646,79043,23016,56027
23512,1.0632868322558693,79043,23016,56027
23513,1.063241611023689,79043,23016,56027
23514,1.0631963936378328,79043,23016,56027
23515,1.06315118009781,79043,23016,56027
23516,1.0631059704031298,79043,23016,56027
23517,1.063060764553302,79043,23016,56027
23518,1.0630155625478357,79043,23016,56027
23519,1.062970364386241,79043,23016,56027
23520,1.0629251700680271,79043,23016,56027
23521,1.0628799795927044,79043,23016,56027
23522,1.0628347929597823,79043,23016,56027
23523,1.062789610168771,79043,23016,56027
23524,1.0627444312191805,79043,23016,56027
23525,1.0626992561105206,79043,23016,56027
23526,1.062654084842302,79043,23016,56027
23527,1.062608917414035,79043,23016,56027
23528,1.0625637538252295,79043,23016,56027
23529,1.0625185940753963,79043,23016,56027
23530,1.062473438164046,79043,23016,56027
23531,1.0624282860906888,79043,23016,56027
23532,1.062383137854836,79043,23016,56027
23533,1.062337993455998,79043,23016,56027
23534,1.0622928528936857,79043,23016,56027
23535,1.0622477161674102,79043,23016,56027
23536,1.0622025832766826,79043,23016,56027
23537,1.0621574542210137,79043,23016,56027
23538,1.062112328999915,79043,23016,56027
23539,1.0620672076128976,79043,23016,56027
23540,1.0620220900594732,79043,23016,56027
23541,1.061976976339153,79043,23016,56027
23542,1.0619318664514485,79043,23016,56027
23543,1.0618867603958715,79043,23016,56027
23544,1.0618416581719334,79043,23016,56027
23545,1.0617965597791463,79043,23016,56027
23546,1.061751465217022,79043,23016,56027
23547,1.0617063744850723,79043,23016,56027
23548,1.0616612875828095,79043,23016,56027
23549,1.0616162045097457,79043,23016,56027
23550,1.0615711252653928,79043,23016,56027
23551,1.0615260498492634,79043,23016,56027
23552,1.0614809782608696,79043,23016,56027
23553,1.061435910499724,79043,23016,56027
23554,1.0613908465653392,79043,23016,56027
23555,1.0613457864572278,79043,23016,56027
23556,1.0613007301749025,79043,23016,56027
23557,1.0612556777178759,79043,23016,56027
23558,1.0612106290856609,79043,23016,56027
23559,1.0611655842777707,79043,23016,56027
23560,1.061120543293718,79043,23016,56027
23561,1.0610755061330164,79043,23016,56027
23562,1.0610304727951787,79043,23016,56027
23563,1.060985443279718,79043,23016,56027
23564,1.0609404175861483,79043,23016,56027
23565,1.0608953957139826,79043,23016,56027
23566,1.0608503776627345,79043,23016,56027
23567,1.0608053634319174,79043,23016,56027
23568,1.0607603530210454,79043,23016,56027
23569,1.0607153464296322,79043,23016,56027
23570,1.0606703436571914,79043,23016,56027
23571,1.060625344703237,79043,23016,56027
23572,1.0605803495672832,79043,23016,56027
23573,1.060535358248844,79043,23016,56027
23574,1.0604903707474336,79043,23016,56027
23575,1.0604453870625663,79043,23016,56027
23576,1.0604004071937563,79043,23016,56027
23577,1.0603554311405183,79043,23016,56027
23578,1.0603104589023666,79043,23016,56027
23579,1.0602654904788158,79043,23016,56027
23580,1.0602205258693809,79043,23016,56027
23581,1.0601755650735762,79043,23016,56027
23582,1.0601306080909167,79043,23016,56027
23583,1.0600856549209177,79043,23016,56027
23584,1.0600407055630936,79043,23016,56027
23585,1.0599957600169598,79043,23016,56027
23586,1.0599508182820316,79043,23016,56027
23587,1.0599058803578243,79043,23016,56027
23588,1.0598609462438529,79043,23016,56027
23589,1.0598160159396328,79043,23016,56027
23590,1.05977108944468,79043,23016,56027
23591,1.0597261667585096,79043,23016,56027
23592,1.0596812478806374,79043,23016,56027
23593,1.0596363328105793,79043,23016,56027
23594,1.0595914215478512,79043,23016,56027
23595,1.0595465140919686,79043,23016,56027
23596,1.059501610442448,79043,23016,56027
23597,1.0594567105988049,79043,23016,56027
23598,1.059411814560556,79043,23016,56027
23599,1.0593669223272173,79043,23016,56027
23600,1.0593220338983051,79043,23016,56027
23601,1.059277149273336,79043,23016,56027
23602,1.059232268451826,79043,23016,56027
23603,1.0591873914332923,79043,23016,56027
23604,1.0591425182172514,79043,23016,56027
23605,1.0590976488032195,79043,23016,56027
23606,1.0590527831907142,79043,23016,56027
23607,1.0590079213792518,79043,23016,56027
23608,1.0589630633683498,79043,23016,56027
23609,1.0589182091575247,79043,23016,56027
23610,1.058873358746294,79043,23016,56027
23611,1.0588285121341747,79043,23016,56027
23612,1.0587836693206845,79043,23016,56027
23613,1.0587388303053402,79043,23016,56027
23614,1.05869399508766,79043,23016,56027
23615,1.0586491636671607,79043,23016,56027
23616,1.0586043360433603,79043,23016,56027
23617,1.0585595122157767,79043,23016,56027
23618,1.0585146921839275,79043,23016,56027
23619,1.0584698759473306,79043,23016,56027
23620,1.058425063505504,79043,23016,56027
23621,1.0583802548579653,79043,23016,56027
23622,1.0583354500042332,79043,23016,56027
23623,1.058290648943826,79043,23016,56027
23624,1.0582458516762614,79043,23016,56027
23625,1.0582010582010581,79043,23016,56027
23626,1.0581562685177346,79043,23016,56027
23627,1.0581114826258096,79043,23016,56027
23628,1.058066700524801,79043,23016,56027
23629,1.0580219222142282,79043,23016,56027
23630,1.0579771476936097,79043,23016,56027
23631,1.0579323769624644,79043,23016,56027
23632,1.0578876100203114,79043,23016,56027
23633,1.0578428468666694,79043,23016,56027
23634,1.0577980875010577,79043,23016,56027
23635,1.0577533319229955,79043,23016,56027
23636,1.057708580132002,79043,23016,56027
23637,1.0576638321275966,79043,23016,56027
23638,1.0576190879092986,79043,23016,56027
23639,1.0575743474766277,79043,23016,56027
23640,1.0575296108291032,79043,23016,56027
23641,1.0574848779662451,79043,23016,56027
23642,1.0574401488875729,79043,23016,56027
23643,1.0573954235926066,79043,23016,56027
23644,1.0573507020808661,79043,23016,56027
23645,1.0573059843518715,79043,23016,56027
23646,1.0572612704051425,79043,23016,56027
23647,1.0572165602401995,79043,23016,56027
23648,1.0571718538565629,79043,23016,56027
23649,1.0571271512537528,79043,23016,56027
23650,1.0570824524312896,79043,23016,56027
23651,1.057037757388694,79043,23016,56027
23652,1.0569930661254863,79043,23016,56027
23653,1.056948378641187,79043,23016,56027
23654,1.0569036949353174,79043,23016,56027
23655,1.056859015007398,79043,23016,56027
23656,1.0568143388569495,79043,23016,56027
23657,1.0567696664834934,79043,23016,56027
23658,1.05672499788655,79043,23016,56027
23659,1.056680333065641,79043,23016,56027
23660,1.0566356720202874,79043,23016,56027
23661,1.0565910147500106,79043,23016,56027
23662,1.0565463612543318,79043,23016,56027
23663,1.0565017115327726,79043,23016,56027
23664,1.0564570655848546,79043,23016,56027
23665,1.0564124234100993,79043,23016,56027
23666,1.0563677850080284,79043,23016,56027
23667,1.0563231503781636,79043,23016,56027
23668,1.056278519520027,79043,23016,56027
23669,1.0562338924331405,79043,23016,56027
23670,1.0561892691170258,79043,23016,56027
23671,1.0561446495712052,79043,23016,56027
23672,1.0561000337952011,79043,23016,56027
23673,1.0560554217885354,79043,23016,56027
23674,1.0560108135507307,79043,23016,56027
23675,1.0559662090813093,79043,23016,56027
23676,1.055921608379794,79043,23016,56027
23677,1.0558770114457068,79043,23016,56027
23678,1.0558324182785708,79043,23016,56027
23679,1.0557878288779088,79043,23016,56027
23680,1.0557432432432432,79043,23016,56027
23681,1.0556986613740973,79043,23016,56027
23682,1.055654083269994,79043,23016,56027
23683,1.0556095089304565,79043,23016,56027
23684,1.0555649383550076,79043,23016,56027
23685,1.0555203715431707,79043,23016,56027
23686,1.0554758084944693,79043,23016,56027
23687,1.0554312492084266,79043,23016,56027
23688,1.055386693684566,79043,23016,56027
23689,1.0553421419224112,79043,23016,56027
23690,1.055297593921486,79043,23016,56027
23691,1.0552530496813135,79043,23016,56027
23692,1.0552085092014183,79043,23016,56027
23693,1.0551639724813235,79043,23016,56027
23694,1.0551194395205536,79043,23016,56027
23695,1.0550749103186325,79043,23016,56027
23696,1.0550303848750844,79043,23016,56027
23697,1.0549858631894333,79043,23016,56027
23698,1.0549413452612035,79043,23016,56027
23699,1.0548968310899194,79043,23016,56027
23700,1.0548523206751055,79043,23016,56027
23701,1.0548078140162862,79043,23016,56027
23702,1.0547633111129862,79043,23016,56027
23703,1.0547188119647302,79043,23016,56027
23704,1.0546743165710428,79043,23016,56027
23705,1.054629824931449,79043,23016,56027
23706,1.0545853370454736,79043,23016,56027
23707,1.0545408529126419,79043,23016,56027
23708,1.0544963725324785,79043,23016,56027
23709,1.0544518959045088,79043,23016,56027
23710,1.054407423028258,79043,23016,56027
23711,1.0543629539032517,79043,23016,56027
23712,1.0543184885290149,79043,23016,56027
23713,1.0542740269050732,79043,23016,56027
23714,1.0542295690309522,79043,23016,56027
23715,1.0541851149061776,79043,23016,56027
23716,1.0541406645302749,79043,23016,56027
23717,1.0540962179027702,79043,23016,56027
23718,1.054051775023189,79043,23016,56027
23719,1.0540073358910578,79043,23016,56027
23720,1.0539629005059021,79043,23016,56027
23721,1.0539184688672485,79043,23016,56027
23722,1.0538740409746228,79043,23016,56027
23723,1.0538296168275514,79043,23016,56027
23724,1.0537851964255607,79043,23016,56027
23725,1.053740779768177,79023,23016,56007
23726,1.053696366854927,79023,23016,56007
23727,1.0536519576853374,79023,23016,56007
23728,1.0536075522589345,79023,23016,56007
23729,1.0535631505752454,79023,23016,56007
23730,1.0535187526337968,79023,23016,56007
23731,1.0534743584341157,79023,23016,56007
23732,1.053429967975729,79023,23016,56007
23733,1.0533855812581638,79023,23016,56007
23734,1.053341198280947,79023,23016,56007
23735,1.0532968190436065,79023,23016,56007
23736,1.053252443545669,79023,23016,56007
23737,1.053208071786662,79023,23016,56007
23738,1.0531637037661135,79023,23016,56007
23739,1.0531193394835503,79023,23016,56007
23740,1.0530749789385003,79023,23016,56007
23741,1.0530306221304915,79023,23016,56007
23742,1.0529862690590515,79023,23016,56007
23743,1.052941919723708,79023,23016,56007
23744,1.0528975741239892,79023,23016,56007
23745,1.052853232259423,79023,23016,56007
23746,1.0528088941295377,79023,23016,56007
23747,1.052764559733861,79023,23016,56007
23748,1.0527202290719218,79023,23016,56007
23749,1.0526759021432481,79023,23016,56007
23750,1.0526315789473684,79023,23016,56007
23751,1.0525872594838113,79023,23016,56007
23752,1.052542943752105,79023,23016,56007
23753,1.0524986317517788,79023,23016,56007
23754,1.052454323482361,79023,23016,56007
23755,1.0524100189433803,79023,23016,56007
23756,1.052365718134366,79023,23016,56007
23757,1.052321421054847,79023,23016,56007
23758,1.052277127704352,79023,23016,56007
23759,1.0522328380824109,79023,23016,56007
23760,1.0521885521885521,79023,23016,56007
23761,1.0521442700223054,79023,23016,56007
23762,1.0520999915832001,79023,23016,56007
23763,1.0520557168707654,79023,23016,56007
23764,1.0520114458845313,79024,23016,56008
23765,1.051967178624027,79024,23016,56008
23766,1.0519229150887823,79024,23016,56008
23767,1.051878655278327,79024,23016,56008
23768,1.0518343991921912,79024,23016,56008
23769,1.0517901468299045,79024,23016,56008
23770,1.051745898190997,79024,23016,56008
23771,1.051701653274999,79024,23016,56008
23772,1.0516574120814404,79024,23016,56008
23773,1.0516131746098516,79024,23016,56008
23774,1.0515689408597628,79024,23016,56008
23775,1.0515247108307044,79024,23016,56008
23776,1.0514804845222072,79024,23016,56008
23777,1.0514362619338016,79024,23016,56008
23778,1.051392043065018,79024,23016,56008
23779,1.0513478279153876,79024,23016,56008
23780,1.0513036164844407,79024,23016,56008
23781,1.0512594087717084,79024,23016,56008
23782,1.0512152047767218,79024,23016,56008
23783,1.051171004499012,79024,23016,56008
23784,1.0511268079381098,79024,23016,56008
23785,1.0510826150935464,79024,23016,56008
23786,1.0510384259648533,79024,23016,56008
23787,1.0509942405515618,79024,23016,56008
23788,1.0509500588532033,79024,23016,56008
23789,1.0509058808693093,79024,23016,56008
23790,1.0508617065994115,79024,23016,56008
23791,1.0508175360430414,79024,23016,56008
23792,1.050773369199731,79024,23016,56008
23793,1.0507292060690119,79024,23016,56008
23794,1.050685046650416,79024,23016,56008
23795,1.0506408909434755,79024,23016,56008
23796,1.0505967389477222,79024,23016,56008
23797,1.0505525906626885,79024,23016,56008
23798,1.0505084460879066,79024,23016,56008
23799,1.0504643052229086,79024,23016,56008
23800,1.050420168067227,79024,23016,56008
23801,1.050376034620394,79024,23016,56008
23802,1.0503319048819426,79024,23016,56008
23803,1.0502877788514053,79024,23016,56008
23804,1.0502436565283146,79024,23016,56008
23805,1.0501995379122033,79024,23016,56008
23806,1.0501554230026044,79024,23016,56008
23807,1.0501113117990506,79024,23016,56008
23808,1.0500672043010753,79024,23016,56008
23809,1.0500231005082112,79024,23016,56008
23810,1.0499790004199916,79024,23016,56008
23811,1.0499349040359498,79024,23016,56008
23812,1.0498908113556191,79024,23016,56008
23813,1.0498467223785328,79024,23016,56008
23814,1.0498026371042244,79024,23016,56008
23815,1.0497585555322275,79024,23016,56008
23816,1.049714477662076,79024,23016,56008
23817,1.049670403493303,79024,23016,56008
23818,1.049626333025443,79024,23016,56008
23819,1.0495822662580292,79024,23016,56008
23820,1.0495382031905962,79024,23016,56008
23821,1.0494941438226775,79024,23016,56008
23822,1.0494500881538074,79024,23016,56008
23823,1.04940603618352,79024,23016,56008
23824,1.0493619879113498,79024,23016,56008
23825,1.0493179433368311,79024,23016,56008
23826,1.049273902459498,79024,23016,56008
23827,1.0492298652788854,79024,23016,56008
23828,1.0491858317945275,79024,23016,56008
23829,1.049141802005959,79024,23016,56008
23830,1.0490977759127151,79024,23016,56008
23831,1.04905375351433,79024,23016,56008
23832,1.049009734810339,79024,23016,56008
23833,1.0489657198002769,79024,23016,56008
23834,1.0489217084836788,79024,23016,56008
23835,1.0488777008600798,79024,23016,56008
23836,1.0488336969290148,79024,23016,56008
23837,1.0487896966900196,79024,23016,56008
23838,1.0487457001426295,79024,23016,56008
23839,1.0487017072863796,79024,23016,56008
23840,1.0486577181208054,79024,23016,56008
23841,1.0486137326454428,79024,23016,56008
23842,1.0485697508598273,79024,23016,56008
23843,1.0485257727634945,79024,23016,56008
23844,1.0484817983559804,79024,23016,56008
23845,1.0484378276368211,79024,23016,56008
23846,1.0483938606055523,79024,23016,56008
23847,1.04834989726171,79024,23016,56008
23848,1.0483059376048305,79024,23016,56008
23849,1.04826198163445,79024,23016,56008
23850,1.0482180293501049,79024,23016,56008
23851,1.0481740807513311,79024,23016,56008
23852,1.0481301358376656,79024,23016,56008
23853,1.0480861946086446,79024,23016,56008
23854,1.0480422570638048,79024,23016,56008
23855,1.0479983232026828,79024,23016,56008
23856,1.0479543930248156,79024,23016,56008
23857,1.0479104665297396,79024,23016,56008
23858,1.0478665437169923,79024,23016,56008
23859,1.04782262458611,79024,23016,56008
23860,1.0477787091366304,79024,23016,56008
23861,1.0477347973680902,79024,23016,56008
23862,1.0476908892800267,79024,23016,56008
23863,1.0476469848719776,79024,23016,56008
23864,1.0476030841434798,79024,23016,56008
23865,1.0475591870940708,79024,23016,56008
23866,1.0475152937232883,79024,23016,56008
23867,1.04747140403067,79024,23016,56008
23868,1.0474275180157533,79024,23016,56008
23869,1.0473836356780761,79024,23016,56008
23870,1.0473397570171763,79024,23016,56008
23871,1.047295882032592,79024,23016,56008
23872,1.0472520107238605,79024,23016,56008
23873,1.0472081430905207,79024,23016,56008
23874,1.0471642791321103,79023,23049,55974
23875,1.0471204188481675,79023,23049,55974
23876,1.0470765622382308,79023,23049,55974
23877,1.0470327093018386,79023,23049,55974
23878,1.046988860038529,79023,23049,55974
23879,1.0469450144478412,79023,23049,55974
23880,1.0469011725293131,79023,23049,55974
23881,1.046857334282484,79023,23049,55974
23882,1.0468134997068923,79023,23049,55974
23883,1.046769668802077,79023,23049,55974
23884,1.0467258415675766,79023,23049,55974
23885,1.0466820180029308,79023,23049,55974
23886,1.0466381981076782,79023,23049,55974
23887,1.0465943818813581,79023,23049,55974
23888,1.0465505693235098,79023,23049,55974
23889,1.0465067604336724,79023,23049,55974
23890,1.0464629552113855,79023,23049,55974
23891,1.0464191536561884,79023,23049,55974
23892,1.046375355767621,79023,23049,55974
23893,1.0463315615452224,79023,23049,55974
23894,1.0462877709885328,79023,23049,55974
23895,1.0462439840970914,79023,23049,55974
23896,1.0462002008704385,79023,23049,55974
23897,1.046156421308114,79023,23049,55974
23898,1.0461126454096576,79023,23049,55974
23899,1.0460688731746097,79023,23049,55974
23900,1.0460251046025104,79023,23049,55974
23901,1.0459813396928999,79023,23049,55974
23902,1.0459375784453184,79023,23049,55974
23903,1.0458938208593063,79023,23049,55974
23904,1.0458500669344042,79023,23049,55974
23905,1.0458063166701528,79023,23049,55974
23906,1.0457625700660922,79023,23049,55974
23907,1.0457188271217635,79023,23049,55974
23908,1.0456750878367074,79023,23049,55974
23909,1.0456313522104648,79023,23049,55974
23910,1.0455876202425762,79023,23049,55974
23911,1.0455438919325832,79023,23049,55974
23912,1.0455001672800268,79023,23049,55974
23913,1.0454564462844478,79023,23049,55974
23914,1.0454127289453876,79023,23049,55974
23915,1.0453690152623876,79023,23049,55974
23916,1.0453253052349891,79023,23049,55974
23917,1.0452815988627335,79023,23049,55974
23918,1.0452378961451627,79023,23049,55974
23919,1.0451941970818177,79023,23049,55974
23920,1.0451505016722409,79023,23049,55974
23921,1.0451068099159735,79023,23049,55974
23922,1.0450631218125574,79023,23049,55974
23923,1.045019437361535,79023,23049,55974
23924,1.0449757565624478,79023,23049,55974
23925,1.044932079414838,79023,23049,55974
23926,1.044888405918248,79023,23049,55974
23927,1.0448447360722197,79023,23049,55974
23928,1.0448010698762955,79023,23049,55974
23929,1.0447574073300179,79023,23049,55974
23930,1.0447137484329294,79023,23049,55974
23931,1.0446700931845723,79023,23049,55974
23932,1.0446264415844895,79023,23049,55974
23933,1.0445827936322234,79023,23049,55974
23934,1.0445391493273168,79023,23049,55974
23935,1.0444955086693126,79023,23049,55974
23936,1.044451871657754,79023,23049,55974
23937,1.0444082382921835,79023,23049,55974
23938,1.0443646085721447,79023,23049,55974
23939,1.0443209824971804,79023,23049,55974
23940,1.0442773600668338,79023,23049,55974
23941,1.0442337412806482,79023,23049,55974
23942,1.0441901261381672,79023,23049,55974
23943,1.0441465146389342,79023,23049,55974
23944,1.0441029067824925,79023,23049,55974
23945,1.044059302568386,79023,23049,55974
23946,1.044015701996158,79023,23049,55974
23947,1.0439721050653528,79023,23049,55974
23948,1.0439285117755137,79023,23049,55974
23949,1.0438849221261848,79023,23049,55974
23950,1.0438413361169103,79023,23049,55974
23951,1.0437977537472338,79023,23049,55974
23952,1.0437541750167,79023,23049,55974
23953,1.0437105999248528,79023,23049,55974
23954,1.0436670284712366,79023,23049,55974
23955,1.0436234606553956,79023,23049,55974
23956,1.0435798964768743,79023,23049,55974
23957,1.0435363359352172,79023,23049,55974
23958,1.043492779029969,79023,23049,55974
23959,1.0434492257606744,79023,23049,55974
23960,1.0434056761268782,79023,23049,55974
23961,1.0433621301281248,79023,23049,55974
23962,1.0433185877639597,79023,23049,55974
23963,1.0432750490339273,79023,23049,55974
23964,1.043231513937573,79023,23049,55974
23965,1.0431879824744419,79023,23049,55974
23966,1.0431444546440791,79023,23049,55974
23967,1.04310093044603,79023,23049,55974
23968,1.0430574098798397,79023,23049,55974
23969,1.043013892945054,79023,23049,55974
23970,1.0429703796412182,79023,23049,55974
23971,1.0429268699678778,79023,23049,55974
23972,1.0428833639245787,79023,23049,55974
23973,1.0428398615108665,79023,23049,55974
23974,1.0427963627262868,79023,23049,55974
23975,1.0427528675703859,79023,23049,55974
23976,1.0427093760427093,79023,23049,55974
23977,1.0426658881428035,79023,23049,55974
23978,1.0426224038702143,79023,23049,55974
23979,1.0425789232244882,79023,23049,55974
23980,1.042535446205171,79023,23049,55974
23981,1.0424919728118094,79023,23049,55974
23982,1.0424485030439496,79023,23049,55974
23983,1.0424050369011384,79023,23049,55974
23984,1.042361574382922,79023,23049,55974
23985,1.0423181154888472,79023,23049,55974
23986,1.0422746602184607,79023,23049,55974
23987,1.0422312085713095,79023,23049,55974
23988,1.04218776054694,79023,23049,55974
23989,1.0421443161448998,79023,23049,55974
23990,1.0421008753647354,79023,23049,55974
23991,1.042057438205994,79023,23049,55974
23992,1.0420140046682227,79023,23049,55974
23993,1.041970574750969,79023,23049,55974
23994,1.0419271484537802,79023,23049,55974
23995,1.0418837257762035,79023,23049,55974
23996,1.0418403067177864,79023,23049,55974
23997,1.0417968912780764,79023,23049,55974
23998,1.0417534794566214,79023,23049,55974
23999,1.0417100712529688,79023,23049,55974
24000,1.0416666666666667,79023,23049,55974
24001,1.0416232656972626,79023,23049,55974
24002,1.0415798683443047,79023,23049,55974
24003,1.0415364746073408,79023,23049,55974
24004,1.041493084485919,79023,23049,55974
24005,1.0414496979795875,79023,23049,55974
24006,1.0414063150878947,79023,23049,55974
24007,1.0413629358103886,79022,23049,55973
24008,1.0413195601466179,79022,23049,55973
24009,1.0412761880961305,79022,23049,55973
24010,1.0412328196584757,79022,23049,55973
24011,1.0411894548332015,79022,23049,55973
24012,1.0411460936198567,79022,23049,55973
24013,1.0411027360179903,79022,23049,55973
24014,1.0410593820271508,79022,23049,55973
24015,1.0410160316468873,79022,23049,55973
24016,1.0409726848767489,79022,23049,55973
24017,1.0409293417162844,79022,23049,55973
24018,1.0408860021650428,79022,23049,55973
24019,1.0408426662225738,79022,23049,55973
24020,1.0407993338884263,79022,23049,55973
24021,1.0407560051621498,79022,23049,55973
24022,1.0407126800432935,79022,23049,55973
24023,1.0406693585314073,79022,23049,55973
24024,1.0406260406260406,79022,23049,55973
24025,1.0405827263267429,79022,23049,55973
24026,1.0405394156330643,79022,23049,55973
24027,1.040496108544554,79022,23049,55973
24028,1.0404528050607624,79022,23049,55973
24029,1.0404095051812394,79022,23049,55973
24030,1.0403662089055348,79022,23049,55973
24031,1.0403229162331988,79022,23049,55973
24032,1.0402796271637815,79022,23049,55973
24033,1.0402363416968334,79022,23049,55973
24034,1.040193059831905,79022,23049,55973
24035,1.0401497815685459,79022,23049,55973
24036,1.0401065069063071,79022,23049,55973
24037,1.0400632358447393,79022,23049,55973
24038,1.040019968383393,79022,23049,55973
24039,1.0399767045218187,79022,23049,55973
24040,1.0399334442595674,79022,23049,55973
24041,1.03989018759619,79022,23049,55973
24042,1.039846934531237,79022,23049,55973
24043,1.0398036850642598,79022,23049,55973
24044,1.0397604391948094,79022,23049,55973
24045,1.039717196922437,79022,23049,55973
24046,1.0396739582466938,79022,23049,55973
24047,1.0396307231671311,79022,23049,55973
24048,1.0395874916833001,79022,23049,55973
24049,1.0395442637947523,79022,23049,55973
24050,1.0395010395010396,79022,23049,55973
24051,1.039457818801713,79022,23049,55973
24052,1.0394146016963246,79022,23049,55973
24053,1.039371388184426,79022,23049,55973
24054,1.0393281782655692,79022,23049,55973
24055,1.0392849719393058,79022,23049,55973
24056,1.0392417692051878,79022,23049,55973
24057,1.0391985700627675,79022,23049,55973
24058,1.039155374511597,79022,23049,55973
24059,1.0391121825512282,79022,23049,55973
24060,1.0390689941812137,79022,23049,55973
24061,1.0390258094011056,79022,23049,55973
24062,1.0389826282104564,79022,23049,55973
24063,1.0389394506088185,79022,23049,55973
24064,1.0388962765957446,79022,23049,55973
24065,1.0388531061707875,79022,23049,55973
24066,1.0388099393334995,79022,23049,55973
24067,1.0387667760834338,79022,23049,55973
24068,1.038723616420143,79022,23049,55973
24069,1.03868046034318,79022,23049,55973
24070,1.038637307852098,79022,23049,55973
24071,1.03859415894645,79022,23049,55973
24072,1.0385510136257894,79022,23049,55973
24073,1.038507871889669,79022,23049,55973
24074,1.0384647337376423,79022,23049,55973
24075,1.0384215991692627,79022,23049,55973
24076,1.0383784681840837,79022,23049,55973
24077,1.038335340781659,79022,23049,55973
24078,1.0382922169615416,79022,23049,55973
24079,1.0382490967232858,79022,23049,55973
24080,1.0382059800664452,79022,23049,55973
24081,1.0381628669905736,79022,23049,55973
24082,1.0381197574952246,79022,23049,55973
24083,1.0380766515799527,79022,23049,55973
24084,1.0380335492443116,79022,23049,55973
24085,1.0379904504878554,79022,23049,55973
24086,1.0379473553101386,79022,23049,55973
24087,1.0379042637107154,79022,23049,55973
24088,1.0378611756891398,79022,23049,55973
24089,1.0378180912449666,79022,23049,55973
24090,1.03777501037775,79022,23049,55973
24091,1.037731933087045,79022,23049,55973
24092,1.0376888593724058,79022,23049,55973
24093,1.0376457892333872,79022,23049,55973
24094,1.0376027226695443,79022,23049,55973
24095,1.0375596596804317,79022,23049,55973
24096,1.0375166002656042,79022,23049,55973
24097,1.0374735444246173,79022,23049,55973
24098,1.0374304921570254,79022,23049,55973
24099,1.0373874434623844,79022,23049,55973
24100,1.037344398340249,79022,23049,55973
24101,1.0373013567901748,79022,23049,55973
24102,1.0372583188117168,79022,23049,55973
24103,1.037215284404431,79022,23049,55973
24104,1.0371722535678725,79022,23049,55973
24105,1.0371292263015972,79022,23049,55973
24106,1.0370862026051606,79022,23049,55973
24107,1.0370431824781183,79022,23049,55973
24108,1.0370001659200265,79022,23049,55973
24109,1.0369571529304409,79022,23049,55973
24110,1.0369141435089175,79022,23049,55973
24111,1.0368711376550122,79022,23049,55973
24112,1.0368281353682813,79022,23049,55973
24113,1.036785136648281,79022,23049,55973
24114,1.0367421414945674,79022,23049,55973
24115,1.036699149906697,79022,23049,55973
24116,1.0366561618842263,79022,23049,55973
24117,1.0366131774267116,79022,23049,55973
24118,1.0365701965337093,79022,23049,55973
24119,1.0365272192047763,79022,23049,55973
24120,1.0364842454394694,79022,23049,55973
24121,1.036441275237345,79022,23049,55973
24122,1.0363983085979604,79022,23049,55973
24123,1.0363553455208723,79022,23049,55973
24124,1.0363123860056376,79022,23049,55973
24125,1.0362694300518134,79022,23049,55973
24126,1.0362264776589571,79022,23049,55973
24127,1.0361835288266257,79022,23049,55973
24128,1.0361405835543767,79022,23049,55973
24129,1.0360976418417671,79022,23049,55973
24130,1.0360547036883547,79022,23049,55973
24131,1.036011769093697,79022,23049,55973
24132,1.0359688380573513,79022,23049,55973
24133,1.0359259105788754,79022,23049,55973
24134,1.0358829866578272,79022,23049,55973
24135,1.0358400662937643,79022,23049,55973
24136,1.0357971494862446,79022,23049,55973
24137,1.0357542362348262,79022,23049,55973
24138,1.035711326539067,79022,23049,55973
24139,1.0356684203985251,79022,23049,55973
24140,1.035625517812759,78958,23049,55909
24141,1.0355826187813264,78958,23049,55909
24142,1.035539723303786,78958,23049,55909
24143,1.035496831379696,78958,23049,55909
24144,1.035453943008615,78958,23049,55909
24145,1.0354110581901015,78958,23049,55909
24146,1.035368176923714,78958,23049,55909
24147,1.0353252992090114,78958,23049,55909
24148,1.0352824250455523,78958,23049,55909
24149,1.0352395544328958,78951,23049,55902
24150,1.0351966873706004,78951,23049,55902
24151,1.0351538238582254,78951,23049,55902
24152,1.0351109638953295,78951,23049,55902
24153,1.0350681074814723,78951,23049,55902
24154,1.0350252546162126,78951,23049,55902
24155,1.03498240529911,78951,23049,55902
24156,1.0349395595297235,78951,23049,55902
24157,1.0348967173076127,78951,23049,55902
24158,1.0348538786323371,78951,23049,55902
24159,1.0348110435034563,78951,23049,55902
24160,1.0347682119205297,78951,23049,55902
24161,1.0347253838831174,78951,23049,55902
24162,1.034682559390779,78951,23049,55902
24163,1.034639738443074,78951,23049,55902
24164,1.034596921039563,78951,23049,55902
24165,1.0345541071798054,78951,23049,55902
24166,1.0345112968633619,78951,23049,55902
24167,1.0344684900897918,78951,23049,55902
24168,1.034425686858656,78951,23049,55902
24169,1.0343828871695147,78951,23049,55902
24170,1.034340091021928,78951,23049,55902
24171,1.0342972984154566,78951,23049,55902
24172,1.0342545093496607,78951,23049,55902
24173,1.0342117238241013,78951,23049,55902
24174,1.0341689418383386,78951,23049,55902
24175,1.0341261633919339,78951,23049,55902
24176,1.0340833884844474,78951,23049,55902
24177,1.0340406171154404,78925,23049,55876
24178,1.0339978492844735,78925,23049,55876
24179,1.0339550849911079,78925,23049,55876
24180,1.0339123242349049,78925,23049,55876
24181,1.0338695670154254,78925,23049,55876
24182,1.0338268133322306,78925,23049,55876
24183,1.033784063184882,78925,23049,55876
24184,1.0337413165729408,78925,23049,55876
24185,1.0336985734959685,78925,23049,55876
24186,1.033655833953527,78925,23049,55876
24187,1.0336130979451772,78925,23049,55876
24188,1.0335703654704813,78925,23049,55876
24189,1.0335276365290007,78925,23049,55876
24190,1.0334849111202977,78925,23049,55876
24191,1.0334421892439336,78925,23049,55876
24192,1.033399470899471,78925,23049,55876
24193,1.0333567560864714,78925,23049,55876
24194,1.033314044804497,78925,23049,55876
24195,1.0332713370531101,78925,23049,55876
24196,1.033228632831873,78925,23049,55876
24197,1.033185932140348,78925,23049,55876
24198,1.0331432349780973,78925,23049,55876
24199,1.0331005413446837,78925,23049,55876
24200,1.0330578512396693,78925,23049,55876
24201,1.0330151646626173,78925,23049,55876
24202,1.0329724816130899,78925,23049,55876
24203,1.0329298020906499,78925,23049,55876
24204,1.0328871260948604,78925,23049,55876
24205,1.032844453625284,78925,23049,55876
24206,1.0328017846814839,78925,23049,55876
24207,1.032759119263023,78925,23049,55876
24208,1.0327164573694647,78925,23049,55876
24209,1.0326737990003718,78925,23049,55876
24210,1.0326311441553078,78925,23049,55876
24211,1.0325884928338358,78925,23049,55876
24212,1.0325458450355196,78925,23049,55876
24213,1.0325032007599224,78925,23049,55876
24214,1.0324605600066077,78925,23049,55876
24215,1.0324179227751393,78925,23049,55876
24216,1.032375289065081,78925,23049,55876
24217,1.0323326588759962,78925,23049,55876
24218,1.032290032207449,78925,23049,55876
24219,1.0322474090590033,78925,23049,55876
24220,1.0322047894302229,78925,23049,55876
24221,1.032162173320672,78925,23049,55876
24222,1.032119560729915,78925,23049,55876
24223,1.0320769516575157,78925,23049,55876
24224,1.0320343461030383,78925,23049,55876
24225,1.0319917440660475,78925,23049,55876
24226,1.0319491455461074,78925,23049,55876
24227,1.031906550542783,78925,23049,55876
24228,1.0318639590556382,78925,23049,55876
24229,1.0318213710842379,78925,23049,55876
24230,1.031778786628147,78925,23049,55876
24231,1.03173620568693,78925,23049,55876
24232,1.0316936282601519,78925,23049,55876
24233,1.0316510543473776,78925,23049,55876
24234,1.031608483948172,78925,23049,55876
24235,1.0315659170621003,78925,23049,55876
24236,1.0315233536887276,78925,23049,55876
24237,1.031480793827619,78925,23049,55876
24238,1.0314382374783397,78925,23049,55876
24239,1.0313956846404555,78925,23049,55876
24240,1.0313531353135315,78925,23049,55876
24241,1.031310589497133,78925,23049,55876
24242,1.0312680471908258,78925,23049,55876
24243,1.0312255083941757,78925,23049,55876
24244,1.0311829731067481,78925,23049,55876
24245,1.031140441328109,78925,23049,55876
24246,1.031097913057824,78925,23049,55876
24247,1.0310553882954592,78925,23049,55876
24248,1.0310128670405807,78925,23049,55876
24249,1.0309703492927544,78925,23049,55876
24250,1.0309278350515463,78925,23049,55876
24251,1.030885324316523,78925,23049,55876
24252,1.0308428170872506,78925,23049,55876
24253,1.0308003133632953,78925,23049,55876
24254,1.0307578131442237,78925,23049,55876
24255,1.0307153164296021,78925,23049,55876
24256,1.0306728232189974,78925,23049,55876
24257,1.030630333511976,78925,23049,55876
24258,1.0305878473081045,78925,23049,55876
24259,1.03054536460695,78925,23049,55876
24260,1.030502885408079,78925,23049,55876
24261,1.030460409711059,78925,23049,55876
24262,1.0304179375154563,78925,23049,55876
24263,1.0303754688208384,78925,23049,55876
24264,1.0303330036267722,78925,23049,55876
24265,1.030290541932825,78925,23049,55876
24266,1.0302480837385641,78925,23049,55876
24267,1.030205629043557,78925,23049,55876
24268,1.030163177847371,78925,23049,55876
24269,1.0301207301495736,78925,23049,55876
24270,1.0300782859497322,78925,23049,55876
24271,1.0300358452474145,78925,23049,55876
24272,1.0299934080421886,78925,23049,55876
24273,1.0299509743336217,78925,23049,55876
24274,1.029908544121282,78925,23049,55876
24275,1.0298661174047374,78925,23049,55876
24276,1.0298236941835557,78925,23049,55876
24277,1.0297812744573052,78925,23049,55876
24278,1.029738858225554,78925,23049,55876
24279,1.02969644548787,78925,23049,55876
24280,1.029654036243822,78925,23049,55876
24281,1.029611630492978,78925,23049,55876
24282,1.0295692282349065,78925,23049,55876
24283,1.029526829469176,78925,23049,55876
24284,1.029484434195355,78925,23049,55876
24285,1.0294420424130122,78925,23049,55876
24286,1.0293996541217163,78925,23049,55876
24287,1.029357269321036,78925,23049,55876
24288,1.0293148880105403,78925,23049,55876
24289,1.029272510189798,78925,23049,55876
24290,1.029230135858378,78925,23049,55876
24291,1.0291877650158494,78925,23049,55876
24292,1.0291453976617817,78925,23049,55876
24293,1.0291030337957436,78925,23049,55876
24294,1.0290606734173047,78925,23049,55876
24295,1.0290183165260343,78925,23049,55876
24296,1.0289759631215014,78925,23049,55876
24297,1.028933613203276,78925,23049,55876
24298,1.0288912667709276,78925,23049,55876
24299,1.0288489238240257,78925,23049,55876
24300,1.02880658436214,78925,23049,55876
24301,1.02876424838484,78925,23049,55876
24302,1.0287219158916963,78925,23049,55876
24303,1.028679586882278,78925,23049,55876
24304,1.0286372613561554,78925,23049,55876
24305,1.0285949393128986,78925,23049,55876
24306,1.0285526207520777,78925,23049,55876
24307,1.0285103056732627,78925,23049,55876
24308,1.0284679940760244,78925,23049,55876
24309,1.0284256859599326,78925,23049,55876
24310,1.0283833813245578,78925,23049,55876
24311,1.0283410801694706,78925,23049,55876
24312,1.0282987824942416,78925,23049,55876
24313,1.028256488298441,78925,23049,55876
24314,1.0282141975816401,78925,23049,55876
24315,1.0281719103434095,78925,23049,55876
24316,1.0281296265833195,78925,23049,55876
24317,1.0280873463009417,78925,23049,55876
24318,1.0280450694958467,78925,23049,55876
24319,1.0280027961676055,78925,23049,55876
24320,1.0279605263157894,78925,23049,55876
24321,1.0279182599399697,78925,23049,55876
24322,1.027875997039717,78925,23049,55876
24323,1.0278337376146034,78925,23049,55876
24324,1.0277914816642,78925,23049,55876
24325,1.027749229188078,78925,23049,55876
24326,1.0277069801858094,78925,23049,55876
24327,1.0276647346569656,78925,23049,55876
24328,1.0276224926011182,78925,23049,55876
24329,1.0275802540178387,78925,23049,55876
24330,1.0275380189066996,78925,23049,55876
24331,1.0274957872672723,78925,23049,55876
24332,1.0274535590991287,78925,23049,55876
24333,1.0274113344018412,78925,23049,55876
24334,1.0273691131749816,78925,23049,55876
24335,1.027326895418122,78925,23049,55876
24336,1.027284681130835,78925,23049,55876
24337,1.0272424703126926,78925,23049,55876
24338,1.0272002629632673,78925,23049,55876
24339,1.0271580590821316,78925,23049,55876
24340,1.0271158586688578,78925,23049,55876
24341,1.0270736617230187,78925,23049,55876
24342,1.027031468244187,78925,23049,55876
24343,1.0269892782319352,78925,23049,55876
24344,1.0269470916858363,78925,23049,55876
24345,1.0269049086054631,78925,23049,55876
24346,1.0268627289903887,78925,23049,55876
24347,1.0268205528401857,78925,23049,55876
24348,1.0267783801544275,78925,23049,55876
24349,1.0267362109326872,78925,23049,55876
24350,1.0266940451745379,78925,23049,55876
24351,1.0266518828795532,78925,23049,55876
24352,1.0266097240473062,78925,23049,55876
24353,1.0265675686773703,78925,23049,55876
24354,1.0265254167693192,78925,23049,55876
24355,1.0264832683227263,78925,23049,55876
24356,1.0264411233371653,78925,23049,55876
24357,1.0263989818122101,78925,23049,55876
24358,1.0263568437474342,78925,23049,55876
24359,1.0263147091424114,78925,23049,55876
24360,1.026272577996716,78922,23061,55861
24361,1.0262304503099215,78922,23061,55861
24362,1.0261883260816025,78922,23061,55861
24363,1.0261462053113328,78922,23061,55861
24364,1.0261040879986867,78918,23061,55857
24365,1.0260619741432382,78918,23061,55857
24366,1.026019863744562,78918,23061,55857
24367,1.0259777568022326,78918,23061,55857
24368,1.025935653315824,78918,23061,55857
24369,1.0258935532849112,78918,23061,55857
24370,1.0258514567090686,78918,23061,55857
24371,1.025809363587871,78918,23061,55857
24372,1.0257672739208927,78918,23061,55857
24373,1.0257251877077094,78918,23061,55857
24374,1.0256831049478954,78918,23061,55857
24375,1.0256410256410255,78918,23061,55857
24376,1.0255989497866753,78918,23061,55857
24377,1.0255568773844197,78918,23061,55857
24378,1.0255148084338337,78918,23061,55857
24379,1.0254727429344928,78918,23061,55857
24380,1.0254306808859721,78918,23061,55857
24381,1.025388622287847,78918,23061,55857
24382,1.0253465671396933,78918,23061,55857
24383,1.025304515441086,78918,23061,55857
24384,1.025262467191601,78918,23061,55857
24385,1.0252204223908141,78918,23061,55857
24386,1.0251783810383006,78918,23061,55857
24387,1.0251363431336367,78918,23061,55857
24388,1.0250943086763982,78918,23061,55857
24389,1.025052277666161,78918,23061,55857
24390,1.0250102501025011,78918,23061,55857
24391,1.0249682259849944,78918,23061,55857
24392,1.0249262053132175,78918,23061,55857
24393,1.0248841880867463,78918,23061,55857
24394,1.024842174305157,78918,23061,55857
24395,1.0248001639680262,78918,23061,55857
24396,1.0247581570749302,78918,23061,55857
24397,1.0247161536254457,78918,23061,55857
24398,1.024674153619149,78918,23061,55857
24399,1.024632157055617,78918,23061,55857
24400,1.0245901639344261,78918,23061,55857
24401,1.0245481742551534,78918,23061,55857
24402,1.0245061880173756,78918,23061,55857
24403,1.0244642052206696,78918,23061,55857
24404,1.0244222258646123,78918,23061,55857
24405,1.024380249948781,78918,23061,55857
24406,1.0243382774727525,78918,23061,55857
24407,1.0242963084361043,78918,23061,55857
24408,1.0242543428384137,78918,23061,55857
24409,1.0242123806792576,78918,23061,55857
24410,1.024170421958214,78918,23061,55857
24411,1.0241284666748598,78918,23061,55857
24412,1.0240865148287728,78918,23061,55857
24413,1.0240445664195306,78918,23061,55857
24414,1.0240026214467108,78918,23061,55857
24415,1.0239606799098915,78918,23061,55857
24416,1.0239187418086502,78918,23061,55857
24417,1.0238768071425646,78918,23061,55857
24418,1.023834875911213,78918,23061,55857
24419,1.0237929481141734,78918,23061,55857
24420,1.0237510237510237,78918,23061,55857
24421,1.0237091028213423,78918,23061,55857
24422,1.0236671853247072,78918,23061,55857
24423,1.0236252712606968,78918,23061,55857
24424,1.0235833606288895,78918,23061,55857
24425,1.0235414534288638,78918,23061,55857
24426,1.0234995496601982,78918,23061,55857
24427,1.023457649322471,78918,23061,55857
24428,1.0234157524152612,78918,23061,55857
24429,1.0233738589381474,78918,23061,55857
24430,1.023331968890708,78918,23061,55857
24431,1.0232900822725226,78918,23061,55857
24432,1.0232481990831697,78918,23061,55857
24433,1.023206319322228,78918,23061,55857
24434,1.0231644429892772,78918,23061,55857
24435,1.023122570083896,78918,23061,55857
24436,1.0230807006056637,78918,23061,55857
24437,1.0230388345541597,78918,23061,55857
24438,1.022996971928963,78918,23061,55857
24439,1.0229551127296534,78918,23061,55857
24440,1.0229132569558101,78918,23061,55857
24441,1.0228714046070129,78918,23061,55857
24442,1.022829555682841,78918,23061,55857
24443,1.0227877101828744,78918,23061,55857
24444,1.0227458681066928,78918,23061,55857
24445,1.022704029453876,78918,23061,55857
24446,1.022662194224004,78918,23061,55857
24447,1.0226203624166565,78918,23061,55857
24448,1.0225785340314135,78918,23061,55857
24449,1.0225367090678554,78918,23061,55857
24450,1.0224948875255624,78918,23061,55857
24451,1.0224530694041143,78918,23061,55857
24452,1.0224112547030917,78918,23061,55857
24453,1.022369443422075,78918,23061,55857
24454,1.0223276355606445,78918,23061,55857
24455,1.0222858311183807,78918,23061,55857
24456,1.0222440300948643,78918,23061,55857
24457,1.0222022324896758,78918,23061,55857
24458,1.022160438302396,78918,23061,55857
24459,1.0221186475326056,78918,23061,55857
24460,1.0220768601798855,78918,23061,55857
24461,1.0220350762438166,78918,23061,55857
24462,1.0219932957239801,78918,23061,55857
24463,1.0219515186199566,78918,23061,55857
24464,1.0219097449313277,78918,23061,55857
24465,1.0218679746576742,78918,23061,55857
24466,1.0218262077985776,78918,23061,55857
24467,1.0217844443536193,78918,23061,55857
24468,1.0217426843223802,78918,23061,55857
24469,1.0217009277044424,78918,23061,55857
24470,1.021659174499387,78918,23061,55857
24471,1.0216174247067957,78918,23061,55857
24472,1.0215756783262504,78918,23061,55857
24473,1.0215339353573325,78918,23061,55857
24474,1.0214921957996241,78918,23061,55857
24475,1.0214504596527068,78918,23061,55857
24476,1.0214087269161627,78918,23061,55857
24477,1.0213669975895738,78918,23061,55857
24478,1.0213252716725223,78918,23061,55857
24479,1.02128354916459,78918,23061,55857
24480,1.0212418300653594,78918,23061,55857
24481,1.0212001143744127,78918,23061,55857
24482,1.0211584020913325,78918,23061,55857
24483,1.0211166932157008,78918,23061,55857
24484,1.0210749877471001,78918,23061,55857
24485,1.0210332856851134,78918,23061,55857
24486,1.020991587029323,78918,23061,55857
24487,1.0209498917793114,78918,23061,55857
24488,1.0209081999346619,78918,23061,55857
24489,1.0208665114949569,78918,23061,55857
24490,1.0208248264597795,78918,23061,55857
24491,1.0207831448287126,78918,23061,55857
24492,1.0207414666013392,78918,23061,55857
24493,1.0206997917772425,78918,23061,55857
24494,1.0206581203560054,78918,23061,55857
24495,1.0206164523372117,78918,23061,55857
24496,1.020574787720444,78918,23061,55857
24497,1.0205331265052864,78918,23061,55857
24498,1.0204914686913218,78918,23061,55857
24499,1.0204498142781337,78918,23061,55857
24500,1.0204081632653061,78918,23061,55857
24501,1.0203665156524224,78918,23061,55857
24502,1.0203248714390662,78918,23061,55857
24503,1.0202832306248215,78918,23061,55857
24504,1.0202415932092719,78918,23061,55857
24505,1.0201999591920017,78918,23061,55857
24506,1.0201583285725944,78918,23061,55857
24507,1.0201167013506345,78918,23061,55857
24508,1.020075077525706,78918,23061,55857
24509,1.0200334570973928,78918,23061,55857
24510,1.0199918400652794,78918,23061,55857
24511,1.0199502264289502,78918,23061,55857
24512,1.0199086161879896,78918,23061,55857
24513,1.0198670093419817,78918,23061,55857
24514,1.0198254058905116,78918,23061,55857
24515,1.0197838058331634,78918,23061,55857
24516,1.0197422091695219,78918,23061,55857
24517,1.019700615899172,78918,23061,55857
24518,1.0196590260216984,78918,23061,55857
24519,1.019617439536686,78918,23061,55857
24520,1.0195758564437194,78918,23061,55857
24521,1.019534276742384,78918,23061,55857
24522,1.019492700432265,78918,23061,55857
24523,1.019451127512947,78918,23061,55857
24524,1.0194095579840157,78918,23061,55857
24525,1.019367991845056,78918,23061,55857
24526,1.0193264290956536,78918,23061,55857
24527,1.0192848697353936,78918,23061,55857
24528,1.0192433137638617,78918,23061,55857
24529,1.0192017611806434,78918,23061,55857
24530,1.019160211985324,78918,23061,55857
24531,1.0191186661774898,78918,23061,55857
24532,1.019077123756726,78918,23061,55857
24533,1.0190355847226185,78918,23061,55857
24534,1.0189940490747533,78918,23061,55857
24535,1.0189525168127165,78918,23061,55857
24536,1.0189109879360938,78918,23061,55857
24537,1.0188694624444716,78918,23061,55857
24538,1.0188279403374358,78918,23061,55857
24539,1.0187864216145728,78918,23061,55857
24540,1.0187449062754685,78918,23061,55857
24541,1.01870339431971,78918,23061,55857
24542,1.018661885746883,78918,23061,55857
24543,1.0186203805565741,78918,23061,55857
24544,1.0185788787483703,78918,23061,55857
24545,1.0185373803218578,78918,23061,55857
24546,1.0184958852766235,78918,23061,55857
24547,1.018454393612254,78918,23061,55857
24548,1.0184129053283364,78918,23061,55857
24549,1.0183714204244572,78918,23061,55857
24550,1.0183299389002036,78918,23061,55857
24551,1.0182884607551628,78918,23061,55857
24552,1.0182469859889214,78918,23061,55857
24553,1.0182055146010671,78918,23061,55857
24554,1.0181640465911868,78918,23061,55857
24555,1.018122581958868,78918,23061,55857
24556,1.0180811207036977,78918,23061,55857
24557,1.0180396628252637,78918,23061,55857
24558,1.0179982083231534,78918,23061,55857
24559,1.0179567571969543,78918,23061,55857
24560,1.017915309446254,78918,23061,55857
24561,1.0178738650706405,78918,23061,55857
24562,1.0178324240697012,78918,23061,55857
24563,1.0177909864430241,78918,23061,55857
24564,1.0177495521901971,78918,23061,55857
24565,1.0177081213108081,78918,23061,55857
24566,1.0176666938044452,78918,23061,55857
24567,1.0176252696706964,78918,23061,55857
24568,1.0175838489091502,78918,23061,55857
24569,1.0175424315193944,78918,23061,55857
24570,1.0175010175010175,78918,23061,55857
24571,1.017459606853608,78918,23061,55857
24572,1.017418199576754,78918,23061,55857
24573,1.0173767956700444,78918,23061,55857
24574,1.0173353951330675,78918,23061,55857
24575,1.017293997965412,78918,23061,55857
24576,1.0172526041666667,78918,23061,55857
24577,1.0172112137364202,78918,23061,55857
24578,1.0171698266742615,78918,23061,55857
24579,1.0171284429797796,78918,23061,55857
24580,1.017087062652563,78918,23061,55857
24581,1.0170456856922012,78918,23061,55857
24582,1.0170043120982832,78918,23061,55857
24583,1.0169629418703983,78918,23061,55857
24584,1.0169215750081353,78918,23061,55857
24585,1.016880211511084,78918,23061,55857
24586,1.0168388513788336,78918,23061,55857
24587,1.0167974946109732,78918,23061,55857
24588,1.016756141207093,78918,23061,55857
24589,1.016714791166782,78918,23061,55857
24590,1.01667344448963,78918,23061,55857
24591,1.0166321011752266,78918,23061,55857
24592,1.016590761223162,78918,23061,55857
24593,1.0165494246330256,78918,23061,55857
24594,1.0165080914044076,78918,23061,55857
24595,1.0164667615368976,78918,23061,55857
24596,1.016425435030086,78918,23061,55857
24597,1.016384111883563,78918,23061,55857
24598,1.0163427920969184,78918,23061,55857
24599,1.0163014756697426,78918,23061,55857
24600,1.016260162601626,78918,23061,55857
24601,1.016218852892159,78918,23061,55857
24602,1.0161775465409317,78918,23061,55857
24603,1.016136243547535,78918,23061,55857
24604,1.0160949439115592,78918,23061,55857
24605,1.016053647632595,78918,23061,55857
24606,1.0160123547102333,78918,23061,55857
24607,1.0159710651440648,78918,23061,55857
24608,1.01592977893368,78918,23061,55857
24609,1.0158884960786705,78918,23061,55857
24610,1.0158472165786265,78916,23061,55855
24611,1.0158059404331397,78916,23061,55855
24612,1.0157646676418008,78916,23061,55855
24613,1.015723398204201,78916,23061,55855
24614,1.0156821321199316,78916,23061,55855
24615,1.015640869388584,78916,23061,55855
24616,1.0155996100097497,78916,23061,55855
24617,1.01555835398302,78916,23061,55855
24618,1.015517101307986,78916,23061,55855
24619,1.0154758519842397,78916,23061,55855
24620,1.0154346060113728,78916,23061,55855
24621,1.015393363388977,78916,23061,55855
24622,1.0153521241166437,78916,23061,55855
24623,1.015310888193965,78916,23061,55855
24624,1.0152696556205327,78916,23061,55855
24625,1.015228426395939,78916,23061,55855
24626,1.015187200519776,78916,23061,55855
24627,1.0151459779916352,78916,23061,55855
24628,1.0151047588111093,78916,23061,55855
24629,1.0150635429777903,78916,23061,55855
24630,1.0150223304912709,78916,23061,55855
24631,1.0149811213511428,78916,23061,55855
24632,1.014939915556999,78916,23061,55855
24633,1.0148987131084317,78916,23061,55855
24634,1.0148575140050338,78916,23061,55855
24635,1.0148163182463974,78916,23061,55855
24636,1.0147751258321156,78916,23061,55855
24637,1.0147339367617811,78916,23061,55855
24638,1.0146927510349866,78916,23061,55855
24639,1.014651568651325,78916,23061,55855
24640,1.0146103896103895,78916,23061,55855
24641,1.014569213911773,78916,23061,55855
24642,1.0145280415550686,78916,23061,55855
24643,1.0144868725398692,78916,23061,55855
24644,1.0144457068657686,78916,23061,55855
24645,1.0144045445323595,78916,23061,55855
24646,1.0143633855392356,78916,23061,55855
24647,1.0143222298859902,78916,23061,55855
24648,1.0142810775722169,78916,23061,55855
24649,1.014239928597509,78916,23061,55855
24650,1.0141987829614605,78916,23061,55855
24651,1.0141576406636648,78916,23061,55855
24652,1.0141165017037157,78916,23061,55855
24653,1.0140753660812072,78916,23061,55855
24654,1.0140342337957329,78916,23061,55855
24655,1.013993104846887,78916,23061,55855
24656,1.0139519792342635,78916,23061,55855
24657,1.0139108569574562,78916,23061,55855
24658,1.0138697380160597,78916,23061,55855
24659,1.013828622409668,78916,23061,55855
24660,1.013787510137875,78916,23061,55855
24661,1.0137464012002757,78916,23061,55855
24662,1.0137052955964643,78916,23061,55855
24663,1.0136641933260349,78916,23061,55855
24664,1.0136230943885824,78916,23061,55855
24665,1.0135819987837016,78916,23061,55855
24666,1.0135409065109868,78916,23061,55855
24667,1.013499817570033,78916,23061,55855
24668,1.0134587319604347,78916,23061,55855
24669,1.0134176496817868,78916,23061,55855
24670,1.0133765707336846,78916,23061,55855
24671,1.013335495115723,78916,23061,55855
24672,1.0132944228274967,78916,23061,55855
24673,1.0132533538686013,78916,23061,55855
24674,1.0132122882386319,78916,23061,55855
24675,1.0131712259371835,78916,23061,55855
24676,1.0131301669638515,78916,23061,55855
24677,1.0130891113182316,78916,23061,55855
24678,1.013048058999919,78916,23061,55855
24679,1.0130070100085093,78916,23061,55855
24680,1.012965964343598,78916,23061,55855
24681,1.012924922004781,78916,23061,55855
24682,1.0128838829916538,78916,23061,55855
24683,1.0128428473038122,78916,23061,55855
24684,1.0128018149408524,78916,23061,55855
24685,1.01276078590237,78916,23061,55855
24686,1.0127197601879607,78916,23061,55855
24687,1.0126787377972213,78916,23061,55855
24688,1.0126377187297473,78916,23061,55855
24689,1.012596702985135,78916,23061,55855
24690,1.012555690562981,78916,23061,55855
24691,1.0125146814628811,78916,23061,55855
24692,1.0124736756844321,78916,23061,55855
24693,1.0124326732272304,78916,23061,55855
24694,1.0123916740908723,78916,23061,55855
24695,1.0123506782749545,78916,23061,55855
24696,1.0123096857790734,78916,23061,55855
24697,1.0122686966028263,78916,23061,55855
24698,1.0122277107458093,78916,23061,55855
24699,1.0121867282076198,78916,23061,55855
24700,1.0121457489878543,78916,23061,55855
24701,1.01210477308611,78916,23061,55855
24702,1.0120638005019837,78916,23061,55855
24703,1.0120228312350728,78916,23061,55855
24704,1.0119818652849741,78916,23061,55855
24705,1.0119409026512851,78916,23061,55855
24706,1.0118999433336031,78916,23061,55855
24707,1.0118589873315256,78916,23061,55855
24708,1.0118180346446495,78916,23061,55855
24709,1.0117770852725727,78916,23061,55855
24710,1.0117361392148927,78916,23061,55855
24711,1.011695196471207,78916,23061,55855
24712,1.0116542570411136,78916,23061,55855
24713,1.01161332092421,78916,23061,55855
24714,1.011572388120094,78916,23061,55855
24715,1.0115314586283632,78916,23061,55855
24716,1.0114905324486163,78916,23061,55855
24717,1.0114496095804506,78916,23061,55855
24718,1.0114086900234647,78916,23061,55855
24719,1.0113677737772564,78916,23061,55855
24720,1.0113268608414239,78916,23061,55855
24721,1.0112859512155656,78916,23061,55855
24722,1.01124504489928,78916,23061,55855
24723,1.0112041418921651,78916,23061,55855
24724,1.0111632421938197,78916,23061,55855
24725,1.0111223458038423,78916,23061,55855
24726,1.0110814527218313,78916,23061,55855
24727,1.0110405629473855,78916,23061,55855
24728,1.0109996764801035,78916,23061,55855
24729,1.0109587933195843,78916,23061,55855
24730,1.0109179134654267,78916,23061,55855
24731,1.0108770369172293,78916,23061,55855
24732,1.0108361636745917,78916,23061,55855
24733,1.0107952937371123,78916,23061,55855
24734,1.0107544271043907,78916,23061,55855
24735,1.0107135637760258,78916,23061,55855
24736,1.010672703751617,78916,23061,55855
24737,1.0106318470307636,78916,23061,55855
24738,1.0105909936130648,78916,23061,55855
24739,1.0105501434981203,78916,23061,55855
24740,1.0105092966855296,78916,23061,55855
24741,1.010468453174892,78916,23061,55855
24742,1.0104276129658072,78916,23061,55855
24743,1.0103867760578749,78916,23061,55855
24744,1.010345942450695,78916,23061,55855
24745,1.0103051121438675,78916,23061,55855
24746,1.0102642851369918,78916,23061,55855
24747,1.0102234614296683,78916,23061,55855
24748,1.0101826410214967,78916,23061,55855
24749,1.0101418239120772,78916,23061,55855
24750,1.0101010101010102,78916,23061,55855
24751,1.0100601995878955,78916,23061,55855
24752,1.0100193923723335,78916,23061,55855
24753,1.0099785884539247,78916,23061,55855
24754,1.0099377878322695,78916,23061,55855
24755,1.0098969905069684,78906,23167,55739
24756,1.0098561964776216,78906,23167,55739
24757,1.00981540574383,78906,23167,55739
24758,1.0097746183051943,78906,23167,55739
24759,1.0097338341613151,78906,23167,55739
24760,1.0096930533117932,78906,23167,55739
24761,1.0096522757562296,78906,23167,55739
24762,1.009611501494225,78906,23167,55739
24763,1.0095707305253807,78906,23167,55739
24764,1.0095299628492973,78906,23167,55739
24765,1.0094891984655765,78906,23167,55739
24766,1.0094484373738188,78906,23167,55739
24767,1.0094076795736262,78906,23167,55739
24768,1.0093669250645996,78906,23167,55739
24769,1.0093261738463402,78906,23167,55739
24770,1.0092854259184498,78906,23167,55739
24771,1.0092446812805296,78906,23167,55739
24772,1.0092039399321815,78906,23167,55739
24773,1.009163201873007,78906,23167,55739
24774,1.0091224671026076,78906,23167,55739
24775,1.0090817356205852,78906,23167,55739
24776,1.009041007426542,78906,23167,55739
24777,1.009000282520079,78906,23167,55739
24778,1.008959560900799,78906,23167,55739
24779,1.0089188425683038,78906,23167,55739
24780,1.0088781275221954,78906,23167,55739
24781,1.0088374157620759,78906,23167,55739
24782,1.0087967072875474,78906,23167,55739
24783,1.0087560020982125,78906,23167,55739
24784,1.0087153001936733,78906,23167,55739
24785,1.0086746015735324,78906,23167,55739
24786,1.0086339062373921,78906,23167,55739
24787,1.008593214184855,78906,23167,55739
24788,1.0085525254155236,78906,23167,55739
24789,1.0085118399290007,78906,23167,55739
24790,1.008471157724889,78906,23167,55739
24791,1.0084304788027914,78906,23167,55739
24792,1.0083898031623104,78906,23167,55739
24793,1.0083491308030492,78906,23167,55739
24794,1.0083084617246107,78906,23167,55739
24795,1.0082677959265982,78906,23167,55739
24796,1.0082271334086144,78906,23167,55739
24797,1.0081864741702626,78906,23167,55739
24798,1.008145818211146,78906,23167,55739
24799,1.0081051655308682,78906,23167,55739
24800,1.0080645161290323,78906,23167,55739
24801,1.0080238700052417,78906,23167,55739
24802,1.0079832271591,78906,23167,55739
24803,1.0079425875902108,78864,23091,55773
24804,1.0079019512981777,78864,23091,55773
24805,1.0078613182826044,78864,23091,55773
24806,1.0078206885430945,78864,23091,55773
24807,1.0077800620792519,78864,23091,55773
24808,1.0077394388906804,78864,23091,55773
24809,1.0076988189769842,78864,23091,55773
24810,1.007658202337767,78864,23091,55773
24811,1.007617588972633,78864,23091,55773
24812,1.0075769788811866,78864,23091,55773
24813,1.0075363720630315,78864,23091,55773
24814,1.0074957685177721,78864,23091,55773
24815,1.007455168245013,78864,23091,55773
24816,1.0074145712443585,78864,23091,55773
24817,1.007373977515413,78864,23091,55773
24818,1.0073333870577807,78864,23091,55773
24819,1.0072927998710666,78864,23091,55773
24820,1.0072522159548751,78864,23091,55773
24821,1.0072116353088112,78864,23091,55773
24822,1.0071710579324793,78864,23091,55773
24823,1.0071304838254844,78864,23091,55773
24824,1.0070899129874316,78864,23091,55773
24825,1.0070493454179255,78864,23091,55773
24826,1.0070087811165713,78864,23091,55773
24827,1.0069682200829742,78864,23091,55773
24828,1.0069276623167391,78864,23091,55773
24829,1.0068871078174715,78864,23091,55773
24830,1.0068465565847764,78864,23091,55773
24831,1.0068060086182595,78864,23091,55773
24832,1.0067654639175259,78864,23091,55773
24833,1.006724922482181,78864,23091,55773
24834,1.0066843843118305,78864,23091,55773
24835,1.00664384940608,78864,23091,55773
24836,1.0066033177645353,78864,23091,55773
24837,1.0065627893868019,78864,23091,55773
24838,1.0065222642724858,78864,23091,55773
24839,1.0064817424211925,78864,23091,55773
24840,1.0064412238325282,78864,23091,55773
24841,1.0064007085060989,78864,23091,55773
24842,1.0063601964415103,78864,23091,55773
24843,1.0063196876383689,78864,23091,55773
24844,1.0062791820962809,78864,23091,55773
24845,1.0062386798148522,78864,23091,55773
24846,1.006198180793689,78864,23091,55773
24847,1.0061576850323983,78864,23091,55773
24848,1.006117192530586,78856,23091,55765
24849,1.0060767032878586,78856,23091,55765
24850,1.0060362173038229,78856,23091,55765
24851,1.0059957345780854,78856,23091,55765
24852,1.0059552551102526,78856,23091,55765
24853,1.0059147788999316,78856,23091,55765
24854,1.005874305946729,78856,23091,55765
24855,1.0058338362502515,78856,23091,55765
24856,1.0057933698101063,78856,23091,55765
24857,1.0057529066259001,78856,23091,55765
24858,1.0057124466972402,78856,23091,55765
24859,1.0056719900237339,78856,23091,55765
24860,1.005631536604988,78856,23091,55765
24861,1.0055910864406097,78856,23091,55765
24862,1.0055506395302067,78856,23091,55765
24863,1.005510195873386,78856,23091,55765
24864,1.0054697554697554,78856,23091,55765
24865,1.0054293183189222,78856,23091,55765
24866,1.005388884420494,78856,23091,55765
24867,1.005348453774078,78856,23091,55765
24868,1.0053080263792826,78856,23091,55765
24869,1.0052676022357152,78856,23091,55765
24870,1.0052271813429836,78856,23091,55765
24871,1.0051867637006955,78856,23091,55765
24872,1.0051463493084594,78856,23091,55765
24873,1.0051059381658827,78856,23091,55765
24874,1.0050655302725737,78856,23091,55765
24875,1.0050251256281406,78856,23091,55765
24876,1.0049847242321917,78856,23091,55765
24877,1.004944326084335,78856,23091,55765
24878,1.0049039311841788,78856,23091,55765
24879,1.0048635395313317,78856,23091,55765
24880,1.004823151125402,78856,23091,55765
24881,1.0047827659659982,78856,23091,55765
24882,1.004742384052729,78856,23091,55765
24883,1.0047020053852027,78856,23091,55765
24884,1.0046616299630284,78856,23091,55765
24885,1.0046212577858147,78856,23091,55765
24886,1.0045808888531704,78856,23091,55765
24887,1.0045405231647044,78856,23091,55765
24888,1.0045001607200257,78856,23091,55765
24889,1.0044598015187431,78856,23091,55765
24890,1.004419445560466,78856,23091,55765
24891,1.0043790928448033,78856,23091,55765
24892,1.0043387433713642,78856,23091,55765
24893,1.004298397139758,78856,23091,55765
24894,1.0042580541495942,78856,23091,55765
24895,1.004217714400482,78856,23091,55765
24896,1.0041773778920309,78856,23091,55765
24897,1.0041370446238502,78856,23091,55765
24898,1.00409671459555,78856,23091,55765
24899,1.0040563878067392,78856,23091,55765
24900,1.0040160642570282,78856,23091,55765
24901,1.0039757439460262,78856,23091,55765
24902,1.0039354268733436,78856,23091,55765
24903,1.0038951130385898,78856,23091,55765
24904,1.003854802441375,78856,23091,55765
24905,1.003814495081309,78856,23091,55765
24906,1.003774190958002,78856,23091,55765
24907,1.0037338900710644,78856,23091,55765
24908,1.003693592420106,78856,23091,55765
24909,1.0036532980047372,78856,23091,55765
24910,1.0036130068245686,78856,23091,55765
24911,1.00357271887921,78856,23091,55765
24912,1.0035324341682723,78856,23091,55765
24913,1.003492152691366,78856,23091,55765
24914,1.0034518744481016,78856,23091,55765
24915,1.0034115994380894,78856,23091,55765
24916,1.0033713276609408,78856,23091,55765
24917,1.003331059116266,78856,23091,55765
24918,1.0032907938036761,78856,23091,55765
24919,1.0032505317227818,78856,23091,55765
24920,1.0032102728731942,78856,23091,55765
24921,1.0031700172545244,78856,23091,55765
24922,1.003129764866383,78856,23091,55765
24923,1.003089515708382,78856,23091,55765
24924,1.0030492697801316,78856,23091,55765
24925,1.0030090270812437,78856,23091,55765
24926,1.0029687876113296,78856,23091,55765
24927,1.0029285513700004,78856,23091,55765
24928,1.0028883183568678,78856,23091,55765
24929,1.0028480885715432,78856,23091,55765
24930,1.0028078620136383,78856,23091,55765
24931,1.0027676386827644,78856,23091,55765
24932,1.0027274185785335,78856,23091,55765
24933,1.0026872017005575,78856,23091,55765
24934,1.0026469880484479,78856,23091,55765
24935,1.0026067776218168,78856,23091,55765
24936,1.002566570420276,78856,23091,55765
24937,1.0025263664434374,78856,23091,55765
24938,1.0024861656909134,78856,23091,55765
24939,1.0024459681623161,78856,23091,55765
24940,1.0024057738572574,78856,23091,55765
24941,1.00236558277535,78856,23091,55765
24942,1.0023253949162056,78856,23091,55765
24943,1.002285210279437,78856,23091,55765
24944,1.002245028864657,78856,23091,55765
24945,1.0022048506714774,78856,23091,55765
24946,1.0021646756995108,78856,23091,55765
24947,1.0021245039483706,78856,23091,55765
24948,1.0020843354176687,78856,23091,55765
24949,1.0020441701070184,78856,23091,55765
24950,1.002004008016032,78856,23091,55765
24951,1.0019638491443228,78856,23091,55765
24952,1.0019236934915037,78856,23091,55765
24953,1.0018835410571876,78856,23091,55765
24954,1.0018433918409875,78856,23091,55765
24955,1.0018032458425166,78856,23091,55765
24956,1.001763103061388,78856,23091,55765
24957,1.0017229634972151,78856,23091,55765
24958,1.0016828271496114,78856,23091,55765
24959,1.0016426940181897,78856,23091,55765
24960,1.001602564102564,78856,23091,55765
24961,1.0015624374023477,78856,23091,55765
24962,1.001522313917154,78856,23091,55765
24963,1.001482193646597,78856,23091,55765
24964,1.00144207659029,78856,23091,55765
24965,1.001401962747847,78856,23091,55765
24966,1.0013618521188816,78856,23091,55765
24967,1.001321744703008,78856,23091,55765
24968,1.0012816404998397,78856,23091,55765
24969,1.001241539508991,78856,23091,55765
24970,1.001201441730076,78856,23091,55765
24971,1.0011613471627088,78856,23091,55765
24972,1.0011212558065032,78856,23091,55765
24973,1.001081167661074,78856,23091,55765
24974,1.001041082726035,78856,23091,55765
24975,1.001001001001001,78856,23091,55765
24976,1.0009609224855862,78856,23091,55765
24977,1.000920847179405,78856,23091,55765
24978,1.0008807750820723,78856,23091,55765
24979,1.0008407061932023,78856,23091,55765
24980,1.00080064051241,78856,23091,55765
24981,1.0007605780393098,78856,23091,55765
24982,1.0007205187735169,78856,23091,55765
24983,1.000680462714646,78856,23091,55765
24984,1.0006404098623118,78856,23091,55765
24985,1.0006003602161297,78856,23091,55765
24986,1.0005603137757144,78856,23091,55765
24987,1.000520270540681,78856,23091,55765
24988,1.000480230510645,78856,23091,55765
24989,1.0004401936852214,78856,23091,55765
24990,1.0004001600640255,78856,23091,55765
24991,1.0003601296466729,78856,23091,55765
24992,1.0003201024327786,78856,23091,55765
24993,1.000280078421958,78856,23091,55765
24994,1.0002400576138273,78856,23091,55765
24995,1.0002000400080016,78856,23091,55765
24996,1.0001600256040966,78856,23091,55765
24997,1.0001200144017282,78856,23091,55765
24998,1.000080006400512,78856,23091,55765
24999,1.000040001600064,78856,23091,55765
25000,1,78856,23091,55765
25001,0.999960001599936,78856,23091,55765
