time,temperature,cost,edge_cost,delay_cost
1,25000,215252,67564,147688
2,12500,215663,67564,148099
3,8333.333333333334,217062,67336,149726
4,6250,219427,67336,152091
5,5000,222224,67336,154888
6,4166.666666666667,223477,67341,156136
7,3571.4285714285716,225788,67341,158447
8,3125,225235,66655,158580
9,2777.777777777778,225235,66655,158580
10,2500,225235,66655,158580
11,2272.7272727272725,226604,66655,159949
12,2083.3333333333335,227674,66655,161019
13,1923.076923076923,227674,66655,161019
14,1785.7142857142858,231230,66655,164575
15,1666.6666666666667,231230,66655,164575
16,1562.5,231298,66655,164643
17,1470.5882352941176,231298,66655,164643
18,1388.888888888889,231977,65959,166018
19,1315.7894736842106,233524,65959,167565
20,1250,233524,65959,167565
21,1190.4761904761904,233524,65959,167565
22,1136.3636363636363,235046,65959,169087
23,1086.9565217391305,235046,65959,169087
24,1041.6666666666667,235567,65383,170184
25,1000,235567,65383,170184
26,961.5384615384615,235567,65383,170184
27,925.925925925926,235567,65383,170184
28,892.8571428571429,235567,65383,170184
29,862.0689655172414,235567,65383,170184
30,833.3333333333334,237198,64872,172326
31,806.4516129032259,237198,64872,172326
32,781.25,237198,64872,172326
33,757.5757575757576,237464,64939,172525
34,735.2941176470588,237703,63625,174078
35,714.2857142857143,237703,63625,174078
36,694.4444444444445,237170,62365,174805
37,675.6756756756756,237170,62365,174805
38,657.8947368421053,237170,62365,174805
39,641.025641025641,237170,62365,174805
40,625,236893,62056,174837
41,609.7560975609756,236893,62056,174837
42,595.2380952380952,236893,62056,174837
43,581.3953488372093,236893,62056,174837
44,568.1818181818181,238038,61885,176153
45,555.5555555555555,238038,61885,176153
46,543.4782608695652,238161,61885,176276
47,531.9148936170212,238161,61885,176276
48,520.8333333333334,238591,61885,176706
49,510.2040816326531,238591,61885,176706
50,500,238591,61885,176706
51,490.19607843137254,238591,61885,176706
52,480.7692307692308,238591,61885,176706
53,471.6981132075472,238591,61885,176706
54,462.962962962963,239052,61885,177167
55,454.54545454545456,239052,61885,177167
56,446.42857142857144,239052,61885,177167
57,438.5964912280702,239052,61885,177167
58,431.0344827586207,239259,61885,177374
59,423.728813559322,239259,61885,177374
60,416.6666666666667,239247,61466,177781
61,409.8360655737705,238923,61175,177748
62,403.2258064516129,240171,61175,178996
63,396.8253968253968,240171,61175,178996
64,390.625,240171,61175,178996
65,384.61538461538464,240171,61175,178996
66,378.7878787878788,240171,61175,178996
67,373.13432835820896,240171,61175,178996
68,367.6470588235294,239814,60012,179802
69,362.3188405797101,239814,60012,179802
70,357.14285714285717,239814,60012,179802
71,352.11267605633805,239814,60012,179802
72,347.22222222222223,239814,60012,179802
73,342.4657534246575,239814,60012,179802
74,337.8378378378378,239814,60012,179802
75,333.3333333333333,239814,60012,179802
76,328.94736842105266,239814,60012,179802
77,324.6753246753247,239814,60012,179802
78,320.5128205128205,239814,60012,179802
79,316.45569620253167,239814,60012,179802
80,312.5,239814,60012,179802
81,308.641975308642,239814,60012,179802
82,304.8780487804878,239814,60012,179802
83,301.2048192771084,239154,58944,180210
84,297.6190476190476,239154,58944,180210
85,294.11764705882354,239154,58944,180210
86,290.69767441860466,239154,58944,180210
87,287.35632183908046,239154,58944,180210
88,284.09090909090907,239478,58944,180534
89,280.8988764044944,239478,58944,180534
90,277.77777777777777,239478,58944,180534
91,274.72527472527474,239478,58944,180534
92,271.7391304347826,239478,58944,180534
93,268.81720430107526,239478,58944,180534
94,265.9574468085106,239478,58944,180534
95,263.1578947368421,239478,58944,180534
96,260.4166666666667,239478,58944,180534
97,257.7319587628866,239478,58944,180534
98,255.10204081632654,239478,58944,180534
99,252.5252525252525,239478,58944,180534
100,250,239478,58944,180534
101,247.52475247524754,239478,58944,180534
102,245.09803921568627,239478,58944,180534
103,242.71844660194174,239478,58944,180534
104,240.3846153846154,239478,58944,180534
105,238.0952380952381,239478,58944,180534
106,235.8490566037736,239478,58944,180534
107,233.6448598130841,239298,58256,181042
108,231.4814814814815,239298,58256,181042
109,229.3577981651376,239298,58256,181042
110,227.27272727272728,239298,58256,181042
111,225.22522522522522,239298,58256,181042
112,223.21428571428572,239298,58256,181042
113,221.23893805309734,239298,58256,181042
114,219.2982456140351,239298,58256,181042
115,217.3913043478261,239298,58256,181042
116,215.51724137931035,239298,58256,181042
117,213.67521367521368,239298,58256,181042
118,211.864406779661,239298,58256,181042
119,210.08403361344537,239298,58256,181042
120,208.33333333333334,239492,57979,181513
121,206.61157024793388,239492,57979,181513
122,204.91803278688525,239492,57979,181513
123,203.2520325203252,239492,57979,181513
124,201.61290322580646,239492,57979,181513
125,200,239492,57979,181513
126,198.4126984126984,239492,57979,181513
127,196.8503937007874,239492,57979,181513
128,195.3125,239492,57979,181513
129,193.7984496124031,239492,57979,181513
130,192.30769230769232,239492,57979,181513
131,190.83969465648855,239492,57979,181513
132,189.3939393939394,239492,57979,181513
133,187.9699248120301,239492,57979,181513
134,186.56716417910448,239492,57979,181513
135,185.1851851851852,239492,57979,181513
136,183.8235294117647,239492,57979,181513
137,182.4817518248175,239492,57979,181513
138,181.15942028985506,239492,57979,181513
139,179.85611510791367,239492,57979,181513
140,178.57142857142858,239419,57773,181646
141,177.3049645390071,239419,57773,181646
142,176.05633802816902,239419,57773,181646
143,174.82517482517483,239419,57773,181646
144,173.61111111111111,239419,57773,181646
145,172.41379310344828,239419,57773,181646
146,171.23287671232876,239419,57773,181646
147,170.06802721088437,239419,57773,181646
148,168.9189189189189,239419,57773,181646
149,167.78523489932886,237941,57773,180168
150,166.66666666666666,237941,57773,180168
151,165.56291390728478,237941,57773,180168
152,164.47368421052633,237941,57773,180168
153,163.3986928104575,237941,57773,180168
154,162.33766233766235,237941,57773,180168
155,161.29032258064515,237941,57773,180168
156,160.25641025641025,237941,57773,180168
157,159.23566878980893,237941,57773,180168
158,158.22784810126583,237941,57773,180168
159,157.23270440251574,238046,57691,180355
160,156.25,238046,57691,180355
161,155.27950310559007,238046,57691,180355
162,154.320987654321,238046,57691,180355
163,153.37423312883436,238046,57691,180355
164,152.4390243902439,238429,57351,181078
165,151.5151515151515,238429,57351,181078
166,150.6024096385542,238429,57351,181078
167,149.7005988023952,238429,57351,181078
168,148.8095238095238,238429,57351,181078
169,147.92899408284023,237487,57353,180134
170,147.05882352941177,237487,57353,180134
171,146.19883040935673,237487,57353,180134
172,145.34883720930233,237487,57353,180134
173,144.50867052023122,237487,57353,180134
174,143.67816091954023,237487,57353,180134
175,142.85714285714286,237487,57353,180134
176,142.04545454545453,237487,57353,180134
177,141.24293785310735,237487,57353,180134
178,140.4494382022472,237487,57353,180134
179,139.66480446927375,237487,57353,180134
180,138.88888888888889,237487,57353,180134
181,138.12154696132598,237487,57353,180134
182,137.36263736263737,237487,57353,180134
183,136.6120218579235,237487,57353,180134
184,135.8695652173913,237487,57353,180134
185,135.13513513513513,237487,57353,180134
186,134.40860215053763,237487,57353,180134
187,133.6898395721925,237487,57353,180134
188,132.9787234042553,237533,57353,180180
189,132.27513227513228,237533,57353,180180
190,131.57894736842104,237533,57353,180180
191,130.89005235602093,237655,57353,180302
192,130.20833333333334,237655,57353,180302
193,129.5336787564767,237655,57353,180302
194,128.8659793814433,237655,57353,180302
195,128.2051282051282,237655,57353,180302
196,127.55102040816327,237655,57353,180302
197,126.90355329949239,237655,57353,180302
198,126.26262626262626,237655,57353,180302
199,125.62814070351759,237655,57353,180302
200,125,237655,57353,180302
201,124.37810945273633,237655,57353,180302
202,123.76237623762377,237655,57353,180302
203,123.15270935960591,237655,57353,180302
204,122.54901960784314,237655,57353,180302
205,121.95121951219512,237570,57330,180240
206,121.35922330097087,237570,57330,180240
207,120.77294685990339,237570,57330,180240
208,120.1923076923077,237570,57330,180240
209,119.61722488038278,237570,57330,180240
210,119.04761904761905,237570,57330,180240
211,118.48341232227489,237570,57330,180240
212,117.9245283018868,237570,57330,180240
213,117.37089201877934,237510,57153,180357
214,116.82242990654206,237510,57153,180357
215,116.27906976744185,237510,57153,180357
216,115.74074074074075,237510,57153,180357
217,115.2073732718894,237510,57153,180357
218,114.6788990825688,237510,57153,180357
219,114.15525114155251,237510,57153,180357
220,113.63636363636364,237510,57153,180357
221,113.12217194570135,237510,57153,180357
222,112.61261261261261,237510,57153,180357
223,112.10762331838565,237510,57153,180357
224,111.60714285714286,237510,57153,180357
225,111.11111111111111,237510,57153,180357
226,110.61946902654867,237510,57153,180357
227,110.13215859030836,237641,57000,180641
228,109.64912280701755,237641,57000,180641
229,109.17030567685589,237641,57000,180641
230,108.69565217391305,237641,57000,180641
231,108.22510822510823,237641,57000,180641
232,107.75862068965517,237641,57000,180641
233,107.29613733905579,237641,57000,180641
234,106.83760683760684,237641,57000,180641
235,106.38297872340425,237713,57000,180713
236,105.9322033898305,237713,57000,180713
237,105.48523206751055,237713,57000,180713
238,105.04201680672269,237713,57000,180713
239,104.60251046025104,237713,57000,180713
240,104.16666666666667,237713,57000,180713
241,103.7344398340249,237713,57000,180713
242,103.30578512396694,237853,57000,180853
243,102.88065843621399,237938,57000,180938
244,102.45901639344262,237938,57000,180938
245,102.04081632653062,237938,57000,180938
246,101.6260162601626,237938,57000,180938
247,101.21457489878543,237938,57000,180938
248,100.80645161290323,237938,57000,180938
249,100.40160642570281,237938,57000,180938
250,100,237938,57000,180938
251,99.60159362549801,237886,56793,181093
252,99.2063492063492,237886,56793,181093
253,98.81422924901186,237886,56793,181093
254,98.4251968503937,237886,56793,181093
255,98.03921568627452,237886,56793,181093
256,97.65625,237886,56793,181093
257,97.27626459143968,237886,56793,181093
258,96.89922480620154,237528,55513,182015
259,96.52509652509653,237528,55513,182015
260,96.15384615384616,237528,55513,182015
261,95.78544061302682,237528,55513,182015
262,95.41984732824427,237528,55513,182015
263,95.05703422053232,237528,55513,182015
264,94.6969696969697,237528,55513,182015
265,94.33962264150944,237528,55513,182015
266,93.98496240601504,237528,55513,182015
267,93.63295880149813,237528,55513,182015
268,93.28358208955224,237528,55513,182015
269,92.93680297397769,237528,55513,182015
270,92.5925925925926,237528,55513,182015
271,92.25092250922509,237528,55513,182015
272,91.91176470588235,237528,55513,182015
273,91.57509157509158,237528,55513,182015
274,91.24087591240875,237528,55513,182015
275,90.9090909090909,237528,55513,182015
276,90.57971014492753,237528,55513,182015
277,90.25270758122744,237528,55513,182015
278,89.92805755395683,237528,55513,182015
279,89.60573476702508,237528,55513,182015
280,89.28571428571429,237528,55513,182015
281,88.96797153024912,237528,55513,182015
282,88.65248226950355,237528,55513,182015
283,88.33922261484099,237528,55513,182015
284,88.02816901408451,237528,55513,182015
285,87.71929824561404,237528,55513,182015
286,87.41258741258741,237528,55513,182015
287,87.10801393728222,237528,55513,182015
288,86.80555555555556,237528,55513,182015
289,86.50519031141869,237528,55513,182015
290,86.20689655172414,237528,55513,182015
291,85.91065292096219,237528,55513,182015
292,85.61643835616438,237528,55513,182015
293,85.32423208191126,237528,55513,182015
294,85.03401360544218,237528,55513,182015
295,84.7457627118644,237525,55301,182224
296,84.45945945945945,237525,55301,182224
297,84.17508417508418,237525,55301,182224
298,83.89261744966443,237525,55301,182224
299,83.61204013377926,237525,55301,182224
300,83.33333333333333,237525,55301,182224
301,83.05647840531562,237525,55301,182224
302,82.78145695364239,237525,55301,182224
303,82.50825082508251,237525,55301,182224
304,82.23684210526316,237525,55301,182224
305,81.9672131147541,237525,55301,182224
306,81.69934640522875,237429,53880,183549
307,81.43322475570032,237429,53880,183549
308,81.16883116883118,237429,53880,183549
309,80.90614886731392,237429,53880,183549
310,80.64516129032258,237429,53880,183549
311,80.38585209003216,237429,53880,183549
312,80.12820512820512,237429,53880,183549
313,79.87220447284345,236897,53325,183572
314,79.61783439490446,236897,53325,183572
315,79.36507936507937,236897,53325,183572
316,79.11392405063292,236966,53325,183641
317,78.86435331230284,236966,53325,183641
318,78.61635220125787,236966,53325,183641
319,78.36990595611286,236966,53325,183641
320,78.125,236966,53325,183641
321,77.88161993769471,236177,53325,182852
322,77.63975155279503,236177,53325,182852
323,77.39938080495357,236177,53325,182852
324,77.1604938271605,236177,53325,182852
325,76.92307692307692,236177,53325,182852
326,76.68711656441718,236177,53325,182852
327,76.4525993883792,236177,53325,182852
328,76.21951219512195,235725,52599,183126
329,75.98784194528875,235725,52599,183126
330,75.75757575757575,235725,52599,183126
331,75.52870090634441,235725,52599,183126
332,75.3012048192771,235725,52599,183126
333,75.07507507507508,235725,52599,183126
334,74.8502994011976,235725,52599,183126
335,74.6268656716418,235725,52599,183126
336,74.4047619047619,235725,52599,183126
337,74.1839762611276,235725,52599,183126
338,73.96449704142012,235725,52599,183126
339,73.74631268436578,235725,52599,183126
340,73.52941176470588,235725,52599,183126
341,73.31378299120234,235725,52599,183126
342,73.09941520467837,235725,52599,183126
343,72.8862973760933,235725,52599,183126
344,72.67441860465117,235725,52599,183126
345,72.46376811594203,235725,52599,183126
346,72.25433526011561,235725,52599,183126
347,72.04610951008645,235725,52599,183126
348,71.83908045977012,235725,52599,183126
349,71.63323782234957,235725,52599,183126
350,71.42857142857143,235725,52599,183126
351,71.22507122507122,235775,52599,183176
352,71.02272727272727,235952,52551,183401
353,70.8215297450425,235952,52551,183401
354,70.62146892655367,235952,52551,183401
355,70.4225352112676,235952,52551,183401
356,70.2247191011236,235952,52551,183401
357,70.0280112044818,235860,52279,183581
358,69.83240223463687,235860,52279,183581
359,69.63788300835654,235860,52279,183581
360,69.44444444444444,235860,52279,183581
361,69.25207756232687,235860,52279,183581
362,69.06077348066299,235860,52279,183581
363,68.87052341597796,235860,52279,183581
364,68.68131868131869,235860,52279,183581
365,68.4931506849315,235860,52279,183581
366,68.30601092896175,235860,52279,183581
367,68.11989100817439,235860,52279,183581
368,67.93478260869566,235860,52279,183581
369,67.75067750677506,235860,52279,183581
370,67.56756756756756,235460,52279,183181
371,67.38544474393531,235460,52279,183181
372,67.20430107526882,235460,52279,183181
373,67.02412868632707,235460,52279,183181
374,66.84491978609626,235460,52279,183181
375,66.66666666666667,235460,52279,183181
376,66.48936170212765,235460,52279,183181
377,66.3129973474801,235460,52279,183181
378,66.13756613756614,235460,52279,183181
379,65.96306068601584,235460,52279,183181
380,65.78947368421052,235460,52279,183181
381,65.61679790026247,235513,52279,183234
382,65.44502617801047,235513,52279,183234
383,65.27415143603133,235513,52279,183234
384,65.10416666666667,235513,52279,183234
385,64.93506493506493,235513,52279,183234
386,64.76683937823834,235513,52279,183234
387,64.59948320413437,235513,52279,183234
388,64.43298969072166,235513,52279,183234
389,64.26735218508998,235513,52279,183234
390,64.1025641025641,235513,52279,183234
391,63.9386189258312,235513,52279,183234
392,63.775510204081634,235513,52279,183234
393,63.61323155216285,235513,52279,183234
394,63.45177664974619,235513,52279,183234
395,63.29113924050633,235513,52279,183234
396,63.13131313131313,235513,52279,183234
397,62.97229219143577,235513,52279,183234
398,62.814070351758794,235513,52279,183234
399,62.65664160401003,235513,52279,183234
400,62.5,235513,52279,183234
401,62.34413965087282,235513,52279,183234
402,62.18905472636816,235513,52279,183234
403,62.03473945409429,235513,52279,183234
404,61.881188118811885,235513,52279,183234
405,61.72839506172839,235513,52279,183234
406,61.576354679802954,235513,52279,183234
407,61.42506142506142,235513,52279,183234
408,61.27450980392157,235699,52364,183335
409,61.12469437652812,235699,52364,183335
410,60.97560975609756,235699,52364,183335
411,60.82725060827251,235699,52364,183335
412,60.679611650485434,235699,52364,183335
413,60.53268765133172,235699,52364,183335
414,60.38647342995169,235699,52364,183335
415,60.24096385542169,235699,52364,183335
416,60.09615384615385,234118,52364,181754
417,59.95203836930455,234118,52364,181754
418,59.80861244019139,233695,51848,181847
419,59.665871121718375,233695,51848,181847
420,59.523809523809526,233695,51848,181847
421,59.38242280285036,233695,51848,181847
422,59.241706161137444,233695,51848,181847
423,59.1016548463357,233695,51848,181847
424,58.9622641509434,233695,51848,181847
425,58.8235294117647,233695,51848,181847
426,58.68544600938967,233794,51848,181946
427,58.5480093676815,233794,51848,181946
428,58.41121495327103,233813,52049,181764
429,58.27505827505828,233813,52049,181764
430,58.13953488372093,233813,52049,181764
431,58.0046403712297,233813,52049,181764
432,57.870370370370374,233862,52064,181798
433,57.736720554272516,233862,52064,181798
434,57.6036866359447,233862,52064,181798
435,57.47126436781609,233862,52064,181798
436,57.3394495412844,233862,52064,181798
437,57.20823798627002,233862,52064,181798
438,57.077625570776256,233862,52064,181798
439,56.94760820045558,233862,52064,181798
440,56.81818181818182,233862,52064,181798
441,56.68934240362812,233862,52064,181798
442,56.56108597285068,233862,52064,181798
443,56.433408577878104,233862,52064,181798
444,56.306306306306304,233862,52064,181798
445,56.17977528089887,233862,52064,181798
446,56.053811659192824,233862,52064,181798
447,55.92841163310962,233862,52064,181798
448,55.80357142857143,233862,52064,181798
449,55.67928730512249,233862,52064,181798
450,55.55555555555556,233862,52064,181798
451,55.432372505543235,233862,52064,181798
452,55.309734513274336,233862,52064,181798
453,55.18763796909492,233862,52064,181798
454,55.06607929515418,233862,52064,181798
455,54.94505494505494,233862,52064,181798
456,54.824561403508774,233862,52064,181798
457,54.70459518599562,233862,52064,181798
458,54.585152838427945,233556,51808,181748
459,54.46623093681917,233556,51808,181748
460,54.34782608695652,233556,51808,181748
461,54.229934924078094,233556,51808,181748
462,54.112554112554115,233556,51808,181748
463,53.99568034557235,233556,51808,181748
464,53.87931034482759,233556,51808,181748
465,53.763440860215056,233556,51808,181748
466,53.648068669527895,233556,51808,181748
467,53.53319057815846,233556,51808,181748
468,53.41880341880342,233570,51808,181762
469,53.304904051172706,233570,51808,181762
470,53.191489361702125,233570,51808,181762
471,53.07855626326964,233570,51808,181762
472,52.96610169491525,233570,51808,181762
473,52.854122621564485,233754,51942,181812
474,52.742616033755276,233754,51942,181812
475,52.63157894736842,233754,51942,181812
476,52.52100840336134,233754,51942,181812
477,52.41090146750524,233754,51942,181812
478,52.30125523012552,233754,51942,181812
479,52.19206680584551,233754,51942,181812
480,52.083333333333336,233754,51942,181812
481,51.975051975051976,233754,51942,181812
482,51.86721991701245,233754,51942,181812
483,51.75983436853002,233754,51942,181812
484,51.65289256198347,233754,51942,181812
485,51.54639175257732,233754,51942,181812
486,51.440329218106996,233754,51942,181812
487,51.3347022587269,233754,51942,181812
488,51.22950819672131,233754,51942,181812
489,51.124744376278116,233754,51942,181812
490,51.02040816326531,233754,51942,181812
491,50.91649694501018,233754,51942,181812
492,50.8130081300813,233754,51942,181812
493,50.70993914807302,233754,51942,181812
494,50.607287449392715,233754,51942,181812
495,50.505050505050505,233754,51942,181812
496,50.403225806451616,233720,51632,182088
497,50.30181086519115,233720,51632,182088
498,50.200803212851405,233720,51632,182088
499,50.100200400801604,233720,51632,182088
500,50,233311,51786,181525
501,49.9001996007984,233311,51786,181525
502,49.800796812749006,233311,51786,181525
503,49.70178926441352,233311,51786,181525
504,49.6031746031746,233311,51786,181525
505,49.504950495049506,233311,51786,181525
506,49.40711462450593,233311,51786,181525
507,49.30966469428008,233311,51786,181525
508,49.21259842519685,233311,51786,181525
509,49.115913555992144,233311,51786,181525
510,49.01960784313726,233311,51786,181525
511,48.923679060665364,233311,51786,181525
512,48.828125,233311,51786,181525
513,48.732943469785575,233311,51786,181525
514,48.63813229571984,233311,51786,181525
515,48.54368932038835,233311,51786,181525
516,48.44961240310077,233311,51786,181525
517,48.355899419729205,233311,51786,181525
518,48.262548262548265,233311,51786,181525
519,48.16955684007707,233311,51786,181525
520,48.07692307692308,233311,51786,181525
521,47.98464491362764,233311,51786,181525
522,47.89272030651341,233311,51786,181525
523,47.80114722753346,233311,51786,181525
524,47.70992366412214,233311,51786,181525
525,47.61904761904762,233311,51786,181525
526,47.52851711026616,233311,51786,181525
527,47.43833017077799,233311,51786,181525
528,47.34848484848485,233311,51786,181525
529,47.25897920604915,233311,51786,181525
530,47.16981132075472,233311,51786,181525
531,47.080979284369114,233311,51786,181525
532,46.99248120300752,233311,51786,181525
533,46.90431519699813,233311,51786,181525
534,46.81647940074907,233401,51786,181615
535,46.728971962616825,232698,50898,181800
536,46.64179104477612,232698,50898,181800
537,46.554934823091244,232698,50898,181800
538,46.468401486988846,232698,50898,181800
539,46.3821892393321,232698,50898,181800
540,46.2962962962963,232698,50898,181800
541,46.21072088724584,232698,50898,181800
542,46.125461254612546,232698,50898,181800
543,46.04051565377532,232698,50898,181800
544,45.955882352941174,232698,50898,181800
545,45.87155963302752,232698,50898,181800
546,45.78754578754579,232698,50898,181800
547,45.703839122486286,232698,50898,181800
548,45.62043795620438,232698,50898,181800
549,45.537340619307834,232698,50898,181800
550,45.45454545454545,232698,50898,181800
551,45.37205081669691,232698,50898,181800
552,45.289855072463766,232698,50898,181800
553,45.20795660036166,232698,50898,181800
554,45.12635379061372,232698,50898,181800
555,45.04504504504504,232698,50898,181800
556,44.96402877697842,232698,50898,181800
557,44.88330341113106,232698,50898,181800
558,44.80286738351254,232411,50862,181549
559,44.72271914132379,232411,50862,181549
560,44.642857142857146,232411,50862,181549
561,44.563279857397504,232411,50862,181549
562,44.48398576512456,232411,50862,181549
563,44.40497335701598,232411,50862,181549
564,44.326241134751776,232411,50862,181549
565,44.24778761061947,232411,50862,181549
566,44.169611307420496,232411,50862,181549
567,44.091710758377424,232411,50862,181549
568,44.014084507042256,232411,50862,181549
569,43.936731107205624,232411,50862,181549
570,43.85964912280702,232411,50862,181549
571,43.78283712784589,232411,50862,181549
572,43.70629370629371,232411,50862,181549
573,43.63001745200698,232411,50862,181549
574,43.55400696864111,232411,50862,181549
575,43.47826086956522,232411,50862,181549
576,43.40277777777778,232411,50862,181549
577,43.327556325823224,232411,50862,181549
578,43.25259515570934,232411,50862,181549
579,43.17789291882556,232411,50862,181549
580,43.10344827586207,232411,50862,181549
581,43.029259896729776,232411,50862,181549
582,42.955326460481096,232411,50862,181549
583,42.88164665523156,232411,50862,181549
584,42.80821917808219,232411,50862,181549
585,42.73504273504273,232411,50862,181549
586,42.66211604095563,232411,50862,181549
587,42.58943781942078,232411,50862,181549
588,42.51700680272109,232411,50862,181549
589,42.444821731748725,232411,50862,181549
590,42.3728813559322,232411,50862,181549
591,42.30118443316413,232411,50862,181549
592,42.229729729729726,232411,50862,181549
593,42.158516020236085,232411,50862,181549
594,42.08754208754209,232411,50862,181549
595,42.016806722689076,232411,50862,181549
596,41.946308724832214,232411,50862,181549
597,41.87604690117253,232411,50862,181549
598,41.80602006688963,232411,50862,181549
599,41.736227045075125,232411,50862,181549
600,41.666666666666664,232411,50862,181549
601,41.597337770382694,232411,50862,181549
602,41.52823920265781,232411,50862,181549
603,41.459369817578775,232411,50862,181549
604,41.390728476821195,232411,50862,181549
605,41.32231404958678,232411,50862,181549
606,41.254125412541256,232411,50862,181549
607,41.18616144975288,232411,50862,181549
608,41.11842105263158,232411,50862,181549
609,41.050903119868636,232411,50862,181549
610,40.98360655737705,232411,50862,181549
611,40.91653027823241,232411,50862,181549
612,40.849673202614376,232411,50862,181549
613,40.783034257748774,232411,50862,181549
614,40.71661237785016,232411,50862,181549
615,40.65040650406504,232411,50862,181549
616,40.58441558441559,232411,50862,181549
617,40.51863857374392,232411,50862,181549
618,40.45307443365696,232411,50862,181549
619,40.38772213247173,232411,50862,181549
620,40.32258064516129,232411,50862,181549
621,40.25764895330113,232121,50622,181499
622,40.19292604501608,232121,50622,181499
623,40.12841091492777,232121,50622,181499
624,40.06410256410256,232121,50622,181499
625,40,232121,50622,181499
626,39.936102236421725,232121,50622,181499
627,39.87240829346093,232121,50622,181499
628,39.80891719745223,232121,50622,181499
629,39.7456279809221,232121,50622,181499
630,39.682539682539684,232121,50622,181499
631,39.61965134706814,232121,50622,181499
632,39.55696202531646,232121,50622,181499
633,39.494470774091624,232121,50622,181499
634,39.43217665615142,232121,50622,181499
635,39.37007874015748,232121,50622,181499
636,39.308176100628934,232121,50622,181499
637,39.24646781789639,232121,50622,181499
638,39.18495297805643,232121,50622,181499
639,39.123630672926446,232121,50622,181499
640,39.0625,232121,50622,181499
641,39.0015600624025,232121,50622,181499
642,38.940809968847354,232121,50622,181499
643,38.88024883359253,232121,50622,181499
644,38.81987577639752,232121,50622,181499
645,38.75968992248062,232121,50622,181499
646,38.69969040247678,232121,50622,181499
647,38.639876352395675,232121,50622,181499
648,38.58024691358025,232137,50622,181515
649,38.52080123266564,232137,50622,181515
650,38.46153846153846,232137,50622,181515
651,38.40245775729647,232137,50622,181515
652,38.34355828220859,232137,50622,181515
653,38.28483920367535,232137,50622,181515
654,38.2262996941896,231878,49814,182064
655,38.16793893129771,231714,49683,182031
656,38.109756097560975,231714,49683,182031
657,38.051750380517504,231714,49683,182031
658,37.993920972644375,231714,49683,182031
659,37.93626707132018,231714,49683,182031
660,37.878787878787875,231714,49683,182031
661,37.821482602118,231714,49683,182031
662,37.764350453172206,231714,49683,182031
663,37.70739064856712,231714,49683,182031
664,37.65060240963855,231714,49683,182031
665,37.59398496240601,231714,49683,182031
666,37.53753753753754,231714,49683,182031
667,37.481259370314845,231714,49683,182031
668,37.4251497005988,231714,49683,182031
669,37.369207772795214,231714,49683,182031
670,37.3134328358209,231714,49683,182031
671,37.257824143070046,231714,49683,182031
672,37.20238095238095,231714,49683,182031
673,37.147102526002975,231714,49683,182031
674,37.0919881305638,231714,49683,182031
675,37.03703703703704,231714,49683,182031
676,36.98224852071006,231714,49683,182031
677,36.92762186115214,231714,49683,182031
678,36.87315634218289,231714,49683,182031
679,36.81885125184094,231714,49683,182031
680,36.76470588235294,231714,49683,182031
681,36.71071953010279,231714,49683,182031
682,36.65689149560117,231714,49683,182031
683,36.603221083455345,231714,49683,182031
684,36.54970760233918,231714,49683,182031
685,36.496350364963504,231714,49683,182031
686,36.44314868804665,231714,49683,182031
687,36.3901018922853,231714,49683,182031
688,36.33720930232558,231714,49683,182031
689,36.2844702467344,231714,49683,182031
690,36.231884057971016,231714,49683,182031
691,36.1794500723589,231714,49683,182031
692,36.127167630057805,231714,49683,182031
693,36.075036075036074,231714,49683,182031
694,36.023054755043226,231714,49683,182031
695,35.97122302158273,231714,49683,182031
696,35.91954022988506,231714,49683,182031
697,35.86800573888092,231714,49683,182031
698,35.816618911174785,231714,49683,182031
699,35.7653791130186,231714,49683,182031
700,35.714285714285715,231714,49683,182031
701,35.66333808844508,231714,49683,182031
702,35.61253561253561,231714,49683,182031
703,35.56187766714083,231714,49683,182031
704,35.51136363636363,231714,49683,182031
705,35.46099290780142,231714,49683,182031
706,35.41076487252125,231714,49683,182031
707,35.36067892503536,231714,49683,182031
708,35.31073446327684,231714,49683,182031
709,35.26093088857546,231714,49683,182031
710,35.2112676056338,231714,49683,182031
711,35.16174402250352,231714,49683,182031
712,35.1123595505618,231714,49683,182031
713,35.06311360448808,231739,49683,182056
714,35.0140056022409,231739,49683,182056
715,34.96503496503497,231739,49683,182056
716,34.91620111731844,231739,49683,182056
717,34.86750348675035,231739,49683,182056
718,34.81894150417827,231739,49683,182056
719,34.770514603616135,231739,49683,182056
720,34.72222222222222,231739,49683,182056
721,34.674063800277395,231739,49683,182056
722,34.62603878116344,231739,49683,182056
723,34.57814661134163,231739,49683,182056
724,34.530386740331494,231739,49683,182056
725,34.48275862068966,231739,49683,182056
726,34.43526170798898,231739,49683,182056
727,34.3878954607978,231739,49683,182056
728,34.34065934065934,231739,49683,182056
729,34.29355281207133,231739,49683,182056
730,34.24657534246575,231148,50163,180985
731,34.19972640218878,231148,50163,180985
732,34.15300546448088,231148,50163,180985
733,34.106412005457024,231148,50163,180985
734,34.059945504087196,231148,50163,180985
735,34.01360544217687,231148,50163,180985
736,33.96739130434783,231148,50163,180985
737,33.921302578018995,231148,50163,180985
738,33.87533875338753,231148,50163,180985
739,33.82949932341001,231148,50163,180985
740,33.78378378378378,231148,50163,180985
741,33.738191632928476,231148,50163,180985
742,33.692722371967655,231148,50163,180985
743,33.64737550471063,231148,50163,180985
744,33.60215053763441,231148,50163,180985
745,33.557046979865774,231148,50163,180985
746,33.51206434316354,231148,50163,180985
747,33.467202141900934,231148,50163,180985
748,33.42245989304813,231148,50163,180985
749,33.37783711615487,231148,50163,180985
750,33.333333333333336,231148,50163,180985
751,33.28894806924101,231148,50163,180985
752,33.244680851063826,231148,50163,180985
753,33.200531208499335,231148,50163,180985
754,33.15649867374005,231148,50163,180985
755,33.11258278145695,231148,50163,180985
756,33.06878306878307,231148,50163,180985
757,33.02509907529723,231148,50163,180985
758,32.98153034300792,231148,50163,180985
759,32.93807641633729,231148,50163,180985
760,32.89473684210526,231148,50163,180985
761,32.8515111695138,231148,50163,180985
762,32.808398950131235,231148,50163,180985
763,32.765399737876805,231209,50163,181046
764,32.72251308900523,231209,50163,181046
765,32.6797385620915,231209,50163,181046
766,32.637075718015666,231209,50163,181046
767,32.59452411994785,231209,50163,181046
768,32.552083333333336,231209,50163,181046
769,32.50975292587776,231209,50163,181046
770,32.467532467532465,231209,50163,181046
771,32.425421530479895,231209,50163,181046
772,32.38341968911917,231212,50172,181040
773,32.341526520051744,231212,50172,181040
774,32.299741602067186,231212,50172,181040
775,32.25806451612903,231212,50172,181040
776,32.21649484536083,231212,50172,181040
777,32.17503217503217,231212,50172,181040
778,32.13367609254499,231212,50172,181040
779,32.09242618741977,231212,50172,181040
780,32.05128205128205,231212,50172,181040
781,32.010243277848915,231212,50172,181040
782,31.9693094629156,231212,50172,181040
783,31.928480204342275,231212,50172,181040
784,31.887755102040817,231212,50172,181040
785,31.84713375796178,231212,50172,181040
786,31.806615776081426,231212,50172,181040
787,31.76620076238882,231212,50172,181040
788,31.725888324873097,230401,50172,180229
789,31.685678073510772,230401,50172,180229
790,31.645569620253166,229118,50384,178734
791,31.605562579013906,229118,50384,178734
792,31.565656565656564,229118,50384,178734
793,31.525851197982345,229118,50384,178734
794,31.486146095717885,229118,50384,178734
795,31.446540880503143,229118,50384,178734
796,31.407035175879397,229118,50384,178734
797,31.36762860727729,229118,50384,178734
798,31.328320802005013,229118,50384,178734
799,31.289111389236545,229118,50384,178734
800,31.25,229118,50384,178734
801,31.210986267166042,229118,50384,178734
802,31.17206982543641,229118,50384,178734
803,31.133250311332503,229118,50384,178734
804,31.09452736318408,229118,50384,178734
805,31.055900621118013,229118,50384,178734
806,31.017369727047146,229118,50384,178734
807,30.97893432465923,229118,50384,178734
808,30.940594059405942,229118,50384,178734
809,30.902348578491967,229118,50384,178734
810,30.864197530864196,229118,50384,178734
811,30.826140567200987,229118,50384,178734
812,30.788177339901477,229118,50384,178734
813,30.75030750307503,229118,50384,178734
814,30.71253071253071,229118,50384,178734
815,30.67484662576687,229118,50384,178734
816,30.637254901960784,229118,50384,178734
817,30.599755201958384,229118,50384,178734
818,30.56234718826406,229118,50384,178734
819,30.525030525030527,229118,50384,178734
820,30.48780487804878,229118,50384,178734
821,30.450669914738125,229118,50384,178734
822,30.413625304136254,229118,50384,178734
823,30.37667071688943,229118,50384,178734
824,30.339805825242717,229118,50384,178734
825,30.303030303030305,229118,50384,178734
826,30.26634382566586,229118,50384,178734
827,30.22974607013301,226390,50384,176006
828,30.193236714975846,226390,50384,176006
829,30.156815440289506,226390,50384,176006
830,30.120481927710845,226390,50384,176006
831,30.084235860409144,226390,50384,176006
832,30.048076923076923,226390,50384,176006
833,30.012004801920767,226390,50384,176006
834,29.976019184652277,226390,50384,176006
835,29.940119760479043,226390,50384,176006
836,29.904306220095695,226390,50384,176006
837,29.86857825567503,226390,50384,176006
838,29.832935560859188,226390,50384,176006
839,29.797377830750893,226390,50384,176006
840,29.761904761904763,226390,50384,176006
841,29.72651605231867,226390,50384,176006
842,29.69121140142518,225823,50376,175447
843,29.655990510083036,225823,50376,175447
844,29.620853080568722,225823,50376,175447
845,29.585798816568047,225823,50376,175447
846,29.55082742316785,225823,50376,175447
847,29.515938606847698,225823,50376,175447
848,29.4811320754717,225823,50376,175447
849,29.44640753828033,225823,50376,175447
850,29.41176470588235,225823,50376,175447
851,29.37720329024677,225823,50376,175447
852,29.342723004694836,225823,50376,175447
853,29.308323563892145,225823,50376,175447
854,29.27400468384075,225823,50376,175447
855,29.239766081871345,225823,50376,175447
856,29.205607476635514,225823,50376,175447
857,29.171528588098017,225823,50376,175447
858,29.13752913752914,225823,50376,175447
859,29.10360884749709,225823,50376,175447
860,29.069767441860463,225823,50376,175447
861,29.036004645760745,225823,50376,175447
862,29.00232018561485,225823,50376,175447
863,28.968713789107763,225823,50376,175447
864,28.935185185185187,225823,50376,175447
865,28.90173410404624,225823,50376,175447
866,28.868360277136258,225823,50376,175447
867,28.83506343713956,225823,50376,175447
868,28.80184331797235,225823,50376,175447
869,28.768699654775602,225823,50376,175447
870,28.735632183908045,225823,50376,175447
871,28.70264064293915,225823,50376,175447
872,28.6697247706422,225823,50376,175447
873,28.6368843069874,225823,50376,175447
874,28.60411899313501,225823,50376,175447
875,28.571428571428573,225823,50376,175447
876,28.538812785388128,225823,50376,175447
877,28.506271379703534,225823,50376,175447
878,28.47380410022779,225823,50376,175447
879,28.441410693970422,225162,49592,175570
880,28.40909090909091,225162,49592,175570
881,28.37684449489217,225162,49592,175570
882,28.34467120181406,225162,49592,175570
883,28.312570781426952,225162,49592,175570
884,28.28054298642534,225162,49592,175570
885,28.24858757062147,225162,49592,175570
886,28.216704288939052,225162,49592,175570
887,28.18489289740699,225162,49592,175570
888,28.153153153153152,225162,49592,175570
889,28.1214848143982,225162,49592,175570
890,28.089887640449437,225162,49592,175570
891,28.058361391694724,225162,49592,175570
892,28.026905829596412,225162,49592,175570
893,27.99552071668533,225162,49592,175570
894,27.96420581655481,225162,49592,175570
895,27.932960893854748,225162,49592,175570
896,27.901785714285715,225162,49592,175570
897,27.870680044593087,225162,49592,175570
898,27.839643652561247,225162,49592,175570
899,27.808676307007786,225162,49592,175570
900,27.77777777777778,225162,49592,175570
901,27.74694783573807,225028,49310,175718
902,27.716186252771617,225028,49310,175718
903,27.685492801771872,225028,49310,175718
904,27.654867256637168,225028,49310,175718
905,27.624309392265193,225028,49310,175718
906,27.59381898454746,225028,49310,175718
907,27.563395810363836,225028,49310,175718
908,27.53303964757709,225028,49310,175718
909,27.502750275027502,225028,49310,175718
910,27.47252747252747,225028,49310,175718
911,27.442371020856204,225028,49310,175718
912,27.412280701754387,225028,49310,175718
913,27.38225629791895,225028,49310,175718
914,27.35229759299781,225028,49310,175718
915,27.3224043715847,225028,49310,175718
916,27.292576419213972,225028,49310,175718
917,27.262813522355508,225028,49310,175718
918,27.233115468409586,225028,49310,175718
919,27.20348204570185,225028,49310,175718
920,27.17391304347826,225028,49310,175718
921,27.14440825190011,225028,49310,175718
922,27.114967462039047,225028,49310,175718
923,27.085590465872155,225028,49310,175718
924,27.056277056277057,225028,49310,175718
925,27.027027027027028,225028,49310,175718
926,26.997840172786177,225028,49310,175718
927,26.968716289104638,225028,49310,175718
928,26.939655172413794,225028,49310,175718
929,26.910656620021527,225028,49310,175718
930,26.881720430107528,225028,49310,175718
931,26.852846401718583,225028,49310,175718
932,26.824034334763947,225028,49310,175718
933,26.79528403001072,225028,49310,175718
934,26.76659528907923,225028,49310,175718
935,26.737967914438503,225028,49310,175718
936,26.70940170940171,225028,49310,175718
937,26.680896478121664,225028,49310,175718
938,26.652452025586353,225028,49310,175718
939,26.624068157614484,225028,49310,175718
940,26.595744680851062,225028,49310,175718
941,26.56748140276302,225028,49310,175718
942,26.53927813163482,225028,49310,175718
943,26.511134676564158,225028,49310,175718
944,26.483050847457626,225028,49310,175718
945,26.455026455026456,225028,49310,175718
946,26.427061310782243,225028,49310,175718
947,26.399155227032736,225028,49310,175718
948,26.371308016877638,225028,49310,175718
949,26.343519494204426,225028,49310,175718
950,26.31578947368421,225028,49310,175718
951,26.288117770767613,225028,49310,175718
952,26.26050420168067,225028,49310,175718
953,26.232948583420775,225028,49310,175718
954,26.20545073375262,225028,49310,175718
955,26.17801047120419,225028,49310,175718
956,26.15062761506276,225028,49310,175718
957,26.12330198537095,225028,49310,175718
958,26.096033402922757,225028,49310,175718
959,26.068821689259646,225028,49310,175718
960,26.041666666666668,225028,49310,175718
961,26.014568158168576,225028,49310,175718
962,25.987525987525988,225028,49310,175718
963,25.96053997923157,225028,49310,175718
964,25.933609958506224,225028,49310,175718
965,25.906735751295336,225028,49310,175718
966,25.87991718426501,225028,49310,175718
967,25.853154084798344,225028,49310,175718
968,25.826446280991735,225028,49310,175718
969,25.799793601651185,225028,49310,175718
970,25.77319587628866,225028,49310,175718
971,25.746652935118433,225028,49310,175718
972,25.720164609053498,225069,49176,175893
973,25.693730729701954,225069,49176,175893
974,25.66735112936345,225069,49176,175893
975,25.641025641025642,225069,49176,175893
976,25.614754098360656,225069,49176,175893
977,25.588536335721596,225069,49176,175893
978,25.562372188139058,225069,49176,175893
979,25.53626149131767,225069,49176,175893
980,25.510204081632654,225069,49176,175893
981,25.4841997961264,225069,49176,175893
982,25.45824847250509,225069,49176,175893
983,25.4323499491353,225069,49176,175893
984,25.40650406504065,225069,49176,175893
985,25.380710659898476,225069,49176,175893
986,25.35496957403651,225069,49176,175893
987,25.329280648429584,224284,48240,176044
988,25.303643724696357,224284,48240,176044
989,25.278058645096056,224284,48240,176044
990,25.252525252525253,224284,48240,176044
991,25.22704339051463,224284,48240,176044
992,25.201612903225808,224284,48240,176044
993,25.17623363544814,224284,48240,176044
994,25.150905432595575,224284,48240,176044
995,25.12562814070352,224284,48240,176044
996,25.100401606425702,224284,48240,176044
997,25.075225677031092,224284,48240,176044
998,25.050100200400802,224284,48240,176044
999,25.025025025025027,224284,48240,176044
1000,25,224284,48240,176044
1001,24.975024975024976,224284,48240,176044
1002,24.9500998003992,224284,48240,176044
1003,24.92522432701894,224284,48240,176044
1004,24.900398406374503,224284,48240,176044
1005,24.875621890547265,224284,48240,176044
1006,24.85089463220676,224284,48240,176044
1007,24.826216484607745,224284,48240,176044
1008,24.8015873015873,224284,48240,176044
1009,24.777006937561943,224284,48240,176044
1010,24.752475247524753,224284,48240,176044
1011,24.727992087042534,224284,48240,176044
1012,24.703557312252965,224284,48240,176044
1013,24.679170779861796,224284,48240,176044
1014,24.65483234714004,224272,45344,178928
1015,24.63054187192118,224272,45344,178928
1016,24.606299212598426,224272,45344,178928
1017,24.582104228121928,224272,45344,178928
1018,24.557956777996072,224272,45344,178928
1019,24.53385672227674,224272,45344,178928
1020,24.50980392156863,224272,45344,178928
1021,24.48579823702253,224272,45344,178928
1022,24.461839530332682,224272,45344,178928
1023,24.437927663734115,224272,45344,178928
1024,24.4140625,224272,45344,178928
1025,24.390243902439025,224272,45344,178928
1026,24.366471734892787,224272,45344,178928
1027,24.342745861733203,224272,45344,178928
1028,24.31906614785992,224272,45344,178928
1029,24.295432458697764,224272,45344,178928
1030,24.271844660194176,224272,45344,178928
1031,24.248302618816684,224272,45344,178928
1032,24.224806201550386,224272,45344,178928
1033,24.20135527589545,224272,45344,178928
1034,24.177949709864603,224272,45344,178928
1035,24.154589371980677,224272,45344,178928
1036,24.131274131274132,224272,45344,178928
1037,24.108003857280618,224272,45344,178928
1038,24.084778420038536,224272,45344,178928
1039,24.06159769008662,224272,45344,178928
1040,24.03846153846154,224272,45344,178928
1041,24.015369836695484,224272,45344,178928
1042,23.99232245681382,224272,45344,178928
1043,23.969319271332694,224006,45111,178895
1044,23.946360153256705,224006,45111,178895
1045,23.923444976076556,224006,45111,178895
1046,23.90057361376673,224006,45111,178895
1047,23.87774594078319,224006,45111,178895
1048,23.85496183206107,224006,45111,178895
1049,23.83222116301239,224006,45111,178895
1050,23.80952380952381,224006,45111,178895
1051,23.78686964795433,224006,45111,178895
1052,23.76425855513308,224006,45111,178895
1053,23.741690408357076,224006,45111,178895
1054,23.719165085388994,223787,44719,179068
1055,23.696682464454977,223787,44719,179068
1056,23.674242424242426,223787,44719,179068
1057,23.651844843897823,223787,44719,179068
1058,23.629489603024574,223787,44719,179068
1059,23.607176581680832,223787,44719,179068
1060,23.58490566037736,223787,44719,179068
1061,23.5626767200754,223787,44719,179068
1062,23.540489642184557,223787,44719,179068
1063,23.51834430856068,223787,44719,179068
1064,23.49624060150376,223787,44719,179068
1065,23.474178403755868,223787,44719,179068
1066,23.452157598499063,223787,44719,179068
1067,23.430178069353328,223787,44719,179068
1068,23.408239700374533,223787,44719,179068
1069,23.386342376052387,223787,44719,179068
1070,23.364485981308412,223787,44719,179068
1071,23.34267040149393,223787,44719,179068
1072,23.32089552238806,223787,44719,179068
1073,23.299161230195715,223787,44719,179068
1074,23.277467411545622,223787,44719,179068
1075,23.25581395348837,223787,44719,179068
1076,23.234200743494423,223787,44719,179068
1077,23.212627669452182,223787,44719,179068
1078,23.19109461966605,223787,44719,179068
1079,23.169601482854496,223787,44719,179068
1080,23.14814814814815,223787,44719,179068
1081,23.12673450508788,223787,44719,179068
1082,23.10536044362292,223787,44719,179068
1083,23.08402585410896,223787,44719,179068
1084,23.062730627306273,223787,44719,179068
1085,23.04147465437788,223787,44719,179068
1086,23.02025782688766,223787,44719,179068
1087,22.999080036798528,223787,44719,179068
1088,22.977941176470587,223787,44719,179068
1089,22.95684113865932,223787,44719,179068
1090,22.93577981651376,223787,44719,179068
1091,22.9147571035747,223787,44719,179068
1092,22.893772893772894,223787,44719,179068
1093,22.872827081427264,223787,44719,179068
1094,22.851919561243143,223787,44719,179068
1095,22.831050228310502,223787,44719,179068
1096,22.81021897810219,223787,44719,179068
1097,22.789425706472198,223787,44719,179068
1098,22.768670309653917,223787,44719,179068
1099,22.747952684258415,223787,44719,179068
1100,22.727272727272727,223787,44719,179068
1101,22.70663033605813,223787,44719,179068
1102,22.686025408348456,223787,44719,179068
1103,22.665457842248415,223787,44719,179068
1104,22.644927536231883,223787,44719,179068
1105,22.624434389140273,223787,44719,179068
1106,22.60397830018083,223787,44719,179068
1107,22.583559168925024,223787,44719,179068
1108,22.56317689530686,223787,44719,179068
1109,22.54283137962128,223787,44719,179068
1110,22.52252252252252,223787,44719,179068
1111,22.502250225022504,223787,44719,179068
1112,22.48201438848921,223787,44719,179068
1113,22.461814914645103,223787,44719,179068
1114,22.44165170556553,223764,44603,179161
1115,22.42152466367713,223764,44603,179161
1116,22.40143369175627,223764,44603,179161
1117,22.381378692927484,223764,44603,179161
1118,22.361359570661897,223764,44603,179161
1119,22.341376228775694,223764,44603,179161
1120,22.321428571428573,223764,44603,179161
1121,22.301516503122212,223764,44603,179161
1122,22.281639928698752,223312,44514,178798
1123,22.26179875333927,223312,44514,178798
1124,22.24199288256228,223312,44514,178798
1125,22.22222222222222,223312,44514,178798
1126,22.20248667850799,223312,44514,178798
1127,22.182786157941436,223312,44514,178798
1128,22.163120567375888,223312,44514,178798
1129,22.143489813994684,223312,44514,178798
1130,22.123893805309734,223312,44514,178798
1131,22.104332449160037,223312,44514,178798
1132,22.084805653710248,223312,44514,178798
1133,22.06531332744925,223312,44514,178798
1134,22.045855379188712,223312,44514,178798
1135,22.026431718061673,223312,44514,178798
1136,22.007042253521128,223312,44514,178798
1137,21.98768689533861,223312,44514,178798
1138,21.968365553602812,223312,44514,178798
1139,21.949078138718175,223312,44514,178798
1140,21.92982456140351,223312,44514,178798
1141,21.910604732690622,223312,44514,178798
1142,21.891418563922944,223312,44514,178798
1143,21.872265966754156,223312,44514,178798
1144,21.853146853146853,223312,44514,178798
1145,21.83406113537118,223312,44514,178798
1146,21.81500872600349,223312,44514,178798
1147,21.79598953792502,223312,44514,178798
1148,21.777003484320556,223312,44514,178798
1149,21.75805047867711,223312,44514,178798
1150,21.73913043478261,223312,44514,178798
1151,21.720243266724587,223312,44514,178798
1152,21.70138888888889,223312,44514,178798
1153,21.682567215958368,223312,44514,178798
1154,21.663778162911612,223312,44514,178798
1155,21.645021645021647,223312,44514,178798
1156,21.62629757785467,223312,44514,178798
1157,21.6076058772688,223312,44514,178798
1158,21.58894645941278,223312,44514,178798
1159,21.570319240724764,223312,44514,178798
1160,21.551724137931036,223312,44514,178798
1161,21.533161068044787,223312,44514,178798
1162,21.514629948364888,223312,44514,178798
1163,21.496130696474633,223312,44514,178798
1164,21.477663230240548,223312,44514,178798
1165,21.459227467811157,223312,44514,178798
1166,21.44082332761578,223312,44514,178798
1167,21.422450728363327,223312,44514,178798
1168,21.404109589041095,223312,44514,178798
1169,21.3857998289136,223312,44514,178798
1170,21.367521367521366,223312,44514,178798
1171,21.34927412467976,223312,44514,178798
1172,21.331058020477816,223312,44514,178798
1173,21.312872975277067,223312,44514,178798
1174,21.29471890971039,223312,44514,178798
1175,21.27659574468085,223312,44514,178798
1176,21.258503401360546,223312,44514,178798
1177,21.240441801189466,223312,44514,178798
1178,21.222410865874362,223312,44514,178798
1179,21.20441051738762,223312,44514,178798
1180,21.1864406779661,223312,44514,178798
1181,21.168501270110077,223312,44514,178798
1182,21.150592216582066,223312,44514,178798
1183,21.132713440405748,223312,44514,178798
1184,21.114864864864863,223312,44514,178798
1185,21.09704641350211,223312,44514,178798
1186,21.079258010118043,223312,44514,178798
1187,21.061499578770007,223312,44514,178798
1188,21.043771043771045,223312,44514,178798
1189,21.026072329688816,223312,44514,178798
1190,21.008403361344538,223312,44514,178798
1191,20.990764063811923,223312,44514,178798
1192,20.973154362416107,223312,44514,178798
1193,20.955574182732608,223312,44514,178798
1194,20.938023450586265,223312,44514,178798
1195,20.92050209205021,223312,44514,178798
1196,20.903010033444815,223312,44514,178798
1197,20.885547201336674,223312,44514,178798
1198,20.868113522537563,223312,44514,178798
1199,20.85070892410342,223312,44514,178798
1200,20.833333333333332,223312,44514,178798
1201,20.815986677768525,223312,44514,178798
1202,20.798668885191347,223312,44514,178798
1203,20.781379883624272,223312,44514,178798
1204,20.764119601328904,223312,44514,178798
1205,20.74688796680498,223312,44514,178798
1206,20.729684908789388,223312,44514,178798
1207,20.712510356255176,223312,44514,178798
1208,20.695364238410598,223312,44514,178798
1209,20.678246484698096,223312,44514,178798
1210,20.66115702479339,223312,44514,178798
1211,20.64409578860446,223312,44514,178798
1212,20.627062706270628,223312,44514,178798
1213,20.610057708161584,223312,44514,178798
1214,20.59308072487644,223312,44514,178798
1215,20.5761316872428,223312,44514,178798
1216,20.55921052631579,223312,44514,178798
1217,20.542317173377157,223312,44514,178798
1218,20.525451559934318,223312,44514,178798
1219,20.50861361771944,223312,44514,178798
1220,20.491803278688526,223312,44514,178798
1221,20.475020475020475,223312,44514,178798
1222,20.458265139116204,223312,44514,178798
1223,20.44153720359771,223312,44514,178798
1224,20.424836601307188,223312,44514,178798
1225,20.408163265306122,223312,44514,178798
1226,20.391517128874387,223312,44514,178798
1227,20.37489812550937,223312,44514,178798
1228,20.35830618892508,223312,44514,178798
1229,20.34174125305126,223312,44514,178798
1230,20.32520325203252,223312,44514,178798
1231,20.30869212022746,223312,44514,178798
1232,20.292207792207794,223312,44514,178798
1233,20.275750202757504,223312,44514,178798
1234,20.25931928687196,223312,44514,178798
1235,20.242914979757085,223312,44514,178798
1236,20.22653721682848,223312,44514,178798
1237,20.21018593371059,223312,44514,178798
1238,20.193861066235865,223312,44514,178798
1239,20.177562550443906,223312,44514,178798
1240,20.161290322580644,223312,44514,178798
1241,20.1450443190975,223312,44514,178798
1242,20.128824476650564,223312,44514,178798
1243,20.11263073209976,223312,44514,178798
1244,20.09646302250804,223312,44514,178798
1245,20.080321285140563,223312,44514,178798
1246,20.064205457463885,223312,44514,178798
1247,20.04811547714515,223312,44514,178798
1248,20.03205128205128,223312,44514,178798
1249,20.0160128102482,223312,44514,178798
1250,20,223312,44514,178798
1251,19.984012789768187,223312,44514,178798
1252,19.968051118210862,223312,44514,178798
1253,19.952114924181963,223312,44514,178798
1254,19.936204146730464,221961,43362,178599
1255,19.9203187250996,221383,42817,178566
1256,19.904458598726116,221383,42817,178566
1257,19.88862370723946,221383,42817,178566
1258,19.87281399046105,221383,42817,178566
1259,19.857029388403493,221383,42817,178566
1260,19.841269841269842,221383,42817,178566
1261,19.825535289452816,221296,42529,178767
1262,19.80982567353407,221296,42529,178767
1263,19.79414093428345,221296,42529,178767
1264,19.77848101265823,221296,42529,178767
1265,19.76284584980237,221296,42529,178767
1266,19.747235387045812,221296,42529,178767
1267,19.73164956590371,221296,42529,178767
1268,19.71608832807571,221296,42529,178767
1269,19.70055161544523,221296,42529,178767
1270,19.68503937007874,221296,42529,178767
1271,19.66955153422502,221296,42529,178767
1272,19.654088050314467,221296,42529,178767
1273,19.638648860958366,221163,42541,178622
1274,19.623233908948194,221163,42541,178622
1275,19.607843137254903,221163,42541,178622
1276,19.592476489028215,221163,42541,178622
1277,19.57713390759593,221163,42541,178622
1278,19.561815336463223,221068,41356,179712
1279,19.546520719311964,221068,41356,179712
1280,19.53125,221068,41356,179712
1281,19.516003122560498,221068,41356,179712
1282,19.50078003120125,221068,41356,179712
1283,19.485580670303975,221068,41356,179712
1284,19.470404984423677,221068,41356,179712
1285,19.455252918287936,221068,41356,179712
1286,19.440124416796266,221068,41356,179712
1287,19.425019425019425,221068,41356,179712
1288,19.40993788819876,221068,41356,179712
1289,19.39487975174554,221068,41356,179712
1290,19.37984496124031,221068,41356,179712
1291,19.364833462432223,221068,41356,179712
1292,19.34984520123839,221068,41356,179712
1293,19.334880123743233,221068,41356,179712
1294,19.319938176197837,221068,41356,179712
1295,19.305019305019304,221068,41356,179712
1296,19.290123456790123,221068,41356,179712
1297,19.275250578257516,221068,41356,179712
1298,19.26040061633282,221068,41356,179712
1299,19.24557351809084,221068,41356,179712
1300,19.23076923076923,221068,41356,179712
1301,19.215987701767872,221068,41356,179712
1302,19.201228878648234,221068,41356,179712
1303,19.18649270913277,221068,41356,179712
1304,19.171779141104295,221068,41356,179712
1305,19.157088122605366,221068,41356,179712
1306,19.142419601837673,221068,41356,179712
1307,19.127773527161438,221068,41356,179712
1308,19.1131498470948,221068,41356,179712
1309,19.098548510313215,221068,41356,179712
1310,19.083969465648856,221068,41356,179712
1311,19.06941266209001,221068,41356,179712
1312,19.054878048780488,221068,41356,179712
1313,19.04036557501904,221068,41356,179712
1314,19.025875190258752,221068,41356,179712
1315,19.011406844106464,221068,41356,179712
1316,18.996960486322187,221068,41356,179712
1317,18.982536066818525,221068,41356,179712
1318,18.96813353566009,221068,41356,179712
1319,18.953752843062926,221068,41356,179712
1320,18.939393939393938,221068,41356,179712
1321,18.925056775170326,221068,41356,179712
1322,18.910741301059,221068,41356,179712
1323,18.89644746787604,221068,41356,179712
1324,18.882175226586103,221068,41356,179712
1325,18.867924528301888,221068,41356,179712
1326,18.85369532428356,221068,41356,179712
1327,18.839487565938207,221068,41356,179712
1328,18.825301204819276,221068,41356,179712
1329,18.811136192626034,221068,41356,179712
1330,18.796992481203006,221068,41356,179712
1331,18.782870022539445,221068,41356,179712
1332,18.76876876876877,221068,41356,179712
1333,18.754688672168044,221068,41356,179712
1334,18.740629685157423,221068,41356,179712
1335,18.726591760299627,221068,41356,179712
1336,18.7125748502994,221068,41356,179712
1337,18.698578908002993,221068,41356,179712
1338,18.684603886397607,221068,41356,179712
1339,18.670649738610905,221068,41356,179712
1340,18.65671641791045,221068,41356,179712
1341,18.642803877703205,221068,41356,179712
1342,18.628912071535023,221068,41356,179712
1343,18.615040953090098,221068,41356,179712
1344,18.601190476190474,221068,41356,179712
1345,18.587360594795538,221068,41356,179712
1346,18.573551263001487,221068,41356,179712
1347,18.55976243504083,221068,41356,179712
1348,18.5459940652819,221068,41356,179712
1349,18.532246108228318,221068,41356,179712
1350,18.51851851851852,221068,41356,179712
1351,18.50481125092524,221068,41356,179712
1352,18.49112426035503,221068,41356,179712
1353,18.477457501847745,221068,41356,179712
1354,18.46381093057607,221068,41356,179712
1355,18.45018450184502,221068,41356,179712
1356,18.436578171091444,221068,41356,179712
1357,18.422991893883566,221068,41356,179712
1358,18.40942562592047,221068,41356,179712
1359,18.39587932303164,221068,41356,179712
1360,18.38235294117647,221068,41356,179712
1361,18.368846436443793,221068,41356,179712
1362,18.355359765051396,221068,41356,179712
1363,18.34189288334556,221068,41356,179712
1364,18.328445747800586,221068,41356,179712
1365,18.315018315018314,221068,41356,179712
1366,18.301610541727673,221068,41356,179712
1367,18.2882223847842,221068,41356,179712
1368,18.27485380116959,221068,41356,179712
1369,18.261504747991236,221068,41356,179712
1370,18.248175182481752,221068,41356,179712
1371,18.23486506199854,221068,41356,179712
1372,18.221574344023324,221068,41356,179712
1373,18.20830298616169,221068,41356,179712
1374,18.19505094614265,221068,41356,179712
1375,18.181818181818183,221068,41356,179712
1376,18.16860465116279,221068,41356,179712
1377,18.15541031227306,221068,41356,179712
1378,18.1422351233672,221068,41356,179712
1379,18.12907904278463,221068,41356,179712
1380,18.115942028985508,221068,41356,179712
1381,18.102824040550328,221068,41356,179712
1382,18.08972503617945,221068,41356,179712
1383,18.076644974692698,221068,41356,179712
1384,18.063583815028903,221068,41356,179712
1385,18.050541516245488,221068,41356,179712
1386,18.037518037518037,221068,41356,179712
1387,18.02451333813987,221068,41356,179712
1388,18.011527377521613,221068,41356,179712
1389,17.998560115190784,221068,41356,179712
1390,17.985611510791365,221068,41356,179712
1391,17.97268152408339,221068,41356,179712
1392,17.95977011494253,221068,41356,179712
1393,17.946877243359655,221068,41356,179712
1394,17.93400286944046,221068,41356,179712
1395,17.921146953405017,221068,41356,179712
1396,17.908309455587393,221068,41356,179712
1397,17.89549033643522,221068,41356,179712
1398,17.8826895565093,221068,41356,179712
1399,17.8699070764832,221068,41356,179712
1400,17.857142857142858,221068,41356,179712
1401,17.84439685938615,221068,41356,179712
1402,17.83166904422254,221053,41403,179650
1403,17.81895937277263,221053,41403,179650
1404,17.806267806267805,221053,41403,179650
1405,17.793594306049823,219876,41544,178332
1406,17.780938833570413,219876,41544,178332
1407,17.768301350390903,219876,41544,178332
1408,17.755681818181817,219112,41544,177568
1409,17.7430801987225,219112,41544,177568
1410,17.73049645390071,219112,41544,177568
1411,17.71793054571226,219112,41544,177568
1412,17.705382436260624,219112,41544,177568
1413,17.692852087756545,219112,41544,177568
1414,17.68033946251768,219112,41544,177568
1415,17.6678445229682,219112,41544,177568
1416,17.65536723163842,219112,41544,177568
1417,17.64290755116443,219112,41544,177568
1418,17.63046544428773,219112,41544,177568
1419,17.618040873854827,219112,41544,177568
1420,17.6056338028169,218993,41248,177745
1421,17.593244194229417,218993,41248,177745
1422,17.58087201125176,218993,41248,177745
1423,17.568517217146873,218993,41248,177745
1424,17.5561797752809,218993,41248,177745
1425,17.54385964912281,218993,41248,177745
1426,17.53155680224404,218993,41248,177745
1427,17.51927119831815,218993,41248,177745
1428,17.50700280112045,218993,41248,177745
1429,17.49475157452764,218993,41248,177745
1430,17.482517482517483,218993,41248,177745
1431,17.470300489168412,218993,41248,177745
1432,17.45810055865922,218993,41248,177745
1433,17.445917655268666,218993,41248,177745
1434,17.433751743375176,218993,41248,177745
1435,17.421602787456447,218993,41248,177745
1436,17.409470752089135,218993,41248,177745
1437,17.397355601948504,218993,41248,177745
1438,17.385257301808068,218993,41248,177745
1439,17.373175816539263,218993,41248,177745
1440,17.36111111111111,218993,41248,177745
1441,17.349063150589867,218993,41248,177745
1442,17.337031900138697,218993,41248,177745
1443,17.325017325017324,218993,41248,177745
1444,17.31301939058172,218993,41248,177745
1445,17.301038062283737,218993,41248,177745
1446,17.289073305670815,218993,41248,177745
1447,17.277125086385624,218993,41248,177745
1448,17.265193370165747,218993,41248,177745
1449,17.25327812284334,218993,41248,177745
1450,17.24137931034483,218993,41248,177745
1451,17.22949689869056,218993,41248,177745
1452,17.21763085399449,218993,41248,177745
1453,17.205781142463866,218993,41248,177745
1454,17.1939477303989,218801,41056,177745
1455,17.18213058419244,218801,41056,177745
1456,17.17032967032967,218801,41056,177745
1457,17.158544955387782,218801,41056,177745
1458,17.146776406035666,218801,41056,177745
1459,17.135023989033584,218801,41056,177745
1460,17.123287671232877,218801,41056,177745
1461,17.111567419575632,218801,41056,177745
1462,17.09986320109439,218801,41056,177745
1463,17.088174982911823,218801,41056,177745
1464,17.07650273224044,218801,41056,177745
1465,17.064846416382252,218801,41056,177745
1466,17.053206002728512,218801,41056,177745
1467,17.041581458759374,218801,41056,177745
1468,17.029972752043598,218801,41056,177745
1469,17.018379850238258,218801,41056,177745
1470,17.006802721088434,218801,41056,177745
1471,16.99524133242692,218801,41056,177745
1472,16.983695652173914,218801,41056,177745
1473,16.972165648336727,218801,41056,177745
1474,16.960651289009498,218801,41056,177745
1475,16.949152542372882,218801,41056,177745
1476,16.937669376693766,218801,41056,177745
1477,16.926201760324982,218801,41056,177745
1478,16.914749661705006,218801,41056,177745
1479,16.903313049357674,218801,41056,177745
1480,16.89189189189189,218801,41056,177745
1481,16.88048615800135,218801,41056,177745
1482,16.869095816464238,218801,41056,177745
1483,16.857720836142953,218801,41056,177745
1484,16.846361185983827,218801,41056,177745
1485,16.835016835016834,218801,41056,177745
1486,16.823687752355315,218801,41056,177745
1487,16.812373907195695,218801,41056,177745
1488,16.801075268817204,218801,41056,177745
1489,16.789791806581597,218801,41056,177745
1490,16.778523489932887,218801,41056,177745
1491,16.76727028839705,218801,41056,177745
1492,16.75603217158177,218801,41056,177745
1493,16.744809109176156,218801,41056,177745
1494,16.733601070950467,218801,41056,177745
1495,16.722408026755854,218801,41056,177745
1496,16.711229946524064,218801,41056,177745
1497,16.7000668002672,218801,41056,177745
1498,16.688918558077436,218801,41056,177745
1499,16.67778519012675,218801,41056,177745
1500,16.666666666666668,218801,41056,177745
1501,16.655562958027982,218801,41056,177745
1502,16.644474034620504,218801,41056,177745
1503,16.633399866932802,218801,41056,177745
1504,16.622340425531913,218801,41056,177745
1505,16.611295681063122,218801,41056,177745
1506,16.600265604249667,218801,41056,177745
1507,16.5892501658925,218801,41056,177745
1508,16.578249336870027,218801,41056,177745
1509,16.56726308813784,218801,41056,177745
1510,16.556291390728475,218801,41056,177745
1511,16.545334215751158,218630,40721,177909
1512,16.534391534391535,218630,40721,177909
1513,16.523463317911435,218630,40721,177909
1514,16.512549537648614,218630,40721,177909
1515,16.501650165016503,218630,40721,177909
1516,16.49076517150396,218630,40721,177909
1517,16.47989452867502,218630,40721,177909
1518,16.469038208168644,218630,40721,177909
1519,16.458196181698487,218630,40721,177909
1520,16.44736842105263,218630,40721,177909
1521,16.43655489809336,218630,40721,177909
1522,16.4257555847569,218630,40721,177909
1523,16.414970453053183,218630,40721,177909
1524,16.404199475065617,218630,40721,177909
1525,16.39344262295082,218630,40721,177909
1526,16.382699868938403,218630,40721,177909
1527,16.371971185330715,218630,40721,177909
1528,16.361256544502616,218630,40721,177909
1529,16.350555918901243,218630,40721,177909
1530,16.33986928104575,218630,40721,177909
1531,16.329196603527105,218630,40721,177909
1532,16.318537859007833,218630,40721,177909
1533,16.307893020221787,218630,40721,177909
1534,16.297262059973924,218630,40721,177909
1535,16.286644951140065,218630,40721,177909
1536,16.276041666666668,218630,40721,177909
1537,16.26545217957059,218630,40721,177909
1538,16.25487646293888,218630,40721,177909
1539,16.244314489928524,218630,40721,177909
1540,16.233766233766232,218630,40721,177909
1541,16.223231667748216,218630,40721,177909
1542,16.212710765239947,218630,40721,177909
1543,16.202203499675957,218630,40721,177909
1544,16.191709844559586,218630,40721,177909
1545,16.181229773462782,218630,40721,177909
1546,16.170763260025872,218630,40721,177909
1547,16.160310277957336,218630,40721,177909
1548,16.149870801033593,218630,40721,177909
1549,16.139444803098772,218630,40721,177909
1550,16.129032258064516,218630,40721,177909
1551,16.118633139909736,218630,40721,177909
1552,16.108247422680414,218630,40721,177909
1553,16.097875080489377,218630,40721,177909
1554,16.087516087516086,218630,40721,177909
1555,16.077170418006432,218630,40721,177909
1556,16.066838046272494,218630,40721,177909
1557,16.056518946692357,218630,40721,177909
1558,16.046213093709884,218630,40721,177909
1559,16.03592046183451,218630,40721,177909
1560,16.025641025641026,218630,40721,177909
1561,16.01537475976938,218630,40721,177909
1562,16.005121638924457,218630,40721,177909
1563,15.99488163787588,218630,40721,177909
1564,15.9846547314578,218630,40721,177909
1565,15.97444089456869,218630,40721,177909
1566,15.964240102171138,218630,40721,177909
1567,15.95405232929164,218630,40721,177909
1568,15.943877551020408,218630,40721,177909
1569,15.933715742511154,218630,40721,177909
1570,15.92356687898089,218630,40721,177909
1571,15.913430935709739,218630,40721,177909
1572,15.903307888040713,218630,40721,177909
1573,15.89319771137953,218630,40721,177909
1574,15.88310038119441,218630,40721,177909
1575,15.873015873015873,218630,40721,177909
1576,15.862944162436548,218630,40721,177909
1577,15.85288522511097,218630,40721,177909
1578,15.842839036755386,218630,40721,177909
1579,15.832805573147562,218630,40721,177909
1580,15.822784810126583,218630,40721,177909
1581,15.812776723592663,218630,40721,177909
1582,15.802781289506953,218630,40721,177909
1583,15.792798483891346,218630,40721,177909
1584,15.782828282828282,218630,40721,177909
1585,15.772870662460567,218630,40721,177909
1586,15.762925598991172,218630,40721,177909
1587,15.75299306868305,218630,40721,177909
1588,15.743073047858942,218630,40721,177909
1589,15.733165512901195,218599,40721,177878
1590,15.723270440251572,218599,40721,177878
1591,15.713387806411061,218599,40721,177878
1592,15.703517587939698,218599,40721,177878
1593,15.693659761456372,218599,40721,177878
1594,15.683814303638645,218599,40721,177878
1595,15.67398119122257,218599,40721,177878
1596,15.664160401002507,218599,40721,177878
1597,15.654351909830932,218599,40721,177878
1598,15.644555694618273,218599,40721,177878
1599,15.634771732332707,218599,40721,177878
1600,15.625,218471,40719,177752
1601,15.61524047470331,218471,40719,177752
1602,15.605493133583021,218471,40719,177752
1603,15.595757953836557,218471,40719,177752
1604,15.586034912718205,218471,40719,177752
1605,15.576323987538942,218471,40719,177752
1606,15.566625155666252,218471,40719,177752
1607,15.556938394523957,218471,40719,177752
1608,15.54726368159204,218471,40719,177752
1609,15.537600994406464,218471,40719,177752
1610,15.527950310559007,218471,40719,177752
1611,15.518311607697083,218471,40719,177752
1612,15.508684863523573,218365,40670,177695
1613,15.499070055796652,218365,40670,177695
1614,15.489467162329616,218365,40670,177695
1615,15.479876160990711,218365,40670,177695
1616,15.470297029702971,218365,40670,177695
1617,15.460729746444033,218365,40670,177695
1618,15.451174289245984,218365,40670,177695
1619,15.441630636195182,218365,40670,177695
1620,15.432098765432098,218365,40670,177695
1621,15.422578655151142,218365,40670,177695
1622,15.413070283600494,218365,40670,177695
1623,15.403573629081947,218365,40670,177695
1624,15.394088669950738,218365,40670,177695
1625,15.384615384615385,218365,40670,177695
1626,15.375153751537516,218365,40670,177695
1627,15.365703749231715,218365,40670,177695
1628,15.356265356265355,218365,40670,177695
1629,15.346838551258442,218365,40670,177695
1630,15.337423312883436,218365,40670,177695
1631,15.328019619865113,218365,40670,177695
1632,15.318627450980392,218365,40670,177695
1633,15.309246785058175,218365,40670,177695
1634,15.299877600979192,218365,40670,177695
1635,15.290519877675841,218365,40670,177695
1636,15.28117359413203,218214,40446,177768
1637,15.271838729383017,218214,40446,177768
1638,15.262515262515263,218214,40446,177768
1639,15.25320317266626,218214,40446,177768
1640,15.24390243902439,218214,40446,177768
1641,15.234613040828762,218214,40446,177768
1642,15.225334957369062,218214,40446,177768
1643,15.216068167985393,218214,40446,177768
1644,15.206812652068127,218141,40446,177695
1645,15.19756838905775,218141,40446,177695
1646,15.188335358444714,218141,40446,177695
1647,15.179113539769277,218141,40446,177695
1648,15.169902912621358,218141,40446,177695
1649,15.160703456640388,218118,40446,177672
1650,15.151515151515152,218118,40446,177672
1651,15.142337976983645,218118,40446,177672
1652,15.13317191283293,218118,40446,177672
1653,15.124016938898972,218118,40446,177672
1654,15.114873035066505,218118,40446,177672
1655,15.105740181268882,218118,40446,177672
1656,15.096618357487923,218118,40446,177672
1657,15.087507543753771,218118,40446,177672
1658,15.078407720144753,218118,40446,177672
1659,15.06931886678722,218118,40446,177672
1660,15.060240963855422,218118,40446,177672
1661,15.051173991571343,218118,40446,177672
1662,15.042117930204572,218118,40446,177672
1663,15.033072760072159,218118,40446,177672
1664,15.024038461538462,218118,40446,177672
1665,15.015015015015015,218118,40446,177672
1666,15.006002400960384,218118,40446,177672
1667,14.997000599880025,218118,40446,177672
1668,14.988009592326138,218118,40446,177672
1669,14.979029358897543,218118,40446,177672
1670,14.970059880239521,218118,40446,177672
1671,14.961101137043686,218118,40446,177672
1672,14.952153110047847,218118,40446,177672
1673,14.943215780035864,218118,40446,177672
1674,14.934289127837514,218118,40446,177672
1675,14.925373134328359,218118,40446,177672
1676,14.916467780429594,218118,40446,177672
1677,14.907573047107931,218118,40446,177672
1678,14.898688915375446,218118,40446,177672
1679,14.889815366289458,218118,40446,177672
1680,14.880952380952381,218118,40446,177672
1681,14.8720999405116,218118,40446,177672
1682,14.863258026159334,218118,40446,177672
1683,14.854426619132502,218118,40446,177672
1684,14.84560570071259,218118,40446,177672
1685,14.836795252225519,218118,40446,177672
1686,14.827995255041518,218118,40446,177672
1687,14.819205690574986,218118,40446,177672
1688,14.810426540284361,218040,40446,177594
1689,14.801657785671996,218040,40446,177594
1690,14.792899408284024,218040,40446,177594
1691,14.78415138971023,218040,40446,177594
1692,14.775413711583925,218040,40446,177594
1693,14.766686355581808,218040,40446,177594
1694,14.757969303423849,218040,40446,177594
1695,14.749262536873156,218040,40446,177594
1696,14.74056603773585,218040,40446,177594
1697,14.731879787860931,218040,40446,177594
1698,14.723203769140165,218040,40446,177594
1699,14.714537963507945,218040,40446,177594
1700,14.705882352941176,218040,40446,177594
1701,14.697236919459142,218040,40446,177594
1702,14.688601645123384,218040,40446,177594
1703,14.67997651203758,218040,40446,177594
1704,14.671361502347418,218040,40446,177594
1705,14.662756598240469,218040,40446,177594
1706,14.654161781946073,218040,40446,177594
1707,14.645577035735208,218040,40446,177594
1708,14.637002341920375,218040,40446,177594
1709,14.628437682855472,218040,40446,177594
1710,14.619883040935672,218040,40446,177594
1711,14.611338398597312,218040,40446,177594
1712,14.602803738317757,218040,40446,177594
1713,14.594279042615295,218040,40446,177594
1714,14.585764294049008,218040,40446,177594
1715,14.577259475218659,218040,40446,177594
1716,14.56876456876457,218040,40446,177594
1717,14.560279557367501,218040,40446,177594
1718,14.551804423748544,218040,40446,177594
1719,14.543339150668993,218022,40194,177828
1720,14.534883720930232,218022,40194,177828
1721,14.52643811737362,218022,40194,177828
1722,14.518002322880372,218022,40194,177828
1723,14.509576320371446,218022,40194,177828
1724,14.501160092807424,218022,40194,177828
1725,14.492753623188406,218022,40194,177828
1726,14.484356894553882,218022,40194,177828
1727,14.475969889982629,218022,40194,177828
1728,14.467592592592593,218022,40194,177828
1729,14.459224985540775,218022,40194,177828
1730,14.45086705202312,218022,40194,177828
1731,14.442518775274408,218022,40194,177828
1732,14.434180138568129,218022,40194,177828
1733,14.425851125216388,218022,40194,177828
1734,14.41753171856978,218022,40194,177828
1735,14.409221902017292,218022,40194,177828
1736,14.400921658986174,218022,40194,177828
1737,14.392630972941854,218022,40194,177828
1738,14.384349827387801,218022,40194,177828
1739,14.37607820586544,218022,40194,177828
1740,14.367816091954023,218022,40194,177828
1741,14.359563469270535,218022,40194,177828
1742,14.351320321469576,218022,40194,177828
1743,14.343086632243258,218022,40194,177828
1744,14.3348623853211,218022,40194,177828
1745,14.326647564469914,218022,40194,177828
1746,14.3184421534937,218022,40194,177828
1747,14.310246136233543,218022,40194,177828
1748,14.302059496567505,218022,40194,177828
1749,14.29388221841052,218022,40194,177828
1750,14.285714285714286,218022,40194,177828
1751,14.277555682467161,218022,40194,177828
1752,14.269406392694064,218022,40194,177828
1753,14.26126640045636,218022,40194,177828
1754,14.253135689851767,218022,40194,177828
1755,14.245014245014245,218022,40194,177828
1756,14.236902050113896,218022,40194,177828
1757,14.228799089356858,218022,40194,177828
1758,14.220705346985211,218022,40194,177828
1759,14.212620807276862,218022,40194,177828
1760,14.204545454545455,218022,40194,177828
1761,14.19647927314026,218022,40194,177828
1762,14.188422247446084,218022,40194,177828
1763,14.180374361883153,218022,40194,177828
1764,14.17233560090703,218022,40194,177828
1765,14.164305949008499,218022,40194,177828
1766,14.156285390713476,218022,40194,177828
1767,14.148273910582908,218022,40194,177828
1768,14.14027149321267,218022,40194,177828
1769,14.132278123233466,218022,40194,177828
1770,14.124293785310735,218022,40194,177828
1771,14.116318464144552,218022,40194,177828
1772,14.108352144469526,218022,40194,177828
1773,14.10039481105471,218022,40194,177828
1774,14.092446448703495,218022,40194,177828
1775,14.084507042253522,218022,40194,177828
1776,14.076576576576576,218022,40194,177828
1777,14.068655036578503,218022,40194,177828
1778,14.0607424071991,218022,40194,177828
1779,14.05283867341203,218022,40194,177828
1780,14.044943820224718,218022,40194,177828
1781,14.03705783267827,218022,40194,177828
1782,14.029180695847362,218022,40194,177828
1783,14.021312394840157,218022,40194,177828
1784,14.013452914798206,218022,40194,177828
1785,14.005602240896359,218022,40194,177828
1786,13.997760358342665,218022,40194,177828
1787,13.989927252378287,218022,40194,177828
1788,13.982102908277405,218022,40194,177828
1789,13.97428731134712,218022,40194,177828
1790,13.966480446927374,218022,40194,177828
1791,13.958682300390842,218022,40194,177828
1792,13.950892857142858,218022,40194,177828
1793,13.943112102621305,218022,40194,177828
1794,13.935340022296543,218022,40194,177828
1795,13.927576601671309,218022,40194,177828
1796,13.919821826280623,218022,40194,177828
1797,13.912075681691709,218022,40194,177828
1798,13.904338153503893,218022,40194,177828
1799,13.896609227348527,218022,40194,177828
1800,13.88888888888889,218022,40194,177828
1801,13.8811771238201,218022,40194,177828
1802,13.873473917869035,218022,40194,177828
1803,13.865779256794232,218022,40194,177828
1804,13.858093126385809,218022,40194,177828
1805,13.850415512465373,218022,40194,177828
1806,13.842746400885936,218022,40194,177828
1807,13.835085777531821,218022,40194,177828
1808,13.827433628318584,218022,40194,177828
1809,13.819789939192924,218022,40194,177828
1810,13.812154696132596,218022,40194,177828
1811,13.804527885146328,218022,40194,177828
1812,13.79690949227373,218022,40194,177828
1813,13.789299503585218,218022,40194,177828
1814,13.781697905181918,218022,40194,177828
1815,13.774104683195592,218022,40194,177828
1816,13.766519823788546,218022,40194,177828
1817,13.75894331315355,218022,40194,177828
1818,13.751375137513751,218022,40194,177828
1819,13.743815283122595,218022,40194,177828
1820,13.736263736263735,218022,40194,177828
1821,13.72872048325096,218022,40194,177828
1822,13.721185510428102,218022,40194,177828
1823,13.713658804168952,218022,40194,177828
1824,13.706140350877194,218022,40194,177828
1825,13.698630136986301,218022,40194,177828
1826,13.691128148959475,218022,40194,177828
1827,13.683634373289546,218022,40194,177828
1828,13.676148796498905,218022,40194,177828
1829,13.66867140513942,218022,40194,177828
1830,13.66120218579235,218022,40194,177828
1831,13.653741125068269,218022,40194,177828
1832,13.646288209606986,218022,40194,177828
1833,13.638843426077468,218022,40194,177828
1834,13.631406761177754,218022,40194,177828
1835,13.623978201634877,218022,40194,177828
1836,13.616557734204793,218022,40194,177828
1837,13.609145345672292,218022,40194,177828
1838,13.601741022850925,218022,40194,177828
1839,13.594344752582925,218022,40194,177828
1840,13.58695652173913,218022,40194,177828
1841,13.579576317218903,218022,40194,177828
1842,13.572204125950055,218022,40194,177828
1843,13.564839934888768,218022,40194,177828
1844,13.557483731019524,218022,40194,177828
1845,13.550135501355014,218022,40194,177828
1846,13.542795232936077,218022,40194,177828
1847,13.535462912831619,218022,40194,177828
1848,13.528138528138529,218022,40194,177828
1849,13.520822065981612,218022,40194,177828
1850,13.513513513513514,218022,40194,177828
1851,13.50621285791464,218022,40194,177828
1852,13.498920086393088,218022,40194,177828
1853,13.491635186184565,218022,40194,177828
1854,13.484358144552319,218022,40194,177828
1855,13.477088948787062,218022,40194,177828
1856,13.469827586206897,218022,40194,177828
1857,13.462574044157243,218022,40194,177828
1858,13.455328310010763,218022,40194,177828
1859,13.448090371167295,218022,40194,177828
1860,13.440860215053764,218022,40194,177828
1861,13.433637829124127,218022,40194,177828
1862,13.426423200859292,218022,40194,177828
1863,13.419216317767042,218022,40194,177828
1864,13.412017167381974,218022,40194,177828
1865,13.404825737265416,218022,40194,177828
1866,13.39764201500536,218022,40194,177828
1867,13.39046598821639,218022,40194,177828
1868,13.383297644539615,218022,40194,177828
1869,13.37613697164259,218022,40194,177828
1870,13.368983957219251,218022,40194,177828
1871,13.361838588989846,218022,40194,177828
1872,13.354700854700855,218022,40194,177828
1873,13.347570742124933,218022,40194,177828
1874,13.340448239060832,218022,40194,177828
1875,13.333333333333334,218022,40194,177828
1876,13.326226012793176,218022,40194,177828
1877,13.319126265316996,218022,40194,177828
1878,13.312034078807242,218022,40194,177828
1879,13.304949441192123,218022,40194,177828
1880,13.297872340425531,218022,40194,177828
1881,13.290802764486974,218022,40194,177828
1882,13.28374070138151,218022,40194,177828
1883,13.27668613913967,218039,40048,177991
1884,13.26963906581741,218039,40048,177991
1885,13.26259946949602,218039,40048,177991
1886,13.255567338282079,218039,40048,177991
1887,13.248542660307367,218039,40048,177991
1888,13.241525423728813,218039,40048,177991
1889,13.234515616728428,218039,40048,177991
1890,13.227513227513228,218039,40048,177991
1891,13.220518244315176,217782,39643,178139
1892,13.213530655391121,217782,39643,178139
1893,13.206550449022716,217782,39643,178139
1894,13.199577613516368,217782,39643,178139
1895,13.192612137203167,217782,39643,178139
1896,13.185654008438819,217782,39643,178139
1897,13.178703215603585,217782,39643,178139
1898,13.171759747102213,217782,39643,178139
1899,13.164823591363875,217782,39643,178139
1900,13.157894736842104,217782,39643,178139
1901,13.150973172014728,217782,39643,178139
1902,13.144058885383807,217782,39643,178139
1903,13.137151865475564,217782,39643,178139
1904,13.130252100840336,217782,39643,178139
1905,13.123359580052494,217217,39693,177524
1906,13.116474291710388,217217,39693,177524
1907,13.109596224436288,217217,39693,177524
1908,13.10272536687631,217217,39693,177524
1909,13.095861707700367,217217,39693,177524
1910,13.089005235602095,217217,39693,177524
1911,13.082155939298797,217217,39693,177524
1912,13.07531380753138,217217,39693,177524
1913,13.068478829064297,217217,39693,177524
1914,13.061650992685475,217217,39693,177524
1915,13.054830287206267,217217,39693,177524
1916,13.048016701461378,217217,39693,177524
1917,13.041210224308816,217217,39693,177524
1918,13.034410844629823,217217,39693,177524
1919,13.027618551328818,217217,39693,177524
1920,13.020833333333334,217217,39693,177524
1921,13.014055179593962,217217,39693,177524
1922,13.007284079084288,217217,39693,177524
1923,13.000520020800833,217217,39693,177524
1924,12.993762993762994,217217,39693,177524
1925,12.987012987012987,217236,39693,177543
1926,12.980269989615785,217236,39693,177543
1927,12.973533990659055,217236,39693,177543
1928,12.966804979253112,217236,39693,177543
1929,12.960082944530845,217236,39693,177543
1930,12.953367875647668,217236,39693,177543
1931,12.94665976178146,217236,39693,177543
1932,12.939958592132506,217236,39693,177543
1933,12.933264355923436,217236,39693,177543
1934,12.926577042399172,217236,39693,177543
1935,12.919896640826874,217236,39693,177543
1936,12.913223140495868,217236,39693,177543
1937,12.906556530717605,217236,39693,177543
1938,12.899896800825593,217236,39693,177543
1939,12.893243940175347,217236,39693,177543
1940,12.88659793814433,217236,39693,177543
1941,12.87995878413189,217236,39693,177543
1942,12.873326467559217,217236,39693,177543
1943,12.866700977869275,217236,39693,177543
1944,12.860082304526749,217236,39693,177543
1945,12.853470437017995,217236,39693,177543
1946,12.846865364850977,217236,39693,177543
1947,12.840267077555213,217236,39693,177543
1948,12.833675564681725,217236,39693,177543
1949,12.827090815802975,217236,39693,177543
1950,12.820512820512821,217236,39693,177543
1951,12.813941568426449,217236,39693,177543
1952,12.807377049180328,217236,39693,177543
1953,12.800819252432156,217236,39693,177543
1954,12.794268167860798,217236,39693,177543
1955,12.787723785166241,217236,39693,177543
1956,12.781186094069529,217236,39693,177543
1957,12.774655084312723,217236,39693,177543
1958,12.768130745658835,217236,39693,177543
1959,12.761613067891782,217236,39693,177543
1960,12.755102040816327,217236,39693,177543
1961,12.748597654258031,217236,39693,177543
1962,12.7420998980632,217236,39693,177543
1963,12.735608762098828,217236,39693,177543
1964,12.729124236252545,217236,39693,177543
1965,12.72264631043257,217236,39693,177543
1966,12.71617497456765,217236,39693,177543
1967,12.709710218607016,217236,39693,177543
1968,12.703252032520325,217236,39693,177543
1969,12.696800406297614,217236,39693,177543
1970,12.690355329949238,217236,39693,177543
1971,12.683916793505835,217236,39693,177543
1972,12.677484787018255,217236,39693,177543
1973,12.671059300557527,217236,39693,177543
1974,12.664640324214792,217236,39693,177543
1975,12.658227848101266,217236,39693,177543
1976,12.651821862348179,217236,39693,177543
1977,12.645422357106728,217236,39693,177543
1978,12.639029322548028,217236,39693,177543
1979,12.632642748863063,217236,39693,177543
1980,12.626262626262626,217236,39693,177543
1981,12.619888944977284,217236,39693,177543
1982,12.613521695257315,215985,36141,179844
1983,12.607160867372668,215985,36141,179844
1984,12.600806451612904,215985,36141,179844
1985,12.594458438287154,215985,36141,179844
1986,12.58811681772407,215985,36141,179844
1987,12.581781580271766,215985,36141,179844
1988,12.575452716297788,215985,36141,179844
1989,12.56913021618904,215985,36141,179844
1990,12.56281407035176,215985,36141,179844
1991,12.556504269211452,215985,36141,179844
1992,12.550200803212851,215985,36141,179844
1993,12.54390366281987,215985,36141,179844
1994,12.537612838515546,215985,36141,179844
1995,12.531328320802006,215985,36141,179844
1996,12.525050100200401,215985,36141,179844
1997,12.518778167250876,215985,36141,179844
1998,12.512512512512513,215985,36141,179844
1999,12.506253126563282,215985,36141,179844
2000,12.5,215985,36141,179844
2001,12.493753123438282,215985,36141,179844
2002,12.487512487512488,215985,36141,179844
2003,12.481278082875686,215985,36141,179844
2004,12.4750499001996,215985,36141,179844
2005,12.468827930174564,215985,36141,179844
2006,12.46261216350947,215985,36141,179844
2007,12.45640259093174,215985,36141,179844
2008,12.450199203187251,215985,36141,179844
2009,12.444001991040318,215985,36141,179844
2010,12.437810945273633,215985,36141,179844
2011,12.431626056688215,215985,36141,179844
2012,12.42544731610338,215985,36141,179844
2013,12.419274714356682,215985,36141,179844
2014,12.413108242303872,215985,36141,179844
2015,12.40694789081886,215985,36141,179844
2016,12.40079365079365,215985,36141,179844
2017,12.394645513138324,215985,36141,179844
2018,12.388503468780971,215985,36141,179844
2019,12.382367508667658,215985,36141,179844
2020,12.376237623762377,215985,36141,179844
2021,12.370113805047007,215985,36141,179844
2022,12.363996043521267,215985,36141,179844
2023,12.357884330202669,215985,36141,179844
2024,12.351778656126482,215985,36141,179844
2025,12.345679012345679,215985,36141,179844
2026,12.339585389930898,215985,36141,179844
2027,12.333497779970399,215344,35385,179959
2028,12.32741617357002,215344,35385,179959
2029,12.32134056185313,215310,35274,180036
2030,12.31527093596059,215310,35274,180036
2031,12.309207287050715,215310,35274,180036
2032,12.303149606299213,215310,35274,180036
2033,12.297097884899165,215310,35274,180036
2034,12.291052114060964,215310,35274,180036
2035,12.285012285012286,215310,35274,180036
2036,12.278978388998036,215310,35274,180036
2037,12.272950417280315,214523,34282,180241
2038,12.26692836113837,214523,34282,180241
2039,12.260912211868563,214523,34282,180241
2040,12.254901960784315,214523,34282,180241
2041,12.24889759921607,214523,34282,180241
2042,12.242899118511264,214523,34282,180241
2043,12.236906510034263,214523,34282,180241
2044,12.230919765166341,214523,34282,180241
2045,12.224938875305623,214523,34282,180241
2046,12.218963831867057,214523,34282,180241
2047,12.212994626282365,214523,34282,180241
2048,12.20703125,214523,34282,180241
2049,12.201073694485114,214480,34264,180216
2050,12.195121951219512,214480,34264,180216
2051,12.189176011701608,214480,34264,180216
2052,12.183235867446394,214480,34264,180216
2053,12.177301509985387,214480,34264,180216
2054,12.171372930866601,214480,34264,180216
2055,12.165450121654501,214480,34264,180216
2056,12.15953307392996,214480,34264,180216
2057,12.153621779290228,214480,34264,180216
2058,12.147716229348882,214480,34264,180216
2059,12.141816415735795,214480,34264,180216
2060,12.135922330097088,214480,34264,180216
2061,12.1300339640951,214480,34264,180216
2062,12.124151309408342,214480,34264,180216
2063,12.118274357731458,214480,34264,180216
2064,12.112403100775193,214480,34264,180216
2065,12.106537530266344,214258,33663,180595
2066,12.100677637947726,214258,33663,180595
2067,12.094823415578132,214258,33663,180595
2068,12.088974854932301,214258,33663,180595
2069,12.08313194780087,214258,33663,180595
2070,12.077294685990339,214258,33663,180595
2071,12.071463061323032,214258,33663,180595
2072,12.065637065637066,214098,33807,180291
2073,12.0598166907863,214098,33807,180291
2074,12.054001928640309,214098,33807,180291
2075,12.048192771084338,214098,33807,180291
2076,12.042389210019268,214098,33807,180291
2077,12.036591237361579,212775,33951,178824
2078,12.03079884504331,212775,33951,178824
2079,12.025012025012025,212775,33951,178824
2080,12.01923076923077,212775,33951,178824
2081,12.01345506967804,212775,33951,178824
2082,12.007684918347742,212775,33951,178824
2083,12.00192030724916,212775,33951,178824
2084,11.99616122840691,212775,33951,178824
2085,11.990407673860911,212775,33951,178824
2086,11.984659635666347,212775,33951,178824
2087,11.978917105893627,212775,33951,178824
2088,11.973180076628353,212775,33951,178824
2089,11.967448539971278,212775,33951,178824
2090,11.961722488038278,212775,33951,178824
2091,11.956001912960305,212775,33951,178824
2092,11.950286806883366,212775,33951,178824
2093,11.944577161968466,212775,33951,178824
2094,11.938872970391595,212775,33951,178824
2095,11.933174224343675,212775,33951,178824
2096,11.927480916030534,212775,33951,178824
2097,11.921793037672867,212775,33951,178824
2098,11.916110581506196,212775,33951,178824
2099,11.910433539780849,212775,33951,178824
2100,11.904761904761905,212775,33951,178824
2101,11.899095668729176,212775,33951,178824
2102,11.893434823977165,212775,33951,178824
2103,11.887779362815026,212775,33951,178824
2104,11.88212927756654,212775,33951,178824
2105,11.876484560570072,212775,33951,178824
2106,11.870845204178538,212775,33951,178824
2107,11.865211200759374,212775,33951,178824
2108,11.859582542694497,212775,33951,178824
2109,11.853959222380276,212775,33951,178824
2110,11.848341232227488,212775,33951,178824
2111,11.842728564661298,212775,33951,178824
2112,11.837121212121213,212775,33951,178824
2113,11.831519167061051,212775,33951,178824
2114,11.825922421948912,212775,33951,178824
2115,11.82033096926714,212775,33951,178824
2116,11.814744801512287,212775,33951,178824
2117,11.809163911195087,212775,33951,178824
2118,11.803588290840416,212775,33951,178824
2119,11.798017932987259,212775,33951,178824
2120,11.79245283018868,212775,33951,178824
2121,11.786892975011787,212775,33951,178824
2122,11.7813383600377,212775,33951,178824
2123,11.775788977861517,212775,33951,178824
2124,11.770244821092279,212775,33951,178824
2125,11.764705882352942,212775,33951,178824
2126,11.75917215428034,212775,33951,178824
2127,11.753643629525152,212775,33951,178824
2128,11.74812030075188,212775,33951,178824
2129,11.742602160638798,212775,33951,178824
2130,11.737089201877934,212775,33951,178824
2131,11.731581417175034,212775,33951,178824
2132,11.726078799249532,212775,33951,178824
2133,11.720581340834505,212775,33951,178824
2134,11.715089034676664,212775,33951,178824
2135,11.7096018735363,212775,33951,178824
2136,11.704119850187267,212775,33951,178824
2137,11.69864295741694,212775,33951,178824
2138,11.693171188026193,212775,33951,178824
2139,11.68770453482936,212775,33951,178824
2140,11.682242990654206,212775,33951,178824
2141,11.676786548341896,212775,33951,178824
2142,11.671335200746965,212775,33951,178824
2143,11.665888940737284,212775,33951,178824
2144,11.66044776119403,212775,33951,178824
2145,11.655011655011656,212775,33951,178824
2146,11.649580615097857,212775,33951,178824
2147,11.644154634373544,212775,33951,178824
2148,11.638733705772811,212775,33951,178824
2149,11.633317822242903,212775,33951,178824
2150,11.627906976744185,212658,33583,179075
2151,11.622501162250117,212658,33583,179075
2152,11.617100371747211,212658,33583,179075
2153,11.61170459823502,212658,33583,179075
2154,11.606313834726091,212658,33583,179075
2155,11.600928074245939,212658,33583,179075
2156,11.595547309833025,212658,33583,179075
2157,11.590171534538712,212658,33583,179075
2158,11.584800741427248,212658,33583,179075
2159,11.579434923575729,212658,33583,179075
2160,11.574074074074074,212658,33583,179075
2161,11.568718186024988,212658,33583,179075
2162,11.56336725254394,212658,33583,179075
2163,11.55802126675913,212658,33583,179075
2164,11.55268022181146,212658,33583,179075
2165,11.547344110854503,212658,33583,179075
2166,11.54201292705448,212658,33583,179075
2167,11.536686663590217,212658,33583,179075
2168,11.531365313653136,212658,33583,179075
2169,11.52604887044721,212658,33583,179075
2170,11.52073732718894,212658,33583,179075
2171,11.515430677107323,212658,33583,179075
2172,11.51012891344383,212658,33583,179075
2173,11.50483202945237,212658,33583,179075
2174,11.499540018399264,212658,33583,179075
2175,11.494252873563218,212658,33583,179075
2176,11.488970588235293,212658,33583,179075
2177,11.483693155718878,212658,33583,179075
2178,11.47842056932966,212658,33583,179075
2179,11.473152822395594,212658,33583,179075
2180,11.46788990825688,212658,33583,179075
2181,11.462631820265933,212658,33583,179075
2182,11.45737855178735,212658,33583,179075
2183,11.452130096197893,212658,33583,179075
2184,11.446886446886447,212658,33583,179075
2185,11.441647597254004,212658,33583,179075
2186,11.436413540713632,212658,33583,179075
2187,11.431184270690444,212658,33583,179075
2188,11.425959780621572,212658,33583,179075
2189,11.420740063956144,212658,33583,179075
2190,11.415525114155251,212658,33583,179075
2191,11.41031492469192,212658,33583,179075
2192,11.405109489051094,212658,33583,179075
2193,11.399908800729595,212658,33583,179075
2194,11.394712853236099,212658,33583,179075
2195,11.389521640091116,212658,33583,179075
2196,11.384335154826958,212658,33583,179075
2197,11.37915339098771,212658,33583,179075
2198,11.373976342129207,212658,33583,179075
2199,11.368804001819008,212658,33583,179075
2200,11.363636363636363,212658,33583,179075
2201,11.358473421172194,212658,33583,179075
2202,11.353315168029065,212658,33583,179075
2203,11.348161597821154,212658,33583,179075
2204,11.343012704174228,212658,33583,179075
2205,11.337868480725623,212658,33583,179075
2206,11.332728921124207,212658,33583,179075
2207,11.327594019030357,212658,33583,179075
2208,11.322463768115941,212658,33583,179075
2209,11.317338162064283,212658,33583,179075
2210,11.312217194570136,212658,33583,179075
2211,11.307100859339664,212658,33583,179075
2212,11.301989150090415,212658,33583,179075
2213,11.296882060551289,212658,33583,179075
2214,11.291779584462512,212658,33583,179075
2215,11.286681715575622,212658,33583,179075
2216,11.28158844765343,212658,33583,179075
2217,11.276499774470004,212658,33583,179075
2218,11.27141568981064,212658,33583,179075
2219,11.266336187471834,212658,33583,179075
2220,11.26126126126126,212658,33583,179075
2221,11.256190904997748,212658,33583,179075
2222,11.251125112511252,212658,33583,179075
2223,11.246063877642825,212658,33583,179075
2224,11.241007194244604,212658,33583,179075
2225,11.235955056179776,212658,33583,179075
2226,11.230907457322552,212658,33583,179075
2227,11.22586439155815,212658,33583,179075
2228,11.220825852782765,212658,33583,179075
2229,11.215791834903545,212658,33583,179075
2230,11.210762331838565,212658,33583,179075
2231,11.205737337516808,212658,33583,179075
2232,11.200716845878135,212658,33583,179075
2233,11.195700850873264,212658,33583,179075
2234,11.190689346463742,212658,33583,179075
2235,11.185682326621924,212658,33583,179075
2236,11.180679785330948,212658,33583,179075
2237,11.175681716584712,212658,33583,179075
2238,11.170688114387847,212658,33583,179075
2239,11.165698972755694,212658,33583,179075
2240,11.160714285714286,212658,33583,179075
2241,11.155734047300312,212658,33583,179075
2242,11.150758251561106,212658,33583,179075
2243,11.145786892554614,212658,33583,179075
2244,11.140819964349376,212658,33583,179075
2245,11.135857461024498,212658,33583,179075
2246,11.130899376669635,212658,33583,179075
2247,11.125945705384957,212658,33583,179075
2248,11.12099644128114,212658,33583,179075
2249,11.116051578479324,212658,33583,179075
2250,11.11111111111111,212658,33583,179075
2251,11.106175033318525,212658,33583,179075
2252,11.101243339253996,212658,33583,179075
2253,11.096316023080337,212658,33583,179075
2254,11.091393078970718,212658,33583,179075
2255,11.086474501108647,212658,33583,179075
2256,11.081560283687944,212658,33583,179075
2257,11.076650420912715,212658,33583,179075
2258,11.071744906997342,212658,33583,179075
2259,11.066843736166446,212658,33583,179075
2260,11.061946902654867,212658,33583,179075
2261,11.057054400707651,212658,33583,179075
2262,11.052166224580018,212658,33583,179075
2263,11.04728236853734,212658,33583,179075
2264,11.042402826855124,212658,33583,179075
2265,11.037527593818984,212658,33583,179075
2266,11.032656663724625,212658,33583,179075
2267,11.027790030877812,212658,33583,179075
2268,11.022927689594356,212658,33583,179075
2269,11.018069634200089,212658,33583,179075
2270,11.013215859030836,212658,33583,179075
2271,11.008366358432408,212658,33583,179075
2272,11.003521126760564,212658,33583,179075
2273,10.998680158380994,212658,33583,179075
2274,10.993843447669304,212658,33583,179075
2275,10.989010989010989,212658,33583,179075
2276,10.984182776801406,212658,33583,179075
2277,10.979358805445761,212658,33583,179075
2278,10.974539069359087,212658,33583,179075
2279,10.969723562966212,212658,33583,179075
2280,10.964912280701755,212658,33583,179075
2281,10.960105217010083,212658,33583,179075
2282,10.955302366345311,212658,33583,179075
2283,10.950503723171266,212658,33583,179075
2284,10.945709281961472,212658,33583,179075
2285,10.940919037199125,212658,33583,179075
2286,10.936132983377078,212658,33583,179075
2287,10.931351114997813,212658,33583,179075
2288,10.926573426573427,212658,33583,179075
2289,10.9217999126256,212658,33583,179075
2290,10.91703056768559,212658,33583,179075
2291,10.912265386294195,212658,33583,179075
2292,10.907504363001745,212658,33583,179075
2293,10.902747492368077,212658,33583,179075
2294,10.89799476896251,212658,33583,179075
2295,10.893246187363834,212658,33583,179075
2296,10.888501742160278,212658,33583,179075
2297,10.8837614279495,212658,33583,179075
2298,10.879025239338555,212658,33583,179075
2299,10.874293170943888,212658,33583,179075
2300,10.869565217391305,212658,33583,179075
2301,10.864841373315949,212658,33583,179075
2302,10.860121633362294,212658,33583,179075
2303,10.855405992184108,212658,33583,179075
2304,10.850694444444445,212658,33583,179075
2305,10.845986984815617,212658,33583,179075
2306,10.841283607979184,212658,33583,179075
2307,10.836584308625921,212658,33583,179075
2308,10.831889081455806,212658,33583,179075
2309,10.827197921178,212658,33583,179075
2310,10.822510822510823,212658,33583,179075
2311,10.817827780181739,212658,33583,179075
2312,10.813148788927336,212658,33583,179075
2313,10.8084738434933,212658,33583,179075
2314,10.8038029386344,212658,33583,179075
2315,10.799136069114471,212658,33583,179075
2316,10.79447322970639,212658,33583,179075
2317,10.789814415192058,212476,32902,179574
2318,10.785159620362382,212476,32902,179574
2319,10.780508840017248,212476,32902,179574
2320,10.775862068965518,212476,32902,179574
2321,10.771219302024988,212476,32902,179574
2322,10.766580534022394,212476,32902,179574
2323,10.76194575979337,212476,32902,179574
2324,10.757314974182444,212476,32902,179574
2325,10.75268817204301,212476,32902,179574
2326,10.748065348237317,212476,32902,179574
2327,10.743446497636441,212476,32902,179574
2328,10.738831615120274,212476,32902,179574
2329,10.734220695577502,212476,32902,179574
2330,10.729613733905579,212476,32902,179574
2331,10.725010725010724,212476,32902,179574
2332,10.72041166380789,212476,32902,179574
2333,10.715816545220745,212476,32902,179574
2334,10.711225364181663,212476,32902,179574
2335,10.70663811563169,212476,32902,179574
2336,10.702054794520548,212476,32902,179574
2337,10.69747539580659,212476,32902,179574
2338,10.6928999144568,212476,32902,179574
2339,10.688328345446772,212476,32902,179574
2340,10.683760683760683,212476,32902,179574
2341,10.679196924391286,212476,32902,179574
2342,10.67463706233988,212476,32902,179574
2343,10.670081092616304,212476,32902,179574
2344,10.665529010238908,212476,32902,179574
2345,10.660980810234541,212476,32902,179574
2346,10.656436487638533,212476,32902,179574
2347,10.651896037494675,212476,32902,179574
2348,10.647359454855195,212476,32902,179574
2349,10.642826734780758,212476,32902,179574
2350,10.638297872340425,212476,32902,179574
2351,10.633772862611655,212476,32902,179574
2352,10.629251700680273,212476,32902,179574
2353,10.62473438164046,212476,32902,179574
2354,10.620220900594733,212476,32902,179574
2355,10.615711252653927,212476,32902,179574
2356,10.611205432937181,212476,32902,179574
2357,10.606703436571914,212476,32902,179574
2358,10.60220525869381,212476,32902,179574
2359,10.5977108944468,212476,32902,179574
2360,10.59322033898305,212476,32902,179574
2361,10.58873358746294,212476,32902,179574
2362,10.584250635055039,212476,32902,179574
2363,10.579771476936099,212476,32902,179574
2364,10.575296108291033,212476,32902,179574
2365,10.570824524312897,212476,32902,179574
2366,10.566356720202874,212476,32902,179574
2367,10.561892691170257,212476,32902,179574
2368,10.557432432432432,212476,32902,179574
2369,10.552975939214859,212476,32902,179574
2370,10.548523206751055,212485,32902,179583
2371,10.54407423028258,212485,32902,179583
2372,10.539629005059021,212485,32902,179583
2373,10.53518752633797,212485,32902,179583
2374,10.530749789385004,212485,32902,179583
2375,10.526315789473685,212485,32902,179583
2376,10.521885521885523,212485,32902,179583
2377,10.51745898190997,212485,32902,179583
2378,10.513036164844408,212485,32902,179583
2379,10.508617065994116,212485,32902,179583
2380,10.504201680672269,212485,32902,179583
2381,10.499790004199916,212485,32902,179583
2382,10.495382031905962,212485,32902,179583
2383,10.490977759127151,212485,32902,179583
2384,10.486577181208053,211727,31876,179851
2385,10.482180293501049,211727,31876,179851
2386,10.477787091366304,211727,31876,179851
2387,10.473397570171764,211727,31876,179851
2388,10.469011725293132,211727,31876,179851
2389,10.464629552113855,211727,31876,179851
2390,10.460251046025105,211727,31876,179851
2391,10.455876202425763,211727,31876,179851
2392,10.451505016722408,210819,32357,178462
2393,10.447137484329295,210819,32357,178462
2394,10.442773600668337,210819,32357,178462
2395,10.438413361169102,210819,32357,178462
2396,10.434056761268781,210819,32357,178462
2397,10.429703796412182,210819,32357,178462
2398,10.42535446205171,210819,32357,178462
2399,10.421008753647353,210819,32357,178462
2400,10.416666666666666,210819,32357,178462
2401,10.412328196584756,210819,32357,178462
2402,10.407993338884262,210819,32357,178462
2403,10.403662089055347,210819,32357,178462
2404,10.399334442595674,210819,32357,178462
2405,10.395010395010395,210819,32357,178462
2406,10.390689941812136,210819,32357,178462
2407,10.38637307852098,210819,32357,178462
2408,10.382059800664452,210819,32357,178462
2409,10.377750103777501,210819,32357,178462
2410,10.37344398340249,210819,32357,178462
2411,10.369141435089174,210819,32357,178462
2412,10.364842454394694,210819,32357,178462
2413,10.360547036883547,210819,32357,178462
2414,10.356255178127588,210819,32357,178462
2415,10.351966873706004,210819,32357,178462
2416,10.347682119205299,210819,32357,178462
2417,10.34340091021928,210819,32357,178462
2418,10.339123242349048,210819,32357,178462
2419,10.334849111202976,210819,32357,178462
2420,10.330578512396695,210819,32357,178462
2421,10.326311441553077,210819,32357,178462
2422,10.32204789430223,210819,32357,178462
2423,10.317787866281469,210819,32357,178462
2424,10.313531353135314,210819,32357,178462
2425,10.309278350515465,210819,32357,178462
2426,10.305028854080792,210819,32357,178462
2427,10.300782859497321,210819,32357,178462
2428,10.29654036243822,210819,32357,178462
2429,10.29230135858378,210819,32357,178462
2430,10.2880658436214,210819,32357,178462
2431,10.283833813245577,210819,32357,178462
2432,10.279605263157896,210819,32357,178462
2433,10.275380189066995,210819,32357,178462
2434,10.271158586688578,210819,32357,178462
2435,10.26694045174538,210819,32357,178462
2436,10.262725779967159,210819,32357,178462
2437,10.258514567090685,210819,32357,178462
2438,10.25430680885972,210819,32357,178462
2439,10.25010250102501,210819,32357,178462
2440,10.245901639344263,210819,32357,178462
2441,10.241704219582138,210819,32357,178462
2442,10.237510237510238,210819,32357,178462
2443,10.233319688907082,210819,32357,178462
2444,10.229132569558102,210819,32357,178462
2445,10.224948875255624,210819,32357,178462
2446,10.220768601798856,210819,32357,178462
2447,10.21659174499387,210819,32357,178462
2448,10.212418300653594,210819,32357,178462
2449,10.208248264597795,210819,32357,178462
2450,10.204081632653061,210819,32357,178462
2451,10.199918400652795,210819,32357,178462
2452,10.195758564437194,210819,32357,178462
2453,10.191602119853242,210819,32357,178462
2454,10.187449062754686,210819,32357,178462
2455,10.183299389002036,210819,32357,178462
2456,10.17915309446254,210819,32357,178462
2457,10.175010175010176,210819,32357,178462
2458,10.17087062652563,210819,32357,178462
2459,10.1667344448963,210819,32357,178462
2460,10.16260162601626,210819,32357,178462
2461,10.158472165786266,210819,32357,178462
2462,10.15434606011373,210819,32357,178462
2463,10.150223304912709,210819,32357,178462
2464,10.146103896103897,210819,32357,178462
2465,10.141987829614605,210819,32357,178462
2466,10.137875101378752,210819,32357,178462
2467,10.133765707336847,210755,32357,178398
2468,10.12965964343598,210755,32357,178398
2469,10.125556905629809,210755,32357,178398
2470,10.121457489878543,210755,32357,178398
2471,10.117361392148927,210755,32357,178398
2472,10.11326860841424,210755,32357,178398
2473,10.109179134654266,210755,32357,178398
2474,10.105092966855295,210755,32357,178398
2475,10.1010101010101,210755,32357,178398
2476,10.096930533117932,210755,32357,178398
2477,10.092854259184497,210755,32357,178398
2478,10.088781275221953,210755,32357,178398
2479,10.084711577248891,210755,32357,178398
2480,10.080645161290322,210755,32357,178398
2481,10.07658202337767,210755,32357,178398
2482,10.07252215954875,210755,32357,178398
2483,10.068465565847765,210755,32357,178398
2484,10.064412238325282,210755,32357,178398
2485,10.060362173038229,210755,32357,178398
2486,10.05631536604988,210755,32357,178398
2487,10.052271813429835,210755,32357,178398
2488,10.04823151125402,210755,32357,178398
2489,10.04419445560466,210755,32357,178398
2490,10.040160642570282,210755,32357,178398
2491,10.036130068245685,210755,32357,178398
2492,10.032102728731942,210755,32357,178398
2493,10.028078620136382,210755,32357,178398
2494,10.024057738572575,210755,32357,178398
2495,10.02004008016032,210755,32357,178398
2496,10.01602564102564,210755,32357,178398
2497,10.012014417300762,210755,32357,178398
2498,10.0080064051241,210755,32357,178398
2499,10.004001600640256,210755,32357,178398
2500,10,210755,32357,178398
2501,9.996001599360255,210755,32357,178398
2502,9.992006394884093,210744,32454,178290
2503,9.988014382740712,210744,32454,178290
2504,9.984025559105431,210744,32454,178290
2505,9.980039920159681,210744,32454,178290
2506,9.976057462090981,210744,32454,178290
2507,9.97207818109294,210744,32454,178290
2508,9.968102073365232,210744,32454,178290
2509,9.964129135113591,210744,32454,178290
2510,9.9601593625498,210744,32454,178290
2511,9.956192751891676,210744,32454,178290
2512,9.952229299363058,210744,32454,178290
2513,9.948269001193792,210744,32454,178290
2514,9.94431185361973,210744,32454,178290
2515,9.940357852882704,210773,32454,178319
2516,9.936406995230525,210773,32454,178319
2517,9.932459276916966,210773,32454,178319
2518,9.928514694201747,210773,32454,178319
2519,9.924573243350537,210773,32454,178319
2520,9.920634920634921,210773,32454,178319
2521,9.916699722332408,210773,32454,178319
2522,9.912767644726408,210773,32454,178319
2523,9.908838684106223,210773,32454,178319
2524,9.904912836767036,209226,32454,176772
2525,9.900990099009901,209226,32454,176772
2526,9.897070467141726,209226,32454,176772
2527,9.893153937475267,209226,32454,176772
2528,9.889240506329115,209226,32454,176772
2529,9.885330170027679,209226,32454,176772
2530,9.881422924901186,209226,32454,176772
2531,9.877518767285657,209226,32454,176772
2532,9.873617693522906,209226,32454,176772
2533,9.869719699960521,209226,32454,176772
2534,9.865824782951854,209226,32454,176772
2535,9.861932938856016,209226,32454,176772
2536,9.858044164037855,209226,32454,176772
2537,9.854158454867955,209226,32454,176772
2538,9.850275807722616,209226,32454,176772
2539,9.846396218983852,209226,32454,176772
2540,9.84251968503937,209226,32454,176772
2541,9.838646202282566,209226,32454,176772
2542,9.83477576711251,209226,32454,176772
2543,9.830908375933936,209226,32454,176772
2544,9.827044025157234,209226,32454,176772
2545,9.82318271119843,209226,32454,176772
2546,9.819324430479183,209226,32454,176772
2547,9.815469179426776,209226,32454,176772
2548,9.811616954474097,209226,32454,176772
2549,9.80776775205963,209226,32454,176772
2550,9.803921568627452,209226,32454,176772
2551,9.800078400627205,209226,32454,176772
2552,9.796238244514107,209226,32454,176772
2553,9.792401096748923,209226,32454,176772
2554,9.788566953797964,209226,32454,176772
2555,9.784735812133073,209226,32454,176772
2556,9.780907668231611,209226,32454,176772
2557,9.777082518576456,209226,32454,176772
2558,9.773260359655982,209226,32454,176772
2559,9.769441187964048,209226,32454,176772
2560,9.765625,209226,32454,176772
2561,9.761811792268645,209226,32454,176772
2562,9.758001561280249,209226,32454,176772
2563,9.754194303550527,209226,32454,176772
2564,9.750390015600624,209226,32454,176772
2565,9.746588693957115,209226,32454,176772
2566,9.742790335151987,209226,32454,176772
2567,9.738994935722634,209226,32454,176772
2568,9.735202492211839,209226,32454,176772
2569,9.73141300116777,209226,32454,176772
2570,9.727626459143968,209226,32454,176772
2571,9.723842862699339,209226,32454,176772
2572,9.720062208398133,209226,32454,176772
2573,9.71628449280995,209221,32455,176766
2574,9.712509712509712,209221,32455,176766
2575,9.70873786407767,209221,32455,176766
2576,9.70496894409938,209221,32455,176766
2577,9.701202949165696,209221,32455,176766
2578,9.69743987587277,209221,32455,176766
2579,9.693679720822024,208849,31902,176947
2580,9.689922480620154,208849,31902,176947
2581,9.686168151879116,208849,31902,176947
2582,9.682416731216112,208849,31902,176947
2583,9.67866821525358,208849,31902,176947
2584,9.674922600619196,208849,31902,176947
2585,9.671179883945841,208849,31902,176947
2586,9.667440061871616,208849,31902,176947
2587,9.663703131039814,208849,31902,176947
2588,9.659969088098919,208849,31902,176947
2589,9.656237929702588,208849,31902,176947
2590,9.652509652509652,208849,31902,176947
2591,9.648784253184099,208849,31902,176947
2592,9.645061728395062,208849,31902,176947
2593,9.641342074816814,208849,31902,176947
2594,9.637625289128758,208849,31902,176947
2595,9.633911368015415,208849,31902,176947
2596,9.63020030816641,208849,31902,176947
2597,9.626492106276473,208849,31902,176947
2598,9.62278675904542,208849,31902,176947
2599,9.619084263178145,208849,31902,176947
2600,9.615384615384615,208849,31902,176947
2601,9.611687812379854,208849,31902,176947
2602,9.607993850883936,208849,31902,176947
2603,9.604302727621974,208849,31902,176947
2604,9.600614439324117,208849,31902,176947
2605,9.596928982725528,208849,31902,176947
2606,9.593246354566386,208849,31902,176947
2607,9.589566551591869,208849,31902,176947
2608,9.585889570552148,208849,31902,176947
2609,9.582215408202376,208849,31902,176947
2610,9.578544061302683,208849,31902,176947
2611,9.574875526618154,208849,31902,176947
2612,9.571209800918837,208849,31902,176947
2613,9.567546880979716,208849,31902,176947
2614,9.563886763580719,208849,31902,176947
2615,9.560229445506693,208849,31902,176947
2616,9.5565749235474,208849,31902,176947
2617,9.552923194497517,208849,31902,176947
2618,9.549274255156607,208849,31902,176947
2619,9.545628102329133,208849,31902,176947
2620,9.541984732824428,208849,31902,176947
2621,9.538344143456696,208849,31902,176947
2622,9.534706331045005,208849,31902,176947
2623,9.531071292413268,208849,31902,176947
2624,9.527439024390244,208849,31902,176947
2625,9.523809523809524,208849,31902,176947
2626,9.52018278750952,208849,31902,176947
2627,9.51655881233346,208849,31902,176947
2628,9.512937595129376,208849,31902,176947
2629,9.509319132750095,208849,31902,176947
2630,9.505703422053232,208849,31902,176947
2631,9.502090459901178,208849,31902,176947
2632,9.498480243161094,208849,31902,176947
2633,9.4948727687049,208849,31902,176947
2634,9.491268033409263,208849,31902,176947
2635,9.487666034155598,208849,31902,176947
2636,9.484066767830045,208849,31902,176947
2637,9.480470231323473,208849,31902,176947
2638,9.476876421531463,208849,31902,176947
2639,9.473285335354301,206701,31902,174799
2640,9.469696969696969,206701,31902,174799
2641,9.46611132146914,206701,31902,174799
2642,9.462528387585163,206701,31902,174799
2643,9.458948164964056,206701,31902,174799
2644,9.4553706505295,206701,31902,174799
2645,9.45179584120983,206701,31902,174799
2646,9.44822373393802,206701,31902,174799
2647,9.444654325651682,206701,31902,174799
2648,9.441087613293051,206701,31902,174799
2649,9.437523593808985,206701,31902,174799
2650,9.433962264150944,206701,31902,174799
2651,9.43040362127499,206701,31902,174799
2652,9.42684766214178,206701,31902,174799
2653,9.423294383716547,206701,31902,174799
2654,9.419743782969103,206701,31902,174799
2655,9.416195856873824,206701,31902,174799
2656,9.412650602409638,206701,31902,174799
2657,9.40910801656003,206701,31902,174799
2658,9.405568096313017,206701,31902,174799
2659,9.402030838661151,206701,31902,174799
2660,9.398496240601503,206701,31902,174799
2661,9.394964299135664,206701,31902,174799
2662,9.391435011269722,206701,31902,174799
2663,9.38790837401427,206701,31902,174799
2664,9.384384384384385,206701,31902,174799
2665,9.380863039399625,206701,31902,174799
2666,9.377344336084022,206701,31902,174799
2667,9.373828271466067,206701,31902,174799
2668,9.370314842578711,206686,31794,174892
2669,9.366804046459348,206686,31794,174892
2670,9.363295880149813,206686,31794,174892
2671,9.35979034069637,206686,31794,174892
2672,9.3562874251497,206686,31794,174892
2673,9.352787130564908,206686,31794,174892
2674,9.349289454001497,206686,31794,174892
2675,9.345794392523365,206686,31794,174892
2676,9.342301943198803,206686,31794,174892
2677,9.338812103100485,206686,31794,174892
2678,9.335324869305452,206686,31794,174892
2679,9.33184023889511,206696,31794,174902
2680,9.328358208955224,206696,31794,174902
2681,9.324878776575904,206696,31794,174902
2682,9.321401938851603,206696,31794,174902
2683,9.317927692881103,206696,31794,174902
2684,9.314456035767511,206696,31794,174902
2685,9.31098696461825,206696,31794,174902
2686,9.307520476545049,206696,31794,174902
2687,9.304056568663938,206696,31794,174902
2688,9.300595238095237,206696,31794,174902
2689,9.297136481963555,206696,31794,174902
2690,9.293680297397769,206696,31794,174902
2691,9.29022668153103,206696,31794,174902
2692,9.286775631500744,206696,31794,174902
2693,9.28332714444857,206696,31794,174902
2694,9.279881217520416,206696,31794,174902
2695,9.276437847866418,206696,31794,174902
2696,9.27299703264095,206696,31794,174902
2697,9.269558769002595,206696,31794,174902
2698,9.266123054114159,206696,31794,174902
2699,9.262689885142645,206508,31700,174808
2700,9.25925925925926,206508,31700,174808
2701,9.255831173639393,206508,31700,174808
2702,9.25240562546262,206508,31700,174808
2703,9.24898261191269,206508,31700,174808
2704,9.245562130177515,206508,31700,174808
2705,9.242144177449168,206508,31700,174808
2706,9.238728750923872,206461,31706,174755
2707,9.235315847801996,206461,31706,174755
2708,9.231905465288035,206461,31706,174755
2709,9.228497600590623,206461,31706,174755
2710,9.22509225092251,206461,31706,174755
2711,9.221689413500552,206461,31706,174755
2712,9.218289085545722,206271,31146,175125
2713,9.214891264283082,206271,31146,175125
2714,9.211495946941783,206271,31146,175125
2715,9.208103130755065,206271,31146,175125
2716,9.204712812960235,206271,31146,175125
2717,9.201324990798675,206271,31146,175125
2718,9.19793966151582,206271,31146,175125
2719,9.194556822361163,206271,31146,175125
2720,9.191176470588236,206271,31146,175125
2721,9.187798603454612,206271,31146,175125
2722,9.184423218221896,206271,31146,175125
2723,9.18105031215571,206271,31146,175125
2724,9.177679882525698,206271,31146,175125
2725,9.174311926605505,206271,31146,175125
2726,9.17094644167278,206271,31146,175125
2727,9.167583425009168,206271,31146,175125
2728,9.164222873900293,206271,31146,175125
2729,9.160864785635765,206271,31146,175125
2730,9.157509157509157,206271,31146,175125
2731,9.154155986818015,206271,31146,175125
2732,9.150805270863836,206271,31146,175125
2733,9.147457006952067,206271,31146,175125
2734,9.1441111923921,206271,31146,175125
2735,9.140767824497258,206271,31146,175125
2736,9.137426900584796,206271,31146,175125
2737,9.134088417975885,206271,31146,175125
2738,9.130752373995618,206271,31146,175125
2739,9.127418765972983,206271,31146,175125
2740,9.124087591240876,205966,30874,175092
2741,9.120758847136083,205966,30874,175092
2742,9.11743253099927,205966,30874,175092
2743,9.11410864017499,205966,30874,175092
2744,9.110787172011662,205966,30874,175092
2745,9.107468123861567,205966,30874,175092
2746,9.104151493080845,205966,30874,175092
2747,9.100837277029486,205966,30874,175092
2748,9.097525473071325,205966,30874,175092
2749,9.094216078574027,205966,30874,175092
2750,9.090909090909092,205966,30874,175092
2751,9.087604507451836,205966,30874,175092
2752,9.084302325581396,205966,30874,175092
2753,9.081002542680713,205966,30874,175092
2754,9.07770515613653,205966,30874,175092
2755,9.074410163339383,205966,30874,175092
2756,9.0711175616836,205966,30874,175092
2757,9.067827348567283,205966,30874,175092
2758,9.064539521392314,205966,30874,175092
2759,9.061254077564335,205966,30874,175092
2760,9.057971014492754,205966,30874,175092
2761,9.054690329590729,205966,30874,175092
2762,9.051412020275164,205966,30874,175092
2763,9.048136083966703,205966,30874,175092
2764,9.044862518089724,205966,30874,175092
2765,9.041591320072333,205966,30874,175092
2766,9.038322487346349,205966,30874,175092
2767,9.035056017347307,205966,30874,175092
2768,9.031791907514451,205966,30874,175092
2769,9.028530155290719,205966,30874,175092
2770,9.025270758122744,205966,30874,175092
2771,9.022013713460844,205966,30874,175092
2772,9.018759018759019,205966,30874,175092
2773,9.015506671474936,205966,30874,175092
2774,9.012256669069934,205966,30874,175092
2775,9.00900900900901,205966,30874,175092
2776,9.005763688760807,205966,30874,175092
2777,9.002520705797624,205966,30874,175092
2778,8.999280057595392,205966,30874,175092
2779,8.99604174163368,205966,30874,175092
2780,8.992805755395683,205966,30874,175092
2781,8.989572096368214,205966,30874,175092
2782,8.986340762041696,205966,30874,175092
2783,8.983111749910169,205966,30874,175092
2784,8.979885057471265,205966,30874,175092
2785,8.976660682226212,205966,30874,175092
2786,8.973438621679827,205966,30874,175092
2787,8.97021887334051,205966,30874,175092
2788,8.96700143472023,205797,30874,174923
2789,8.963786303334528,205797,30874,174923
2790,8.960573476702509,205797,30874,174923
2791,8.957362952346829,205797,30874,174923
2792,8.954154727793696,205797,30874,174923
2793,8.95094880057286,205797,30874,174923
2794,8.94774516821761,205797,30874,174923
2795,8.94454382826476,205797,30874,174923
2796,8.94134477825465,205797,30874,174923
2797,8.93814801573114,205797,30874,174923
2798,8.9349535382416,205797,30874,174923
2799,8.931761343336905,205797,30874,174923
2800,8.928571428571429,205797,30874,174923
2801,8.925383791503034,205797,30874,174923
2802,8.922198429693076,205797,30874,174923
2803,8.919015340706386,205797,30874,174923
2804,8.91583452211127,205797,30874,174923
2805,8.9126559714795,205797,30874,174923
2806,8.909479686386314,205797,30874,174923
2807,8.906305664410402,205797,30874,174923
2808,8.903133903133902,205797,30874,174923
2809,8.8999644001424,205797,30874,174923
2810,8.896797153024911,205797,30874,174923
2811,8.893632159373889,205797,30874,174923
2812,8.890469416785207,205797,30874,174923
2813,8.887308922858159,205797,30874,174923
2814,8.884150675195452,205797,30874,174923
2815,8.880994671403197,205797,30874,174923
2816,8.877840909090908,205797,30874,174923
2817,8.874689385871495,205797,30874,174923
2818,8.87154009936125,205797,30874,174923
2819,8.86839304717985,205797,30874,174923
2820,8.865248226950355,205797,30874,174923
2821,8.862105636299185,205797,30874,174923
2822,8.85896527285613,205797,30874,174923
2823,8.855827134254339,205797,30874,174923
2824,8.852691218130312,205797,30874,174923
2825,8.849557522123893,205797,30874,174923
2826,8.846426043878273,205797,30874,174923
2827,8.843296781039971,205797,30874,174923
2828,8.84016973125884,205797,30874,174923
2829,8.837044892188052,205797,30874,174923
2830,8.8339222614841,205797,30874,174923
2831,8.830801836806781,205797,30874,174923
2832,8.82768361581921,205797,30874,174923
2833,8.824567596187787,205797,30874,174923
2834,8.821453775582215,205797,30874,174923
2835,8.818342151675486,205797,30874,174923
2836,8.815232722143865,205797,30874,174923
2837,8.812125484666902,205797,30874,174923
2838,8.809020436927414,205797,30874,174923
2839,8.805917576611483,205797,30874,174923
2840,8.80281690140845,205797,30874,174923
2841,8.79971840901091,205797,30874,174923
2842,8.796622097114708,205797,30874,174923
2843,8.793527963418924,205797,30874,174923
2844,8.79043600562588,205797,30874,174923
2845,8.787346221441124,205797,30874,174923
2846,8.784258608573436,205797,30874,174923
2847,8.781173164734808,205797,30874,174923
2848,8.77808988764045,205797,30874,174923
2849,8.775008775008775,205797,30874,174923
2850,8.771929824561404,205797,30874,174923
2851,8.76885303402315,205797,30874,174923
2852,8.76577840112202,205797,30874,174923
2853,8.762705923589204,205797,30874,174923
2854,8.759635599159076,205797,30874,174923
2855,8.756567425569177,205797,30874,174923
2856,8.753501400560225,205797,30874,174923
2857,8.750437521876094,205797,30874,174923
2858,8.74737578726382,205797,30874,174923
2859,8.744316194473592,205797,30874,174923
2860,8.741258741258742,205797,30874,174923
2861,8.738203425375742,205797,30874,174923
2862,8.735150244584206,205797,30874,174923
2863,8.732099196646875,205797,30874,174923
2864,8.72905027932961,205797,30874,174923
2865,8.726003490401396,205797,30874,174923
2866,8.722958827634333,205797,30874,174923
2867,8.719916288803628,205797,30874,174923
2868,8.716875871687588,205797,30874,174923
2869,8.71383757406762,205797,30874,174923
2870,8.710801393728223,205797,30874,174923
2871,8.707767328456983,205797,30874,174923
2872,8.704735376044567,205797,30874,174923
2873,8.70170553428472,205797,30874,174923
2874,8.698677800974252,205797,30874,174923
2875,8.695652173913043,205797,30874,174923
2876,8.692628650904034,205797,30874,174923
2877,8.689607229753214,205797,30874,174923
2878,8.686587908269631,205797,30874,174923
2879,8.68357068426537,205797,30874,174923
2880,8.680555555555555,205797,30874,174923
2881,8.677542519958347,205797,30874,174923
2882,8.674531575294933,205797,30874,174923
2883,8.671522719389525,205797,30874,174923
2884,8.668515950069349,205797,30874,174923
2885,8.665511265164644,205797,30874,174923
2886,8.662508662508662,205797,30874,174923
2887,8.659508139937651,205797,30874,174923
2888,8.65650969529086,205797,30874,174923
2889,8.653513326410522,205797,30874,174923
2890,8.650519031141869,205797,30874,174923
2891,8.647526807333103,205797,30874,174923
2892,8.644536652835408,205797,30874,174923
2893,8.641548565502939,205797,30874,174923
2894,8.638562543192812,205797,30874,174923
2895,8.635578583765112,205797,30874,174923
2896,8.632596685082873,205797,30874,174923
2897,8.629616845012082,205797,30874,174923
2898,8.62663906142167,205797,30874,174923
2899,8.623663332183511,205797,30874,174923
2900,8.620689655172415,205797,30874,174923
2901,8.617718028266115,205797,30874,174923
2902,8.61474844934528,205797,30874,174923
2903,8.611780916293489,205797,30874,174923
2904,8.608815426997245,205797,30874,174923
2905,8.605851979345955,205797,30874,174923
2906,8.602890571231933,205797,30874,174923
2907,8.599931200550396,205797,30874,174923
2908,8.59697386519945,205797,30874,174923
2909,8.594018563080096,205797,30874,174923
2910,8.59106529209622,205797,30874,174923
2911,8.588114050154585,205797,30874,174923
2912,8.585164835164836,205797,30874,174923
2913,8.582217645039478,205797,30874,174923
2914,8.579272477693891,205797,30874,174923
2915,8.576329331046312,205797,30874,174923
2916,8.573388203017833,205797,30874,174923
2917,8.570449091532396,205797,30874,174923
2918,8.567511994516792,205797,30874,174923
2919,8.564576909900651,205797,30874,174923
2920,8.561643835616438,205797,30874,174923
2921,8.558712769599452,205797,30874,174923
2922,8.555783709787816,205797,30874,174923
2923,8.552856654122477,205797,30874,174923
2924,8.549931600547195,205797,30874,174923
2925,8.547008547008547,205797,30874,174923
2926,8.544087491455912,205797,30874,174923
2927,8.541168431841475,205797,30874,174923
2928,8.53825136612022,205797,30874,174923
2929,8.535336292249914,205797,30874,174923
2930,8.532423208191126,205797,30874,174923
2931,8.529512111907199,205797,30874,174923
2932,8.526603001364256,205797,30874,174923
2933,8.523695874531196,205797,30874,174923
2934,8.520790729379687,205797,30874,174923
2935,8.517887563884157,205797,30874,174923
2936,8.514986376021799,205797,30874,174923
2937,8.512087163772557,205797,30874,174923
2938,8.509189925119129,205797,30874,174923
2939,8.506294658046954,205797,30874,174923
2940,8.503401360544217,205797,30874,174923
2941,8.500510030601836,205797,30874,174923
2942,8.49762066621346,205797,30874,174923
2943,8.494733265375467,205797,30874,174923
2944,8.491847826086957,205797,30874,174923
2945,8.488964346349745,205797,30874,174923
2946,8.486082824168363,205797,30874,174923
2947,8.48320325755005,205797,30874,174923
2948,8.480325644504749,205797,30874,174923
2949,8.4774499830451,205797,30874,174923
2950,8.474576271186441,205797,30874,174923
2951,8.471704506946798,205797,30874,174923
2952,8.468834688346883,205797,30874,174923
2953,8.465966813410091,205797,30874,174923
2954,8.463100880162491,205797,30874,174923
2955,8.460236886632826,205797,30874,174923
2956,8.457374830852503,205797,30874,174923
2957,8.454514710855596,205797,30874,174923
2958,8.451656524678837,205797,30874,174923
2959,8.448800270361609,205797,30874,174923
2960,8.445945945945946,205797,30874,174923
2961,8.443093549476528,205797,30874,174923
2962,8.440243079000675,205797,30874,174923
2963,8.437394532568343,205797,30874,174923
2964,8.434547908232119,205797,30874,174923
2965,8.431703204047217,205797,30874,174923
2966,8.428860418071476,205797,30874,174923
2967,8.426019548365351,205797,30874,174923
2968,8.423180592991914,205797,30874,174923
2969,8.42034355001684,205797,30874,174923
2970,8.417508417508417,205797,30874,174923
2971,8.41467519353753,205797,30874,174923
2972,8.411843876177658,205797,30874,174923
2973,8.409014463504878,205797,30874,174923
2974,8.406186953597848,205797,30874,174923
2975,8.403361344537815,205797,30874,174923
2976,8.400537634408602,205797,30874,174923
2977,8.397715821296607,205797,30874,174923
2978,8.394895903290799,205797,30874,174923
2979,8.392077878482713,205797,30874,174923
2980,8.389261744966444,205797,30874,174923
2981,8.386447500838644,205797,30874,174923
2982,8.383635144198525,205797,30874,174923
2983,8.380824673147838,205797,30874,174923
2984,8.378016085790884,205797,30874,174923
2985,8.375209380234505,205797,30874,174923
2986,8.372404554588078,205790,30702,175088
2987,8.369601606963508,205790,30702,175088
2988,8.366800535475234,205790,30702,175088
2989,8.364001338240215,205790,30702,175088
2990,8.361204013377927,205790,30702,175088
2991,8.358408559010364,205790,30702,175088
2992,8.355614973262032,205790,30702,175088
2993,8.35282325425994,205790,30702,175088
2994,8.3500334001336,205790,30702,175088
2995,8.347245409015025,205790,30702,175088
2996,8.344459279038718,205790,30702,175088
2997,8.341675008341674,205790,30702,175088
2998,8.338892595063376,205790,30702,175088
2999,8.336112037345782,205790,30702,175088
3000,8.333333333333334,205790,30702,175088
3001,8.330556481172943,205790,30702,175088
3002,8.327781479013991,205790,30702,175088
3003,8.325008325008325,205790,30702,175088
3004,8.322237017310252,205790,30702,175088
3005,8.319467554076539,205790,30702,175088
3006,8.316699933466401,205790,30702,175088
3007,8.313934153641503,205790,30702,175088
3008,8.311170212765957,205790,30702,175088
3009,8.308408109006315,205790,30702,175088
3010,8.305647840531561,205790,30702,175088
3011,8.302889405513119,205790,30702,175088
3012,8.300132802124834,205790,30702,175088
3013,8.29737802854298,205790,30702,175088
3014,8.29462508294625,205790,30702,175088
3015,8.291873963515755,205790,30702,175088
3016,8.289124668435013,205790,30702,175088
3017,8.286377195889957,205790,30702,175088
3018,8.28363154406892,205790,30702,175088
3019,8.280887711162636,205790,30702,175088
3020,8.278145695364238,205790,30702,175088
3021,8.275405494869249,205790,30702,175088
3022,8.272667107875579,205790,30702,175088
3023,8.269930532583526,205790,30702,175088
3024,8.267195767195767,205790,30702,175088
3025,8.264462809917354,205790,30702,175088
3026,8.261731658955718,205790,30702,175088
3027,8.259002312520648,205790,30702,175088
3028,8.256274768824307,204818,31031,173787
3029,8.253549026081215,204818,31031,173787
3030,8.250825082508252,204818,31031,173787
3031,8.248102936324646,204818,31031,173787
3032,8.24538258575198,204818,31031,173787
3033,8.242664029014177,204818,31031,173787
3034,8.23994726433751,204818,31031,173787
3035,8.237232289950576,204818,31031,173787
3036,8.234519104084322,204818,31031,173787
3037,8.231807704972011,204818,31031,173787
3038,8.229098090849243,204818,31031,173787
3039,8.226390259953932,204818,31031,173787
3040,8.223684210526315,204818,31031,173787
3041,8.220979940808945,204818,31031,173787
3042,8.21827744904668,204818,31031,173787
3043,8.21557673348669,204818,31031,173787
3044,8.21287779237845,204818,31031,173787
3045,8.210180623973727,204818,31031,173787
3046,8.207485226526591,204818,31031,173787
3047,8.204791598293403,204818,31031,173787
3048,8.202099737532809,204818,31031,173787
3049,8.19940964250574,204818,31031,173787
3050,8.19672131147541,204818,31031,173787
3051,8.19403474270731,204818,31031,173787
3052,8.191349934469201,204724,30817,173907
3053,8.188666885031116,204724,30817,173907
3054,8.185985592665357,204724,30817,173907
3055,8.183306055646481,204724,30817,173907
3056,8.180628272251308,204724,30817,173907
3057,8.177952240758914,204724,30817,173907
3058,8.175277959450622,204724,30817,173907
3059,8.172605426610003,204724,30817,173907
3060,8.169934640522875,204724,30817,173907
3061,8.167265599477295,204724,30817,173907
3062,8.164598301763553,204724,30817,173907
3063,8.161932745674175,204724,30817,173907
3064,8.159268929503916,204724,30817,173907
3065,8.156606851549755,204724,30817,173907
3066,8.153946510110893,204724,30817,173907
3067,8.15128790348875,204724,30817,173907
3068,8.148631029986962,204724,30817,173907
3069,8.145975887911371,204724,30817,173907
3070,8.143322475570033,204724,30817,173907
3071,8.140670791273202,204724,30817,173907
3072,8.138020833333334,204724,30817,173907
3073,8.135372600065082,204724,30817,173907
3074,8.132726089785296,204724,30817,173907
3075,8.130081300813009,204724,30817,173907
3076,8.12743823146944,204724,30817,173907
3077,8.124796880077998,204724,30817,173907
3078,8.122157244964262,204724,30817,173907
3079,8.119519324455991,204724,30817,173907
3080,8.116883116883116,204724,30817,173907
3081,8.114248620577735,204724,30817,173907
3082,8.111615833874108,204724,30817,173907
3083,8.10898475510866,204724,30817,173907
3084,8.106355382619974,204724,30817,173907
3085,8.103727714748784,204724,30817,173907
3086,8.101101749837978,204724,30817,173907
3087,8.098477486232587,204724,30817,173907
3088,8.095854922279793,204724,30817,173907
3089,8.093234056328908,204724,30817,173907
3090,8.090614886731391,204724,30817,173907
3091,8.087997411840828,204724,30817,173907
3092,8.085381630012936,204724,30817,173907
3093,8.08276753960556,204724,30817,173907
3094,8.080155138978668,204724,30817,173907
3095,8.077544426494345,204724,30817,173907
3096,8.074935400516797,204724,30817,173907
3097,8.072328059412335,204724,30817,173907
3098,8.069722401549386,204724,30817,173907
3099,8.067118425298483,204724,30817,173907
3100,8.064516129032258,204724,30817,173907
3101,8.061915511125443,204724,30817,173907
3102,8.059316569954868,204724,30817,173907
3103,8.056719303899452,204724,30817,173907
3104,8.054123711340207,204724,30817,173907
3105,8.051529790660226,204724,30817,173907
3106,8.048937540244689,204724,30817,173907
3107,8.04634695848085,204724,30817,173907
3108,8.043758043758043,204724,30817,173907
3109,8.041170794467675,204724,30817,173907
3110,8.038585209003216,204724,30817,173907
3111,8.036001285760205,204724,30817,173907
3112,8.033419023136247,204724,30817,173907
3113,8.030838419531,204724,30817,173907
3114,8.028259473346179,204724,30817,173907
3115,8.025682182985554,204724,30817,173907
3116,8.023106546854942,204724,30817,173907
3117,8.020532563362208,204724,30817,173907
3118,8.017960230917256,204724,30817,173907
3119,8.01538954793203,204724,30817,173907
3120,8.012820512820513,204724,30817,173907
3121,8.010253123998718,204724,30817,173907
3122,8.00768737988469,204724,30817,173907
3123,8.005123278898495,204724,30817,173907
3124,8.002560819462229,204724,30817,173907
3125,8,204724,30817,173907
3126,7.99744081893794,204724,30817,173907
3127,7.994883274704189,204724,30817,173907
3128,7.9923273657289,204724,30817,173907
3129,7.989773090444231,204724,30817,173907
3130,7.987220447284345,204724,30817,173907
3131,7.984669434685404,204724,30817,173907
3132,7.982120051085569,204724,30817,173907
3133,7.979572294924992,204724,30817,173907
3134,7.97702616464582,204724,30817,173907
3135,7.974481658692185,204724,30817,173907
3136,7.971938775510204,204724,30817,173907
3137,7.9693975135479755,204724,30817,173907
3138,7.966857871255577,204724,30817,173907
3139,7.964319847085059,204724,30817,173907
3140,7.961783439490445,204724,30817,173907
3141,7.95924864692773,204724,30817,173907
3142,7.9567154678548695,204724,30817,173907
3143,7.954183900731785,204724,30817,173907
3144,7.951653944020356,204724,30817,173907
3145,7.94912559618442,204724,30817,173907
3146,7.946598855689765,204724,30817,173907
3147,7.944073721004131,204724,30817,173907
3148,7.941550190597205,204724,30817,173907
3149,7.939028262940616,204724,30817,173907
3150,7.936507936507937,204724,30817,173907
3151,7.9339892097746745,204724,30817,173907
3152,7.931472081218274,204724,30817,173907
3153,7.92895654931811,204724,30817,173907
3154,7.926442612555485,204724,30817,173907
3155,7.9239302694136295,204724,30817,173907
3156,7.921419518377693,204724,30817,173907
3157,7.918910357934748,204724,30817,173907
3158,7.916402786573781,204724,30817,173907
3159,7.9138968027856915,204724,30817,173907
3160,7.9113924050632916,204724,30817,173907
3161,7.908889591901297,204724,30817,173907
3162,7.906388361796331,204724,30817,173907
3163,7.903888713246918,204724,30817,173907
3164,7.9013906447534765,204724,30817,173907
3165,7.898894154818326,204724,30817,173907
3166,7.896399241945673,204724,30817,173907
3167,7.893905904641617,204724,30817,173907
3168,7.891414141414141,204724,30817,173907
3169,7.888923950773115,204724,30817,173907
3170,7.886435331230284,204724,30817,173907
3171,7.883948281299275,204724,30817,173907
3172,7.881462799495586,204724,30817,173907
3173,7.87897888433659,204724,30817,173907
3174,7.876496534341525,204724,30817,173907
3175,7.874015748031496,204724,30817,173907
3176,7.871536523929471,204724,30817,173907
3177,7.869058860560277,204724,30817,173907
3178,7.8665827564505975,204724,30817,173907
3179,7.864108210128971,204724,30817,173907
3180,7.861635220125786,204724,30817,173907
3181,7.859163784973279,204724,30817,173907
3182,7.856693903205531,204724,30817,173907
3183,7.854225573358467,204724,30817,173907
3184,7.851758793969849,204724,30817,173907
3185,7.849293563579278,204724,30817,173907
3186,7.846829880728186,204724,30817,173907
3187,7.844367743959837,204724,30817,173907
3188,7.841907151819322,204724,30817,173907
3189,7.839448102853559,204724,30817,173907
3190,7.836990595611285,204724,30817,173907
3191,7.834534628643058,204724,30817,173907
3192,7.832080200501253,204724,30817,173907
3193,7.829627309740056,204724,30817,173907
3194,7.827175954915466,204724,30817,173907
3195,7.82472613458529,204724,30817,173907
3196,7.822277847309136,204724,30817,173907
3197,7.81983109164842,204724,30817,173907
3198,7.817385866166354,204724,30817,173907
3199,7.814942169427947,204724,30817,173907
3200,7.8125,204724,30817,173907
3201,7.810059356451109,204724,30817,173907
3202,7.807620237351655,204724,30817,173907
3203,7.805182641273806,204724,30817,173907
3204,7.802746566791511,204724,30817,173907
3205,7.800312012480499,204724,30817,173907
3206,7.797878976918279,204724,30817,173907
3207,7.795447458684128,204724,30817,173907
3208,7.793017456359102,204724,30817,173907
3209,7.790588968526021,204724,30817,173907
3210,7.788161993769471,204724,30817,173907
3211,7.785736530675802,204724,30817,173907
3212,7.783312577833126,204724,30817,173907
3213,7.78089013383131,204724,30817,173907
3214,7.778469197261979,204724,30817,173907
3215,7.776049766718507,204724,30817,173907
3216,7.77363184079602,204724,30817,173907
3217,7.77121541809139,204724,30817,173907
3218,7.768800497203232,204724,30817,173907
3219,7.766387076731904,204724,30817,173907
3220,7.763975155279503,204724,30817,173907
3221,7.761564731449861,204724,30817,173907
3222,7.759155803848541,204724,30817,173907
3223,7.756748371082842,204724,30817,173907
3224,7.754342431761787,204724,30817,173907
3225,7.751937984496124,204724,30817,173907
3226,7.749535027898326,204724,30817,173907
3227,7.747133560582585,204724,30817,173907
3228,7.744733581164808,204214,30133,174081
3229,7.74233508826262,204214,30133,174081
3230,7.739938080495356,204214,30133,174081
3231,7.737542556484061,204214,30133,174081
3232,7.735148514851486,204214,30133,174081
3233,7.7327559542220845,204214,30133,174081
3234,7.730364873222016,204214,30133,174081
3235,7.727975270479135,204214,30133,174081
3236,7.725587144622992,204214,30133,174081
3237,7.723200494284832,204214,30133,174081
3238,7.720815318097591,204214,30133,174081
3239,7.718431614695894,204214,30133,174081
3240,7.716049382716049,204214,30133,174081
3241,7.71366862079605,204214,30133,174081
3242,7.711289327575571,204214,30133,174081
3243,7.708911501695961,204214,30133,174081
3244,7.706535141800247,204214,30133,174081
3245,7.704160246533128,204214,30133,174081
3246,7.701786814540974,204214,30133,174081
3247,7.6994148444718205,204214,30133,174081
3248,7.697044334975369,204214,30133,174081
3249,7.694675284702986,204214,30133,174081
3250,7.6923076923076925,204214,30133,174081
3251,7.689941556444171,204214,30133,174081
3252,7.687576875768758,204214,30133,174081
3253,7.685213648939441,204214,30133,174081
3254,7.682851874615857,204214,30133,174081
3255,7.680491551459293,204214,30133,174081
3256,7.678132678132678,204214,30133,174081
3257,7.675775253300583,204214,30133,174081
3258,7.673419275629221,204214,30133,174081
3259,7.671064743786437,204214,30133,174081
3260,7.668711656441718,204214,30133,174081
3261,7.666360012266176,204214,30133,174081
3262,7.664009809932557,204214,30133,174081
3263,7.661661048115231,204214,30133,174081
3264,7.659313725490196,204214,30133,174081
3265,7.656967840735069,204214,30133,174081
3266,7.654623392529087,204214,30133,174081
3267,7.6522803795531065,204214,30133,174081
3268,7.649938800489596,204214,30133,174081
3269,7.647598654022637,204214,30133,174081
3270,7.6452599388379205,204214,30133,174081
3271,7.642922653622746,204214,30133,174081
3272,7.640586797066015,204214,30133,174081
3273,7.638252367858234,204214,30133,174081
3274,7.6359193646915084,204214,30133,174081
3275,7.633587786259542,204214,30133,174081
3276,7.631257631257632,204214,30133,174081
3277,7.628928898382667,204214,30133,174081
3278,7.62660158633313,204214,30133,174081
3279,7.624275693809088,204214,30133,174081
3280,7.621951219512195,204214,30133,174081
3281,7.619628162145688,204214,30133,174081
3282,7.617306520414381,204214,30133,174081
3283,7.614986293024672,204214,30133,174081
3284,7.612667478684531,204214,30133,174081
3285,7.610350076103501,204214,30133,174081
3286,7.608034083992696,204214,30133,174081
3287,7.605719501064801,204214,30133,174081
3288,7.603406326034063,204214,30133,174081
3289,7.601094557616297,204214,30133,174081
3290,7.598784194528875,204214,30133,174081
3291,7.596475235490733,204214,30133,174081
3292,7.594167679222357,204214,30133,174081
3293,7.591861524445794,204214,30133,174081
3294,7.589556769884639,204214,30133,174081
3295,7.587253414264036,204214,30133,174081
3296,7.584951456310679,204214,30133,174081
3297,7.582650894752805,204214,30133,174081
3298,7.580351728320194,204214,30133,174081
3299,7.578053955744165,204214,30133,174081
3300,7.575757575757576,204214,30133,174081
3301,7.57346258709482,204214,30133,174081
3302,7.571168988491823,204214,30133,174081
3303,7.568876778686043,204214,30133,174081
3304,7.566585956416465,204214,30133,174081
3305,7.564296520423601,204214,30133,174081
3306,7.562008469449486,204214,30133,174081
3307,7.559721802237678,204214,30133,174081
3308,7.557436517533253,204214,30133,174081
3309,7.555152614082805,204214,30133,174081
3310,7.552870090634441,204214,30133,174081
3311,7.5505889459377835,204214,30133,174081
3312,7.548309178743962,204214,30133,174081
3313,7.5460307878056145,204214,30133,174081
3314,7.543753771876886,204214,30133,174081
3315,7.541478129713424,204214,30133,174081
3316,7.5392038600723765,204214,30133,174081
3317,7.5369309617123905,204214,30133,174081
3318,7.53465943339361,204214,30133,174081
3319,7.532389273877674,204214,30133,174081
3320,7.530120481927711,204214,30133,174081
3321,7.527853056308341,204214,30133,174081
3322,7.525586995785671,204214,30133,174081
3323,7.523322299127295,204214,30133,174081
3324,7.521058965102286,204214,30133,174081
3325,7.518796992481203,204214,30133,174081
3326,7.516536380036079,204214,30133,174081
3327,7.514277126540427,204214,30133,174081
3328,7.512019230769231,204214,30133,174081
3329,7.509762691498949,204214,30133,174081
3330,7.5075075075075075,204214,30133,174081
3331,7.505253677574302,204214,30133,174081
3332,7.503001200480192,204214,30133,174081
3333,7.500750075007501,204214,30133,174081
3334,7.498500299940012,204214,30133,174081
3335,7.496251874062969,204214,30133,174081
3336,7.494004796163069,204214,30133,174081
3337,7.491759065028469,204214,30133,174081
3338,7.489514679448772,204214,30133,174081
3339,7.487271638215034,204214,30133,174081
3340,7.485029940119761,204214,30133,174081
3341,7.482789583956899,204214,30133,174081
3342,7.480550568521843,204214,30133,174081
3343,7.478312892611427,204214,30133,174081
3344,7.476076555023924,204214,30133,174081
3345,7.473841554559043,204214,30133,174081
3346,7.471607890017932,204214,30133,174081
3347,7.469375560203167,204214,30133,174081
3348,7.467144563918757,204214,30133,174081
3349,7.4649148999701405,204214,30133,174081
3350,7.462686567164179,204214,30133,174081
3351,7.460459564309161,204214,30133,174081
3352,7.458233890214797,204214,30133,174081
3353,7.456009543692216,204214,30133,174081
3354,7.4537865235539655,204214,30133,174081
3355,7.451564828614009,204214,30133,174081
3356,7.449344457687723,204214,30133,174081
3357,7.447125409591898,204214,30133,174081
3358,7.444907683144729,204214,30133,174081
3359,7.442691277165824,204214,30133,174081
3360,7.440476190476191,204214,30133,174081
3361,7.438262421898244,204214,30133,174081
3362,7.4360499702558,204214,30133,174081
3363,7.433838834374071,204214,30133,174081
3364,7.431629013079667,204214,30133,174081
3365,7.429420505200595,204214,30133,174081
3366,7.427213309566251,204214,30133,174081
3367,7.425007425007425,204214,30133,174081
3368,7.422802850356295,204214,30133,174081
3369,7.420599584446423,204214,30133,174081
3370,7.4183976261127595,204214,30133,174081
3371,7.416196974191634,204214,30133,174081
3372,7.413997627520759,204214,30133,174081
3373,7.4117995849392235,204214,30133,174081
3374,7.409602845287493,204214,30133,174081
3375,7.407407407407407,204214,30133,174081
3376,7.4052132701421804,204214,30133,174081
3377,7.403020432336393,204214,30133,174081
3378,7.400828892835998,204214,30133,174081
3379,7.39863865048831,204214,30133,174081
3380,7.396449704142012,204214,30133,174081
3381,7.394262052647146,204214,30133,174081
3382,7.392075694855115,204214,30133,174081
3383,7.389890629618682,204214,30133,174081
3384,7.387706855791962,204214,30133,174081
3385,7.385524372230428,204214,30133,174081
3386,7.383343177790904,204214,30133,174081
3387,7.381163271331562,204214,30133,174081
3388,7.378984651711924,204214,30133,174081
3389,7.376807317792859,204214,30133,174081
3390,7.374631268436578,204214,30133,174081
3391,7.372456502506635,204214,30133,174081
3392,7.370283018867925,204214,30133,174081
3393,7.368110816386679,204214,30133,174081
3394,7.365939893930466,204214,30133,174081
3395,7.363770250368188,204214,30133,174081
3396,7.361601884570082,204214,30133,174081
3397,7.359434795407712,204214,30133,174081
3398,7.357268981753973,204214,30133,174081
3399,7.355104442483083,204214,30133,174081
3400,7.352941176470588,204214,30133,174081
3401,7.350779182593355,204214,30133,174081
3402,7.348618459729571,204214,30133,174081
3403,7.346459006758742,204214,30133,174081
3404,7.344300822561692,204214,30133,174081
3405,7.342143906020558,204214,30133,174081
3406,7.33998825601879,204214,30133,174081
3407,7.33783387144115,204214,30133,174081
3408,7.335680751173709,204214,30133,174081
3409,7.333528894103843,204214,30133,174081
3410,7.331378299120234,204214,30133,174081
3411,7.32922896511287,204214,30133,174081
3412,7.327080890973036,204214,30133,174081
3413,7.32493407559332,204214,30133,174081
3414,7.322788517867604,204214,30133,174081
3415,7.320644216691069,204214,30133,174081
3416,7.318501170960188,204214,30133,174081
3417,7.316359379572725,204214,30133,174081
3418,7.314218841427736,204214,30133,174081
3419,7.312079555425563,204214,30133,174081
3420,7.309941520467836,204214,30133,174081
3421,7.307804735457468,204214,30133,174081
3422,7.305669199298656,204214,30133,174081
3423,7.303534910896874,204214,30133,174081
3424,7.3014018691588785,204214,30133,174081
3425,7.299270072992701,204214,30133,174081
3426,7.297139521307647,204214,30133,174081
3427,7.295010213014298,204214,30133,174081
3428,7.292882147024504,203962,30133,173829
3429,7.2907553222513855,203962,30133,173829
3430,7.288629737609329,203962,30133,173829
3431,7.28650539201399,203962,30133,173829
3432,7.284382284382285,203962,30133,173829
3433,7.282260413632391,203962,30133,173829
3434,7.2801397786837505,203962,30133,173829
3435,7.27802037845706,203962,30133,173829
3436,7.275902211874272,203962,30133,173829
3437,7.273785277858598,203962,30133,173829
3438,7.271669575334497,203962,30133,173829
3439,7.269555103227683,203962,30133,173829
3440,7.267441860465116,203962,30133,173829
3441,7.265329845975007,203962,30133,173829
3442,7.26321905868681,203962,30133,173829
3443,7.261109497531223,203962,30133,173829
3444,7.259001161440186,203962,30133,173829
3445,7.256894049346879,203962,30133,173829
3446,7.254788160185723,203962,30133,173829
3447,7.25268349289237,203962,30133,173829
3448,7.250580046403712,203962,30133,173829
3449,7.248477819657872,203962,30133,173829
3450,7.246376811594203,203962,30133,173829
3451,7.244277021153289,203962,30133,173829
3452,7.242178447276941,203962,30133,173829
3453,7.2400810889081955,203962,30133,173829
3454,7.2379849449913145,203962,30133,173829
3455,7.23589001447178,203962,30133,173829
3456,7.233796296296297,203962,30133,173829
3457,7.231703789412785,203962,30133,173829
3458,7.2296124927703875,203687,30133,173554
3459,7.227522405319457,203687,30133,173554
3460,7.22543352601156,203687,30133,173554
3461,7.22334585379948,203687,30133,173554
3462,7.221259387637204,203687,30133,173554
3463,7.21917412647993,203687,30133,173554
3464,7.2170900692840645,203687,30133,173554
3465,7.215007215007215,203687,30133,173554
3466,7.212925562608194,203687,30133,173554
3467,7.210845111047015,203687,30133,173554
3468,7.20876585928489,203687,30133,173554
3469,7.206687806284232,203687,30133,173554
3470,7.204610951008646,203687,30133,173554
3471,7.202535292422933,203687,30133,173554
3472,7.200460829493087,203687,30133,173554
3473,7.198387561186294,203687,30133,173554
3474,7.196315486470927,203687,30133,173554
3475,7.194244604316546,203687,30133,173554
3476,7.192174913693901,203687,30133,173554
3477,7.190106413574921,203687,30133,173554
3478,7.18803910293272,203687,30133,173554
3479,7.185972980741592,203687,30133,173554
3480,7.183908045977011,203687,30133,173554
3481,7.181844297615628,203687,30133,173554
3482,7.1797817346352675,203687,30133,173554
3483,7.177720356014929,203687,30133,173554
3484,7.175660160734788,203687,30133,173554
3485,7.173601147776184,203687,30133,173554
3486,7.171543316121629,203687,30133,173554
3487,7.169486664754803,203687,30133,173554
3488,7.16743119266055,203687,30133,173554
3489,7.165376898824878,203687,30133,173554
3490,7.163323782234957,203687,30133,173554
3491,7.161271841879118,203687,30133,173554
3492,7.15922107674685,203687,30133,173554
3493,7.1571714858288,203687,30133,173554
3494,7.1551230681167715,203687,30133,173554
3495,7.15307582260372,203687,30133,173554
3496,7.151029748283753,203687,30133,173554
3497,7.14898484415213,203687,30133,173554
3498,7.14694110920526,203687,30133,173554
3499,7.144898542440697,203687,30133,173554
3500,7.142857142857143,203687,30133,173554
3501,7.140816909454442,203687,30133,173554
3502,7.138777841233581,203687,30133,173554
3503,7.136739937196689,203687,30133,173554
3504,7.134703196347032,203687,30133,173554
3505,7.132667617689016,203687,30133,173554
3506,7.13063320022818,203687,30133,173554
3507,7.1285999429712,203687,30133,173554
3508,7.126567844925884,203687,30133,173554
3509,7.124536905101168,203687,30133,173554
3510,7.122507122507122,203687,30133,173554
3511,7.120478496154941,203687,30133,173554
3512,7.118451025056948,203687,30133,173554
3513,7.116424708226587,203687,30133,173554
3514,7.114399544678429,203687,30133,173554
3515,7.112375533428165,203687,30133,173554
3516,7.1103526734926055,203687,30133,173554
3517,7.108330963889679,203687,30133,173554
3518,7.106310403638431,203687,30133,173554
3519,7.104290991759022,203687,30133,173554
3520,7.1022727272727275,203687,30133,173554
3521,7.100255609201931,203687,30133,173554
3522,7.09823963657013,203687,30133,173554
3523,7.096224808401931,203687,30133,173554
3524,7.094211123723042,203687,30133,173554
3525,7.092198581560283,203687,30133,173554
3526,7.090187180941577,203687,30133,173554
3527,7.088176920895946,203687,30133,173554
3528,7.086167800453515,203687,30133,173554
3529,7.084159818645508,203687,30133,173554
3530,7.0821529745042495,203687,30133,173554
3531,7.080147267063155,203687,30133,173554
3532,7.078142695356738,203687,30133,173554
3533,7.076139258420605,203687,30133,173554
3534,7.074136955291454,203687,30133,173554
3535,7.072135785007072,203687,30133,173554
3536,7.070135746606335,203687,30133,173554
3537,7.068136839129205,203687,30133,173554
3538,7.066139061616733,203687,30133,173554
3539,7.064142413111048,203687,30133,173554
3540,7.062146892655368,203687,30133,173554
3541,7.060152499293984,203687,30133,173554
3542,7.058159232072276,203687,30133,173554
3543,7.056167090036692,203687,30133,173554
3544,7.054176072234763,203687,30133,173554
3545,7.052186177715091,203687,30133,173554
3546,7.050197405527355,203687,30133,173554
3547,7.048209754722301,203687,30133,173554
3548,7.046223224351747,203687,30133,173554
3549,7.044237813468583,203687,30133,173554
3550,7.042253521126761,203687,30133,173554
3551,7.040270346381301,203687,30133,173554
3552,7.038288288288288,203687,30133,173554
3553,7.036307345904869,203687,30133,173554
3554,7.034327518289252,203687,30133,173554
3555,7.032348804500703,203687,30133,173554
3556,7.03037120359955,203687,30133,173554
3557,7.028394714647175,203687,30133,173554
3558,7.026419336706015,203687,30133,173554
3559,7.024445068839562,203687,30133,173554
3560,7.022471910112359,203687,30133,173554
3561,7.020499859590003,203687,30133,173554
3562,7.018528916339135,203687,30133,173554
3563,7.016559079427449,203687,30133,173554
3564,7.014590347923681,203687,30133,173554
3565,7.012622720897616,203687,30133,173554
3566,7.0106561974200785,203687,30133,173554
3567,7.008690776562938,203687,30133,173554
3568,7.006726457399103,203687,30133,173554
3569,7.004763239002521,203687,30133,173554
3570,7.002801120448179,203687,30133,173554
3571,7.0008401008120975,203687,30133,173554
3572,6.998880179171333,203687,30133,173554
3573,6.996921354603974,203687,30133,173554
3574,6.9949636261891435,203687,30133,173554
3575,6.993006993006993,203709,30133,173576
3576,6.991051454138702,203709,30133,173576
3577,6.98909700866648,203709,30133,173576
3578,6.98714365567356,203709,30133,173576
3579,6.985191394244202,203709,30133,173576
3580,6.983240223463687,203709,30133,173576
3581,6.9812901424183185,203709,30133,173576
3582,6.979341150195421,203709,30133,173576
3583,6.977393245883338,203709,30133,173576
3584,6.975446428571429,203709,30133,173576
3585,6.97350069735007,203709,30133,173576
3586,6.971556051310652,203709,30133,173576
3587,6.9696124895455815,203709,30133,173576
3588,6.967670011148272,203709,30133,173576
3589,6.965728615213151,203709,30133,173576
3590,6.963788300835654,203580,29924,173656
3591,6.961849067112225,203580,29924,173656
3592,6.959910913140312,203580,29924,173656
3593,6.957973838018369,203580,29924,173656
3594,6.9560378408458545,203580,29924,173656
3595,6.954102920723226,203580,29924,173656
3596,6.952169076751947,203580,29924,173656
3597,6.950236308034473,203580,29924,173656
3598,6.948304613674264,203580,29924,173656
3599,6.946373992775771,203580,29924,173656
3600,6.944444444444445,203580,29924,173656
3601,6.942515967786726,203580,29924,173656
3602,6.94058856191005,203580,29924,173656
3603,6.938662225922842,203580,29924,173656
3604,6.936736958934517,203580,29924,173656
3605,6.934812760055478,203580,29924,173656
3606,6.932889628397116,203580,29924,173656
3607,6.930967563071805,203580,29924,173656
3608,6.929046563192904,203580,29924,173656
3609,6.927126627874758,203580,29924,173656
3610,6.925207756232687,203580,29924,173656
3611,6.9232899473829965,203580,29924,173656
3612,6.921373200442968,203580,29924,173656
3613,6.919457514530861,203580,29924,173656
3614,6.917542888765911,203580,29924,173656
3615,6.915629322268327,203580,29924,173656
3616,6.913716814159292,203580,29924,173656
3617,6.911805363560962,203580,29924,173656
3618,6.909894969596462,203580,29924,173656
3619,6.907985631389887,203580,29924,173656
3620,6.906077348066298,203580,29924,173656
3621,6.904170118751726,203580,29924,173656
3622,6.902263942573164,203580,29924,173656
3623,6.90035881865857,203580,29924,173656
3624,6.898454746136865,203580,29924,173656
3625,6.896551724137931,203580,29924,173656
3626,6.894649751792609,203580,29924,173656
3627,6.892748828232699,203580,29924,173656
3628,6.890848952590959,203580,29924,173656
3629,6.888950124001102,203580,29924,173656
3630,6.887052341597796,203580,29924,173656
3631,6.885155604516662,203580,29924,173656
3632,6.883259911894273,203580,29924,173656
3633,6.881365262868153,203580,29924,173656
3634,6.879471656576775,203580,29924,173656
3635,6.87757909215956,203580,29924,173656
3636,6.8756875687568755,203580,29924,173656
3637,6.873797085510036,203580,29924,173656
3638,6.871907641561298,203580,29924,173656
3639,6.870019236053861,203580,29924,173656
3640,6.868131868131868,203580,29924,173656
3641,6.866245536940401,203580,29924,173656
3642,6.86436024162548,203580,29924,173656
3643,6.8624759813340654,203403,29715,173688
3644,6.860592755214051,203403,29715,173688
3645,6.858710562414266,203403,29715,173688
3646,6.856829402084476,203403,29715,173688
3647,6.854949273375377,203403,29715,173688
3648,6.853070175438597,203403,29715,173688
3649,6.851192107426693,203403,29715,173688
3650,6.8493150684931505,203403,29715,173688
3651,6.847439057792386,203403,29715,173688
3652,6.8455640744797375,203403,29715,173688
3653,6.84369011771147,203403,29715,173688
3654,6.841817186644773,203403,29715,173688
3655,6.839945280437757,203403,29715,173688
3656,6.838074398249453,203403,29715,173688
3657,6.836204539239814,203403,29715,173688
3658,6.83433570256971,203403,29715,173688
3659,6.832467887400929,203403,29715,173688
3660,6.830601092896175,203403,29715,173688
3661,6.828735318219066,203403,29715,173688
3662,6.826870562534134,203403,29715,173688
3663,6.825006825006825,203403,29715,173688
3664,6.823144104803493,203403,29715,173688
3665,6.8212824010914055,203403,29715,173688
3666,6.819421713038734,203403,29715,173688
3667,6.817562039814562,203403,29715,173688
3668,6.815703380588877,203403,29715,173688
3669,6.8138457345325705,203403,29715,173688
3670,6.8119891008174385,203403,29715,173688
3671,6.810133478616181,203403,29715,173688
3672,6.808278867102397,203403,29715,173688
3673,6.806425265450585,203403,29715,173688
3674,6.804572672836146,203403,29715,173688
3675,6.802721088435374,203403,29715,173688
3676,6.800870511425463,203403,29715,173688
3677,6.799020940984498,203403,29715,173688
3678,6.797172376291463,203403,29715,173688
3679,6.79532481652623,203403,29715,173688
3680,6.793478260869565,203403,29715,173688
3681,6.7916327085031245,203403,29715,173688
3682,6.7897881586094515,203403,29715,173688
3683,6.787944610371979,203403,29715,173688
3684,6.7861020629750275,203403,29715,173688
3685,6.784260515603799,203403,29715,173688
3686,6.782419967444384,203403,29715,173688
3687,6.780580417683754,203403,29715,173688
3688,6.778741865509762,203403,29715,173688
3689,6.776904310111141,203403,29715,173688
3690,6.775067750677507,203403,29715,173688
3691,6.773232186399349,203403,29715,173688
3692,6.771397616468039,203403,29715,173688
3693,6.769564040075819,203403,29715,173688
3694,6.7677314564158095,203403,29715,173688
3695,6.7658998646820026,203403,29715,173688
3696,6.764069264069264,203403,29715,173688
3697,6.76223965377333,203403,29715,173688
3698,6.760411032990806,203403,29715,173688
3699,6.758583400919167,203403,29715,173688
3700,6.756756756756757,203403,29715,173688
3701,6.754931099702783,203403,29715,173688
3702,6.75310642895732,203305,29718,173587
3703,6.751282743721307,203305,29718,173587
3704,6.749460043196544,203305,29718,173587
3705,6.747638326585695,203305,29718,173587
3706,6.745817593092283,203305,29718,173587
3707,6.743997841920691,203305,29718,173587
3708,6.742179072276159,203305,29718,173587
3709,6.740361283364789,203305,29718,173587
3710,6.738544474393531,203305,29718,173587
3711,6.736728644570197,203305,29718,173587
3712,6.734913793103448,203305,29718,173587
3713,6.733099919202801,203305,29718,173587
3714,6.731287022078622,203305,29718,173587
3715,6.7294751009421265,203305,29718,173587
3716,6.727664155005382,203305,29718,173587
3717,6.725854183481302,203305,29718,173587
3718,6.724045185583647,203305,29718,173587
3719,6.7222371605270235,203305,29718,173587
3720,6.720430107526882,203305,29718,173587
3721,6.7186240257995165,203305,29718,173587
3722,6.716818914562063,203305,29718,173587
3723,6.7150147730325,203305,29718,173587
3724,6.713211600429646,203305,29718,173587
3725,6.7114093959731544,203305,29718,173587
3726,6.709608158883521,203305,29718,173587
3727,6.707807888382077,203305,29718,173587
3728,6.706008583690987,203305,29718,173587
3729,6.704210244033253,203305,29718,173587
3730,6.702412868632708,203305,29718,173587
3731,6.700616456714018,203305,29718,173587
3732,6.69882100750268,203305,29718,173587
3733,6.69702652022502,203305,29718,173587
3734,6.695232994108195,203305,29718,173587
3735,6.693440428380187,203305,29718,173587
3736,6.691648822269808,203179,29655,173524
3737,6.68985817500669,203179,29655,173524
3738,6.688068485821295,203176,29655,173521
3739,6.6862797539449055,203176,29655,173521
3740,6.684491978609626,203176,29655,173521
3741,6.682705159048383,203176,29655,173521
3742,6.680919294494923,203176,29655,173521
3743,6.67913438418381,203176,29655,173521
3744,6.677350427350428,203176,29655,173521
3745,6.675567423230975,203176,29655,173521
3746,6.673785371062467,203176,29655,173521
3747,6.6720042700827324,203176,29655,173521
3748,6.670224119530416,203176,29655,173521
3749,6.668444918644972,203176,29655,173521
3750,6.666666666666667,203176,29655,173521
3751,6.664889362836577,203176,29655,173521
3752,6.663113006396588,203176,29655,173521
3753,6.661337596589395,203176,29655,173521
3754,6.659563132658498,203176,29655,173521
3755,6.657789613848203,203176,29655,173521
3756,6.656017039403621,203176,29655,173521
3757,6.654245408570668,203176,29655,173521
3758,6.652474720596062,203176,29655,173521
3759,6.650704974727321,203176,29655,173521
3760,6.648936170212766,203176,29655,173521
3761,6.6471683063015155,203176,29655,173521
3762,6.645401382243487,203176,29655,173521
3763,6.643635397289397,203176,29655,173521
3764,6.641870350690755,203176,29655,173521
3765,6.6401062416998675,203176,29655,173521
3766,6.638343069569835,203176,29655,173521
3767,6.636580833554553,203176,29655,173521
3768,6.634819532908705,203176,29655,173521
3769,6.633059166887769,203176,29655,173521
3770,6.63129973474801,203176,29655,173521
3771,6.629541235746486,203176,29655,173521
3772,6.6277836691410394,203176,29655,173521
3773,6.626027034190299,203176,29655,173521
3774,6.624271330153683,203176,29655,173521
3775,6.622516556291391,203176,29655,173521
3776,6.620762711864407,203176,29655,173521
3777,6.619009796134498,203176,29655,173521
3778,6.617257808364214,203176,29655,173521
3779,6.615506747816883,203176,29655,173521
3780,6.613756613756614,203176,29655,173521
3781,6.612007405448294,203176,29655,173521
3782,6.610259122157588,203176,29655,173521
3783,6.608511763150938,203176,29655,173521
3784,6.606765327695561,203176,29655,173521
3785,6.605019815059445,203176,29655,173521
3786,6.603275224511358,203176,29655,173521
3787,6.601531555320834,203176,29655,173521
3788,6.599788806758184,203176,29655,173521
3789,6.598046978094484,203176,29655,173521
3790,6.596306068601583,203176,29655,173521
3791,6.594566077552097,203176,29655,173521
3792,6.5928270042194095,203176,29655,173521
3793,6.5910888478776695,203176,29655,173521
3794,6.589351607801793,203176,29655,173521
3795,6.587615283267457,203176,29655,173521
3796,6.585879873551106,203176,29655,173521
3797,6.584145377929945,203176,29655,173521
3798,6.582411795681938,203176,29655,173521
3799,6.580679126085812,203176,29655,173521
3800,6.578947368421052,203176,29655,173521
3801,6.5772165219679035,203176,29655,173521
3802,6.575486586007364,203176,29655,173521
3803,6.5737575598211935,203176,29655,173521
3804,6.572029442691903,203176,29655,173521
3805,6.570302233902759,203176,29655,173521
3806,6.568575932737782,203176,29655,173521
3807,6.566850538481744,203176,29655,173521
3808,6.565126050420168,203176,29655,173521
3809,6.563402467839328,203176,29655,173521
3810,6.561679790026247,203176,29655,173521
3811,6.559958016268696,203176,29655,173521
3812,6.558237145855194,203176,29655,173521
3813,6.556517178075007,203176,29655,173521
3814,6.554798112218144,203176,29655,173521
3815,6.553079947575361,203176,29655,173521
3816,6.551362683438155,203176,29655,173521
3817,6.549646319098769,203176,29655,173521
3818,6.5479308538501835,203176,29655,173521
3819,6.546216286986122,203176,29655,173521
3820,6.544502617801047,203176,29655,173521
3821,6.54278984559016,203176,29655,173521
3822,6.541077969649399,203176,29655,173521
3823,6.539366989275438,203176,29655,173521
3824,6.53765690376569,203176,29655,173521
3825,6.5359477124183005,203176,29655,173521
3826,6.5342394145321485,203176,29655,173521
3827,6.532532009406846,203176,29655,173521
3828,6.530825496342738,203176,29655,173521
3829,6.529119874640898,203176,29655,173521
3830,6.527415143603133,203176,29655,173521
3831,6.525711302531976,203176,29655,173521
3832,6.524008350730689,203176,29655,173521
3833,6.522306287503262,203176,29655,173521
3834,6.520605112154408,203176,29655,173521
3835,6.51890482398957,203176,29655,173521
3836,6.517205422314912,203176,29655,173521
3837,6.515506906437321,203176,29655,173521
3838,6.513809275664409,203176,29655,173521
3839,6.512112529304506,203176,29655,173521
3840,6.510416666666667,203176,29655,173521
3841,6.508721687060661,203176,29655,173521
3842,6.507027589796981,203176,29655,173521
3843,6.505334374186833,203176,29655,173521
3844,6.503642039542144,203176,29655,173521
3845,6.501950585175552,203176,29655,173521
3846,6.5002600104004165,203176,29655,173521
3847,6.498570314530803,203176,29655,173521
3848,6.496881496881497,203176,29655,173521
3849,6.495193556767991,203176,29655,173521
3850,6.4935064935064934,203176,29655,173521
3851,6.491820306413919,203176,29655,173521
3852,6.490134994807892,203176,29655,173521
3853,6.488450558006748,203176,29655,173521
3854,6.4867669953295275,203176,29655,173521
3855,6.485084306095979,203176,29655,173521
3856,6.483402489626556,203176,29655,173521
3857,6.481721545242416,203176,29655,173521
3858,6.480041472265422,203176,29655,173521
3859,6.478362270018139,203176,29655,173521
3860,6.476683937823834,203176,29655,173521
3861,6.475006475006475,203176,29655,173521
3862,6.47332988089073,203176,29655,173521
3863,6.471654154801968,203176,29655,173521
3864,6.469979296066253,203176,29655,173521
3865,6.468305304010349,203176,29655,173521
3866,6.466632177961718,203176,29655,173521
3867,6.464959917248513,203176,29655,173521
3868,6.463288521199586,203176,29655,173521
3869,6.461617989144481,203128,28967,174161
3870,6.459948320413437,203128,28967,174161
3871,6.458279514337381,203128,28967,174161
3872,6.456611570247934,203128,28967,174161
3873,6.454944487477408,203128,28967,174161
3874,6.453278265358803,203128,28967,174161
3875,6.451612903225806,203128,28967,174161
3876,6.449948400412796,203128,28967,174161
3877,6.448284756254836,203128,28967,174161
3878,6.446621970087674,203128,28967,174161
3879,6.444960041247744,203128,28967,174161
3880,6.443298969072165,203128,28967,174161
3881,6.441638752898737,203128,28967,174161
3882,6.439979392065945,203128,28967,174161
3883,6.438320885912954,203128,28967,174161
3884,6.436663233779608,203128,28967,174161
3885,6.435006435006435,203128,28967,174161
3886,6.433350488934638,203128,28967,174161
3887,6.4316953949060975,203128,28967,174161
3888,6.4300411522633745,203128,28967,174161
3889,6.428387760349704,203128,28967,174161
3890,6.426735218508997,203128,28967,174161
3891,6.425083526085839,203128,28967,174161
3892,6.423432682425489,203106,28855,174251
3893,6.421782686873876,203106,28855,174251
3894,6.420133538777606,203106,28855,174251
3895,6.418485237483954,203106,28855,174251
3896,6.416837782340862,203106,28855,174251
3897,6.415191172696947,203044,28683,174361
3898,6.413545407901488,203044,28683,174361
3899,6.411900487304437,203044,28683,174361
3900,6.410256410256411,203044,28683,174361
3901,6.40861317610869,203044,28683,174361
3902,6.406970784213224,203044,28683,174361
3903,6.4053292339226235,203044,28683,174361
3904,6.403688524590164,203044,28683,174361
3905,6.402048655569782,203044,28683,174361
3906,6.400409626216078,203044,28683,174361
3907,6.39877143588431,203044,28683,174361
3908,6.397134083930399,203044,28683,174361
3909,6.3954975697109235,203044,28683,174361
3910,6.3938618925831205,203044,28683,174361
3911,6.392227051904884,203044,28683,174361
3912,6.3905930470347645,203044,28683,174361
3913,6.3889598773319705,203044,28683,174361
3914,6.387327542156362,203044,28683,174361
3915,6.385696040868455,203044,28683,174361
3916,6.384065372829418,203044,28683,174361
3917,6.382435537401072,203044,28683,174361
3918,6.380806533945891,203044,28683,174361
3919,6.379178361826996,203044,28683,174361
3920,6.377551020408164,203044,28683,174361
3921,6.375924509053813,203044,28683,174361
3922,6.3742988271290155,203044,28683,174361
3923,6.37267397399949,203044,28683,174361
3924,6.3710499490316,203044,28683,174361
3925,6.369426751592357,203044,28683,174361
3926,6.367804381049414,203044,28683,174361
3927,6.366182836771072,203044,28683,174361
3928,6.364562118126273,203044,28683,174361
3929,6.362942224484602,203044,28683,174361
3930,6.361323155216285,203044,28683,174361
3931,6.359704909692191,203044,28683,174361
3932,6.358087487283825,203044,28683,174361
3933,6.3564708873633355,203044,28683,174361
3934,6.354855109303508,203044,28683,174361
3935,6.353240152477763,203044,28683,174361
3936,6.3516260162601625,203044,28683,174361
3937,6.3500127000254,203044,28683,174361
3938,6.348400203148807,203044,28683,174361
3939,6.346788525006347,203044,28683,174361
3940,6.345177664974619,203044,28683,174361
3941,6.3435676224308555,203044,28683,174361
3942,6.341958396752918,203044,28683,174361
3943,6.3403499873193,203044,28683,174361
3944,6.338742393509127,203044,28683,174361
3945,6.337135614702155,203044,28683,174361
3946,6.3355296502787635,203044,28683,174361
3947,6.333924499619965,203044,28683,174361
3948,6.332320162107396,203044,28683,174361
3949,6.330716637123323,203044,28683,174361
3950,6.329113924050633,203044,28683,174361
3951,6.327512022272843,203044,28683,174361
3952,6.325910931174089,203044,28683,174361
3953,6.324310650139135,203044,28683,174361
3954,6.322711178553364,203044,28683,174361
3955,6.321112515802781,203044,28683,174361
3956,6.319514661274014,203044,28683,174361
3957,6.317917614354309,203044,28683,174361
3958,6.316321374431531,203044,28683,174361
3959,6.314725940894165,203044,28683,174361
3960,6.313131313131313,203044,28683,174361
3961,6.311537490532694,203044,28683,174361
3962,6.309944472488642,203044,28683,174361
3963,6.308352258390109,203044,28683,174361
3964,6.306760847628658,203044,28683,174361
3965,6.305170239596469,203044,28683,174361
3966,6.303580433686334,203044,28683,174361
3967,6.301991429291657,203044,28683,174361
3968,6.300403225806452,203044,28683,174361
3969,6.298815822625347,203044,28683,174361
3970,6.297229219143577,203044,28683,174361
3971,6.295643414756988,203044,28683,174361
3972,6.294058408862035,203044,28683,174361
3973,6.292474200855777,203044,28683,174361
3974,6.290890790135883,203044,28683,174361
3975,6.289308176100629,203044,28683,174361
3976,6.287726358148894,203044,28683,174361
3977,6.286145335680161,203044,28683,174361
3978,6.28456510809452,203044,28683,174361
3979,6.282985674792662,203044,28683,174361
3980,6.28140703517588,203044,28683,174361
3981,6.279829188646069,203044,28683,174361
3982,6.278252134605726,203044,28683,174361
3983,6.276675872457946,203044,28683,174361
3984,6.275100401606426,203044,28683,174361
3985,6.273525721455458,203044,28683,174361
3986,6.271951831409935,203044,28683,174361
3987,6.270378730875345,203044,28683,174361
3988,6.268806419257773,203044,28683,174361
3989,6.267234895963901,203044,28683,174361
3990,6.265664160401003,203044,28683,174361
3991,6.264094211976948,203044,28683,174361
3992,6.2625250501002006,203044,28683,174361
3993,6.260956674179814,203044,28683,174361
3994,6.259389083625438,203044,28683,174361
3995,6.257822277847309,203044,28683,174361
3996,6.256256256256257,203044,28683,174361
3997,6.254691018263697,203044,28683,174361
3998,6.253126563281641,203044,28683,174361
3999,6.25156289072268,203044,28683,174361
4000,6.25,203044,28683,174361
4001,6.248437890527368,203044,28683,174361
4002,6.246876561719141,203044,28683,174361
4003,6.245316012990258,203044,28683,174361
4004,6.243756243756244,203044,28683,174361
4005,6.242197253433209,203044,28683,174361
4006,6.240639041437843,203044,28683,174361
4007,6.239081607187422,203044,28683,174361
4008,6.2375249500998,203044,28683,174361
4009,6.2359690695934145,203044,28683,174361
4010,6.234413965087282,203044,28683,174361
4011,6.232859636000997,203044,28683,174361
4012,6.231306081754735,203044,28683,174361
4013,6.22975330176925,203044,28683,174361
4014,6.22820129546587,203044,28683,174361
4015,6.226650062266501,203044,28683,174361
4016,6.225099601593626,203044,28683,174361
4017,6.223549912870301,203044,28683,174361
4018,6.222000995520159,203044,28683,174361
4019,6.220452848967405,203044,28683,174361
4020,6.218905472636816,203044,28683,174361
4021,6.217358865953742,203044,28683,174361
4022,6.215813028344107,203044,28683,174361
4023,6.214267959234403,203044,28683,174361
4024,6.21272365805169,203044,28683,174361
4025,6.211180124223603,203044,28683,174361
4026,6.209637357178341,203044,28683,174361
4027,6.208095356344673,203044,28683,174361
4028,6.206554121151936,203044,28683,174361
4029,6.205013651030033,203044,28683,174361
4030,6.20347394540943,203044,28683,174361
4031,6.201935003721161,203044,28683,174361
4032,6.200396825396825,203044,28683,174361
4033,6.198859409868584,203009,28508,174501
4034,6.197322756569162,203009,28508,174501
4035,6.195786864931846,203009,28508,174501
4036,6.194251734390486,203009,28508,174501
4037,6.19271736437949,203009,28508,174501
4038,6.191183754333829,203009,28508,174501
4039,6.189650903689032,203009,28508,174501
4040,6.188118811881188,203009,28508,174501
4041,6.186587478346944,203009,28508,174501
4042,6.185056902523503,203009,28508,174501
4043,6.183527083848627,203009,28508,174501
4044,6.181998021760633,203009,28508,174501
4045,6.180469715698393,203009,28508,174501
4046,6.1789421651013345,203009,28508,174501
4047,6.177415369409439,203009,28508,174501
4048,6.175889328063241,203009,28508,174501
4049,6.1743640405038285,203009,28508,174501
4050,6.172839506172839,203009,28508,174501
4051,6.171315724512466,203009,28508,174501
4052,6.169792694965449,203009,28508,174501
4053,6.16827041697508,203009,28508,174501
4054,6.166748889985199,203009,28508,174501
4055,6.165228113440198,203009,28508,174501
4056,6.16370808678501,203009,28508,174501
4057,6.162188809465122,203009,28508,174501
4058,6.160670280926565,203009,28508,174501
4059,6.159152500615916,203009,28508,174501
4060,6.157635467980295,203009,28508,174501
4061,6.156119182467372,203009,28508,174501
4062,6.154603643525357,203009,28508,174501
4063,6.153088850603003,203009,28508,174501
4064,6.1515748031496065,203009,28508,174501
4065,6.150061500615006,203009,28508,174501
4066,6.148548942449582,203009,28508,174501
4067,6.1470371281042535,203009,28508,174501
4068,6.145526057030482,203009,28508,174501
4069,6.144015728680265,203009,28508,174501
4070,6.142506142506143,203009,28508,174501
4071,6.140997297961189,203009,28508,174501
4072,6.139489194499018,203009,28508,174501
4073,6.137981831573779,203009,28508,174501
4074,6.1364752086401575,203009,28508,174501
4075,6.134969325153374,203009,28508,174501
4076,6.133464180569185,203009,28508,174501
4077,6.131959774343881,203009,28508,174501
4078,6.1304561059342815,203009,28508,174501
4079,6.128953174797744,203009,28508,174501
4080,6.127450980392157,203009,28508,174501
4081,6.1259495221759375,203009,28508,174501
4082,6.124448799608035,203009,28508,174501
4083,6.12294881214793,203009,28508,174501
4084,6.121449559255632,203009,28508,174501
4085,6.119951040391677,203009,28508,174501
4086,6.1184532550171316,203009,28508,174501
4087,6.116956202593589,203009,28508,174501
4088,6.1154598825831705,203009,28508,174501
4089,6.113964294448521,203009,28508,174501
4090,6.112469437652812,203009,28508,174501
4091,6.1109753116597405,203009,28508,174501
4092,6.109481915933529,203009,28508,174501
4093,6.10798924993892,202996,28660,174336
4094,6.106497313141182,202996,28660,174336
4095,6.105006105006105,202996,28660,174336
4096,6.103515625,202996,28660,174336
4097,6.102025872589699,202996,28660,174336
4098,6.100536847242557,202996,28660,174336
4099,6.099048548426445,202996,28660,174336
4100,6.097560975609756,202996,28660,174336
4101,6.0960741282613995,202996,28660,174336
4102,6.094588005850804,202996,28660,174336
4103,6.093102607847916,202996,28660,174336
4104,6.091617933723197,202996,28660,174336
4105,6.090133982947624,202996,28660,174336
4106,6.088650754992694,202996,28660,174336
4107,6.087168249330412,202996,28660,174336
4108,6.085686465433301,202996,28660,174336
4109,6.084205402774398,202979,28520,174459
4110,6.082725060827251,202979,28520,174459
4111,6.0812454390659205,202979,28520,174459
4112,6.07976653696498,202979,28520,174459
4113,6.078288353999514,202979,28520,174459
4114,6.076810889645114,202979,28520,174459
4115,6.075334143377885,202979,28520,174459
4116,6.073858114674441,202979,28520,174459
4117,6.072382803011902,202979,28520,174459
4118,6.070908207867897,202979,28520,174459
4119,6.069434328720563,202979,28520,174459
4120,6.067961165048544,202979,28520,174459
4121,6.066488716330988,202979,28520,174459
4122,6.06501698204755,202979,28520,174459
4123,6.06354596167839,202979,28520,174459
4124,6.062075654704171,202979,28520,174459
4125,6.0606060606060606,202979,28520,174459
4126,6.059137178865729,202979,28520,174459
4127,6.05766900896535,202979,28520,174459
4128,6.0562015503875966,202979,28520,174459
4129,6.054734802615646,202979,28520,174459
4130,6.053268765133172,202979,28520,174459
4131,6.051803437424352,202979,28520,174459
4132,6.050338818973863,202979,28520,174459
4133,6.0488749092668765,202979,28520,174459
4134,6.047411707789066,202979,28520,174459
4135,6.045949214026602,202979,28520,174459
4136,6.044487427466151,202979,28520,174459
4137,6.043026347594876,202979,28520,174459
4138,6.041565973900435,202979,28520,174459
4139,6.040106305870983,202979,28520,174459
4140,6.038647342995169,202979,28520,174459
4141,6.037189084762135,202979,28520,174459
4142,6.035731530661516,202979,28520,174459
4143,6.034274680183442,202979,28520,174459
4144,6.032818532818533,202979,28520,174459
4145,6.031363088057901,202979,28520,174459
4146,6.02990834539315,202979,28520,174459
4147,6.028454304316373,202979,28520,174459
4148,6.0270009643201545,202979,28520,174459
4149,6.025548324897565,202979,28520,174459
4150,6.024096385542169,202979,28520,174459
4151,6.022645145748013,202979,28520,174459
4152,6.021194605009634,202979,28520,174459
4153,6.019744762822056,202979,28520,174459
4154,6.018295618680789,202979,28520,174459
4155,6.016847172081829,202979,28520,174459
4156,6.015399422521655,202979,28520,174459
4157,6.013952369497233,202979,28520,174459
4158,6.012506012506012,202979,28520,174459
4159,6.011060351045924,202979,28520,174459
4160,6.009615384615385,202979,28520,174459
4161,6.00817111271329,202979,28520,174459
4162,6.00672753483902,202979,28520,174459
4163,6.005284650492434,202979,28520,174459
4164,6.003842459173871,202979,28520,174459
4165,6.002400960384153,202979,28520,174459
4166,6.00096015362458,202979,28520,174459
4167,5.999520038396928,202979,28520,174459
4168,5.998080614203455,202969,28384,174585
4169,5.9966418805468935,202969,28384,174585
4170,5.995203836930456,202969,28384,174585
4171,5.993766482857827,202969,28384,174585
4172,5.992329817833173,202969,28384,174585
4173,5.990893841361131,202969,28384,174585
4174,5.989458552946814,202969,28384,174585
4175,5.9880239520958085,202969,28384,174585
4176,5.986590038314176,202969,28384,174585
4177,5.985156811108451,202969,28384,174585
4178,5.983724269985639,202969,28384,174585
4179,5.982292414453219,202969,28384,174585
4180,5.980861244019139,202969,28384,174585
4181,5.97943075819182,202969,28384,174585
4182,5.978000956480153,202969,28384,174585
4183,5.976571838393498,202969,28384,174585
4184,5.975143403441683,202969,28384,174585
4185,5.973715651135006,202969,28384,174585
4186,5.972288580984233,202969,28384,174585
4187,5.970862192500597,202969,28384,174585
4188,5.969436485195797,202969,28384,174585
4189,5.9680114585820006,202969,28384,174585
4190,5.966587112171838,202969,28384,174585
4191,5.965163445478406,202969,28384,174585
4192,5.963740458015267,202969,28384,174585
4193,5.962318149296446,202969,28384,174585
4194,5.960896518836433,202969,28384,174585
4195,5.959475566150179,202969,28384,174585
4196,5.958055290753098,202969,28384,174585
4197,5.9566356921610675,202969,28384,174585
4198,5.955216769890424,202969,28384,174585
4199,5.953798523457966,202969,28384,174585
4200,5.9523809523809526,202969,28384,174585
4201,5.950964056177101,202969,28384,174585
4202,5.949547834364588,202969,28384,174585
4203,5.948132286462051,202969,28384,174585
4204,5.946717411988582,202969,28384,174585
4205,5.945303210463734,202862,28245,174617
4206,5.943889681407513,202862,28245,174617
4207,5.942476824340385,202862,28245,174617
4208,5.94106463878327,202862,28245,174617
4209,5.939653124257544,202862,28245,174617
4210,5.938242280285036,202862,28245,174617
4211,5.936832106388032,202862,28245,174617
4212,5.935422602089269,202862,28245,174617
4213,5.9340137669119395,202862,28245,174617
4214,5.932605600379687,202862,28245,174617
4215,5.931198102016608,202862,28245,174617
4216,5.9297912713472485,202862,28245,174617
4217,5.9283851078966086,202862,28245,174617
4218,5.926979611190138,202862,28245,174617
4219,5.925574780753733,202862,28245,174617
4220,5.924170616113744,202862,28245,174617
4221,5.922767116796967,202862,28245,174617
4222,5.921364282330649,202862,28245,174617
4223,5.919962112242482,202862,28245,174617
4224,5.918560606060606,202862,28245,174617
4225,5.9171597633136095,202862,28245,174617
4226,5.915759583530526,202862,28245,174617
4227,5.914360066240833,202862,28245,174617
4228,5.912961210974456,202862,28245,174617
4229,5.911563017261764,202862,28245,174617
4230,5.91016548463357,202862,28245,174617
4231,5.90876861262113,202862,28245,174617
4232,5.9073724007561434,202862,28245,174617
4233,5.905976848570754,202862,28245,174617
4234,5.904581955597544,202862,28245,174617
4235,5.903187721369539,202862,28245,174617
4236,5.901794145420208,202862,28245,174617
4237,5.900401227283456,202862,28245,174617
4238,5.899008966493629,202862,28245,174617
4239,5.897617362585516,202862,28245,174617
4240,5.89622641509434,202862,28245,174617
4241,5.894836123555765,202862,28245,174617
4242,5.893446487505893,202862,28245,174617
4243,5.8920575064812635,202862,28245,174617
4244,5.89066918001885,202862,28245,174617
4245,5.889281507656066,202862,28245,174617
4246,5.887894488930758,202862,28245,174617
4247,5.88650812338121,202862,28245,174617
4248,5.885122410546139,202862,28245,174617
4249,5.883737349964697,202862,28245,174617
4250,5.882352941176471,202862,28245,174617
4251,5.8809691837214775,202862,28245,174617
4252,5.87958607714017,202862,28245,174617
4253,5.87820362097343,202862,28245,174617
4254,5.876821814762576,202862,28245,174617
4255,5.875440658049354,202862,28245,174617
4256,5.87406015037594,202862,28245,174617
4257,5.872680291284943,202862,28245,174617
4258,5.871301080319399,202862,28245,174617
4259,5.869922517022776,202862,28245,174617
4260,5.868544600938967,202777,28245,174532
4261,5.867167331612298,202777,28245,174532
4262,5.865790708587517,202777,28245,174532
4263,5.864414731409806,202800,28245,174555
4264,5.863039399624766,202800,28245,174555
4265,5.861664712778429,202800,28245,174555
4266,5.860290670417252,202800,28245,174555
4267,5.858917272088118,202800,28245,174555
4268,5.857544517338332,202800,28245,174555
4269,5.856172405715625,202800,28245,174555
4270,5.85480093676815,202800,28245,174555
4271,5.853430110044486,202800,28245,174555
4272,5.852059925093633,202800,28245,174555
4273,5.850690381465013,202800,28245,174555
4274,5.84932147870847,202800,28245,174555
4275,5.847953216374269,202800,28245,174555
4276,5.846585594013097,202800,28245,174555
4277,5.845218611176058,202800,28245,174555
4278,5.84385226741468,202800,28245,174555
4279,5.842486562280906,202800,28245,174555
4280,5.841121495327103,202800,28245,174555
4281,5.83975706610605,202800,28245,174555
4282,5.838393274170948,202800,28245,174555
4283,5.837030119075415,202800,28245,174555
4284,5.835667600373482,202800,28245,174555
4285,5.834305717619603,202800,28245,174555
4286,5.832944470368642,202800,28245,174555
4287,5.831583858175881,202800,28245,174555
4288,5.830223880597015,202800,28245,174555
4289,5.828864537188156,202800,28245,174555
4290,5.827505827505828,202776,28198,174578
4291,5.826147751106968,202776,28198,174578
4292,5.824790307548929,202776,28198,174578
4293,5.823433496389471,202776,28198,174578
4294,5.822077317186772,202776,28198,174578
4295,5.820721769499418,202776,28198,174578
4296,5.8193668528864055,202776,28198,174578
4297,5.818012566907145,202776,28198,174578
4298,5.8166589111214515,202776,28198,174578
4299,5.815305885089556,202776,28198,174578
4300,5.813953488372093,202776,28198,174578
4301,5.812601720530109,202776,28198,174578
4302,5.8112505811250585,202776,28198,174578
4303,5.809900069718801,202776,28198,174578
4304,5.808550185873606,202776,28198,174578
4305,5.807200929152149,202776,28198,174578
4306,5.80585229911751,202776,28198,174578
4307,5.804504295333179,202776,28198,174578
4308,5.8031569173630455,202776,28198,174578
4309,5.801810164771409,202776,28198,174578
4310,5.800464037122969,202776,28198,174578
4311,5.799118533982835,202776,28198,174578
4312,5.797773654916512,202776,28198,174578
4313,5.796429399489914,202776,28198,174578
4314,5.795085767269356,202776,28198,174578
4315,5.793742757821553,202776,28198,174578
4316,5.792400370713624,202776,28198,174578
4317,5.791058605513088,202776,28198,174578
4318,5.789717461787864,202776,28198,174578
4319,5.788376939106275,202776,28198,174578
4320,5.787037037037037,202776,28198,174578
4321,5.785697755149271,202776,28198,174578
4322,5.784359093012494,202776,28198,174578
4323,5.783021050196623,202776,28198,174578
4324,5.78168362627197,202776,28198,174578
4325,5.780346820809249,202776,28198,174578
4326,5.779010633379565,202776,28198,174578
4327,5.777675063554426,202776,28198,174578
4328,5.77634011090573,202776,28198,174578
4329,5.775005775005775,202776,28198,174578
4330,5.773672055427252,202776,28198,174578
4331,5.772338951743246,202776,28198,174578
4332,5.77100646352724,202776,28198,174578
4333,5.769674590353104,202776,28198,174578
4334,5.7683433317951085,202776,28198,174578
4335,5.767012687427912,202776,28198,174578
4336,5.765682656826568,202776,28198,174578
4337,5.76435323956652,202776,28198,174578
4338,5.763024435223605,202776,28198,174578
4339,5.7616962433740495,202776,28198,174578
4340,5.76036866359447,202776,28198,174578
4341,5.7590416954618755,202776,28198,174578
4342,5.757715338553662,202776,28198,174578
4343,5.756389592447617,202776,28198,174578
4344,5.755064456721915,202776,28198,174578
4345,5.7537399309551205,202776,28198,174578
4346,5.752416014726185,202776,28198,174578
4347,5.751092707614447,202776,28198,174578
4348,5.749770009199632,202776,28198,174578
4349,5.748447919061853,202776,28198,174578
4350,5.747126436781609,202776,28198,174578
4351,5.745805561939784,202776,28198,174578
4352,5.744485294117647,202776,28198,174578
4353,5.743165632896853,202776,28198,174578
4354,5.741846577859439,202776,28198,174578
4355,5.7405281285878305,202776,28198,174578
4356,5.73921028466483,202776,28198,174578
4357,5.737893045673629,202776,28198,174578
4358,5.736576411197797,202776,28198,174578
4359,5.735260380821289,202776,28198,174578
4360,5.73394495412844,202776,28198,174578
4361,5.732630130703967,202776,28198,174578
4362,5.731315910132967,202776,28198,174578
4363,5.730002292000917,202776,28198,174578
4364,5.728689275893675,202776,28198,174578
4365,5.72737686139748,202776,28198,174578
4366,5.726065048098946,202776,28198,174578
4367,5.72475383558507,202776,28198,174578
4368,5.7234432234432235,202776,28198,174578
4369,5.722133211261158,202776,28198,174578
4370,5.720823798627002,202776,28198,174578
4371,5.719514985129261,202776,28198,174578
4372,5.718206770356816,202776,28198,174578
4373,5.716899153898925,202776,28198,174578
4374,5.715592135345222,202776,28198,174578
4375,5.714285714285714,202776,28198,174578
4376,5.712979890310786,202776,28198,174578
4377,5.711674663011195,202776,28198,174578
4378,5.710370031978072,202776,28198,174578
4379,5.709065996802923,202776,28198,174578
4380,5.707762557077626,202776,28198,174578
4381,5.70645971239443,202776,28198,174578
4382,5.70515746234596,202776,28198,174578
4383,5.703855806525211,202776,28198,174578
4384,5.702554744525547,202776,28198,174578
4385,5.701254275940707,202776,28198,174578
4386,5.699954400364797,202776,28198,174578
4387,5.6986551173922955,202776,28198,174578
4388,5.697356426618049,202776,28198,174578
4389,5.696058327637275,202776,28198,174578
4390,5.694760820045558,202776,28198,174578
4391,5.693463903438852,202776,28198,174578
4392,5.692167577413479,202776,28198,174578
4393,5.690871841566128,202776,28198,174578
4394,5.689576695493855,202776,28198,174578
4395,5.688282138794084,202776,28198,174578
4396,5.686988171064604,202776,28198,174578
4397,5.685694791903571,202776,28198,174578
4398,5.684402000909504,202475,27607,174868
4399,5.683109797681291,202475,27607,174868
4400,5.681818181818182,202475,27607,174868
4401,5.680527152919791,202475,27607,174868
4402,5.679236710586097,202475,27607,174868
4403,5.677946854417443,202475,27607,174868
4404,5.676657584014532,202475,27607,174868
4405,5.675368898978434,202475,27607,174868
4406,5.674080798910577,202475,27607,174868
4407,5.672793283412752,202475,27607,174868
4408,5.671506352087114,202475,27607,174868
4409,5.670220004536176,202475,27607,174868
4410,5.668934240362812,202475,27607,174868
4411,5.667649059170256,202475,27607,174868
4412,5.666364460562104,202475,27607,174868
4413,5.665080444142307,202475,27607,174868
4414,5.663797009515179,202475,27607,174868
4415,5.662514156285391,202475,27607,174868
4416,5.661231884057971,202475,27607,174868
4417,5.659950192438306,202475,27607,174868
4418,5.658669081032142,202475,27607,174868
4419,5.657388549445576,202475,27607,174868
4420,5.656108597285068,202475,27607,174868
4421,5.654829224157431,202475,27607,174868
4422,5.653550429669832,202475,27607,174868
4423,5.652272213429799,202475,27607,174868
4424,5.650994575045208,202475,27607,174868
4425,5.649717514124294,202475,27607,174868
4426,5.648441030275644,202475,27607,174868
4427,5.647165123108199,202475,27607,174868
4428,5.645889792231256,202475,27607,174868
4429,5.644615037254459,202475,27607,174868
4430,5.643340857787811,202475,27607,174868
4431,5.642067253441661,202475,27607,174868
4432,5.640794223826715,202475,27607,174868
4433,5.639521768554027,202475,27607,174868
4434,5.638249887235002,202475,27607,174868
4435,5.636978579481398,202475,27607,174868
4436,5.63570784490532,202475,27607,174868
4437,5.634437683119224,202475,27607,174868
4438,5.633168093735917,202475,27607,174868
4439,5.631899076368551,202475,27607,174868
4440,5.63063063063063,202475,27607,174868
4441,5.629362756136006,202475,27607,174868
4442,5.628095452498874,202475,27607,174868
4443,5.626828719333783,202475,27607,174868
4444,5.625562556255626,202475,27607,174868
4445,5.62429696287964,202475,27607,174868
4446,5.623031938821413,202475,27607,174868
4447,5.621767483696875,202475,27607,174868
4448,5.620503597122302,202475,27607,174868
4449,5.619240278714318,202475,27607,174868
4450,5.617977528089888,202475,27607,174868
4451,5.616715344866322,202475,27607,174868
4452,5.615453728661276,202475,27607,174868
4453,5.6141926790927466,202475,27607,174868
4454,5.612932195779075,202475,27607,174868
4455,5.611672278338945,202475,27607,174868
4456,5.6104129263913824,202475,27607,174868
4457,5.609154139555755,202475,27607,174868
4458,5.607895917451772,202475,27607,174868
4459,5.606638259699484,202475,27607,174868
4460,5.605381165919282,202475,27607,174868
4461,5.604124635731899,202475,27607,174868
4462,5.602868668758404,202475,27607,174868
4463,5.601613264620211,202475,27607,174868
4464,5.600358422939068,202475,27607,174868
4465,5.599104143337066,202475,27607,174868
4466,5.597850425436632,202475,27607,174868
4467,5.596597268860533,202475,27607,174868
4468,5.595344673231871,202475,27607,174868
4469,5.5940926381740885,202475,27607,174868
4470,5.592841163310962,202475,27607,174868
4471,5.591590248266607,202475,27607,174868
4472,5.590339892665474,202475,27607,174868
4473,5.58909009613235,202475,27607,174868
4474,5.587840858292356,202475,27607,174868
4475,5.58659217877095,202475,27607,174868
4476,5.5853440571939235,202475,27607,174868
4477,5.584096493187403,202475,27607,174868
4478,5.582849486377847,201803,26779,175024
4479,5.5816030363920515,201803,26779,175024
4480,5.580357142857143,201803,26779,175024
4481,5.57911180540058,201803,26779,175024
4482,5.577867023650156,201803,26779,175024
4483,5.576622797233995,201803,26779,175024
4484,5.575379125780553,201803,26779,175024
4485,5.574136008918618,201803,26779,175024
4486,5.572893446277307,201803,26779,175024
4487,5.571651437486071,201803,26779,175024
4488,5.570409982174688,201803,26779,175024
4489,5.569169079973268,201803,26779,175024
4490,5.567928730512249,201803,26779,175024
4491,5.566688933422401,201803,26779,175024
4492,5.565449688334818,201803,26779,175024
4493,5.564210994880926,201803,26779,175024
4494,5.562972852692479,201803,26779,175024
4495,5.561735261401557,201803,26779,175024
4496,5.56049822064057,201803,26779,175024
4497,5.55926173004225,201803,26779,175024
4498,5.558025789239662,201803,26779,175024
4499,5.556790397866193,201803,26779,175024
4500,5.555555555555555,201803,26779,175024
4501,5.554321261941791,201803,26779,175024
4502,5.553087516659263,201803,26779,175024
4503,5.55185431934266,201803,26779,175024
4504,5.550621669626998,201803,26779,175024
4505,5.549389567147614,201803,26779,175024
4506,5.548158011540169,201803,26779,175024
4507,5.546927002440648,201803,26779,175024
4508,5.545696539485359,201803,26779,175024
4509,5.544466622310933,201803,26779,175024
4510,5.5432372505543235,201803,26779,175024
4511,5.5420084238528045,201803,26779,175024
4512,5.540780141843972,201803,26779,175024
4513,5.539552404165743,201803,26779,175024
4514,5.538325210456358,201803,26779,175024
4515,5.537098560354374,201803,26779,175024
4516,5.535872453498671,201803,26779,175024
4517,5.534646889528448,201803,26779,175024
4518,5.533421868083223,201803,26779,175024
4519,5.532197388802833,201803,26779,175024
4520,5.530973451327434,201803,26779,175024
4521,5.529750055297501,201803,26779,175024
4522,5.5285272003538255,201803,26779,175024
4523,5.527304886137519,201803,26779,175024
4524,5.526083112290009,201803,26779,175024
4525,5.524861878453039,201803,26779,175024
4526,5.52364118426867,201803,26779,175024
4527,5.52242102937928,201803,26779,175024
4528,5.521201413427562,201803,26779,175024
4529,5.5199823360565246,201803,26779,175024
4530,5.518763796909492,201803,26779,175024
4531,5.517545795630104,201803,26779,175024
4532,5.516328331862312,201803,26779,175024
4533,5.515111405250386,201803,26779,175024
4534,5.513895015438906,201803,26779,175024
4535,5.512679162072767,201803,26779,175024
4536,5.511463844797178,201803,26779,175024
4537,5.5102490632576595,201803,26779,175024
4538,5.509034817100044,201803,26779,175024
4539,5.5078211059704785,201803,26779,175024
4540,5.506607929515418,201803,26779,175024
4541,5.505395287381634,201803,26779,175024
4542,5.504183179216204,201803,26779,175024
4543,5.50297160466652,201803,26779,175024
4544,5.501760563380282,201803,26779,175024
4545,5.5005500550055,201803,26779,175024
4546,5.499340079190497,201803,26779,175024
4547,5.498130635583902,201803,26779,175024
4548,5.496921723834652,201803,26779,175024
4549,5.495713343591998,201803,26779,175024
4550,5.4945054945054945,201803,26779,175024
4551,5.4932981762250055,201803,26779,175024
4552,5.492091388400703,201803,26779,175024
4553,5.490885130683066,201803,26779,175024
4554,5.489679402722881,201803,26779,175024
4555,5.48847420417124,201803,26779,175024
4556,5.487269534679544,201803,26779,175024
4557,5.486065393899495,201803,26779,175024
4558,5.484861781483106,201803,26779,175024
4559,5.483658697082694,201803,26779,175024
4560,5.482456140350878,201803,26779,175024
4561,5.481254110940583,201803,26779,175024
4562,5.480052608505042,201803,26779,175024
4563,5.478851632697786,201803,26779,175024
4564,5.4776511831726555,201803,26779,175024
4565,5.47645125958379,201803,26779,175024
4566,5.475251861585633,201803,26779,175024
4567,5.474052988832932,201803,26779,175024
4568,5.472854640980736,201803,26779,175024
4569,5.471656817684395,201803,26779,175024
4570,5.470459518599562,201803,26779,175024
4571,5.469262743382192,201803,26779,175024
4572,5.468066491688539,201803,26779,175024
4573,5.466870763175159,201803,26779,175024
4574,5.465675557498907,201803,26779,175024
4575,5.46448087431694,201803,26779,175024
4576,5.463286713286713,201803,26779,175024
4577,5.462093074065982,201803,26779,175024
4578,5.4608999563128,201803,26779,175024
4579,5.459707359685521,201803,26779,175024
4580,5.458515283842795,201803,26779,175024
4581,5.457323728443571,201803,26779,175024
4582,5.456132693147097,201803,26779,175024
4583,5.454942177612917,201803,26779,175024
4584,5.453752181500873,201803,26779,175024
4585,5.452562704471101,201803,26779,175024
4586,5.451373746184038,201805,26764,175041
4587,5.450185306300415,201805,26764,175041
4588,5.448997384481255,201805,26764,175041
4589,5.447809980387884,201805,26764,175041
4590,5.446623093681917,201805,26764,175041
4591,5.445436724025267,201805,26764,175041
4592,5.444250871080139,201805,26764,175041
4593,5.443065534509035,201805,26764,175041
4594,5.44188071397475,201805,26764,175041
4595,5.44069640914037,201805,26764,175041
4596,5.439512619669277,201805,26764,175041
4597,5.438329345225147,201805,26764,175041
4598,5.437146585471944,201805,26764,175041
4599,5.435964340073929,201805,26764,175041
4600,5.434782608695652,201805,26764,175041
4601,5.4336013910019565,201805,26764,175041
4602,5.4324206866579745,201805,26764,175041
4603,5.431240495329133,201805,26764,175041
4604,5.430060816681147,201805,26764,175041
4605,5.4288816503800215,201805,26764,175041
4606,5.427702996092054,201805,26764,175041
4607,5.426524853483829,201805,26764,175041
4608,5.425347222222222,201805,26764,175041
4609,5.424170101974398,201805,26764,175041
4610,5.422993492407809,201805,26764,175041
4611,5.421817393190198,201805,26764,175041
4612,5.420641803989592,201805,26764,175041
4613,5.4194667244743115,201805,26764,175041
4614,5.418292154312961,201805,26764,175041
4615,5.417118093174431,201805,26764,175041
4616,5.415944540727903,201805,26764,175041
4617,5.4147714966428415,201805,26764,175041
4618,5.413598960589,201805,26764,175041
4619,5.412426932236415,201805,26764,175041
4620,5.411255411255412,201805,26764,175041
4621,5.410084397316598,201805,26764,175041
4622,5.4089138900908695,201805,26764,175041
4623,5.407743889249405,201805,26764,175041
4624,5.406574394463668,201805,26764,175041
4625,5.405405405405405,201805,26764,175041
4626,5.40423692174665,201805,26764,175041
4627,5.403068943159715,201805,26764,175041
4628,5.4019014693172,201805,26764,175041
4629,5.4007344998919855,201805,26764,175041
4630,5.399568034557236,201805,26764,175041
4631,5.398402072986396,201805,26764,175041
4632,5.397236614853195,201805,26764,175041
4633,5.396071659831643,201805,26764,175041
4634,5.394907207596029,201805,26764,175041
4635,5.393743257820928,201805,26764,175041
4636,5.392579810181191,201805,26764,175041
4637,5.391416864351951,201805,26764,175041
4638,5.390254420008624,201805,26764,175041
4639,5.389092476826902,201805,26764,175041
4640,5.387931034482759,201805,26764,175041
4641,5.386770092652446,201805,26764,175041
4642,5.385609651012494,201805,26764,175041
4643,5.384449709239716,201805,26764,175041
4644,5.383290267011197,201805,26764,175041
4645,5.382131324004305,201805,26764,175041
4646,5.380972879896685,201805,26764,175041
4647,5.379814934366258,201805,26764,175041
4648,5.378657487091222,201805,26764,175041
4649,5.377500537750054,201805,26764,175041
4650,5.376344086021505,201805,26764,175041
4651,5.375188131584605,201805,26764,175041
4652,5.374032674118658,201805,26764,175041
4653,5.372877713303245,201805,26764,175041
4654,5.3717232488182205,201805,26764,175041
4655,5.370569280343717,201805,26764,175041
4656,5.369415807560137,201805,26764,175041
4657,5.368262830148164,201805,26764,175041
4658,5.367110347788751,201805,26764,175041
4659,5.365958360163125,201805,26764,175041
4660,5.364806866952789,201805,26764,175041
4661,5.363655867839519,201805,26764,175041
4662,5.362505362505362,201805,26764,175041
4663,5.36135535063264,201805,26764,175041
4664,5.360205831903945,201805,26764,175041
4665,5.359056806002144,201805,26764,175041
4666,5.357908272610373,201805,26764,175041
4667,5.356760231412042,201805,26764,175041
4668,5.355612682090832,201805,26764,175041
4669,5.354465624330691,201805,26764,175041
4670,5.353319057815845,201805,26764,175041
4671,5.352172982230786,201805,26764,175041
4672,5.351027397260274,201805,26764,175041
4673,5.349882302589343,201805,26764,175041
4674,5.348737697903295,201805,26764,175041
4675,5.347593582887701,201805,26764,175041
4676,5.3464499572284,201805,26764,175041
4677,5.345306820611503,201805,26764,175041
4678,5.344164172723386,201805,26764,175041
4679,5.343022013250694,201805,26764,175041
4680,5.3418803418803416,201805,26764,175041
4681,5.340739158299509,201805,26764,175041
4682,5.339598462195643,201805,26764,175041
4683,5.3384582532564595,201805,26764,175041
4684,5.33731853116994,201805,26764,175041
4685,5.336179295624333,201805,26764,175041
4686,5.335040546308152,201805,26764,175041
4687,5.333902282910177,201805,26764,175041
4688,5.332764505119454,201805,26764,175041
4689,5.3316272126252935,201805,26764,175041
4690,5.330490405117271,201805,26764,175041
4691,5.329354082285227,201805,26764,175041
4692,5.328218243819267,201805,26764,175041
4693,5.327082889409759,201805,26764,175041
4694,5.325948018747337,201805,26764,175041
4695,5.324813631522897,201805,26764,175041
4696,5.3236797274275975,201805,26764,175041
4697,5.322546306152864,201805,26764,175041
4698,5.321413367390379,201805,26764,175041
4699,5.320280910832092,201805,26764,175041
4700,5.319148936170213,201805,26764,175041
4701,5.318017443097213,201805,26764,175041
4702,5.316886431305828,201805,26764,175041
4703,5.31575590048905,201805,26764,175041
4704,5.3146258503401365,201805,26764,175041
4705,5.313496280552604,201805,26764,175041
4706,5.31236719082023,201805,26764,175041
4707,5.311238580837051,201805,26764,175041
4708,5.310110450297366,201805,26764,175041
4709,5.308982798895731,201805,26764,175041
4710,5.307855626326964,201805,26764,175041
4711,5.306728932286139,201805,26764,175041
4712,5.305602716468591,201805,26764,175041
4713,5.304476978569913,201805,26764,175041
4714,5.303351718285957,201805,26764,175041
4715,5.302226935312832,201805,26764,175041
4716,5.301102629346905,201805,26764,175041
4717,5.2999788000848,201805,26764,175041
4718,5.2988554472234,201805,26764,175041
4719,5.297732570459843,201805,26764,175041
4720,5.296610169491525,201805,26764,175041
4721,5.295488244016099,201805,26764,175041
4722,5.29436679373147,201805,26764,175041
4723,5.293245818335803,201805,26764,175041
4724,5.292125317527519,201805,26764,175041
4725,5.291005291005291,201805,26764,175041
4726,5.289885738468049,201805,26764,175041
4727,5.288766659614978,201805,26764,175041
4728,5.287648054145516,201805,26764,175041
4729,5.2865299217593575,201805,26764,175041
4730,5.2854122621564485,201805,26764,175041
4731,5.28429507503699,201805,26764,175041
4732,5.283178360101437,201805,26764,175041
4733,5.282062117050496,201805,26764,175041
4734,5.280946345585129,201805,26764,175041
4735,5.279831045406547,201805,26764,175041
4736,5.278716216216216,201805,26764,175041
4737,5.277601857715854,201805,26764,175041
4738,5.276487969607429,201805,26764,175041
4739,5.275374551593163,201805,26764,175041
4740,5.274261603375527,201805,26764,175041
4741,5.2731491246572455,201805,26764,175041
4742,5.27203711514129,201805,26764,175041
4743,5.270925574530888,201805,26764,175041
4744,5.269814502529511,201805,26764,175041
4745,5.268703898840885,201805,26764,175041
4746,5.267593763168985,201805,26764,175041
4747,5.266484095218033,201805,26764,175041
4748,5.265374894692502,201805,26764,175041
4749,5.264266161297115,201805,26764,175041
4750,5.2631578947368425,201805,26764,175041
4751,5.262050094716901,201805,26764,175041
4752,5.260942760942761,201805,26764,175041
4753,5.259835893120135,201805,26764,175041
4754,5.258729490954985,201805,26764,175041
4755,5.257623554153523,201805,26764,175041
4756,5.256518082422204,201805,26764,175041
4757,5.2554130754677315,201805,26764,175041
4758,5.254308532997058,201805,26764,175041
4759,5.253204454717378,201805,26764,175041
4760,5.2521008403361344,201805,26764,175041
4761,5.250997689561016,201805,26764,175041
4762,5.249895002099958,201805,26764,175041
4763,5.248792777661138,201805,26764,175041
4764,5.247691015952981,201805,26764,175041
4765,5.246589716684155,201805,26764,175041
4766,5.245488879563576,201805,26764,175041
4767,5.244388504300399,201805,26764,175041
4768,5.243288590604027,201805,26764,175041
4769,5.242189138184106,201805,26764,175041
4770,5.241090146750524,201805,26764,175041
4771,5.239991616013414,201805,26764,175041
4772,5.238893545683152,201805,26764,175041
4773,5.237795935470354,201805,26764,175041
4774,5.236698785085882,201805,26764,175041
4775,5.2356020942408374,201805,26764,175041
4776,5.234505862646566,201805,26764,175041
4777,5.233410090014654,201805,26764,175041
4778,5.232314776056928,201805,26764,175041
4779,5.231219920485457,201805,26764,175041
4780,5.2301255230125525,201805,26764,175041
4781,5.229031583350763,201805,26764,175041
4782,5.227938101212882,201805,26764,175041
4783,5.226845076311938,201805,26764,175041
4784,5.225752508361204,201805,26764,175041
4785,5.2246603970741905,201805,26764,175041
4786,5.223568742164647,201805,26764,175041
4787,5.222477543346564,201805,26764,175041
4788,5.221386800334169,201805,26764,175041
4789,5.220296512841929,201805,26764,175041
4790,5.219206680584551,201805,26764,175041
4791,5.218117303276978,201805,26764,175041
4792,5.217028380634391,201805,26764,175041
4793,5.215939912372209,201805,26764,175041
4794,5.214851898206091,201805,26764,175041
4795,5.213764337851929,201805,26764,175041
4796,5.212677231025855,201805,26764,175041
4797,5.211590577444236,201805,26764,175041
4798,5.2105043768236765,201805,26764,175041
4799,5.209418628881017,201805,26764,175041
4800,5.208333333333333,201805,26764,175041
4801,5.207248489897938,201805,26764,175041
4802,5.206164098292378,201805,26764,175041
4803,5.205080158234437,201805,26764,175041
4804,5.203996669442131,201805,26764,175041
4805,5.202913631633715,201805,26764,175041
4806,5.201831044527673,201805,26764,175041
4807,5.200748907842729,201805,26764,175041
4808,5.199667221297837,201805,26764,175041
4809,5.198585984612185,201805,26764,175041
4810,5.197505197505198,201805,26764,175041
4811,5.196424859696529,201805,26764,175041
4812,5.195344970906068,201805,26764,175041
4813,5.194265530853937,201805,26764,175041
4814,5.19318653926049,201805,26764,175041
4815,5.192107995846314,201805,26764,175041
4816,5.191029900332226,201805,26764,175041
4817,5.189952252439277,201805,26764,175041
4818,5.1888750518887505,201805,26764,175041
4819,5.187798298402158,201805,26764,175041
4820,5.186721991701245,201805,26764,175041
4821,5.185646131507986,201805,26764,175041
4822,5.184570717544587,201805,26764,175041
4823,5.183495749533486,201805,26764,175041
4824,5.182421227197347,201805,26764,175041
4825,5.181347150259067,201805,26764,175041
4826,5.180273518441774,201805,26764,175041
4827,5.179200331468821,201805,26764,175041
4828,5.178127589063794,201805,26764,175041
4829,5.177055290950507,201805,26764,175041
4830,5.175983436853002,201805,26764,175041
4831,5.17491202649555,201805,26764,175041
4832,5.173841059602649,201805,26764,175041
4833,5.172770535899027,201805,26764,175041
4834,5.17170045510964,201805,26764,175041
4835,5.170630816959669,201805,26764,175041
4836,5.169561621174524,201805,26764,175041
4837,5.168492867479843,201805,26764,175041
4838,5.167424555601488,201805,26764,175041
4839,5.1663566852655505,201805,26764,175041
4840,5.1652892561983474,201805,26764,175041
4841,5.16422226812642,201805,26764,175041
4842,5.163155720776539,201805,26764,175041
4843,5.162089613875697,201805,26764,175041
4844,5.161023947151115,201805,26764,175041
4845,5.159958720330238,201805,26764,175041
4846,5.158893933140734,201805,26764,175041
4847,5.157829585310501,201805,26764,175041
4848,5.156765676567657,201650,26779,174871
4849,5.1557022066405445,201650,26779,174871
4850,5.154639175257732,201650,26779,174871
4851,5.153576582148011,201650,26779,174871
4852,5.152514427040396,201650,26779,174871
4853,5.151452709664126,201650,26779,174871
4854,5.150391429748661,201650,26779,174871
4855,5.1493305870236865,201650,26779,174871
4856,5.14827018121911,201650,26779,174871
4857,5.147210212065061,201650,26779,174871
4858,5.14615067929189,201650,26779,174871
4859,5.145091582630171,201650,26779,174871
4860,5.1440329218107,201650,26779,174871
4861,5.142974696564493,201650,26779,174871
4862,5.1419169066227886,201650,26779,174871
4863,5.140859551717047,201652,26554,175098
4864,5.139802631578948,201652,26554,175098
4865,5.138746145940391,201652,26554,175098
4866,5.137690094533498,201652,26554,175098
4867,5.1366344770906105,201652,26554,175098
4868,5.135579293344289,201652,26554,175098
4869,5.134524543027315,201652,26554,175098
4870,5.13347022587269,201652,26554,175098
4871,5.132416341613632,201652,26554,175098
4872,5.1313628899835795,201652,26554,175098
4873,5.130309870716191,201652,26554,175098
4874,5.129257283545343,201652,26554,175098
4875,5.128205128205129,201652,26554,175098
4876,5.12715340442986,201652,26554,175098
4877,5.12610211195407,201652,26554,175098
4878,5.125051250512505,201652,26554,175098
4879,5.1240008198401314,201652,26554,175098
4880,5.122950819672131,201652,26554,175098
4881,5.121901249743905,201652,26554,175098
4882,5.120852109791069,201652,26554,175098
4883,5.119803399549458,201652,26554,175098
4884,5.118755118755119,201652,26554,175098
4885,5.117707267144319,201652,26554,175098
4886,5.116659844453541,201652,26554,175098
4887,5.11561285041948,201652,26554,175098
4888,5.114566284779051,201652,26554,175098
4889,5.11352014726938,201652,26554,175098
4890,5.112474437627812,201652,26554,175098
4891,5.111429155591903,201652,26554,175098
4892,5.110384300899428,201652,26554,175098
4893,5.109339873288371,201652,26554,175098
4894,5.108295872496935,201652,26554,175098
4895,5.107252298263535,201652,26554,175098
4896,5.106209150326797,201652,26554,175098
4897,5.105166428425567,201652,26554,175098
4898,5.104124132298898,201652,26554,175098
4899,5.103082261686058,201652,26554,175098
4900,5.1020408163265305,201652,26554,175098
4901,5.100999795960008,201652,26554,175098
4902,5.099959200326397,201652,26554,175098
4903,5.098919029165817,201652,26554,175098
4904,5.097879282218597,201652,26554,175098
4905,5.096839959225281,201652,26554,175098
4906,5.095801059926621,201547,26369,175178
4907,5.094762584063583,201547,26369,175178
4908,5.093724531377343,201547,26369,175178
4909,5.092686901609289,201547,26369,175178
4910,5.091649694501018,201547,26369,175178
4911,5.09061290979434,201547,26369,175178
4912,5.08957654723127,201547,26369,175178
4913,5.08854060655404,201547,26369,175178
4914,5.087505087505088,201547,26369,175178
4915,5.0864699898270604,201547,26369,175178
4916,5.085435313262815,201547,26369,175178
4917,5.08440105755542,201547,26369,175178
4918,5.08336722244815,201547,26369,175178
4919,5.082333807684488,201547,26369,175178
4920,5.08130081300813,201547,26369,175178
4921,5.080268238162975,201547,26369,175178
4922,5.079236082893133,201547,26369,175178
4923,5.078204346942921,201547,26369,175178
4924,5.077173030056865,201547,26369,175178
4925,5.0761421319796955,201547,26369,175178
4926,5.075111652456354,201547,26369,175178
4927,5.074081591231987,201547,26369,175178
4928,5.0730519480519485,201547,26369,175178
4929,5.0720227226617975,201547,26369,175178
4930,5.070993914807302,201547,26369,175178
4931,5.069965524234435,201547,26369,175178
4932,5.068937550689376,201547,26369,175178
4933,5.067909993918508,201547,26369,175178
4934,5.066882853668424,201547,26369,175178
4935,5.065856129685917,201547,26369,175178
4936,5.06482982171799,201547,26369,175178
4937,5.063803929511849,201547,26369,175178
4938,5.0627784528149045,201547,26369,175178
4939,5.061753391374772,201547,26369,175178
4940,5.060728744939271,201547,26369,175178
4941,5.059704513256426,201547,26369,175178
4942,5.058680696074464,201547,26369,175178
4943,5.0576572931418164,201487,26369,175118
4944,5.05663430420712,201487,26369,175118
4945,5.055611729019211,201487,26369,175118
4946,5.054589567327133,201487,26369,175118
4947,5.053567818880129,201487,26369,175118
4948,5.052546483427648,201487,26369,175118
4949,5.0515255607193374,201487,26369,175118
4950,5.05050505050505,201487,26369,175118
4951,5.049484952534842,201487,26369,175118
4952,5.048465266558966,201487,26369,175118
4953,5.047445992327882,201487,26369,175118
4954,5.0464271295922485,201487,26369,175118
4955,5.045408678102926,201487,26369,175118
4956,5.044390637610976,201487,26369,175118
4957,5.043373007867662,201487,26369,175118
4958,5.0423557886244454,201487,26369,175118
4959,5.04133897963299,201487,26369,175118
4960,5.040322580645161,201487,26369,175118
4961,5.0393065914130215,201487,26369,175118
4962,5.038291011688835,201487,26369,175118
4963,5.037275841225066,201487,26369,175118
4964,5.036261079774375,201487,26369,175118
4965,5.0352467270896275,201487,26369,175118
4966,5.034232782923882,201487,26369,175118
4967,5.0332192470304005,201487,26369,175118
4968,5.032206119162641,201487,26369,175118
4969,5.031193399074261,201487,26369,175118
4970,5.030181086519114,201487,26369,175118
4971,5.029169181251257,201487,26369,175118
4972,5.02815768302494,201487,26369,175118
4973,5.027146591594611,201487,26369,175118
4974,5.026135906714917,201487,26369,175118
4975,5.025125628140704,201487,26369,175118
4976,5.02411575562701,201487,26369,175118
4977,5.023106288929074,201487,26369,175118
4978,5.02209722780233,201487,26369,175118
4979,5.0210885720024105,201487,26369,175118
4980,5.020080321285141,201487,26369,175118
4981,5.019072475406545,201487,26369,175118
4982,5.018065034122842,201487,26369,175118
4983,5.017057997190448,201487,26369,175118
4984,5.016051364365971,201487,26369,175118
4985,5.015045135406218,201487,26369,175118
4986,5.014039310068191,201487,26369,175118
4987,5.013033888109083,201487,26369,175118
4988,5.012028869286287,201487,26369,175118
4989,5.0110242533573865,201487,26369,175118
4990,5.01002004008016,201487,26369,175118
4991,5.009016229212583,201487,26369,175118
4992,5.00801282051282,201487,26369,175118
4993,5.007009813739235,201487,26369,175118
4994,5.006007208650381,201487,26369,175118
4995,5.005005005005005,201487,26369,175118
4996,5.00400320256205,201487,26369,175118
4997,5.003001801080648,201487,26369,175118
4998,5.002000800320128,201487,26369,175118
4999,5.001000200040008,201487,26369,175118
5000,5,201487,26369,175118
5001,4.999000199960008,201487,26369,175118
5002,4.998000799680128,201487,26369,175118
5003,4.997001798920648,201487,26369,175118
5004,4.996003197442047,201487,26369,175118
5005,4.995004995004995,201487,26369,175118
5006,4.994007191370356,201487,26369,175118
5007,4.993009786299181,201487,26369,175118
5008,4.992012779552716,201487,26369,175118
5009,4.991016170892394,201487,26369,175118
5010,4.990019960079841,201487,26369,175118
5011,4.989024146876871,201487,26369,175118
5012,4.988028731045491,201487,26369,175118
5013,4.987033712347896,201487,26369,175118
5014,4.98603909054647,201487,26369,175118
5015,4.985044865403789,201487,26369,175118
5016,4.984051036682616,201487,26369,175118
5017,4.983057604145904,201487,26369,175118
5018,4.982064567556796,201487,26369,175118
5019,4.981071926678621,201487,26369,175118
5020,4.9800796812749,201487,26369,175118
5021,4.979087831109341,201487,26369,175118
5022,4.978096375945838,201487,26369,175118
5023,4.977105315548477,201487,26369,175118
5024,4.976114649681529,201487,26369,175118
5025,4.975124378109452,201487,26369,175118
5026,4.974134500596896,201487,26369,175118
5027,4.973145016908693,201487,26369,175118
5028,4.972155926809865,201487,26369,175118
5029,4.971167230065619,201487,26369,175118
5030,4.970178926441352,201487,26369,175118
5031,4.969191015702644,201487,26369,175118
5032,4.968203497615263,201487,26369,175118
5033,4.967216371945162,201487,26369,175118
5034,4.966229638458483,201487,26369,175118
5035,4.965243296921549,201487,26369,175118
5036,4.964257347100873,201487,26369,175118
5037,4.963271788763152,201487,26369,175118
5038,4.962286621675268,201487,26369,175118
5039,4.961301845604287,201487,26369,175118
5040,4.9603174603174605,201487,26369,175118
5041,4.959333465582226,201487,26369,175118
5042,4.958349861166204,201487,26369,175118
5043,4.9573666468372,201487,26369,175118
5044,4.956383822363204,201487,26369,175118
5045,4.955401387512389,201487,26369,175118
5046,4.954419342053112,201487,26369,175118
5047,4.953437685753913,201487,26369,175118
5048,4.952456418383518,201487,26369,175118
5049,4.951475539710834,201487,26369,175118
5050,4.9504950495049505,201487,26369,175118
5051,4.949514947535142,201487,26369,175118
5052,4.948535233570863,201487,26369,175118
5053,4.947555907381753,201487,26369,175118
5054,4.9465769687376335,201487,26369,175118
5055,4.945598417408506,201487,26369,175118
5056,4.944620253164557,201487,26369,175118
5057,4.9436424757761515,201487,26369,175118
5058,4.942665085013839,201487,26369,175118
5059,4.941688080648349,201487,26369,175118
5060,4.940711462450593,201487,26369,175118
5061,4.939735230191662,201487,26369,175118
5062,4.938759383642829,201487,26369,175118
5063,4.937783922575548,201487,26369,175118
5064,4.936808846761453,201487,26369,175118
5065,4.935834155972359,201487,26369,175118
5066,4.934859849980261,201487,26369,175118
5067,4.9338859285573315,201487,26369,175118
5068,4.932912391475927,201487,26369,175118
5069,4.931939238508582,201487,26369,175118
5070,4.930966469428008,201487,26369,175118
5071,4.929994084007099,201487,26369,175118
5072,4.929022082018927,201487,26369,175118
5073,4.928050463236744,201487,26369,175118
5074,4.927079227433977,201487,26369,175118
5075,4.926108374384237,201487,26369,175118
5076,4.925137903861308,201487,26369,175118
5077,4.924167815639157,201487,26369,175118
5078,4.923198109491926,201487,26369,175118
5079,4.922228785193936,201487,26369,175118
5080,4.921259842519685,201487,26369,175118
5081,4.920291281243849,201487,26369,175118
5082,4.919323101141283,201487,26369,175118
5083,4.918355301987016,201487,26369,175118
5084,4.917387883556255,201487,26369,175118
5085,4.916420845624385,201487,26369,175118
5086,4.915454187966968,201487,26369,175118
5087,4.914487910359741,201487,26369,175118
5088,4.913522012578617,201487,26369,175118
5089,4.912556494399686,201487,26369,175118
5090,4.911591355599215,201412,26359,175053
5091,4.9106265959536435,201412,26359,175053
5092,4.9096622152395915,201412,26359,175053
5093,4.90869821323385,201412,26359,175053
5094,4.907734589713388,201412,26359,175053
5095,4.906771344455349,201412,26359,175053
5096,4.9058084772370485,201412,26359,175053
5097,4.904845987835982,201412,26359,175053
5098,4.903883876029815,201412,26359,175053
5099,4.902922141596392,201412,26359,175053
5100,4.901960784313726,201412,26359,175053
5101,4.900999803960008,201412,26359,175053
5102,4.900039200313603,201412,26359,175053
5103,4.899078973153047,201412,26359,175053
5104,4.898119122257054,201412,26359,175053
5105,4.897159647404505,201412,26359,175053
5106,4.896200548374462,201412,26359,175053
5107,4.895241824946153,201412,26359,175053
5108,4.894283476898982,201412,26359,175053
5109,4.893325504012527,201412,26359,175053
5110,4.892367906066537,201412,26359,175053
5111,4.891410682840931,201412,26359,175053
5112,4.890453834115806,201412,26359,175053
5113,4.8894973596714255,201412,26359,175053
5114,4.888541259288228,201412,26359,175053
5115,4.887585532746823,201412,26359,175053
5116,4.886630179827991,201412,26359,175053
5117,4.885675200312683,201412,26359,175053
5118,4.884720593982024,201412,26359,175053
5119,4.883766360617308,201412,26359,175053
5120,4.8828125,201412,26359,175053
5121,4.881859011911736,201412,26359,175053
5122,4.880905896134323,201412,26359,175053
5123,4.879953152449737,201412,26359,175053
5124,4.8790007806401245,201412,26359,175053
5125,4.878048780487805,201412,26359,175053
5126,4.8770971517752635,201412,26359,175053
5127,4.876145894285157,201412,26359,175053
5128,4.875195007800312,201412,26359,175053
5129,4.874244492103724,201412,26359,175053
5130,4.8732943469785575,201412,26359,175053
5131,4.872344572208147,201412,26359,175053
5132,4.871395167575994,201412,26359,175053
5133,4.87044613286577,201412,26359,175053
5134,4.869497467861317,201412,26359,175053
5135,4.868549172346641,201412,26359,175053
5136,4.867601246105919,201412,26359,175053
5137,4.866653688923496,201412,26359,175053
5138,4.865706500583885,201412,26359,175053
5139,4.864759680871765,201412,26359,175053
5140,4.863813229571984,201412,26359,175053
5141,4.862867146469559,201412,26359,175053
5142,4.8619214313496695,201412,26359,175053
5143,4.860976083997667,201412,26359,175053
5144,4.8600311041990665,201412,26359,175053
5145,4.859086491739553,201412,26359,175053
5146,4.858142246404975,201412,26359,175053
5147,4.857198367981348,201412,26359,175053
5148,4.856254856254856,201412,26359,175053
5149,4.855311711011847,201412,26359,175053
5150,4.854368932038835,201412,26359,175053
5151,4.8534265191225,201412,26359,175053
5152,4.85248447204969,201412,26359,175053
5153,4.851542790607414,201412,26359,175053
5154,4.850601474582848,201412,26359,175053
5155,4.849660523763337,201412,26359,175053
5156,4.848719937936385,201412,26359,175053
5157,4.847779716889664,201412,26359,175053
5158,4.846839860411012,201412,26359,175053
5159,4.845900368288428,201412,26359,175053
5160,4.844961240310077,201412,26359,175053
5161,4.84402247626429,201412,26359,175053
5162,4.843084075939558,201412,26359,175053
5163,4.84214603912454,201412,26359,175053
5164,4.841208365608056,201412,26359,175053
5165,4.84027105517909,201412,26359,175053
5166,4.83933410762679,201412,26359,175053
5167,4.838397522740468,201412,26359,175053
5168,4.837461300309598,201412,26359,175053
5169,4.836525440123815,201412,26359,175053
5170,4.835589941972921,201412,26359,175053
5171,4.834654805646877,201412,26359,175053
5172,4.833720030935808,201412,26359,175053
5173,4.832785617630002,201412,26359,175053
5174,4.831851565519907,201412,26359,175053
5175,4.830917874396135,201412,26359,175053
5176,4.829984544049459,201412,26359,175053
5177,4.829051574270813,201412,26359,175053
5178,4.828118964851294,201412,26359,175053
5179,4.827186715582159,201412,26359,175053
5180,4.826254826254826,201412,26359,175053
5181,4.825323296660876,201412,26359,175053
5182,4.824392126592049,201412,26359,175053
5183,4.823461315840247,201412,26359,175053
5184,4.822530864197531,201412,26359,175053
5185,4.821600771456123,201412,26359,175053
5186,4.820671037408407,201412,26359,175053
5187,4.819741661846925,201412,26359,175053
5188,4.818812644564379,201412,26359,175053
5189,4.817883985353633,201412,26359,175053
5190,4.8169556840077075,201412,26359,175053
5191,4.816027740319784,201412,26359,175053
5192,4.815100154083205,201412,26359,175053
5193,4.814172925091469,201412,26359,175053
5194,4.813246053138236,201412,26359,175053
5195,4.8123195380173245,201412,26359,175053
5196,4.81139337952271,201412,26359,175053
5197,4.810467577448528,201412,26359,175053
5198,4.8095421315890725,201412,26359,175053
5199,4.808617041738796,201412,26359,175053
5200,4.8076923076923075,201412,26359,175053
5201,4.806767929244376,201412,26359,175053
5202,4.805843906189927,201412,26359,175053
5203,4.804920238324044,201412,26359,175053
5204,4.803996925441968,201412,26359,175053
5205,4.803073967339097,201412,26359,175053
5206,4.802151363810987,201412,26359,175053
5207,4.801229114653351,201412,26359,175053
5208,4.800307219662058,201412,26359,175053
5209,4.799385678633135,201412,26359,175053
5210,4.798464491362764,201412,26359,175053
5211,4.797543657647284,201412,26359,175053
5212,4.796623177283193,201412,26359,175053
5213,4.79570305006714,201412,26359,175053
5214,4.794783275795934,201412,26359,175053
5215,4.793863854266539,201412,26359,175053
5216,4.792944785276074,201412,26359,175053
5217,4.792026068621813,201412,26359,175053
5218,4.791107704101188,201412,26359,175053
5219,4.790189691511784,201412,26359,175053
5220,4.789272030651341,201412,26359,175053
5221,4.788354721317755,201412,26359,175053
5222,4.787437763309077,201412,26359,175053
5223,4.786521156423511,201412,26359,175053
5224,4.785604900459418,201412,26359,175053
5225,4.784688995215311,201412,26359,175053
5226,4.783773440489858,201412,26359,175053
5227,4.782858236081882,201412,26359,175053
5228,4.781943381790359,201412,26359,175053
5229,4.781028877414419,201412,26359,175053
5230,4.780114722753346,201412,26359,175053
5231,4.779200917606576,201412,26359,175053
5232,4.7782874617737,201412,26359,175053
5233,4.777374355054462,201412,26359,175053
5234,4.776461597248758,201412,26359,175053
5235,4.775549188156638,201412,26359,175053
5236,4.774637127578304,201412,26359,175053
5237,4.773725415314111,201412,26359,175053
5238,4.772814051164566,200707,26327,174380
5239,4.771903034930331,200707,26327,174380
5240,4.770992366412214,200707,26327,174380
5241,4.770082045411181,200707,26327,174380
5242,4.769172071728348,200707,26327,174380
5243,4.768262445164982,200707,26327,174380
5244,4.767353165522502,200707,26327,174380
5245,4.7664442326024785,200707,26327,174380
5246,4.765535646206634,200447,26482,173965
5247,4.76462740613684,200447,26482,173965
5248,4.763719512195122,200447,26482,173965
5249,4.762811964183654,200447,26482,173965
5250,4.761904761904762,200447,26482,173965
5251,4.760997905160922,200447,26482,173965
5252,4.76009139375476,200447,26482,173965
5253,4.759185227489054,200447,26482,173965
5254,4.75827940616673,200447,26482,173965
5255,4.757373929590866,200447,26482,173965
5256,4.756468797564688,200447,26482,173965
5257,4.7555640098915735,200447,26482,173965
5258,4.7546595663750475,200447,26482,173965
5259,4.753755466818787,200447,26482,173965
5260,4.752851711026616,200447,26482,173965
5261,4.7519482988025095,200447,26482,173965
5262,4.751045229950589,200447,26482,173965
5263,4.750142504275129,200447,26482,173965
5264,4.749240121580547,200447,26482,173965
5265,4.748338081671415,200447,26482,173965
5266,4.74743638435245,200447,26482,173965
5267,4.746535029428517,200447,26482,173965
5268,4.745634016704631,200447,26482,173965
5269,4.7447333459859555,200447,26482,173965
5270,4.743833017077799,200447,26482,173965
5271,4.742933029785619,200447,26482,173965
5272,4.742033383915023,200447,26482,173965
5273,4.741134079271762,200447,26482,173965
5274,4.740235115661736,200447,26482,173965
5275,4.739336492890995,200447,26482,173965
5276,4.7384382107657315,200447,26482,173965
5277,4.737540269092287,200447,26482,173965
5278,4.736642667677151,200447,26482,173965
5279,4.735745406326956,200447,26482,173965
5280,4.734848484848484,200447,26482,173965
5281,4.733951903048665,200447,26482,173965
5282,4.73305566073457,200447,26482,173965
5283,4.73215975771342,200447,26482,173965
5284,4.7312641937925815,200447,26482,173965
5285,4.7303689687795645,200447,26482,173965
5286,4.729474082482028,200447,26482,173965
5287,4.728579534707774,200447,26482,173965
5288,4.72768532526475,200447,26482,173965
5289,4.726791453961051,200447,26482,173965
5290,4.725897920604915,200447,26482,173965
5291,4.725004725004725,200447,26482,173965
5292,4.72411186696901,200447,26482,173965
5293,4.7232193463064425,200447,26482,173965
5294,4.722327162825841,200447,26482,173965
5295,4.721435316336166,200447,26482,173965
5296,4.720543806646526,200447,26482,173965
5297,4.719652633566169,200447,26482,173965
5298,4.718761796904492,200447,26482,173965
5299,4.717871296471032,200447,26482,173965
5300,4.716981132075472,200447,26482,173965
5301,4.716091303527636,200447,26482,173965
5302,4.715201810637495,200447,26482,173965
5303,4.714312653215162,200447,26482,173965
5304,4.71342383107089,200447,26482,173965
5305,4.71253534401508,200447,26482,173965
5306,4.711647191858273,200447,26482,173965
5307,4.710759374411155,200447,26482,173965
5308,4.709871891484552,200447,26482,173965
5309,4.708984742889433,200447,26482,173965
5310,4.708097928436912,200447,26482,173965
5311,4.707211447938241,200447,26482,173965
5312,4.706325301204819,200447,26482,173965
5313,4.705439488048183,200447,26482,173965
5314,4.704554008280015,200447,26482,173965
5315,4.703668861712136,200447,26482,173965
5316,4.702784048156508,200447,26482,173965
5317,4.70189956742524,200447,26482,173965
5318,4.7010154193305755,200447,26482,173965
5319,4.700131603684903,200447,26482,173965
5320,4.6992481203007515,200447,26482,173965
5321,4.698364968990791,200447,26482,173965
5322,4.697482149567832,200447,26482,173965
5323,4.696599661844824,200447,26482,173965
5324,4.695717505634861,200447,26482,173965
5325,4.694835680751174,200447,26482,173965
5326,4.693954187007135,200447,26482,173965
5327,4.693073024216257,200447,26482,173965
5328,4.692192192192192,200447,26482,173965
5329,4.6913116907487336,200447,26482,173965
5330,4.690431519699812,200447,26482,173965
5331,4.689551678859501,200447,26482,173965
5332,4.688672168042011,200447,26482,173965
5333,4.687792987061691,200447,26482,173965
5334,4.6869141357330335,200447,26482,173965
5335,4.686035613870666,200447,26482,173965
5336,4.685157421289356,200447,26482,173965
5337,4.68427955780401,200447,26482,173965
5338,4.683402023229674,200447,26482,173965
5339,4.682524817381532,200447,26482,173965
5340,4.681647940074907,200447,26482,173965
5341,4.6807713911252575,200447,26482,173965
5342,4.679895170348185,200447,26482,173965
5343,4.679019277559424,200447,26482,173965
5344,4.67814371257485,200447,26482,173965
5345,4.677268475210477,200447,26482,173965
5346,4.676393565282454,200447,26482,173965
5347,4.67551898260707,200447,26482,173965
5348,4.674644727000748,200447,26482,173965
5349,4.673770798280052,200447,26482,173965
5350,4.672897196261682,200447,26482,173965
5351,4.6720239207624745,200447,26482,173965
5352,4.671150971599402,200447,26482,173965
5353,4.670278348589576,200437,26456,173981
5354,4.669406051550243,200437,26456,173981
5355,4.6685340802987865,200437,26456,173981
5356,4.667662434652726,200437,26456,173981
5357,4.666791114429718,200437,26456,173981
5358,4.665920119447555,200437,26456,173981
5359,4.665049449524165,200437,26456,173981
5360,4.664179104477612,200437,26456,173981
5361,4.663309084126096,200437,26456,173981
5362,4.662439388287952,200437,26456,173981
5363,4.661570016781652,200437,26456,173981
5364,4.660700969425801,200437,26456,173981
5365,4.659832246039143,200437,26456,173981
5366,4.658963846440551,200437,26456,173981
5367,4.65809577044904,200437,26456,173981
5368,4.657228017883756,200437,26456,173981
5369,4.656360588563978,200437,26456,173981
5370,4.655493482309125,200437,26456,173981
5371,4.6546266989387455,200437,26456,173981
5372,4.6537602382725245,200437,26456,173981
5373,4.652894100130281,200437,26456,173981
5374,4.652028284331969,200437,26456,173981
5375,4.651162790697675,200437,26456,173981
5376,4.650297619047619,200437,26456,173981
5377,4.649432769202157,200437,26456,173981
5378,4.648568240981778,200437,26456,173981
5379,4.647704034207102,200437,26456,173981
5380,4.646840148698884,200437,26456,173981
5381,4.645976584278015,200437,26456,173981
5382,4.645113340765515,200437,26456,173981
5383,4.644250417982538,200437,26456,173981
5384,4.643387815750372,200437,26456,173981
5385,4.642525533890437,200437,26456,173981
5386,4.641663572224285,200437,26456,173981
5387,4.640801930573603,200437,26456,173981
5388,4.639940608760208,200437,26456,173981
5389,4.63907960660605,200437,26456,173981
5390,4.638218923933209,200437,26456,173981
5391,4.637358560563903,200437,26456,173981
5392,4.636498516320475,200437,26456,173981
5393,4.6356387910254035,200437,26456,173981
5394,4.6347793845012975,200437,26456,173981
5395,4.633920296570899,200437,26456,173981
5396,4.633061527057079,200437,26456,173981
5397,4.632203075782843,200437,26456,173981
5398,4.631344942571323,200437,26456,173981
5399,4.630487127245786,200437,26456,173981
5400,4.62962962962963,200437,26456,173981
5401,4.62877244954638,200437,26456,173981
5402,4.627915586819697,200437,26456,173981
5403,4.627059041273367,200437,26456,173981
5404,4.62620281273131,200437,26456,173981
5405,4.6253469010175765,200437,26456,173981
5406,4.624491305956345,200437,26456,173981
5407,4.6236360273719255,200437,26456,173981
5408,4.622781065088757,200437,26456,173981
5409,4.621926418931411,200437,26456,173981
5410,4.621072088724584,200437,26456,173981
5411,4.620218074293106,200437,26456,173981
5412,4.619364375461936,200437,26456,173981
5413,4.618510992056161,200437,26456,173981
5414,4.617657923900998,200437,26456,173981
5415,4.616805170821792,200437,26456,173981
5416,4.6159527326440175,200437,26456,173981
5417,4.615100609193281,200437,26456,173981
5418,4.614248800295312,200437,26456,173981
5419,4.613397305775973,200437,26456,173981
5420,4.612546125461255,200437,26456,173981
5421,4.6116952591772735,200437,26456,173981
5422,4.610844706750276,200437,26456,173981
5423,4.609994468006638,200437,26456,173981
5424,4.609144542772861,200437,26456,173981
5425,4.608294930875576,200437,26456,173981
5426,4.607445632141541,200437,26456,173981
5427,4.606596646397642,200437,26456,173981
5428,4.6057479734708915,200437,26456,173981
5429,4.604899613188432,200437,26456,173981
5430,4.6040515653775325,200437,26456,173981
5431,4.603203829865587,200437,26456,173981
5432,4.6023564064801175,200437,26456,173981
5433,4.601509295048776,200437,26456,173981
5434,4.600662495399337,200437,26456,173981
5435,4.599816007359705,200437,26456,173981
5436,4.59896983075791,200437,26456,173981
5437,4.598123965422108,200437,26456,173981
5438,4.597278411180581,200437,26456,173981
5439,4.596433167861739,200437,26456,173981
5440,4.595588235294118,200437,26456,173981
5441,4.5947436133063775,200437,26456,173981
5442,4.593899301727306,200437,26456,173981
5443,4.593055300385816,200437,26456,173981
5444,4.592211609110948,200437,26456,173981
5445,4.591368227731864,200437,26456,173981
5446,4.590525156077855,200437,26456,173981
5447,4.589682393978337,200437,26456,173981
5448,4.588839941262849,200437,26456,173981
5449,4.587997797761057,200437,26456,173981
5450,4.587155963302752,200437,26456,173981
5451,4.58631443771785,200437,26456,173981
5452,4.58547322083639,200437,26456,173981
5453,4.584632312488538,200437,26456,173981
5454,4.583791712504584,200437,26456,173981
5455,4.582951420714941,200437,26456,173981
5456,4.5821114369501466,200437,26456,173981
5457,4.581271761040865,200437,26456,173981
5458,4.580432392817882,200437,26456,173981
5459,4.5795933321121085,200437,26456,173981
5460,4.5787545787545785,200437,26456,173981
5461,4.577916132576451,200437,26456,173981
5462,4.577077993409008,200437,26456,173981
5463,4.576240161083653,200437,26456,173981
5464,4.575402635431918,200437,26456,173981
5465,4.574565416285453,200437,26456,173981
5466,4.573728503476033,200437,26456,173981
5467,4.572891896835559,200437,26456,173981
5468,4.57205559619605,200437,26456,173981
5469,4.571219601389651,200437,26456,173981
5470,4.570383912248629,200437,26456,173981
5471,4.569548528605374,200437,26456,173981
5472,4.568713450292398,200437,26456,173981
5473,4.567878677142335,200437,26456,173981
5474,4.567044208987943,200437,26456,173981
5475,4.566210045662101,200437,26456,173981
5476,4.565376186997809,200437,26456,173981
5477,4.56454263282819,200437,26456,173981
5478,4.563709382986492,200437,26456,173981
5479,4.562876437306078,200437,26456,173981
5480,4.562043795620438,200437,26456,173981
5481,4.561211457763182,200437,26456,173981
5482,4.560379423568041,200437,26456,173981
5483,4.559547692868867,200437,26456,173981
5484,4.558716265499635,200437,26456,173981
5485,4.557885141294439,200437,26456,173981
5486,4.557054320087495,200437,26456,173981
5487,4.5562238017131405,200437,26456,173981
5488,4.555393586005831,200437,26456,173981
5489,4.554563672800146,200437,26456,173981
5490,4.553734061930784,200437,26456,173981
5491,4.552904753232562,200437,26456,173981
5492,4.552075746540423,200437,26456,173981
5493,4.551247041689423,200437,26456,173981
5494,4.550418638514743,200437,26456,173981
5495,4.549590536851683,200437,26456,173981
5496,4.548762736535663,200437,26456,173981
5497,4.5479352374022195,200437,26456,173981
5498,4.547108039287013,200437,26456,173981
5499,4.546281142025823,200437,26456,173981
5500,4.545454545454546,200437,26456,173981
5501,4.5446282494091985,200437,26456,173981
5502,4.543802253725918,200437,26456,173981
5503,4.54297655824096,200437,26456,173981
5504,4.542151162790698,200437,26456,173981
5505,4.541326067211626,200437,26456,173981
5506,4.540501271340356,200437,26456,173981
5507,4.539676775013619,200437,26456,173981
5508,4.538852578068265,200437,26456,173981
5509,4.5380286803412595,200437,26456,173981
5510,4.537205081669692,200437,26456,173981
5511,4.536381781890764,200437,26456,173981
5512,4.5355587808418,200437,26456,173981
5513,4.53473607836024,200437,26456,173981
5514,4.5339136742836414,200437,26456,173981
5515,4.533091568449683,200437,26456,173981
5516,4.532269760696157,200437,26456,173981
5517,4.531448250860975,200437,26456,173981
5518,4.530627038782168,200437,26456,173981
5519,4.52980612429788,200437,26456,173981
5520,4.528985507246377,200437,26456,173981
5521,4.528165187466039,200437,26456,173981
5522,4.527345164795364,200437,26456,173981
5523,4.526525439072968,200437,26456,173981
5524,4.525706010137582,200437,26456,173981
5525,4.524886877828054,200437,26456,173981
5526,4.524068041983352,200437,26456,173981
5527,4.523249502442555,200437,26456,173981
5528,4.522431259044862,200437,26456,173981
5529,4.521613311629589,200437,26456,173981
5530,4.520795660036167,200437,26456,173981
5531,4.51997830410414,200437,26456,173981
5532,4.5191612436731745,200437,26456,173981
5533,4.518344478583047,200437,26456,173981
5534,4.517528008673653,200437,26456,173981
5535,4.5167118337850045,200437,26456,173981
5536,4.515895953757226,200437,26456,173981
5537,4.515080368430558,200437,26456,173981
5538,4.5142650776453594,200437,26456,173981
5539,4.513450081242102,200437,26456,173981
5540,4.512635379061372,200437,26456,173981
5541,4.511820970943873,200437,26456,173981
5542,4.511006856730422,200437,26456,173981
5543,4.510193036261952,200437,26456,173981
5544,4.509379509379509,200437,26456,173981
5545,4.508566275924256,200437,26456,173981
5546,4.507753335737468,200437,26456,173981
5547,4.506940688660538,200437,26456,173981
5548,4.506128334534967,200437,26456,173981
5549,4.505316273202379,200437,26456,173981
5550,4.504504504504505,200437,26456,173981
5551,4.503693028283192,200437,26456,173981
5552,4.502881844380403,200313,26456,173857
5553,4.502070952638213,200313,26456,173857
5554,4.501260352898812,200313,26456,173857
5555,4.5004500450045,200313,26456,173857
5556,4.499640028797696,200313,26456,173857
5557,4.498830304120928,200313,26456,173857
5558,4.49802087081684,200313,26456,173857
5559,4.497211728728188,200313,26456,173857
5560,4.496402877697841,200313,26456,173857
5561,4.4955943175687825,200313,26456,173857
5562,4.494786048184107,200313,26456,173857
5563,4.493978069387022,200313,26456,173857
5564,4.493170381020848,200313,26456,173857
5565,4.492362982929021,200313,26456,173857
5566,4.491555874955084,200313,26456,173857
5567,4.490749056942698,200313,26456,173857
5568,4.489942528735632,200313,26456,173857
5569,4.48913629017777,200313,26456,173857
5570,4.488330341113106,200313,26456,173857
5571,4.4875246813857474,200313,26456,173857
5572,4.486719310839914,200313,26456,173857
5573,4.485914229319936,200313,26456,173857
5574,4.485109436670255,200313,26456,173857
5575,4.484304932735426,200313,26456,173857
5576,4.483500717360115,200313,26456,173857
5577,4.482696790389098,200313,26456,173857
5578,4.481893151667264,200313,26456,173857
5579,4.481089801039613,200313,26456,173857
5580,4.480286738351254,200313,26456,173857
5581,4.479483963447411,200313,26456,173857
5582,4.478681476173414,200313,26456,173857
5583,4.477879276374709,200313,26456,173857
5584,4.477077363896848,200313,26456,173857
5585,4.476275738585497,200313,26456,173857
5586,4.47547440028643,200313,26456,173857
5587,4.474673348845534,200313,26456,173857
5588,4.473872584108805,200313,26456,173857
5589,4.4730721059223475,200313,26456,173857
5590,4.47227191413238,200313,26456,173857
5591,4.471472008585226,200313,26456,173857
5592,4.470672389127325,200313,26456,173857
5593,4.469873055605221,200313,26456,173857
5594,4.46907400786557,200313,26456,173857
5595,4.468275245755138,200313,26456,173857
5596,4.4674767691208,200313,26456,173857
5597,4.466678577809541,200313,26456,173857
5598,4.465880671668453,200313,26456,173857
5599,4.46508305054474,200313,26456,173857
5600,4.464285714285714,200313,26456,173857
5601,4.463488662738797,200313,26456,173857
5602,4.462691895751517,200313,26456,173857
5603,4.461895413171515,200313,26456,173857
5604,4.461099214846538,200313,26456,173857
5605,4.460303300624442,200313,26456,173857
5606,4.459507670353193,200313,26456,173857
5607,4.458712323880863,200313,26456,173857
5608,4.457917261055635,200313,26456,173857
5609,4.457122481725798,200313,26456,173857
5610,4.45632798573975,200313,26456,173857
5611,4.455533772945999,200313,26456,173857
5612,4.454739843193157,200313,26456,173857
5613,4.453946196329948,200313,26456,173857
5614,4.453152832205201,200313,26456,173857
5615,4.452359750667854,200313,26456,173857
5616,4.451566951566951,200313,26456,173857
5617,4.450774434751647,200313,26456,173857
5618,4.4499822000712,200313,26456,173857
5619,4.449190247374978,200313,26456,173857
5620,4.448398576512456,200313,26456,173857
5621,4.447607187333214,200313,26456,173857
5622,4.446816079686944,200313,26456,173857
5623,4.446025253423439,200313,26456,173857
5624,4.445234708392603,200313,26456,173857
5625,4.444444444444445,200313,26456,173857
5626,4.443654461429079,200313,26456,173857
5627,4.44286475919673,200313,26456,173857
5628,4.442075337597726,200313,26456,173857
5629,4.441286196482501,200313,26456,173857
5630,4.440497335701599,200313,26456,173857
5631,4.439708755105665,200313,26456,173857
5632,4.438920454545454,200313,26456,173857
5633,4.438132433871827,200313,26456,173857
5634,4.437344692935747,200313,26456,173857
5635,4.436557231588288,200313,26456,173857
5636,4.435770049680625,200313,26456,173857
5637,4.434983147064041,200313,26456,173857
5638,4.434196523589925,200313,26456,173857
5639,4.433410179109771,200313,26456,173857
5640,4.432624113475177,200313,26456,173857
5641,4.431838326537848,200313,26456,173857
5642,4.431052818149593,200313,26456,173857
5643,4.430267588162325,200313,26456,173857
5644,4.429482636428065,200313,26456,173857
5645,4.428697962798937,200313,26456,173857
5646,4.427913567127169,200313,26456,173857
5647,4.427129449265096,200313,26456,173857
5648,4.426345609065156,200313,26456,173857
5649,4.42556204637989,200313,26456,173857
5650,4.424778761061947,200313,26456,173857
5651,4.423995752964077,200313,26456,173857
5652,4.423213021939136,200313,26456,173857
5653,4.422430567840085,200313,26456,173857
5654,4.4216483905199855,200313,26456,173857
5655,4.420866489832007,200313,26456,173857
5656,4.42008486562942,200313,26456,173857
5657,4.4193035177656,200313,26456,173857
5658,4.418522446094026,200313,26456,173857
5659,4.4177416504682805,200313,26456,173857
5660,4.41696113074205,200313,26456,173857
5661,4.416180886769122,200313,26456,173857
5662,4.415400918403391,200313,26456,173857
5663,4.414621225498852,200313,26456,173857
5664,4.413841807909605,200313,26456,173857
5665,4.41306266548985,200313,26456,173857
5666,4.412283798093894,200313,26456,173857
5667,4.411505205576143,200313,26456,173857
5668,4.410726887791108,200313,26456,173857
5669,4.409948844593402,200313,26456,173857
5670,4.409171075837743,200313,26456,173857
5671,4.408393581378945,200313,26456,173857
5672,4.407616361071932,200313,26456,173857
5673,4.406839414771726,200313,26456,173857
5674,4.406062742333451,200313,26456,173857
5675,4.405286343612334,200313,26456,173857
5676,4.404510218463707,200313,26456,173857
5677,4.403734366742998,200313,26456,173857
5678,4.4029587883057415,200313,26456,173857
5679,4.402183483007572,200313,26456,173857
5680,4.401408450704225,200313,26456,173857
5681,4.4006336912515405,200313,26456,173857
5682,4.399859204505455,200313,26456,173857
5683,4.399084990322013,200313,26456,173857
5684,4.398311048557354,200313,26456,173857
5685,4.397537379067722,200313,26456,173857
5686,4.396763981709462,200313,26456,173857
5687,4.395990856339019,200313,26456,173857
5688,4.39521800281294,200313,26456,173857
5689,4.394445420987871,200313,26456,173857
5690,4.393673110720562,200313,26456,173857
5691,4.392901071867861,200313,26456,173857
5692,4.392129304286718,200313,26456,173857
5693,4.391357807834182,200313,26456,173857
5694,4.390586582367404,200313,26456,173857
5695,4.389815627743634,200313,26456,173857
5696,4.389044943820225,200313,26456,173857
5697,4.388274530454625,200313,26456,173857
5698,4.3875043875043875,200313,26456,173857
5699,4.386734514827163,200313,26456,173857
5700,4.385964912280702,200313,26456,173857
5701,4.385195579722856,200313,26456,173857
5702,4.384426517011575,200313,26456,173857
5703,4.38365772400491,200313,26456,173857
5704,4.38288920056101,200313,26456,173857
5705,4.382120946538125,200313,26456,173857
5706,4.381352961794602,200313,26456,173857
5707,4.380585246188891,200228,26456,173772
5708,4.379817799579538,200228,26456,173772
5709,4.379050621825188,200228,26456,173772
5710,4.378283712784588,200228,26456,173772
5711,4.377517072316582,200228,26456,173772
5712,4.3767507002801125,200228,26456,173772
5713,4.37598459653422,200228,26456,173772
5714,4.375218760938047,200228,26456,173772
5715,4.374453193350831,200228,26456,173772
5716,4.37368789363191,200228,26456,173772
5717,4.3729228616407205,200228,26456,173772
5718,4.372158097236796,200228,26456,173772
5719,4.371393600279769,200228,26456,173772
5720,4.370629370629371,200228,26456,173772
5721,4.369865408145429,200228,26456,173772
5722,4.369101712687871,200228,26456,173772
5723,4.368338284116722,200228,26456,173772
5724,4.367575122292103,200228,26456,173772
5725,4.366812227074236,200228,26456,173772
5726,4.366049598323437,200228,26456,173772
5727,4.365287235900122,200228,26456,173772
5728,4.364525139664805,200228,26456,173772
5729,4.363763309478094,200228,26456,173772
5730,4.363001745200698,200228,26456,173772
5731,4.362240446693422,200228,26456,173772
5732,4.361479413817166,200228,26456,173772
5733,4.360718646432932,200228,26456,173772
5734,4.359958144401814,200228,26456,173772
5735,4.3591979075850045,200228,26456,173772
5736,4.358437935843794,200228,26456,173772
5737,4.357678229039568,200228,26456,173772
5738,4.35691878703381,200228,26456,173772
5739,4.356159609688099,200228,26456,173772
5740,4.355400696864112,200228,26456,173772
5741,4.35464204842362,200228,26456,173772
5742,4.3538836642284915,200228,26456,173772
5743,4.353125544140693,200228,26456,173772
5744,4.352367688022284,200228,26456,173772
5745,4.351610095735422,200228,26456,173772
5746,4.35085276714236,200228,26456,173772
5747,4.350095702105446,200228,26456,173772
5748,4.349338900487126,200228,26456,173772
5749,4.348582362149939,200228,26456,173772
5750,4.3478260869565215,200228,26456,173772
5751,4.347070074769605,200228,26456,173772
5752,4.346314325452017,200228,26456,173772
5753,4.345558838866678,200228,26456,173772
5754,4.344803614876607,200228,26456,173772
5755,4.344048653344918,200228,26456,173772
5756,4.343293954134816,200228,26456,173772
5757,4.342539517109605,200228,26456,173772
5758,4.341785342132685,200228,26456,173772
5759,4.341031429067546,200228,26456,173772
5760,4.340277777777778,200228,26456,173772
5761,4.339524388127061,200228,26456,173772
5762,4.338771259979174,200228,26456,173772
5763,4.338018393197987,200228,26456,173772
5764,4.337265787647467,200228,26456,173772
5765,4.336513443191674,200228,26456,173772
5766,4.335761359694763,200228,26456,173772
5767,4.335009537020982,200228,26456,173772
5768,4.334257975034674,200228,26456,173772
5769,4.333506673600278,200228,26456,173772
5770,4.332755632582322,200228,26456,173772
5771,4.332004851845434,200228,26456,173772
5772,4.331254331254331,200228,26456,173772
5773,4.330504070673826,200228,26456,173772
5774,4.329754069968826,200228,26456,173772
5775,4.329004329004329,200228,26456,173772
5776,4.32825484764543,200228,26456,173772
5777,4.327505625757314,200228,26456,173772
5778,4.326756663205261,200228,26456,173772
5779,4.326007959854646,200228,26456,173772
5780,4.325259515570934,200228,26456,173772
5781,4.324511330219686,200228,26456,173772
5782,4.323763403666551,200228,26456,173772
5783,4.323015735777278,200228,26456,173772
5784,4.322268326417704,200228,26456,173772
5785,4.32152117545376,200228,26456,173772
5786,4.3207742827514695,200228,26456,173772
5787,4.320027648176948,200228,26456,173772
5788,4.319281271596406,200228,26456,173772
5789,4.318535152876144,200228,26456,173772
5790,4.317789291882556,200228,26456,173772
5791,4.317043688482127,200228,26456,173772
5792,4.316298342541437,200228,26456,173772
5793,4.3155532539271535,200228,26456,173772
5794,4.314808422506041,200228,26456,173772
5795,4.3140638481449525,200228,26456,173772
5796,4.313319530710835,200228,26456,173772
5797,4.312575470070726,200228,26456,173772
5798,4.311831666091756,200228,26456,173772
5799,4.311088118641145,200228,26456,173772
5800,4.310344827586207,200228,26456,173772
5801,4.3096017927943455,200228,26456,173772
5802,4.308859014133057,200228,26456,173772
5803,4.30811649146993,200228,26456,173772
5804,4.30737422467264,200228,26456,173772
5805,4.306632213608958,200228,26456,173772
5806,4.305890458146744,200228,26456,173772
5807,4.305148958153952,200228,26456,173772
5808,4.304407713498622,200228,26456,173772
5809,4.30366672404889,200228,26456,173772
5810,4.3029259896729775,200228,26456,173772
5811,4.302185510239202,200228,26456,173772
5812,4.301445285615967,200228,26456,173772
5813,4.30070531567177,200228,26456,173772
5814,4.299965600275198,200228,26456,173772
5815,4.299226139294927,200228,26456,173772
5816,4.298486932599725,200228,26456,173772
5817,4.29774798005845,200228,26456,173772
5818,4.297009281540048,200228,26456,173772
5819,4.296270836913559,200228,26456,173772
5820,4.29553264604811,200228,26456,173772
5821,4.294794708812919,200228,26456,173772
5822,4.294057025077293,200228,26456,173772
5823,4.29331959471063,200228,26456,173772
5824,4.292582417582418,200228,26456,173772
5825,4.291845493562231,200228,26456,173772
5826,4.291108822519739,200228,26456,173772
5827,4.290372404324695,200228,26456,173772
5828,4.289636238846946,200228,26456,173772
5829,4.2889003259564245,200228,26456,173772
5830,4.288164665523156,200228,26456,173772
5831,4.287429257417252,200228,26456,173772
5832,4.286694101508917,200228,26456,173772
5833,4.285959197668438,200228,26456,173772
5834,4.285224545766198,200228,26456,173772
5835,4.284490145672665,200228,26456,173772
5836,4.283755997258396,200228,26456,173772
5837,4.283022100394038,200228,26456,173772
5838,4.282288454950326,200228,26456,173772
5839,4.281555060798082,200228,26456,173772
5840,4.280821917808219,200228,26456,173772
5841,4.280089025851738,200228,26456,173772
5842,4.279356384799726,200228,26456,173772
5843,4.278623994523361,200228,26456,173772
5844,4.277891854893908,200228,26456,173772
5845,4.277159965782721,200228,26456,173772
5846,4.276428327061239,200228,26456,173772
5847,4.2756969386009915,200228,26456,173772
5848,4.2749658002735975,200228,26456,173772
5849,4.274234911950761,200228,26456,173772
5850,4.273504273504273,200228,26456,173772
5851,4.272773884806016,200228,26456,173772
5852,4.272043745727956,200228,26456,173772
5853,4.271313856142149,200228,26456,173772
5854,4.270584215920738,200228,26456,173772
5855,4.269854824935952,200228,26456,173772
5856,4.26912568306011,200228,26456,173772
5857,4.268396790165614,200228,26456,173772
5858,4.267668146124957,200228,26456,173772
5859,4.266939750810718,200228,26456,173772
5860,4.266211604095563,200228,26456,173772
5861,4.265483705852244,200228,26456,173772
5862,4.264756055953599,200228,26456,173772
5863,4.264028654272557,200228,26456,173772
5864,4.263301500682128,200228,26456,173772
5865,4.262574595055414,200228,26456,173772
5866,4.261847937265598,200228,26456,173772
5867,4.2611215271859555,200228,26456,173772
5868,4.260395364689844,200228,26456,173772
5869,4.2596694496507075,200228,26456,173772
5870,4.258943781942079,200228,26456,173772
5871,4.258218361437574,200228,26456,173772
5872,4.2574931880108995,200228,26456,173772
5873,4.256768261535842,200228,26456,173772
5874,4.256043581886279,200228,26456,173772
5875,4.25531914893617,200228,26456,173772
5876,4.2545949625595645,200228,26456,173772
5877,4.253871022630594,200228,26456,173772
5878,4.253147329023477,200079,26075,174004
5879,4.252423881612519,200079,26075,174004
5880,4.2517006802721085,200079,26075,174004
5881,4.250977724876722,200079,26075,174004
5882,4.250255015300918,200079,26075,174004
5883,4.249532551419344,200079,26075,174004
5884,4.24881033310673,200079,26075,174004
5885,4.248088360237893,200079,26075,174004
5886,4.247366632687734,200079,26075,174004
5887,4.246645150331238,200079,26075,174004
5888,4.2459239130434785,200079,26075,174004
5889,4.24520292069961,200079,26075,174004
5890,4.244482173174872,200079,26075,174004
5891,4.243761670344593,200079,26075,174004
5892,4.243041412084182,200079,26075,174004
5893,4.242321398269133,200079,26075,174004
5894,4.241601628775025,200079,26075,174004
5895,4.2408821034775235,200079,26075,174004
5896,4.240162822252374,200079,26075,174004
5897,4.239443784975411,200079,26075,174004
5898,4.23872499152255,200079,26075,174004
5899,4.238006441769792,200079,26075,174004
5900,4.237288135593221,200079,26075,174004
5901,4.236570072869005,200079,26075,174004
5902,4.235852253473399,200079,26075,174004
5903,4.235134677282738,200079,26075,174004
5904,4.234417344173441,200079,26075,174004
5905,4.233700254022016,200079,26075,174004
5906,4.232983406705046,200079,26075,174004
5907,4.232266802099204,200079,26075,174004
5908,4.231550440081246,200079,26075,174004
5909,4.230834320528008,200079,26075,174004
5910,4.230118443316413,200079,26075,174004
5911,4.2294028083234645,200079,26075,174004
5912,4.2286874154262515,200079,26075,174004
5913,4.227972264501945,200079,26075,174004
5914,4.227257355427798,200079,26075,174004
5915,4.22654268808115,200079,26075,174004
5916,4.2258282623394186,200079,26075,174004
5917,4.225114078080108,200079,26075,174004
5918,4.2244001351808045,200079,26075,174004
5919,4.223686433519176,200079,26075,174004
5920,4.222972972972973,200079,26075,174004
5921,4.222259753420031,200079,26075,174004
5922,4.221546774738264,200079,26075,174004
5923,4.220834036805673,200079,26075,174004
5924,4.2201215395003375,200079,26075,174004
5925,4.219409282700422,200079,26075,174004
5926,4.218697266284171,200079,26075,174004
5927,4.217985490129914,200079,26075,174004
5928,4.2172739541160595,200079,26075,174004
5929,4.2165626581210995,200079,26075,174004
5930,4.2158516020236085,200079,26075,174004
5931,4.215140785702243,200079,26075,174004
5932,4.214430209035738,200079,26075,174004
5933,4.213719871902916,200079,26075,174004
5934,4.213009774182676,200079,26075,174004
5935,4.212299915754001,200079,26075,174004
5936,4.211590296495957,200079,26075,174004
5937,4.210880916287687,200079,26075,174004
5938,4.21017177500842,200079,26075,174004
5939,4.209462872537464,200079,26075,174004
5940,4.2087542087542085,200079,26075,174004
5941,4.208045783538125,200079,26075,174004
5942,4.207337596768765,200079,26075,174004
5943,4.2066296483257615,200079,26075,174004
5944,4.205921938088829,200079,26075,174004
5945,4.205214465937763,200079,26075,174004
5946,4.204507231752439,200079,26075,174004
5947,4.203800235412813,200079,26075,174004
5948,4.203093476798924,200079,26075,174004
5949,4.202386955790889,200079,26075,174004
5950,4.201680672268908,200079,26075,174004
5951,4.200974626113259,200079,26075,174004
5952,4.200268817204301,200079,26075,174004
5953,4.1995632454224765,200079,26075,174004
5954,4.198857910648304,200079,26075,174004
5955,4.198152812762385,200079,26075,174004
5956,4.197447951645399,200079,26075,174004
5957,4.19674332717811,200079,26075,174004
5958,4.196038939241356,200079,26075,174004
5959,4.195334787716059,200079,26075,174004
5960,4.194630872483222,200079,26075,174004
5961,4.193927193423922,200079,26075,174004
5962,4.193223750419322,200079,26075,174004
5963,4.192520543350662,200079,26075,174004
5964,4.1918175720992625,200079,26075,174004
5965,4.191114836546522,200079,26075,174004
5966,4.190412336573919,200079,26075,174004
5967,4.189710072063013,200079,26075,174004
5968,4.189008042895442,200079,26075,174004
5969,4.188306248952923,200079,26075,174004
5970,4.187604690117253,200079,26075,174004
5971,4.186903366270307,200079,26075,174004
5972,4.186202277294039,200079,26075,174004
5973,4.185501423070484,200079,26075,174004
5974,4.184800803481754,200079,26075,174004
5975,4.184100418410042,200079,26075,174004
5976,4.183400267737617,200079,26075,174004
5977,4.1827003513468295,200079,26075,174004
5978,4.182000669120107,200079,26075,174004
5979,4.1813012209399565,200079,26075,174004
5980,4.1806020066889635,200079,26075,174004
5981,4.179903026249791,200079,26075,174004
5982,4.179204279505182,200079,26075,174004
5983,4.178505766337958,200079,26075,174004
5984,4.177807486631016,200079,26075,174004
5985,4.177109440267335,200079,26075,174004
5986,4.17641162712997,200079,26075,174004
5987,4.175714047102055,200079,26075,174004
5988,4.1750167000668,200079,26075,174004
5989,4.174319585907497,200079,26075,174004
5990,4.173622704507513,200079,26075,174004
5991,4.172926055750292,200079,26075,174004
5992,4.172229639519359,200079,26075,174004
5993,4.171533455698315,200079,26075,174004
5994,4.170837504170837,200079,26075,174004
5995,4.170141784820684,200079,26075,174004
5996,4.169446297531688,200079,26075,174004
5997,4.16875104218776,199980,25823,174157
5998,4.168056018672891,199980,25823,174157
5999,4.1673612268711455,199980,25823,174157
6000,4.166666666666667,199980,25823,174157
6001,4.165972337943676,199980,25823,174157
6002,4.1652782405864714,199980,25823,174157
6003,4.164584374479427,199980,25823,174157
6004,4.1638907395069955,199980,25823,174157
6005,4.163197335553705,199980,25823,174157
6006,4.162504162504162,199980,25823,174157
6007,4.16181122024305,199980,25823,174157
6008,4.161118508655126,199980,25823,174157
6009,4.1604260276252285,199980,25823,174157
6010,4.159733777038269,199980,25823,174157
6011,4.159041756779238,199980,25823,174157
6012,4.1583499667332005,199980,25823,174157
6013,4.157658406785298,199983,25863,174120
6014,4.156967076820751,199983,25863,174120
6015,4.156275976724855,199983,25863,174120
6016,4.155585106382978,199983,25863,174120
6017,4.154894465680572,199983,25863,174120
6018,4.1542040545031576,199983,25863,174120
6019,4.153513872736335,199983,25863,174120
6020,4.152823920265781,199983,25863,174120
6021,4.152134196977246,199983,25863,174120
6022,4.151444702756559,199983,25863,174120
6023,4.150755437489623,199983,25863,174120
6024,4.150066401062417,199983,25863,174120
6025,4.149377593360996,199983,25863,174120
6026,4.14868901427149,199983,25863,174120
6027,4.148000663680106,199983,25863,174120
6028,4.147312541473125,199983,25863,174120
6029,4.146624647536905,199983,25863,174120
6030,4.1459369817578775,199983,25863,174120
6031,4.14524954402255,199983,25863,174120
6032,4.144562334217507,199968,25318,174650
6033,4.143875352229405,199968,25318,174650
6034,4.143188597944978,199968,25318,174650
6035,4.142502071251036,199968,25318,174650
6036,4.14181577203446,199968,25318,174650
6037,4.141129700182209,199968,25318,174650
6038,4.140443855581318,199968,25318,174650
6039,4.139758238118894,199968,25318,174650
6040,4.139072847682119,199968,25318,174650
6041,4.138387684158252,199968,25318,174650
6042,4.137702747434624,199968,25318,174650
6043,4.137018037398643,199968,25318,174650
6044,4.1363335539377895,199968,25318,174650
6045,4.1356492969396195,199968,25318,174650
6046,4.134965266291763,199968,25318,174650
6047,4.134281461881925,199968,25318,174650
6048,4.133597883597884,199968,25318,174650
6049,4.132914531327492,199968,25318,174650
6050,4.132231404958677,199968,25318,174650
6051,4.131548504379442,199968,25318,174650
6052,4.130865829477859,199968,25318,174650
6053,4.130183380142078,199968,25318,174650
6054,4.129501156260324,199968,25318,174650
6055,4.1288191577208915,199968,25318,174650
6056,4.128137384412153,199968,25318,174650
6057,4.127455836222553,199968,25318,174650
6058,4.1267745130406075,199968,25318,174650
6059,4.12609341475491,199968,25318,174650
6060,4.125412541254126,199968,25318,174650
6061,4.1247318924269925,199968,25318,174650
6062,4.124051468162323,199968,25318,174650
6063,4.123371268349002,199968,25318,174650
6064,4.12269129287599,199968,25318,174650
6065,4.122011541632316,199968,25318,174650
6066,4.121332014507089,199968,25318,174650
6067,4.120652711389484,199968,25318,174650
6068,4.119973632168755,199968,25318,174650
6069,4.119294776734223,199968,25318,174650
6070,4.118616144975288,199968,25318,174650
6071,4.11793773678142,199968,25318,174650
6072,4.117259552042161,199968,25318,174650
6073,4.116581590647127,199968,25318,174650
6074,4.115903852486006,199968,25318,174650
6075,4.11522633744856,199968,25318,174650
6076,4.114549045424622,199968,25318,174650
6077,4.113871976304098,199968,25318,174650
6078,4.113195129976966,199968,25318,174650
6079,4.112518506333278,199968,25318,174650
6080,4.1118421052631575,199968,25318,174650
6081,4.1111659266568,199968,25318,174650
6082,4.110489970404473,199968,25318,174650
6083,4.109814236396515,199968,25318,174650
6084,4.10913872452334,199968,25318,174650
6085,4.108463434675431,199968,25318,174650
6086,4.107788366743345,199968,25318,174650
6087,4.10711352061771,199968,25318,174650
6088,4.106438896189225,199968,25318,174650
6089,4.105764493348661,199968,25318,174650
6090,4.105090311986864,199968,25318,174650
6091,4.104416351994747,199968,25318,174650
6092,4.103742613263296,199968,25318,174650
6093,4.103069095683571,199968,25318,174650
6094,4.102395799146701,199968,25318,174650
6095,4.1017227235438884,199968,25318,174650
6096,4.101049868766404,199968,25318,174650
6097,4.100377234705593,199968,25318,174650
6098,4.09970482125287,199968,25318,174650
6099,4.099032628299721,199968,25318,174650
6100,4.098360655737705,199968,25318,174650
6101,4.097688903458449,199968,25318,174650
6102,4.097017371353655,199968,25318,174650
6103,4.096346059315091,199968,25318,174650
6104,4.095674967234601,199968,25318,174650
6105,4.095004095004095,199968,25318,174650
6106,4.094333442515558,199968,25318,174650
6107,4.093663009661045,199968,25318,174650
6108,4.092992796332679,199968,25318,174650
6109,4.092322802422655,199968,25318,174650
6110,4.091653027823241,199968,25318,174650
6111,4.090983472426771,199968,25318,174650
6112,4.090314136125654,199968,25318,174650
6113,4.089645018812367,199843,25066,174777
6114,4.088976120379457,199843,25066,174777
6115,4.088307440719542,199843,25066,174777
6116,4.087638979725311,199843,25066,174777
6117,4.086970737289521,199843,25066,174777
6118,4.086302713305002,199843,25066,174777
6119,4.085634907664651,199843,25066,174777
6120,4.084967320261438,199843,25066,174777
6121,4.084299950988401,199843,25066,174777
6122,4.0836327997386475,199843,25066,174777
6123,4.082965866405357,199843,25066,174777
6124,4.082299150881776,199843,25066,174777
6125,4.081632653061225,199843,25066,174777
6126,4.0809663728370875,199843,25066,174777
6127,4.080300310102824,199843,25066,174777
6128,4.079634464751958,199843,25066,174777
6129,4.078968836678087,199843,25066,174777
6130,4.078303425774878,199843,25066,174777
6131,4.077638231936063,199843,25066,174777
6132,4.076973255055447,199843,25066,174777
6133,4.076308495026904,199843,25066,174777
6134,4.075643951744375,199843,25066,174777
6135,4.074979625101874,199843,25066,174777
6136,4.074315514993481,199843,25066,174777
6137,4.073651621313346,199843,25066,174777
6138,4.0729879439556855,199843,25066,174777
6139,4.072324482814791,199843,25066,174777
6140,4.071661237785016,199843,25066,174777
6141,4.0709982087607886,199843,25066,174777
6142,4.070335395636601,199843,25066,174777
6143,4.069672798307016,199843,25066,174777
6144,4.069010416666667,199843,25066,174777
6145,4.068348250610252,199843,25066,174777
6146,4.067686300032541,199843,25066,174777
6147,4.067024564828372,199843,25066,174777
6148,4.066363044892648,199843,25066,174777
6149,4.065701740120344,199843,25066,174777
6150,4.065040650406504,199843,25066,174777
6151,4.064379775646237,199843,25066,174777
6152,4.06371911573472,199843,25066,174777
6153,4.063058670567203,199843,25066,174777
6154,4.062398440038999,199843,25066,174777
6155,4.061738424045491,199843,25066,174777
6156,4.061078622482131,199843,25066,174777
6157,4.060419035244437,199843,25066,174777
6158,4.059759662227996,199843,25066,174777
6159,4.059100503328462,199843,25066,174777
6160,4.058441558441558,199843,25066,174777
6161,4.0577828274630745,199843,25066,174777
6162,4.057124310288867,199843,25066,174777
6163,4.056466006814863,199843,25066,174777
6164,4.055807916937054,199843,25066,174777
6165,4.0551500405515,199843,25066,174777
6166,4.05449237755433,199843,25066,174777
6167,4.053834927841739,199843,25066,174777
6168,4.053177691309987,199843,25066,174777
6169,4.052520667855406,199843,25066,174777
6170,4.051863857374392,199843,25066,174777
6171,4.05120725976341,199843,25066,174777
6172,4.050550874918989,199843,25066,174777
6173,4.049894702737729,199843,25066,174777
6174,4.049238743116294,199843,25066,174777
6175,4.048582995951417,199843,25066,174777
6176,4.0479274611398965,199843,25066,174777
6177,4.047272138578598,199843,25066,174777
6178,4.046617028164454,199843,25066,174777
6179,4.045962129794465,199843,25066,174777
6180,4.0453074433656955,199843,25066,174777
6181,4.044652968775279,199843,25066,174777
6182,4.043998705920414,199843,25066,174777
6183,4.043344654698367,199843,25066,174777
6184,4.042690815006468,199843,25066,174777
6185,4.042037186742118,199843,25066,174777
6186,4.04138376980278,199843,25066,174777
6187,4.040730564085987,199843,25066,174777
6188,4.040077569489334,199843,25066,174777
6189,4.039424785910486,199843,25066,174777
6190,4.038772213247173,199843,25066,174777
6191,4.038119851397189,199843,25066,174777
6192,4.037467700258398,199843,25066,174777
6193,4.036815759728726,199843,25066,174777
6194,4.036164029706168,199843,25066,174777
6195,4.035512510088782,199843,25066,174777
6196,4.034861200774693,199843,25066,174777
6197,4.034210101662095,199843,25066,174777
6198,4.033559212649242,199843,25066,174777
6199,4.0329085336344574,199843,25066,174777
6200,4.032258064516129,199843,25066,174777
6201,4.031607805192711,199843,25066,174777
6202,4.030957755562722,199843,25066,174777
6203,4.030307915524746,199843,25066,174777
6204,4.029658284977434,199843,25066,174777
6205,4.0290088638195005,199843,25066,174777
6206,4.028359651949726,199843,25066,174777
6207,4.0277106492669565,199843,25066,174777
6208,4.027061855670103,199843,25066,174777
6209,4.026413271058141,199843,25066,174777
6210,4.025764895330113,199843,25066,174777
6211,4.0251167283851235,199843,25066,174777
6212,4.024468770122344,199843,25066,174777
6213,4.0238210204410105,199843,25066,174777
6214,4.023173479240425,199843,25066,174777
6215,4.022526146419952,199843,25066,174777
6216,4.0218790218790215,199843,25066,174777
6217,4.0212321055171305,199843,25066,174777
6218,4.0205853972338375,199843,25066,174777
6219,4.019938896928767,199843,25066,174777
6220,4.019292604501608,199843,25066,174777
6221,4.018646519852114,199843,25066,174777
6222,4.018000642880103,199843,25066,174777
6223,4.017354973485457,199843,25066,174777
6224,4.0167095115681235,199843,25066,174777
6225,4.016064257028113,199843,25066,174777
6226,4.0154192097655,199843,25066,174777
6227,4.014774369680424,199843,25066,174777
6228,4.014129736673089,199843,25066,174777
6229,4.013485310643763,199843,25066,174777
6230,4.012841091492777,199843,25066,174777
6231,4.012197079120527,199843,25066,174777
6232,4.011553273427471,199843,25066,174777
6233,4.010909674314134,199843,25066,174777
6234,4.010266281681104,199843,25066,174777
6235,4.0096230954290295,199843,25066,174777
6236,4.008980115458628,199843,25066,174777
6237,4.008337341670675,199843,25066,174777
6238,4.007694773966015,199843,25066,174777
6239,4.007052412245552,199843,25066,174777
6240,4.006410256410256,199843,25066,174777
6241,4.00576830636116,199843,25066,174777
6242,4.005126561999359,199843,25066,174777
6243,4.004485023226013,199843,25066,174777
6244,4.003843689942345,199715,24754,174961
6245,4.00320256204964,199715,24754,174961
6246,4.002561639449247,199715,24754,174961
6247,4.00192092204258,199715,24754,174961
6248,4.001280409731114,199715,24754,174961
6249,4.000640102416386,199715,24754,174961
6250,4,199715,24754,174961
6251,3.9993601023836187,199715,24754,174961
6252,3.99872040946897,199715,24754,174961
6253,3.998080921157844,199715,24754,174961
6254,3.9974416373520945,199715,24754,174961
6255,3.9968025579536373,199715,24754,174961
6256,3.99616368286445,199715,24754,174961
6257,3.995525011986575,199715,24754,174961
6258,3.9948865452221156,199715,24754,174961
6259,3.9942482824732384,199286,24764,174522
6260,3.9936102236421727,199286,24764,174522
6261,3.992972368631209,199286,24764,174522
6262,3.992334717342702,199286,24764,174522
6263,3.9916972696790674,199286,24764,174522
6264,3.9910600255427844,199286,24764,174522
6265,3.9904229848363926,199286,24764,174522
6266,3.989786147462496,199286,24764,174522
6267,3.9891495133237593,199286,24764,174522
6268,3.98851308232291,199286,24764,174522
6269,3.9878768543627374,199286,24764,174522
6270,3.9872408293460926,199286,24764,174522
6271,3.986605007175889,199286,24764,174522
6272,3.985969387755102,199286,24764,174522
6273,3.9853339709867686,199286,24764,174522
6274,3.9846987567739878,199286,24764,174522
6275,3.9840637450199203,199286,24764,174522
6276,3.9834289356277885,199286,24764,174522
6277,3.982794328500876,199286,24764,174522
6278,3.9821599235425293,199266,24767,174499
6279,3.9815257206561556,199266,24767,174499
6280,3.9808917197452227,199266,24767,174499
6281,3.980257920713262,199266,24767,174499
6282,3.979624323463865,199266,24767,174499
6283,3.9789909279006843,199266,24767,174499
6284,3.9783577339274347,199266,24767,174499
6285,3.977724741447892,199266,24767,174499
6286,3.9770919503658924,199266,24767,174499
6287,3.9764593605853347,199266,24767,174499
6288,3.975826972010178,199266,24767,174499
6289,3.975194784544443,199266,24767,174499
6290,3.97456279809221,199266,24767,174499
6291,3.973931012557622,199266,24767,174499
6292,3.9732994278448825,199266,24767,174499
6293,3.9726680438582553,199266,24767,174499
6294,3.9720368605020653,199266,24767,174499
6295,3.971405877680699,199266,24767,174499
6296,3.9707750952986025,199266,24767,174499
6297,3.9701445132602826,199266,24767,174499
6298,3.969514131470308,199266,24767,174499
6299,3.968883949833307,199266,24767,174499
6300,3.9682539682539684,199266,24767,174499
6301,3.9676241866370416,199266,24767,174499
6302,3.9669946048873372,199266,24767,174499
6303,3.9663652229097255,199266,24767,174499
6304,3.965736040609137,199266,24767,174499
6305,3.965107057890563,199266,24767,174499
6306,3.964478274659055,199266,24767,174499
6307,3.9638496908197243,199266,24767,174499
6308,3.9632213062777426,199266,24767,174499
6309,3.962593120938342,199266,24767,174499
6310,3.9619651347068148,199266,24767,174499
6311,3.961337347488512,199266,24767,174499
6312,3.9607097591888465,199266,24767,174499
6313,3.96008236971329,199266,24767,174499
6314,3.959455178967374,199266,24767,174499
6315,3.9588281868566906,199266,24767,174499
6316,3.9582013932868905,199266,24767,174499
6317,3.9575747981636855,199266,24767,174499
6318,3.9569484013928458,199266,24767,174499
6319,3.9563222028802025,199266,24767,174499
6320,3.9556962025316458,199266,24767,174499
6321,3.9550704002531245,199236,24734,174502
6322,3.9544447959506486,199236,24734,174502
6323,3.9538193895302864,199236,24734,174502
6324,3.9531941808981657,199236,24734,174502
6325,3.952569169960474,199236,24734,174502
6326,3.951944356623459,199236,24734,174502
6327,3.951319740793425,199236,24734,174502
6328,3.9506953223767383,199236,24734,174502
6329,3.950071101279823,199236,24734,174502
6330,3.949447077409163,199236,24734,174502
6331,3.9488232506713,199236,24734,174502
6332,3.9481996209728365,199236,24734,174502
6333,3.9475761882204328,199236,24734,174502
6334,3.9469529523208084,199236,24734,174502
6335,3.946329913180742,199236,24734,174502
6336,3.9457070707070705,199236,24734,174502
6337,3.9450844248066907,199236,24734,174502
6338,3.9444619753865573,199236,24734,174502
6339,3.9438397223536836,199236,24734,174502
6340,3.943217665615142,199236,24734,174502
6341,3.942595805078063,199236,24734,174502
6342,3.9419741406496374,199236,24734,174502
6343,3.941352672237112,199236,24734,174502
6344,3.940731399747793,199236,24734,174502
6345,3.9401103230890464,199236,24734,174502
6346,3.939489442168295,199236,24734,174502
6347,3.9388687568930205,199236,24734,174502
6348,3.9382482671707626,199236,24734,174502
6349,3.9376279729091195,199236,24734,174502
6350,3.937007874015748,199236,24734,174502
6351,3.9363879703983624,199236,24734,174502
6352,3.9357682619647356,199236,24734,174502
6353,3.935148748622698,199236,24734,174502
6354,3.9345294302801386,199236,24734,174502
6355,3.933910306845004,199236,24734,174502
6356,3.9332913782252987,199236,24734,174502
6357,3.9326726443290863,199236,24734,174502
6358,3.9320541050644855,199236,24734,174502
6359,3.931435760339676,199236,24734,174502
6360,3.930817610062893,199236,24734,174502
6361,3.9301996541424304,199236,24734,174502
6362,3.9295818924866395,199236,24734,174502
6363,3.928964325003929,199236,24734,174502
6364,3.9283469516027654,199236,24734,174502
6365,3.927729772191673,199236,24734,174502
6366,3.9271127866792335,199236,24734,174502
6367,3.926495994974085,199236,24734,174502
6368,3.9258793969849246,199236,24734,174502
6369,3.9252629926205054,199236,24734,174502
6370,3.924646781789639,199236,24734,174502
6371,3.9240307644011927,199236,24734,174502
6372,3.923414940364093,199236,24734,174502
6373,3.9227993095873215,199236,24734,174502
6374,3.9221838719799185,199236,24734,174502
6375,3.9215686274509802,199236,24734,174502
6376,3.920953575909661,199236,24734,174502
6377,3.920338717265172,199236,24734,174502
6378,3.9197240514267797,199236,24734,174502
6379,3.9191095783038095,199236,24734,174502
6380,3.9184952978056424,199236,24734,174502
6381,3.9178812098417177,199236,24734,174502
6382,3.917267314321529,199236,24734,174502
6383,3.9166536111546293,198723,24721,174002
6384,3.9160401002506267,198723,24721,174002
6385,3.9154267815191854,198723,24721,174002
6386,3.914813654870028,198723,24721,174002
6387,3.9142007202129325,198723,24721,174002
6388,3.913587977457733,198723,24721,174002
6389,3.9129754265143215,198723,24721,174002
6390,3.912363067292645,198723,24721,174002
6391,3.911750899702707,198723,24721,174002
6392,3.911138923654568,198723,24721,174002
6393,3.910527139058345,198723,24721,174002
6394,3.90991554582421,198723,24721,174002
6395,3.9093041438623923,198723,24721,174002
6396,3.908692933083177,198723,24721,174002
6397,3.908081913396905,198723,24721,174002
6398,3.9074710847139733,198723,24721,174002
6399,3.906860446944835,198723,24721,174002
6400,3.90625,198723,24721,174002
6401,3.905639743790033,198723,24721,174002
6402,3.9050296782255547,198723,24721,174002
6403,3.904419803217242,198723,24721,174002
6404,3.9038101186758274,198723,24721,174002
6405,3.9032006245121,198723,24721,174002
6406,3.902591320636903,198723,24721,174002
6407,3.901982206961136,198723,24721,174002
6408,3.9013732833957553,198723,24721,174002
6409,3.900764549851771,198723,24721,174002
6410,3.9001560062402496,198723,24721,174002
6411,3.899547652472313,198723,24721,174002
6412,3.8989394884591393,198723,24721,174002
6413,3.89833151411196,198723,24721,174002
6414,3.897723729342064,198723,24721,174002
6415,3.897116134060795,198723,24721,174002
6416,3.896508728179551,198723,24721,174002
6417,3.8959015116097864,198723,24721,174002
6418,3.8952944842630104,198723,24721,174002
6419,3.894687646050787,198723,24721,174002
6420,3.8940809968847354,198723,24721,174002
6421,3.89347453667653,198723,24721,174002
6422,3.892868265337901,198723,24721,174002
6423,3.892262182780632,198723,24721,174002
6424,3.891656288916563,198723,24721,174002
6425,3.8910505836575875,198723,24721,174002
6426,3.890445066915655,198723,24721,174002
6427,3.8898397386027694,198723,24721,174002
6428,3.8892345986309893,198723,24721,174002
6429,3.888629646912428,198627,24393,174234
6430,3.8880248833592534,198627,24393,174234
6431,3.8874203078836884,198627,24393,174234
6432,3.88681592039801,198627,24393,174234
6433,3.88621172081455,198627,24393,174234
6434,3.885607709045695,198627,24393,174234
6435,3.885003885003885,198627,24393,174234
6436,3.884400248601616,198627,24393,174234
6437,3.883796799751437,198627,24393,174234
6438,3.883193538365952,198627,24393,174234
6439,3.8825904643578197,198627,24393,174234
6440,3.8819875776397517,198627,24393,174234
6441,3.881384878124515,198627,24393,174234
6442,3.8807823657249303,198563,24362,174201
6443,3.8801800403538724,198563,24362,174201
6444,3.8795779019242707,198563,24362,174201
6445,3.878975950349108,198563,24362,174201
6446,3.878374185541421,198563,24362,174201
6447,3.8777726074143013,198563,24362,174201
6448,3.8771712158808933,198563,24362,174201
6449,3.876570010854396,198563,24362,174201
6450,3.875968992248062,198563,24362,174201
6451,3.8753681599751975,198563,24362,174201
6452,3.874767513949163,198563,24362,174201
6453,3.874167054083372,198563,24362,174201
6454,3.8735667802912923,198563,24362,174201
6455,3.8729666924864445,198563,24362,174201
6456,3.872366790582404,198563,24362,174201
6457,3.8717670744927983,198563,24362,174201
6458,3.87116754413131,198563,24362,174201
6459,3.870568199411674,198563,24362,174201
6460,3.869969040247678,198563,24362,174201
6461,3.869370066553165,198563,24362,174201
6462,3.8687712782420305,198563,24362,174201
6463,3.868172675228222,198563,24362,174201
6464,3.867574257425743,198563,24362,174201
6465,3.8669760247486464,198563,24362,174201
6466,3.8663779771110423,198563,24362,174201
6467,3.8657801144270914,198563,24362,174201
6468,3.865182436611008,198563,24362,174201
6469,3.86458494357706,198563,24362,174201
6470,3.8639876352395675,198563,24362,174201
6471,3.863390511512904,198563,24362,174201
6472,3.862793572311496,198563,24362,174201
6473,3.8621968175498225,198563,24362,174201
6474,3.861600247142416,198563,24362,174201
6475,3.861003861003861,198563,24362,174201
6476,3.8604076590487955,198563,24362,174201
6477,3.85981164119191,198563,24362,174201
6478,3.859215807347947,198563,24362,174201
6479,3.8586201574317025,198563,24362,174201
6480,3.8580246913580245,198563,24362,174201
6481,3.8574294090418144,198563,24362,174201
6482,3.856834310398025,198563,24362,174201
6483,3.856239395341663,198563,24362,174201
6484,3.8556446637877855,198563,24362,174201
6485,3.8550501156515034,198563,24362,174201
6486,3.8544557508479804,198563,24362,174201
6487,3.853861569292431,198563,24362,174201
6488,3.8532675709001234,198563,24362,174201
6489,3.852673755586377,198563,24362,174201
6490,3.852080123266564,198563,24362,174201
6491,3.8514866738561087,198563,24362,174201
6492,3.850893407270487,198563,24362,174201
6493,3.8503003234252273,198563,24362,174201
6494,3.8497074222359102,198563,24362,174201
6495,3.849114703618168,198563,24362,174201
6496,3.8485221674876846,198563,24362,174201
6497,3.847929813760197,198563,24362,174201
6498,3.847337642351493,198563,24362,174201
6499,3.846745653177412,198563,24362,174201
6500,3.8461538461538463,198563,24362,174201
6501,3.845562221196739,198563,24362,174201
6502,3.8449707782220854,198563,24362,174201
6503,3.8443795171459327,198563,24362,174201
6504,3.843788437884379,198563,24362,174201
6505,3.8431975403535743,198563,24362,174201
6506,3.8426068244697205,198563,24362,174201
6507,3.84201629014907,198563,24362,174201
6508,3.8414259373079287,198563,24362,174201
6509,3.8408357658626517,198563,24362,174201
6510,3.8402457757296466,198563,24362,174201
6511,3.8396559668253722,198563,24362,174201
6512,3.839066339066339,198563,24362,174201
6513,3.838476892369108,198563,24362,174201
6514,3.8378876266502915,198563,24362,174201
6515,3.837298541826554,198563,24362,174201
6516,3.8367096378146104,198563,24362,174201
6517,3.836120914531226,198563,24362,174201
6518,3.8355323718932186,198563,24362,174201
6519,3.8349440098174568,198563,24362,174201
6520,3.834355828220859,198561,24377,174184
6521,3.8337678270203956,198561,24377,174184
6522,3.833180006133088,198561,24377,174184
6523,3.832592365476008,198561,24377,174184
6524,3.8320049049662783,198561,24377,174184
6525,3.8314176245210727,198561,24377,174184
6526,3.8308305240576157,198561,24377,174184
6527,3.8302436034931824,198561,24377,174184
6528,3.829656862745098,198561,24377,174184
6529,3.8290703017307397,198561,24377,174184
6530,3.8284839203675345,198561,24377,174184
6531,3.82789771857296,198561,24377,174184
6532,3.8273116962645437,198561,24377,174184
6533,3.826725853359865,198561,24377,174184
6534,3.8261401897765532,198561,24377,174184
6535,3.8255547054322876,198561,24377,174184
6536,3.824969400244798,198561,24377,174184
6537,3.824384274131865,198561,24377,174184
6538,3.8237993270113186,198561,24377,174184
6539,3.8232145588010398,198561,24377,174184
6540,3.8226299694189603,198561,24377,174184
6541,3.822045558783061,198561,24377,174184
6542,3.821461326811373,198561,24377,174184
6543,3.820877273421978,198561,24377,174184
6544,3.8202933985330074,198561,24377,174184
6545,3.819709702062643,198561,24377,174184
6546,3.819126183929117,198561,24377,174184
6547,3.81854284405071,198561,24377,174184
6548,3.8179596823457542,198561,24377,174184
6549,3.8173766987326307,198561,24377,174184
6550,3.816793893129771,198561,24377,174184
6551,3.8162112654556557,198561,24377,174184
6552,3.815628815628816,198561,24377,174184
6553,3.8150465435678313,198561,24377,174184
6554,3.8144644491913335,198561,24377,174184
6555,3.8138825324180017,198561,24377,174184
6556,3.813300793166565,198561,24377,174184
6557,3.812719231355803,198561,24377,174184
6558,3.812137846904544,198561,24377,174184
6559,3.8115566397316663,198561,24377,174184
6560,3.8109756097560976,198561,24377,174184
6561,3.8103947568968146,198561,24377,174184
6562,3.809814081072844,198561,24377,174184
6563,3.8092335822032606,198561,24377,174184
6564,3.8086532602071905,198561,24377,174184
6565,3.808073115003808,198561,24377,174184
6566,3.807493146512336,198561,24377,174184
6567,3.806913354652048,198561,24377,174184
6568,3.8063337393422656,198561,24377,174184
6569,3.8057543005023597,198561,24377,174184
6570,3.8051750380517504,198561,24377,174184
6571,3.8045959519099073,198561,24377,174184
6572,3.804017041996348,198561,24377,174184
6573,3.8034383082306404,198561,24377,174184
6574,3.8028597505324004,198561,24377,174184
6575,3.802281368821293,198561,24377,174184
6576,3.8017031630170317,198561,24377,174184
6577,3.80112513303938,198561,24377,174184
6578,3.8005472788081485,198561,24377,174184
6579,3.799969600243198,198561,24377,174184
6580,3.7993920972644375,198561,24377,174184
6581,3.798814769791825,198561,24377,174184
6582,3.7982376177453663,198561,24377,174184
6583,3.797660641045116,198561,24377,174184
6584,3.7970838396111786,198561,24377,174184
6585,3.7965072133637054,198561,24377,174184
6586,3.795930762222897,198561,24377,174184
6587,3.7953544861090025,198561,24377,174184
6588,3.7947783849423193,198561,24377,174184
6589,3.794202458643193,198561,24377,174184
6590,3.793626707132018,198561,24377,174184
6591,3.793051130329237,198561,24377,174184
6592,3.7924757281553396,198561,24377,174184
6593,3.791900500530866,198561,24377,174184
6594,3.7913254473764026,198561,24377,174184
6595,3.790750568612585,198561,24377,174184
6596,3.790175864160097,198561,24377,174184
6597,3.7896013339396695,198561,24377,174184
6598,3.7890269778720826,198561,24377,174184
6599,3.7884527958781633,198561,24377,174184
6600,3.787878787878788,198561,24377,174184
6601,3.7873049537948797,198561,24377,174184
6602,3.78673129354741,198135,24001,174134
6603,3.786157807057398,198135,24001,174134
6604,3.7855844942459114,198135,24001,174134
6605,3.785011355034065,198135,24001,174134
6606,3.7844383893430216,198135,24001,174134
6607,3.783865597093991,198135,24001,174134
6608,3.7832929782082325,198135,24001,174134
6609,3.782720532607051,198135,24001,174134
6610,3.7821482602118004,198135,24001,174134
6611,3.7815761609438816,198135,24001,174134
6612,3.781004234724743,198135,24001,174134
6613,3.7804324814758807,198135,24001,174134
6614,3.779860901118839,198135,24001,174134
6615,3.7792894935752077,198135,24001,174134
6616,3.7787182587666264,198135,24001,174134
6617,3.77814719661478,198135,24001,174134
6618,3.7775763070414023,198135,24001,174134
6619,3.7770055899682733,198135,24001,174134
6620,3.7764350453172204,198135,24001,174134
6621,3.7758646730101195,198135,24001,174134
6622,3.7752944729688918,198135,24001,174134
6623,3.7747244451155066,198135,24001,174134
6624,3.774154589371981,198135,24001,174134
6625,3.7735849056603774,198135,24001,174134
6626,3.7730153939028073,198135,24001,174134
6627,3.7724460540214273,198135,24001,174134
6628,3.771876885938443,198135,24001,174134
6629,3.771307889576105,198135,24001,174134
6630,3.770739064856712,198135,24001,174134
6631,3.770170411702609,198135,24001,174134
6632,3.7696019300361883,198135,24001,174134
6633,3.7690336197798886,198135,24001,174134
6634,3.7684654808561953,198135,24001,174134
6635,3.7678975131876413,198135,24001,174134
6636,3.767329716696805,198135,24001,174134
6637,3.766762091306313,198135,24001,174134
6638,3.766194636938837,198135,24001,174134
6639,3.765627353517096,198135,24001,174134
6640,3.7650602409638556,198135,24001,174134
6641,3.7644932992019275,198135,24001,174134
6642,3.7639265281541703,198135,24001,174134
6643,3.7633599277434895,198135,24001,174134
6644,3.7627934978928357,198135,24001,174134
6645,3.762227238525207,198135,24001,174134
6646,3.7616611495636474,198135,24001,174134
6647,3.761095230931247,198135,24001,174134
6648,3.760529482551143,198135,24001,174134
6649,3.759963904346518,198135,24001,174134
6650,3.7593984962406015,198135,24001,174134
6651,3.758833258156668,198135,24001,174134
6652,3.7582681900180397,198135,24001,174134
6653,3.7577032917480837,198135,24001,174134
6654,3.7571385632702134,198135,24001,174134
6655,3.756574004507889,198135,24001,174134
6656,3.7560096153846154,198135,24001,174134
6657,3.7554453958239447,198135,24001,174134
6658,3.7548813457494745,198135,24001,174134
6659,3.7543174650848474,198135,24001,174134
6660,3.7537537537537538,198135,24001,174134
6661,3.753190211679928,198135,24001,174134
6662,3.752626838787151,198135,24001,174134
6663,3.7520636349992498,198135,24001,174134
6664,3.751500600240096,198135,24001,174134
6665,3.7509377344336086,198135,24001,174134
6666,3.7503750375037503,198135,24001,174134
6667,3.7498125093745314,198135,24001,174134
6668,3.749250149970006,198135,24001,174134
6669,3.748687959214275,198135,24001,174134
6670,3.7481259370314843,198135,24001,174134
6671,3.747564083345825,198135,24001,174134
6672,3.7470023980815346,198135,24001,174134
6673,3.7464408811628953,198135,24001,174134
6674,3.7458795325142344,198135,24001,174134
6675,3.745318352059925,198135,24001,174134
6676,3.744757339724386,198135,24001,174134
6677,3.7441964954320803,198135,24001,174134
6678,3.743635819107517,198135,24001,174134
6679,3.7430753106752506,198135,24001,174134
6680,3.7425149700598803,198135,24001,174134
6681,3.74195479718605,198135,24001,174134
6682,3.7413947919784496,198135,24001,174134
6683,3.7408349543618136,198135,24001,174134
6684,3.7402752842609215,198135,24001,174134
6685,3.7397157816005984,198135,24001,174134
6686,3.7391564463057136,198135,24001,174134
6687,3.7385972783011816,198135,24001,174134
6688,3.738038277511962,198135,24001,174134
6689,3.7374794438630587,198135,24001,174134
6690,3.7369207772795217,198135,24001,174134
6691,3.7363622776864447,198135,24001,174134
6692,3.735803945008966,198135,24001,174134
6693,3.7352457791722697,198135,24001,174134
6694,3.7346877801015834,198135,24001,174134
6695,3.7341299477221805,198135,24001,174134
6696,3.7335722819593786,198135,24001,174134
6697,3.7330147827385396,198135,24001,174134
6698,3.7324574499850702,198135,24001,174134
6699,3.7319002836244217,198135,24001,174134
6700,3.7313432835820897,198135,24001,174134
6701,3.7307864497836145,198135,24001,174134
6702,3.7302297821545807,198135,24001,174134
6703,3.7296732806206174,198135,24001,174134
6704,3.7291169451073984,198135,24001,174134
6705,3.7285607755406414,198135,24001,174134
6706,3.728004771846108,198135,24001,174134
6707,3.727448933949605,198135,24001,174134
6708,3.7268932617769828,198135,24001,174134
6709,3.726337755254136,198135,24001,174134
6710,3.7257824143070044,198135,24001,174134
6711,3.7252272388615704,198135,24001,174134
6712,3.7246722288438616,198135,24001,174134
6713,3.7241173841799493,198135,24001,174134
6714,3.723562704795949,198135,24001,174134
6715,3.7230081906180192,198135,24001,174134
6716,3.7224538415723645,198135,24001,174134
6717,3.7218996575852317,198135,24001,174134
6718,3.721345638582912,198135,24001,174134
6719,3.7207917844917398,198135,24001,174134
6720,3.7202380952380953,198135,24001,174134
6721,3.7196845707484005,198135,24001,174134
6722,3.719131210949122,198135,24001,174134
6723,3.718578015766771,198135,24001,174134
6724,3.7180249851279,198135,24001,174134
6725,3.717472118959108,198135,24001,174134
6726,3.7169194171870354,198135,24001,174134
6727,3.7163668797383678,198135,24001,174134
6728,3.7158145065398336,198135,24001,174134
6729,3.715262297518205,198135,24001,174134
6730,3.7147102526002973,198135,24001,174134
6731,3.71415837171297,198135,24001,174134
6732,3.7136066547831255,198135,24001,174134
6733,3.7130551017377096,197157,23473,173684
6734,3.7125037125037124,197157,23473,173684
6735,3.7119524870081664,197157,23473,173684
6736,3.7114014251781473,197157,23473,173684
6737,3.7108505269407748,197157,23473,173684
6738,3.7102997922232115,197157,23473,173684
6739,3.7097492209526637,197157,23473,173684
6740,3.7091988130563798,197157,23473,173684
6741,3.7086485684616526,197157,23473,173684
6742,3.708098487095817,197157,23473,173684
6743,3.7075485688862524,197157,23473,173684
6744,3.7069988137603795,197157,23473,173684
6745,3.7064492216456633,197157,23473,173684
6746,3.7058997924696118,197157,23473,173684
6747,3.7053505261597746,197157,23473,173684
6748,3.7048014226437465,197157,23473,173684
6749,3.7042524818491627,197157,23473,173684
6750,3.7037037037037037,197157,23473,173684
6751,3.703155088135091,197157,23473,173684
6752,3.7026066350710902,197157,23473,173684
6753,3.7020583444395085,197157,23473,173684
6754,3.7015102161681965,197157,23473,173684
6755,3.7009622501850483,197157,23473,173684
6756,3.700414446417999,197157,23473,173684
6757,3.699866804795027,197157,23473,173684
6758,3.699319325244155,197157,23473,173684
6759,3.698772007693446,197157,23473,173684
6760,3.698224852071006,197157,23473,173684
6761,3.6976778583049845,197157,23473,173684
6762,3.697131026323573,197157,23473,173684
6763,3.696584356055005,197157,23473,173684
6764,3.6960378474275575,197157,23473,173684
6765,3.695491500369549,197157,23473,173684
6766,3.694945314809341,197157,23473,173684
6767,3.694399290675336,197157,23473,173684
6768,3.693853427895981,197157,23473,173684
6769,3.693307726399764,197157,23473,173684
6770,3.692762186115214,197157,23473,173684
6771,3.6922168069709054,197157,23473,173684
6772,3.691671588895452,197157,23473,173684
6773,3.6911265318175106,197157,23473,173684
6774,3.690581635665781,197157,23473,173684
6775,3.690036900369004,196981,23233,173748
6776,3.689492325855962,196981,23233,173748
6777,3.6889479120554816,196981,23233,173748
6778,3.6884036588964295,196981,23233,173748
6779,3.687859566307715,196981,23233,173748
6780,3.687315634218289,196981,23233,173748
6781,3.686771862557145,196981,23233,173748
6782,3.6862282512533175,196981,23233,173748
6783,3.685684800235884,196981,23233,173748
6784,3.6851415094339623,196981,23233,173748
6785,3.6845983787767134,196981,23233,173748
6786,3.6840554081933394,196981,23233,173748
6787,3.683512597613084,196981,23233,173748
6788,3.682969946965233,196981,23233,173748
6789,3.6824274561791133,196981,23233,173748
6790,3.681885125184094,196981,23233,173748
6791,3.6813429539095863,196981,23233,173748
6792,3.680800942285041,196981,23233,173748
6793,3.680259090239953,196981,23233,173748
6794,3.679717397703856,196981,23233,173748
6795,3.679175864606328,196981,23233,173748
6796,3.6786344908769864,196981,23233,173748
6797,3.6780932764454906,196981,23233,173748
6798,3.6775522212415415,196981,23233,173748
6799,3.6770113251948815,196981,23233,173748
6800,3.676470588235294,196981,23233,173748
6801,3.6759300102926042,196981,23233,173748
6802,3.6753895912966774,196981,23233,173748
6803,3.6748493311774215,196981,23233,173748
6804,3.6743092298647855,196981,23233,173748
6805,3.673769287288758,196981,23233,173748
6806,3.673229503379371,196981,23233,173748
6807,3.672689878066696,196981,23233,173748
6808,3.672150411280846,196981,23233,173748
6809,3.6716111029519753,196981,23233,173748
6810,3.671071953010279,196981,23233,173748
6811,3.670532961385993,196981,23233,173748
6812,3.669994128009395,196981,23233,173748
6813,3.6694554528108028,196981,23233,173748
6814,3.668916935720575,196981,23233,173748
6815,3.668378576669112,196981,23233,173748
6816,3.6678403755868545,196981,23233,173748
6817,3.6673023324042835,196981,23233,173748
6818,3.6667644470519214,196981,23233,173748
6819,3.6662267194603313,196981,23233,173748
6820,3.665689149560117,196981,23233,173748
6821,3.6651517372819233,196981,23233,173748
6822,3.664614482556435,196927,23072,173855
6823,3.664077385314378,196927,23072,173855
6824,3.663540445486518,196927,23072,173855
6825,3.663003663003663,196927,23072,173855
6826,3.66246703779666,196927,23072,173855
6827,3.6619305697963966,196927,23072,173855
6828,3.661394258933802,196927,23072,173855
6829,3.660858105139845,196927,23072,173855
6830,3.6603221083455346,196927,23072,173855
6831,3.6597862684819207,196927,23072,173855
6832,3.659250585480094,196927,23072,173855
6833,3.658715059271184,196927,23072,173855
6834,3.6581796897863623,196927,23072,173855
6835,3.6576444769568397,196927,23072,173855
6836,3.657109420713868,196927,23072,173855
6837,3.656574520988738,196927,23072,173855
6838,3.6560397777127815,196927,23072,173855
6839,3.655505190817371,196927,23072,173855
6840,3.654970760233918,196927,23072,173855
6841,3.6544364858938754,196927,23072,173855
6842,3.653902367728734,196927,23072,173855
6843,3.6533684056700277,196927,23072,173855
6844,3.652834599649328,196927,23072,173855
6845,3.652300949598247,196927,23072,173855
6846,3.651767455448437,196927,23072,173855
6847,3.6512341171315903,196927,23072,173855
6848,3.6507009345794392,196927,23072,173855
6849,3.6501679077237554,196927,23072,173855
6850,3.6496350364963503,196927,23072,173855
6851,3.6491023208290763,196927,23072,173855
6852,3.6485697606538237,196927,23072,173855
6853,3.6480373559025243,196927,23072,173855
6854,3.647505106507149,196927,23072,173855
6855,3.6469730123997084,196927,23072,173855
6856,3.646441073512252,196927,23072,173855
6857,3.6459092897768706,196927,23072,173855
6858,3.6453776611256927,196927,23072,173855
6859,3.644846187490888,196927,23072,173855
6860,3.6443148688046647,196927,23072,173855
6861,3.6437837049992714,196927,23072,173855
6862,3.643252696006995,196927,23072,173855
6863,3.6427218417601632,196927,23072,173855
6864,3.6421911421911424,196927,23072,173855
6865,3.641660597232338,196927,23072,173855
6866,3.6411302068161957,196927,23072,173855
6867,3.6405999708752,196927,23072,173855
6868,3.6400698893418753,196927,23072,173855
6869,3.6395399621487843,196927,23072,173855
6870,3.63901018922853,196927,23072,173855
6871,3.6384805705137535,196927,23072,173855
6872,3.637951105937136,196927,23072,173855
6873,3.6374217954313983,196927,23072,173855
6874,3.636892638929299,196927,23072,173855
6875,3.6363636363636362,196927,23072,173855
6876,3.6358347876672483,196927,23072,173855
6877,3.6353060927730114,196927,23072,173855
6878,3.6347775516138414,196927,23072,173855
6879,3.6342491641226924,196927,23072,173855
6880,3.633720930232558,196927,23072,173855
6881,3.6331928498764716,196927,23072,173855
6882,3.6326649229875034,196927,23072,173855
6883,3.632137149498765,196927,23072,173855
6884,3.631609529343405,196927,23072,173855
6885,3.6310820624546114,196927,23072,173855
6886,3.6305547487656114,196927,23072,173855
6887,3.6300275882096704,196927,23072,173855
6888,3.629500580720093,196927,23072,173855
6889,3.628973726230222,196927,23072,173855
6890,3.6284470246734397,196927,23072,173855
6891,3.6279204759831662,196927,23072,173855
6892,3.6273940800928615,196927,23072,173855
6893,3.626867836936022,196927,23072,173855
6894,3.626341746446185,196927,23072,173855
6895,3.625815808556925,196927,23072,173855
6896,3.625290023201856,196927,23072,173855
6897,3.6247643903146294,196927,23072,173855
6898,3.624238909828936,196927,23072,173855
6899,3.623713581678504,196927,23072,173855
6900,3.6231884057971016,196927,23072,173855
6901,3.6226633821185334,196927,23072,173855
6902,3.6221385105766446,196927,23072,173855
6903,3.6216137911053163,196927,23072,173855
6904,3.6210892236384704,196927,23072,173855
6905,3.620564808110065,196927,23072,173855
6906,3.6200405444540977,196927,23072,173855
6907,3.619516432604604,196927,23072,173855
6908,3.6189924724956573,196927,23072,173855
6909,3.618468664061369,196927,23072,173855
6910,3.61794500723589,196927,23072,173855
6911,3.6174215019534075,196927,23072,173855
6912,3.6168981481481484,196927,23072,173855
6913,3.6163749457543757,196927,23072,173855
6914,3.6158518947063927,196927,23072,173855
6915,3.6153289949385394,196927,23072,173855
6916,3.6148062463851938,196927,23072,173855
6917,3.614283648980772,196927,23072,173855
6918,3.6137612026597283,196927,23072,173855
6919,3.6132389073565543,196927,23072,173855
6920,3.61271676300578,196927,23072,173855
6921,3.612194769541974,196927,23072,173855
6922,3.61167292689974,196927,23072,173855
6923,3.6111512350137223,196927,23072,173855
6924,3.610629693818602,196927,23072,173855
6925,3.6101083032490973,196927,23072,173855
6926,3.609587063239965,196927,23072,173855
6927,3.6090659737259996,196927,23072,173855
6928,3.6085450346420322,196927,23072,173855
6929,3.6080242459229326,196927,23072,173855
6930,3.6075036075036073,196927,23072,173855
6931,3.6069831193190014,196927,23072,173855
6932,3.606462781304097,196927,23072,173855
6933,3.6059425933939133,196927,23072,173855
6934,3.6054225555235075,196927,23072,173855
6935,3.604902667627974,196927,23072,173855
6936,3.604382929642445,196927,23072,173855
6937,3.60386334150209,196927,23072,173855
6938,3.603343903142116,196927,23072,173855
6939,3.602824614497766,196927,23072,173855
6940,3.602305475504323,196927,23072,173855
6941,3.601786486097104,196927,23072,173855
6942,3.6012676462114666,196927,23072,173855
6943,3.600748955782803,196927,23072,173855
6944,3.6002304147465436,196927,23072,173855
6945,3.599712023038157,196927,23072,173855
6946,3.599193780593147,196927,23072,173855
6947,3.5986756873470562,196927,23072,173855
6948,3.5981577432354634,196927,23072,173855
6949,3.5976399481939847,196927,23072,173855
6950,3.597122302158273,196927,23072,173855
6951,3.5966048050640196,196927,23072,173855
6952,3.5960874568469503,196927,23072,173855
6953,3.5955702574428305,196927,23072,173855
6954,3.5950532067874605,196927,23072,173855
6955,3.5945363048166787,196927,23072,173855
6956,3.59401955146636,196927,23072,173855
6957,3.5935029466724164,196927,23072,173855
6958,3.592986490370796,196927,23072,173855
6959,3.592470182497485,196927,23072,173855
6960,3.5919540229885056,196927,23072,173855
6961,3.5914380117799167,196927,23072,173855
6962,3.590922148807814,196927,23072,173855
6963,3.59040643400833,196927,23072,173855
6964,3.5898908673176337,196927,23072,173855
6965,3.589375448671931,196927,23072,173855
6966,3.5888601780074647,196927,23072,173855
6967,3.588345055260514,196927,23072,173855
6968,3.587830080367394,196927,23072,173855
6969,3.5873152532644568,196927,23072,173855
6970,3.586800573888092,196927,23072,173855
6971,3.586286042174724,196927,23072,173855
6972,3.5857716580608145,196927,23072,173855
6973,3.5852574214828623,196927,23072,173855
6974,3.5847433323774016,196927,23072,173855
6975,3.5842293906810037,196927,23072,173855
6976,3.583715596330275,196927,23072,173855
6977,3.5832019492618605,196927,23072,173855
6978,3.582688449412439,196927,23072,173855
6979,3.5821750967187276,196927,23072,173855
6980,3.5816618911174785,196927,23072,173855
6981,3.5811488325454808,196927,23072,173855
6982,3.580635920939559,196927,23072,173855
6983,3.5801231562365747,196927,23072,173855
6984,3.579610538373425,196927,23072,173855
6985,3.5790980672870436,196927,23072,173855
6986,3.5785857429144,196927,23072,173855
6987,3.5780735651925,196927,23072,173855
6988,3.5775615340583857,196927,23072,173855
6989,3.577049649449134,196927,23072,173855
6990,3.57653791130186,196927,23072,173855
6991,3.576026319553712,196927,23072,173855
6992,3.5755148741418763,196927,23072,173855
6993,3.575003575003575,196927,23072,173855
6994,3.574492422076065,196927,23072,173855
6995,3.5739814152966405,196927,23072,173855
6996,3.57347055460263,196927,23072,173855
6997,3.572959839931399,196927,23072,173855
6998,3.5724492712203486,196927,23072,173855
6999,3.5719388484069152,196927,23072,173855
7000,3.5714285714285716,196927,23072,173855
7001,3.570918440222825,196927,23072,173855
7002,3.570408454727221,196927,23072,173855
7003,3.5698986148793375,196927,23072,173855
7004,3.5693889206167904,196927,23072,173855
7005,3.5688793718772307,196927,23072,173855
7006,3.5683699685983443,196927,23072,173855
7007,3.5678607107178535,196927,23072,173855
7008,3.567351598173516,196927,23072,173855
7009,3.5668426309031247,196927,23072,173855
7010,3.566333808844508,196927,23072,173855
7011,3.56582513193553,196927,23072,173855
7012,3.56531660011409,196927,23072,173855
7013,3.5648082133181234,196927,23072,173855
7014,3.5642999714856,196927,23072,173855
7015,3.563791874554526,196927,23072,173855
7016,3.563283922462942,196927,23072,173855
7017,3.562776115148924,196927,23072,173855
7018,3.562268452550584,196927,23072,173855
7019,3.5617609346060695,196927,23072,173855
7020,3.561253561253561,196927,23072,173855
7021,3.5607463324312776,196927,23072,173855
7022,3.5602392480774707,196927,23072,173855
7023,3.5597323081304286,196927,23072,173855
7024,3.559225512528474,196927,23072,173855
7025,3.5587188612099645,196927,23072,173855
7026,3.5582123541132935,196927,23072,173855
7027,3.5577059911768893,196927,23072,173855
7028,3.5571997723392146,196849,22643,174206
7029,3.5566936975387677,196849,22643,174206
7030,3.5561877667140824,196849,22643,174206
7031,3.5556819798037265,196849,22643,174206
7032,3.5551763367463027,196849,22643,174206
7033,3.554670837480449,196849,22643,174206
7034,3.5541654819448394,196849,22643,174206
7035,3.5536602700781805,196849,22643,174206
7036,3.5531552018192154,196849,22643,174206
7037,3.5526502771067214,196849,22643,174206
7038,3.552145495879511,196849,22643,174206
7039,3.551640858076431,196849,22643,174206
7040,3.5511363636363638,196849,22643,174206
7041,3.5506320124982245,196849,22643,174206
7042,3.5501278046009657,196849,22643,174206
7043,3.549623739883572,196849,22643,174206
7044,3.549119818285065,196849,22643,174206
7045,3.5486160397444997,196849,22643,174206
7046,3.5481124042009653,196849,22643,174206
7047,3.547608911593586,196849,22643,174206
7048,3.547105561861521,196849,22643,174206
7049,3.5466023549439636,196849,22643,174206
7050,3.5460992907801416,196849,22643,174206
7051,3.545596369309318,196849,22643,174206
7052,3.5450935904707883,196849,22643,174206
7053,3.5445909542038847,196849,22643,174206
7054,3.544088460447973,196849,22643,174206
7055,3.5435861091424523,196849,22643,174206
7056,3.5430839002267573,196849,22643,174206
7057,3.542581833640357,196849,22643,174206
7058,3.542079909322754,196849,22643,174206
7059,3.5415781272134863,196849,22643,174206
7060,3.5410764872521248,196849,22643,174206
7061,3.540574989378275,196849,22643,174206
7062,3.5400736335315774,196849,22643,174206
7063,3.539572419651706,196849,22643,174206
7064,3.539071347678369,196849,22643,174206
7065,3.538570417551309,196849,22643,174206
7066,3.5380696292103027,196849,22643,174206
7067,3.5375689825951606,196849,22643,174206
7068,3.537068477645727,196849,22643,174206
7069,3.5365681143018817,196849,22643,174206
7070,3.536067892503536,196849,22643,174206
7071,3.5355678121906378,196849,22643,174206
7072,3.5350678733031673,196849,22643,174206
7073,3.5345680757811397,196849,22643,174206
7074,3.5340684195646026,196849,22643,174206
7075,3.5335689045936394,196849,22643,174206
7076,3.5330695308083664,196849,22643,174206
7077,3.5325702981489333,196849,22643,174206
7078,3.532071206555524,196849,22643,174206
7079,3.5315722559683573,196849,22643,174206
7080,3.531073446327684,196849,22643,174206
7081,3.530574777573789,196849,22643,174206
7082,3.530076249646992,196849,22643,174206
7083,3.5295778624876464,196849,22643,174206
7084,3.529079616036138,196849,22643,174206
7085,3.5285815102328866,196849,22643,174206
7086,3.528083545018346,196849,22643,174206
7087,3.527585720333004,196849,22643,174206
7088,3.5270880361173815,196849,22643,174206
7089,3.5265904923120326,196849,22643,174206
7090,3.5260930888575457,196849,22643,174206
7091,3.5255958256945426,196849,22643,174206
7092,3.5250987027636773,196849,22643,174206
7093,3.524601720005639,196849,22643,174206
7094,3.5241048773611503,196849,22643,174206
7095,3.5236081747709656,196849,22643,174206
7096,3.5231116121758737,196849,22643,174206
7097,3.522615189516697,196849,22643,174206
7098,3.5221189067342915,196849,22643,174206
7099,3.521622763769545,196849,22643,174206
7100,3.5211267605633805,196849,22643,174206
7101,3.5206308970567526,196849,22643,174206
7102,3.5201351731906505,196849,22643,174206
7103,3.519639588906096,196849,22643,174206
7104,3.519144144144144,196849,22643,174206
7105,3.518648838845883,196849,22643,174206
7106,3.5181536729524345,196849,22643,174206
7107,3.517658646404953,196849,22643,174206
7108,3.517163759144626,196849,22643,174206
7109,3.516669011112674,196849,22643,174206
7110,3.5161744022503516,196849,22643,174206
7111,3.515679932498945,196849,22643,174206
7112,3.515185601799775,196849,22643,174206
7113,3.5146914100941937,196849,22643,174206
7114,3.5141973573235874,196849,22643,174206
7115,3.5137034434293746,196849,22643,174206
7116,3.5132096683530074,196849,22643,174206
7117,3.51271603203597,196849,22643,174206
7118,3.512222534419781,196849,22643,174206
7119,3.5117291754459896,196849,22643,174206
7120,3.5112359550561796,196849,22643,174206
7121,3.510742873191967,196849,22643,174206
7122,3.5102499297950014,196849,22643,174206
7123,3.5097571248069634,196849,22643,174206
7124,3.5092644581695676,196849,22643,174206
7125,3.508771929824561,196849,22643,174206
7126,3.5082795397137243,196849,22643,174206
7127,3.507787287778869,196849,22643,174206
7128,3.5072951739618405,196849,22643,174206
7129,3.506803198204517,196849,22643,174206
7130,3.506311360448808,196849,22643,174206
7131,3.5058196606366567,196849,22643,174206
7132,3.5053280987100393,196849,22643,174206
7133,3.504836674610963,196849,22643,174206
7134,3.504345388281469,196849,22643,174206
7135,3.50385423966363,196849,22643,174206
7136,3.5033632286995515,196849,22643,174206
7137,3.502872355331372,196849,22643,174206
7138,3.5023816195012607,196849,22643,174206
7139,3.5018910211514216,196849,22643,174206
7140,3.5014005602240896,196849,22643,174206
7141,3.500910236661532,196849,22643,174206
7142,3.5004200504060488,196849,22643,174206
7143,3.499930001399972,196849,22643,174206
7144,3.4994400895856663,196849,22643,174206
7145,3.4989503149055285,196849,22643,174206
7146,3.498460677301987,196729,22643,174086
7147,3.497971176717504,196729,22643,174086
7148,3.4974818130945717,196729,22643,174086
7149,3.496992586375717,196729,22643,174086
7150,3.4965034965034967,196729,22643,174086
7151,3.4960145434205008,196729,22643,174086
7152,3.495525727069351,196729,22643,174086
7153,3.495037047392702,196729,22643,174086
7154,3.49454850433324,196729,22643,174086
7155,3.4940600978336827,196729,22643,174086
7156,3.49357182783678,196729,22643,174086
7157,3.493083694285315,196729,22643,174086
7158,3.492595697122101,196729,22643,174086
7159,3.4921078362899847,196729,22643,174086
7160,3.4916201117318435,196729,22643,174086
7161,3.491132523390588,196729,22643,174086
7162,3.4906450712091592,196729,22643,174086
7163,3.490157755130532,196729,22643,174086
7164,3.4896705750977106,196729,22643,174086
7165,3.4891835310537336,196729,22643,174086
7166,3.488696622941669,196729,22643,174086
7167,3.488209850704618,196729,22643,174086
7168,3.4877232142857144,196729,22643,174086
7169,3.4872367136281213,196729,22643,174086
7170,3.486750348675035,196729,22643,174086
7171,3.4862641193696833,196729,22643,174086
7172,3.485778025655326,196729,22643,174086
7173,3.4852920674752546,196729,22643,174086
7174,3.4848062447727908,196729,22643,174086
7175,3.484320557491289,196729,22643,174086
7176,3.483835005574136,196729,22643,174086
7177,3.4833495889647486,196729,22643,174086
7178,3.4828643076065755,196729,22643,174086
7179,3.482379161443098,196729,22643,174086
7180,3.481894150417827,196729,22643,174086
7181,3.481409274474307,196729,22643,174086
7182,3.4809245335561125,196729,22643,174086
7183,3.4804399276068496,196729,22643,174086
7184,3.479955456570156,196729,22643,174086
7185,3.4794711203897006,196729,22643,174086
7186,3.4789869190091847,196729,22643,174086
7187,3.478502852372339,196729,22643,174086
7188,3.4780189204229273,196729,22643,174086
7189,3.4775351231047433,196729,22643,174086
7190,3.477051460361613,196729,22643,174086
7191,3.476567932137394,196729,22643,174086
7192,3.4760845383759733,196729,22643,174086
7193,3.4756012790212707,196729,22643,174086
7194,3.4751181540172364,196729,22643,174086
7195,3.4746351633078527,196729,22643,174086
7196,3.474152306837132,196729,22643,174086
7197,3.4736695845491177,196729,22643,174086
7198,3.4731869963878856,196729,22643,174086
7199,3.4727045422975413,196729,22643,174086
7200,3.4722222222222223,196729,22643,174086
7201,3.4717400361060964,196729,22643,174086
7202,3.471257983893363,196729,22643,174086
7203,3.470776065528252,196729,22643,174086
7204,3.470294280955025,196729,22643,174086
7205,3.4698126301179735,196729,22643,174086
7206,3.469331112961421,196595,22303,174292
7207,3.468849729429721,196595,22303,174292
7208,3.4683684794672587,196595,22303,174292
7209,3.4678873630184492,196595,22303,174292
7210,3.467406380027739,196595,22303,174292
7211,3.4669255304396063,196595,22303,174292
7212,3.466444814198558,196595,22303,174292
7213,3.4659642312491337,196595,22303,174292
7214,3.4654837815359025,196595,22303,174292
7215,3.465003465003465,196595,22303,174292
7216,3.464523281596452,196595,22303,174292
7217,3.464043231259526,196595,22303,174292
7218,3.463563313937379,196595,22303,174292
7219,3.4630835295747335,196595,22303,174292
7220,3.4626038781163433,196595,22303,174292
7221,3.4621243595069937,196595,22303,174292
7222,3.4616449736914983,196595,22303,174292
7223,3.461165720614703,196595,22303,174292
7224,3.460686600221484,196595,22303,174292
7225,3.4602076124567476,196595,22303,174292
7226,3.4597287572654305,196595,22303,174292
7227,3.4592500345925004,196595,22303,174292
7228,3.4587714443829554,196595,22303,174292
7229,3.458292986581823,196595,22303,174292
7230,3.4578146611341634,196595,22303,174292
7231,3.457336467985064,196595,22303,174292
7232,3.456858407079646,196595,22303,174292
7233,3.4563804783630583,196595,22303,174292
7234,3.455902681780481,196595,22303,174292
7235,3.455425017277125,196595,22303,174292
7236,3.454947484798231,196595,22303,174292
7237,3.45447008428907,196595,22303,174292
7238,3.4539928156949435,196595,22303,174292
7239,3.4535156789611823,196595,22303,174292
7240,3.453038674033149,196595,22303,174292
7241,3.4525618008562353,196595,22303,174292
7242,3.452085059375863,196595,22303,174292
7243,3.4516084495374844,196595,22303,174292
7244,3.451131971286582,196595,22303,174292
7245,3.450655624568668,196595,22303,174292
7246,3.450179409329285,196595,22303,174292
7247,3.449703325514006,196595,22303,174292
7248,3.4492273730684326,196595,22303,174292
7249,3.4487515519381984,196595,22303,174292
7250,3.4482758620689653,196595,22303,174292
7251,3.4478003034064266,196595,22303,174292
7252,3.4473248758963044,196595,22303,174292
7253,3.4468495794843514,196595,22303,174292
7254,3.4463744141163497,196595,22303,174292
7255,3.4458993797381114,196595,22303,174292
7256,3.4454244762954795,196595,22303,174292
7257,3.4449497037343253,196595,22303,174292
7258,3.444475062000551,196595,22303,174292
7259,3.444000551040088,196595,22303,174292
7260,3.443526170798898,196595,22303,174292
7261,3.443051921222972,196595,22303,174292
7262,3.442577802258331,196595,22303,174292
7263,3.4421038138510256,196595,22303,174292
7264,3.4416299559471364,196595,22303,174292
7265,3.4411562284927735,196595,22303,174292
7266,3.4406826314340764,196595,22303,174292
7267,3.440209164717215,196595,22303,174292
7268,3.4397358282883874,196595,22303,174292
7269,3.439262622093823,196595,22303,174292
7270,3.43878954607978,196595,22303,174292
7271,3.438316600192546,196595,22303,174292
7272,3.4378437843784377,196595,22303,174292
7273,3.437371098583803,196595,22303,174292
7274,3.436898542755018,196595,22303,174292
7275,3.4364261168384878,196595,22303,174292
7276,3.435953820780649,196595,22303,174292
7277,3.435481654527965,196595,22303,174292
7278,3.4350096180269305,196595,22303,174292
7279,3.434537711224069,196595,22303,174292
7280,3.434065934065934,196595,22303,174292
7281,3.4335942864991074,196595,22303,174292
7282,3.4331227684702004,196595,22303,174292
7283,3.4326513799258547,196595,22303,174292
7284,3.43218012081274,196595,22303,174292
7285,3.4317089910775564,196595,22303,174292
7286,3.4312379906670327,196595,22303,174292
7287,3.4307671195279266,196595,22303,174292
7288,3.4302963776070254,196595,22303,174292
7289,3.4298257648511457,196595,22303,174292
7290,3.429355281207133,196595,22303,174292
7291,3.4288849266218624,196595,22303,174292
7292,3.428414701042238,196595,22303,174292
7293,3.4279446044151927,196595,22303,174292
7294,3.4274746366876885,196595,22303,174292
7295,3.427004797806717,196595,22303,174292
7296,3.4265350877192984,196595,22303,174292
7297,3.4260655063724816,196595,22303,174292
7298,3.4255960537133463,196595,22303,174292
7299,3.4251267296889987,196595,22303,174292
7300,3.4246575342465753,196595,22303,174292
7301,3.424188467333242,196595,22303,174292
7302,3.423719528896193,196595,22303,174292
7303,3.423250718882651,196595,22303,174292
7304,3.4227820372398687,196595,22303,174292
7305,3.4223134839151266,196595,22303,174292
7306,3.421845058855735,196595,22303,174292
7307,3.4213767620090323,196595,22303,174292
7308,3.4209085933223866,196595,22303,174292
7309,3.420440552743193,196595,22303,174292
7310,3.4199726402188784,196595,22303,174292
7311,3.419504855696895,196595,22303,174292
7312,3.4190371991247264,196595,22303,174292
7313,3.418569670449884,196595,22303,174292
7314,3.418102269619907,196595,22303,174292
7315,3.417634996582365,196595,22303,174292
7316,3.417167851284855,196595,22303,174292
7317,3.4167008336750033,196595,22303,174292
7318,3.4162339437004645,196595,22303,174292
7319,3.415767181308922,196595,22303,174292
7320,3.4153005464480874,196595,22303,174292
7321,3.4148340390657013,196595,22303,174292
7322,3.414367659109533,196595,22303,174292
7323,3.4139014065273794,196595,22303,174292
7324,3.413435281267067,196595,22303,174292
7325,3.4129692832764507,196595,22303,174292
7326,3.4125034125034124,196595,22303,174292
7327,3.4120376688958647,196595,22303,174292
7328,3.4115720524017465,196595,22303,174292
7329,3.411106562969027,196595,22303,174292
7330,3.4106412005457027,196595,22303,174292
7331,3.410175965079798,196595,22303,174292
7332,3.409710856519367,196595,22303,174292
7333,3.4092458748124916,196595,22303,174292
7334,3.408781019907281,196595,22303,174292
7335,3.408316291751875,196595,22303,174292
7336,3.4078516902944385,196595,22303,174292
7337,3.4073872154831677,196595,22303,174292
7338,3.4069228672662852,196595,22303,174292
7339,3.4064586455920427,196595,22303,174292
7340,3.4059945504087192,196595,22303,174292
7341,3.4055305816646233,196595,22303,174292
7342,3.4050667393080905,196595,22303,174292
7343,3.4046030232874847,196595,22303,174292
7344,3.4041394335511983,196595,22303,174292
7345,3.4036759700476513,196595,22303,174292
7346,3.4032126327252925,196595,22303,174292
7347,3.402749421532598,196595,22303,174292
7348,3.402286336418073,196595,22303,174292
7349,3.401823377330249,196595,22303,174292
7350,3.401360544217687,196595,22303,174292
7351,3.4008978370289755,196595,22303,174292
7352,3.4004352557127313,196595,22303,174292
7353,3.3999728002175984,196595,22303,174292
7354,3.399510470492249,196595,22303,174292
7355,3.399048266485384,196595,22303,174292
7356,3.3985861881457313,196595,22303,174292
7357,3.398124235422047,196595,22303,174292
7358,3.397662408263115,196595,22303,174292
7359,3.3972007066177468,196595,22303,174292
7360,3.3967391304347827,196595,22303,174292
7361,3.3962776796630894,196595,22303,174292
7362,3.3958163542515623,196595,22303,174292
7363,3.395355154149124,196595,22303,174292
7364,3.3948940793047258,196595,22303,174292
7365,3.3944331296673456,196595,22303,174292
7366,3.3939723051859896,196595,22303,174292
7367,3.393511605809692,196595,22303,174292
7368,3.3930510314875137,196595,22303,174292
7369,3.392590582168544,196595,22303,174292
7370,3.3921302578018997,196595,22303,174292
7371,3.391670058336725,196595,22303,174292
7372,3.391209983722192,196595,22303,174292
7373,3.3907500339075005,196595,22303,174292
7374,3.390290208841877,196595,22303,174292
7375,3.389830508474576,196595,22303,174292
7376,3.389370932754881,196595,22303,174292
7377,3.3889114816320998,196595,22303,174292
7378,3.3884521550555706,196595,22303,174292
7379,3.387992952974658,196595,22303,174292
7380,3.3875338753387534,196595,22303,174292
7381,3.387074922097277,196595,22303,174292
7382,3.3866160931996747,196595,22303,174292
7383,3.386157388595422,196595,22303,174292
7384,3.3856988082340194,196595,22303,174292
7385,3.3852403520649967,196595,22303,174292
7386,3.3847820200379095,196595,22303,174292
7387,3.384323812102342,196595,22303,174292
7388,3.3838657282079048,196595,22303,174292
7389,3.383407768304236,196595,22303,174292
7390,3.3829499323410013,196595,22303,174292
7391,3.3824922202678933,196595,22303,174292
7392,3.382034632034632,196595,22303,174292
7393,3.3815771675909643,196595,22303,174292
7394,3.381119826886665,196595,22303,174292
7395,3.3806626098715347,196595,22303,174292
7396,3.380205516495403,196595,22303,174292
7397,3.3797485467081247,196595,22303,174292
7398,3.3792917004595835,196595,22303,174292
7399,3.378834977699689,196595,22303,174292
7400,3.3783783783783785,196595,22303,174292
7401,3.3779219024456153,196595,22303,174292
7402,3.3774655498513915,196595,22303,174292
7403,3.377009320545725,196595,22303,174292
7404,3.37655321447866,196595,22303,174292
7405,3.37609723160027,196595,22303,174292
7406,3.3756413718606537,196595,22303,174292
7407,3.3751856352099368,196595,22303,174292
7408,3.374730021598272,196595,22303,174292
7409,3.3742745309758404,196595,22303,174292
7410,3.3738191632928474,196595,22303,174292
7411,3.373363918499528,196595,22303,174292
7412,3.3729087965461413,196595,22303,174292
7413,3.372453797382976,196501,22496,174005
7414,3.3719989209603454,196501,22496,174005
7415,3.3715441672285906,196501,22496,174005
7416,3.3710895361380797,196501,22496,174005
7417,3.3706350276392074,196501,22496,174005
7418,3.3701806416823943,196501,22496,174005
7419,3.369726378218089,196501,22496,174005
7420,3.3692722371967654,196501,22496,174005
7421,3.368818218568926,196501,22496,174005
7422,3.3683643222850983,196501,22496,174005
7423,3.3679105482958374,196501,22496,174005
7424,3.367456896551724,196501,22496,174005
7425,3.367003367003367,196501,22496,174005
7426,3.3665499596014006,196501,22496,174005
7427,3.366096674296486,196501,22496,174005
7428,3.365643511039311,196501,22496,174005
7429,3.3651904697805897,196501,22496,174005
7430,3.3647375504710633,196501,22496,174005
7431,3.364284753061499,196501,22496,174005
7432,3.363832077502691,196501,22496,174005
7433,3.3633795237454596,196501,22496,174005
7434,3.362927091740651,196501,22496,174005
7435,3.3624747814391394,196501,22496,174005
7436,3.3620225927918237,196501,22496,174005
7437,3.3615705257496304,196501,22496,174005
7438,3.3611185802635117,196501,22496,174005
7439,3.3606667562844468,196501,22496,174005
7440,3.360215053763441,196501,22496,174005
7441,3.3597634726515255,196501,22496,174005
7442,3.3593120128997582,196501,22496,174005
7443,3.3588606744592235,196501,22496,174005
7444,3.3584094572810317,196501,22496,174005
7445,3.3579583613163195,196501,22496,174005
7446,3.35750738651625,196501,22496,174005
7447,3.3570565328320128,196501,22496,174005
7448,3.356605800214823,196501,22496,174005
7449,3.3561551886159218,196501,22496,174005
7450,3.3557046979865772,196501,22496,174005
7451,3.3552543282780833,196501,22496,174005
7452,3.3548040794417604,196501,22496,174005
7453,3.354353951428955,196501,22496,174005
7454,3.3539039441910385,196501,22496,174005
7455,3.35345405767941,196501,22496,174005
7456,3.3530042918454934,196501,22496,174005
7457,3.35255464664074,196501,22496,174005
7458,3.3521051220166265,196501,22496,174005
7459,3.351655717924655,196501,22496,174005
7460,3.351206434316354,196501,22496,174005
7461,3.3507572711432783,196501,22496,174005
7462,3.350308228357009,196501,22496,174005
7463,3.3498593059091517,196501,22496,174005
7464,3.34941050375134,196501,22496,174005
7465,3.348961821835231,196501,22496,174005
7466,3.34851326011251,196501,22496,174005
7467,3.348064818534887,196501,22496,174005
7468,3.3476164970540974,196501,22496,174005
7469,3.3471682956219038,196501,22496,174005
7470,3.3467202141900936,196501,22496,174005
7471,3.3462722527104805,196501,22496,174005
7472,3.345824411134904,196501,22496,174005
7473,3.3453766894152284,196501,22496,174005
7474,3.344929087503345,196501,22496,174005
7475,3.3444816053511706,196501,22496,174005
7476,3.3440342429106473,196501,22496,174005
7477,3.3435870001337435,196501,22496,174005
7478,3.3431398769724527,196501,22496,174005
7479,3.342692873378794,196501,22496,174005
7480,3.342245989304813,196501,22496,174005
7481,3.34179922470258,196501,22496,174005
7482,3.3413525795241914,196501,22496,174005
7483,3.340906053721769,196501,22496,174005
7484,3.3404596472474615,196501,22496,174005
7485,3.3400133600534403,196501,22496,174005
7486,3.339567192091905,196501,22496,174005
7487,3.3391211433150794,196445,22496,173949
7488,3.338675213675214,196445,22496,173949
7489,3.3382294031245827,196445,22496,173949
7490,3.3377837116154874,196445,22496,173949
7491,3.3373381391002535,196445,22496,173949
7492,3.3368926855312333,196445,22496,173949
7493,3.3364473508608032,196445,22496,173949
7494,3.3360021350413662,196445,22496,173949
7495,3.33555703802535,196445,22496,173949
7496,3.335112059765208,196445,22496,173949
7497,3.334667200213419,196445,22496,173949
7498,3.334222459322486,196445,22496,173949
7499,3.333777837044939,196445,22496,173949
7500,3.3333333333333335,196445,22496,173949
7501,3.332888948140248,196445,22496,173949
7502,3.3324446814182886,196445,22496,173949
7503,3.3320005331200853,196445,22496,173949
7504,3.331556503198294,196445,22496,173949
7505,3.331112591605596,196445,22496,173949
7506,3.3306687982946976,196445,22496,173949
7507,3.3302251232183298,196445,22496,173949
7508,3.329781566329249,196445,22496,173949
7509,3.329338127580237,196445,22496,173949
7510,3.3288948069241013,196445,22496,173949
7511,3.328451604313673,196361,22272,174089
7512,3.3280085197018106,196361,22272,174089
7513,3.327565553041395,196361,22272,174089
7514,3.327122704285334,196361,22272,174089
7515,3.32667997338656,196361,22272,174089
7516,3.326237360298031,196361,22272,174089
7517,3.3257948649727287,196361,22272,174089
7518,3.3253524873636606,196361,22272,174089
7519,3.3249102274238598,196361,22272,174089
7520,3.324468085106383,196361,22272,174089
7521,3.3240260603643135,196361,22272,174089
7522,3.3235841531507577,196361,22272,174089
7523,3.323142363418849,196361,22272,174089
7524,3.3227006911217436,196361,22272,174089
7525,3.3222591362126246,196361,22272,174089
7526,3.3218176986446983,196361,22272,174089
7527,3.321376378371197,196361,22272,174089
7528,3.3209351753453773,196361,22272,174089
7529,3.320494089520521,196361,22272,174089
7530,3.3200531208499338,196361,22272,174089
7531,3.319612269286947,196361,22272,174089
7532,3.3191715347849176,196361,22272,174089
7533,3.3187309172972257,196361,22272,174089
7534,3.3182904167772764,196361,22272,174089
7535,3.3178500331785004,196361,22272,174089
7536,3.3174097664543525,196361,22272,174089
7537,3.3169696165583122,196361,22272,174089
7538,3.3165295834438844,196361,22272,174089
7539,3.3160896670645976,196361,22272,174089
7540,3.315649867374005,196361,22272,174089
7541,3.3152101843256863,196361,22272,174089
7542,3.314770617873243,196361,22272,174089
7543,3.3143311679703036,196361,22272,174089
7544,3.3138918345705197,196361,22272,174089
7545,3.313452617627568,196361,22272,174089
7546,3.3130135170951496,196361,22272,174089
7547,3.3125745329269907,196361,22272,174089
7548,3.3121356650768417,196361,22272,174089
7549,3.311696913498477,196361,22272,174089
7550,3.3112582781456954,196361,22272,174089
7551,3.3108197589723214,196361,22272,174089
7552,3.3103813559322033,196361,22272,174089
7553,3.3099430689792135,196361,22272,174089
7554,3.309504898067249,196361,22272,174089
7555,3.3090668431502315,196361,22272,174089
7556,3.308628904182107,196361,22272,174089
7557,3.308191081116845,196361,22272,174089
7558,3.3077533739084415,196361,22272,174089
7559,3.3073157825109143,196361,22272,174089
7560,3.306878306878307,196361,22272,174089
7561,3.3064409469646874,196361,22272,174089
7562,3.306003702724147,196361,22272,174089
7563,3.3055665741108027,196361,22272,174089
7564,3.305129561078794,196361,22272,174089
7565,3.3046926635822866,196361,22272,174089
7566,3.304255881575469,196361,22272,174089
7567,3.3038192150125547,196361,22272,174089
7568,3.3033826638477803,196361,22272,174089
7569,3.3029462280354074,196361,22272,174089
7570,3.3025099075297226,196361,22272,174089
7571,3.302073702285035,196361,22272,174089
7572,3.301637612255679,196361,22272,174089
7573,3.3012016373960122,196361,22272,174089
7574,3.300765777660417,196361,22272,174089
7575,3.3003300330033003,196361,22272,174089
7576,3.299894403379092,196361,22272,174089
7577,3.2994588887422465,196361,22272,174089
7578,3.299023489047242,196361,22272,174089
7579,3.2985882042485817,196361,22272,174089
7580,3.2981530343007917,196361,22272,174089
7581,3.2977179791584224,196361,22272,174089
7582,3.2972830387760483,196361,22272,174089
7583,3.2968482131082686,196361,22272,174089
7584,3.2964135021097047,196361,22272,174089
7585,3.2959789057350033,196361,22272,174089
7586,3.2955444239388347,196361,22272,174089
7587,3.295110056675893,196361,22272,174089
7588,3.2946758039008963,196361,22272,174089
7589,3.294241665568586,196361,22272,174089
7590,3.2938076416337285,196361,22272,174089
7591,3.293373732051113,196361,22272,174089
7592,3.292939936775553,196361,22272,174089
7593,3.292506255761886,196361,22272,174089
7594,3.2920726889649723,196361,22272,174089
7595,3.291639236339697,196361,22272,174089
7596,3.291205897840969,196361,22272,174089
7597,3.29077267342372,196361,22272,174089
7598,3.290339563042906,196361,22272,174089
7599,3.289906566653507,196361,22272,174089
7600,3.289473684210526,196361,22272,174089
7601,3.289040915668991,196361,22272,174089
7602,3.2886082609839518,196361,22272,174089
7603,3.2881757201104826,196361,22272,174089
7604,3.287743293003682,196361,22272,174089
7605,3.287310979618672,196361,22272,174089
7606,3.2868787799105967,196361,22272,174089
7607,3.286446693834626,196361,22272,174089
7608,3.2860147213459516,196361,22272,174089
7609,3.2855828623997896,196361,22272,174089
7610,3.2851511169513796,196361,22272,174089
7611,3.2847194849559846,196361,22272,174089
7612,3.284287966368891,196361,22272,174089
7613,3.2838565611454094,196361,22272,174089
7614,3.283425269240872,196361,22272,174089
7615,3.2829940906106367,196361,22272,174089
7616,3.282563025210084,196361,22272,174089
7617,3.2821320729946173,196361,22272,174089
7618,3.281701233919664,196361,22272,174089
7619,3.2812705079406745,196361,22272,174089
7620,3.2808398950131235,196361,22272,174089
7621,3.2804093950925077,196361,22272,174089
7622,3.279979008134348,196361,22272,174089
7623,3.2795487340941887,196361,22272,174089
7624,3.279118572927597,196361,22272,174089
7625,3.278688524590164,196361,22272,174089
7626,3.2782585890375033,196361,22272,174089
7627,3.2778287662252525,196361,22272,174089
7628,3.277399056109072,196144,22034,174110
7629,3.2769694586446456,196144,22034,174110
7630,3.2765399737876804,196144,22034,174110
7631,3.2761106014939063,196144,22034,174110
7632,3.2756813417190775,196144,22034,174110
7633,3.2752521944189703,196144,22034,174110
7634,3.2748231595493844,196144,22034,174110
7635,3.2743942370661427,196144,22034,174110
7636,3.2739654269250917,196144,22034,174110
7637,3.2735367290821005,196144,22034,174110
7638,3.273108143493061,196144,22034,174110
7639,3.2726796701138894,196144,22034,174110
7640,3.2722513089005236,196144,22034,174110
7641,3.2718230598089257,196144,22034,174110
7642,3.27139492279508,196144,22034,174110
7643,3.270966897814994,196144,22034,174110
7644,3.2705389848246993,196144,22034,174110
7645,3.2701111837802483,196144,22034,174110
7646,3.269683494637719,196144,22034,174110
7647,3.2692559173532105,196144,22034,174110
7648,3.268828451882845,196144,22034,174110
7649,3.268401098182769,196144,22034,174110
7650,3.2679738562091503,196144,22034,174110
7651,3.2675467259181805,196144,22034,174110
7652,3.2671197072660743,196144,22034,174110
7653,3.2666928002090683,196144,22034,174110
7654,3.266266004703423,196144,22034,174110
7655,3.2658393207054215,196144,22034,174110
7656,3.265412748171369,196144,22034,174110
7657,3.2649862870575945,196144,22034,174110
7658,3.264559937320449,196144,22034,174110
7659,3.2641336989163077,196144,22034,174110
7660,3.2637075718015667,196144,22034,174110
7661,3.263281555932646,196144,22034,174110
7662,3.262855651265988,196144,22034,174110
7663,3.2624298577580584,196144,22034,174110
7664,3.2620041753653446,196144,22034,174110
7665,3.2615786040443573,196144,22034,174110
7666,3.261153143751631,196144,22034,174110
7667,3.26072779444372,196144,22034,174110
7668,3.260302556077204,196144,22034,174110
7669,3.2598774286086845,196144,22034,174110
7670,3.259452411994785,196144,22034,174110
7671,3.2590275061921523,196103,21770,174333
7672,3.258602711157456,196103,21770,174333
7673,3.258178026847387,196103,21770,174333
7674,3.2577534532186605,196103,21770,174333
7675,3.257328990228013,196103,21770,174333
7676,3.2569046378322044,196103,21770,174333
7677,3.256480395988016,196103,21770,174333
7678,3.256056264652253,196103,21770,174333
7679,3.255632243781742,196103,21770,174333
7680,3.2552083333333335,196103,21770,174333
7681,3.254784533263898,196103,21770,174333
7682,3.2543608435303306,196103,21770,174333
7683,3.2539372640895485,196103,21770,174333
7684,3.2535137948984905,196103,21770,174333
7685,3.2530904359141184,196103,21770,174333
7686,3.2526671870934165,196103,21770,174333
7687,3.2522440483933917,196103,21770,174333
7688,3.251821019771072,196103,21770,174333
7689,3.2513981011835087,196103,21770,174333
7690,3.250975292587776,196103,21770,174333
7691,3.25055259394097,196103,21770,174333
7692,3.2501300052002082,196103,21770,174333
7693,3.249707526322631,196103,21770,174333
7694,3.2492851572654016,196103,21770,174333
7695,3.248862897985705,196103,21770,174333
7696,3.2484407484407485,196103,21770,174333
7697,3.2480187085877614,196103,21770,174333
7698,3.2475967783839956,196103,21770,174333
7699,3.2471749577867257,196103,21770,174333
7700,3.2467532467532467,196103,21770,174333
7701,3.2463316452408777,196103,21770,174333
7702,3.2459101532069594,196103,21770,174333
7703,3.2454887706088535,196103,21770,174333
7704,3.245067497403946,196103,21770,174333
7705,3.244646333549643,196103,21770,174333
7706,3.244225279003374,196103,21770,174333
7707,3.24380433372259,196103,21770,174333
7708,3.2433834976647637,196103,21770,174333
7709,3.242962770787391,196103,21770,174333
7710,3.2425421530479897,196103,21770,174333
7711,3.242121644404098,196103,21770,174333
7712,3.241701244813278,196103,21770,174333
7713,3.241280954233113,196103,21770,174333
7714,3.240860772621208,196103,21770,174333
7715,3.240440699935191,196103,21770,174333
7716,3.240020736132711,196103,21770,174333
7717,3.2396008811714396,196103,21770,174333
7718,3.2391811350090696,196103,21770,174333
7719,3.2387614976033166,196103,21770,174333
7720,3.238341968911917,196103,21770,174333
7721,3.2379225488926306,196103,21770,174333
7722,3.2375032375032373,196103,21770,174333
7723,3.237084034701541,196103,21770,174333
7724,3.236664940445365,196103,21770,174333
7725,3.236245954692557,196103,21770,174333
7726,3.235827077400984,196103,21770,174333
7727,3.235408308528536,196103,21770,174333
7728,3.2349896480331264,196103,21770,174333
7729,3.2345710958726874,196103,21770,174333
7730,3.2341526520051747,196103,21770,174333
7731,3.2337343163885657,196103,21770,174333
7732,3.233316088980859,196103,21770,174333
7733,3.232897969740075,196103,21770,174333
7734,3.2324799586242565,196103,21770,174333
7735,3.2320620555914674,196103,21770,174333
7736,3.231644260599793,196103,21770,174333
7737,3.2312265736073416,196103,21770,174333
7738,3.2308089945722407,196103,21770,174333
7739,3.2303915234526426,196103,21770,174333
7740,3.2299741602067185,196103,21770,174333
7741,3.2295569047926627,196103,21770,174333
7742,3.2291397571686904,196103,21770,174333
7743,3.228722717293039,196103,21770,174333
7744,3.228305785123967,196103,21770,174333
7745,3.2278889606197545,196103,21770,174333
7746,3.227472243738704,196103,21770,174333
7747,3.2270556344391377,196103,21770,174333
7748,3.2266391326794013,196103,21770,174333
7749,3.2262227384178606,196103,21770,174333
7750,3.225806451612903,196103,21770,174333
7751,3.225390272222939,196103,21770,174333
7752,3.224974200206398,196062,21887,174175
7753,3.2245582355217337,196062,21887,174175
7754,3.224142378127418,196062,21887,174175
7755,3.223726627981947,196062,21887,174175
7756,3.223310985043837,196062,21887,174175
7757,3.2228954492716255,196062,21887,174175
7758,3.222480020623872,196062,21887,174175
7759,3.2220646990591573,196062,21887,174175
7760,3.2216494845360826,196062,21887,174175
7761,3.2212343770132716,196062,21887,174175
7762,3.2208193764493687,196062,21887,174175
7763,3.22040448280304,196062,21887,174175
7764,3.2199896960329726,196062,21887,174175
7765,3.219575016097875,196062,21887,174175
7766,3.219160442956477,196062,21887,174175
7767,3.2187459765675293,196062,21887,174175
7768,3.218331616889804,196062,21887,174175
7769,3.2179173638820955,196062,21887,174175
7770,3.2175032175032174,196062,21887,174175
7771,3.217089177712006,196062,21887,174175
7772,3.216675244467319,196062,21887,174175
7773,3.216261417728033,196062,21887,174175
7774,3.2158476974530488,196062,21887,174175
7775,3.215434083601286,196062,21887,174175
7776,3.2150205761316872,196062,21887,174175
7777,3.2146071750032146,196062,21887,174175
7778,3.214193880174852,196062,21887,174175
7779,3.2137806916056046,196062,21887,174175
7780,3.2133676092544987,196062,21887,174175
7781,3.2129546330805807,196062,21887,174175
7782,3.2125417630429194,196062,21887,174175
7783,3.212128999100604,196062,21887,174175
7784,3.2117163412127443,196062,21887,174175
7785,3.2113037893384715,196062,21887,174175
7786,3.210891343436938,196062,21887,174175
7787,3.2104790034673174,196062,21887,174175
7788,3.210066769388803,196062,21887,174175
7789,3.2096546411606113,196062,21887,174175
7790,3.209242618741977,196062,21887,174175
7791,3.2088307020921576,196062,21887,174175
7792,3.208418891170431,196062,21887,174175
7793,3.2080071859360966,196062,21887,174175
7794,3.2075955863484733,196062,21887,174175
7795,3.207184092366902,196062,21887,174175
7796,3.206772703950744,196062,21887,174175
7797,3.206361421059382,196062,21887,174175
7798,3.2059502436522185,196062,21887,174175
7799,3.205539171688678,196062,21887,174175
7800,3.2051282051282053,196062,21887,174175
7801,3.204717343930265,196062,21887,174175
7802,3.204306588054345,196062,21887,174175
7803,3.203895937459951,196062,21887,174175
7804,3.203485392106612,196062,21887,174175
7805,3.2030749519538757,196062,21887,174175
7806,3.2026646169613118,196062,21887,174175
7807,3.2022543870885105,196062,21887,174175
7808,3.201844262295082,196062,21887,174175
7809,3.201434242540658,196062,21887,174175
7810,3.201024327784891,196062,21887,174175
7811,3.2006145179874537,196062,21887,174175
7812,3.200204813108039,196062,21887,174175
7813,3.1997952131063614,196062,21887,174175
7814,3.199385717942155,196062,21887,174175
7815,3.198976327575176,196062,21887,174175
7816,3.1985670419651995,196062,21887,174175
7817,3.1981578610720227,196062,21887,174175
7818,3.1977487848554618,196062,21887,174175
7819,3.197339813275355,196062,21887,174175
7820,3.1969309462915603,196062,21887,174175
7821,3.196522183863956,196062,21887,174175
7822,3.196113525952442,196062,21887,174175
7823,3.1957049725169373,196062,21887,174175
7824,3.1952965235173822,196062,21887,174175
7825,3.194888178913738,196062,21887,174175
7826,3.1944799386659852,196062,21887,174175
7827,3.1940718027341255,196062,21887,174175
7828,3.193663771078181,196062,21887,174175
7829,3.1932558436581937,196062,21887,174175
7830,3.1928480204342273,196062,21887,174175
7831,3.1924403013663643,196062,21887,174175
7832,3.192032686414709,196062,21887,174175
7833,3.1916251755393845,196062,21887,174175
7834,3.191217768700536,196062,21887,174175
7835,3.190810465858328,196062,21887,174175
7836,3.1904032669729454,196062,21887,174175
7837,3.1899961720045935,196062,21887,174175
7838,3.189589180913498,196062,21887,174175
7839,3.1891822936599055,196062,21887,174175
7840,3.188775510204082,196062,21887,174175
7841,3.188368830506313,196062,21887,174175
7842,3.1879622545269064,196062,21887,174175
7843,3.187555782226189,196062,21887,174175
7844,3.1871494135645078,196062,21887,174175
7845,3.186743148502231,196062,21887,174175
7846,3.186336986999745,196062,21887,174175
7847,3.185930929017459,196062,21887,174175
7848,3.1855249745158,196062,21887,174175
7849,3.1851191234552174,196062,21887,174175
7850,3.1847133757961785,196062,21887,174175
7851,3.184307731499172,196062,21887,174175
7852,3.183902190524707,196062,21887,174175
7853,3.183496752833312,196062,21887,174175
7854,3.183091418385536,196062,21887,174175
7855,3.1826861871419476,196062,21887,174175
7856,3.1822810590631363,196062,21887,174175
7857,3.181876034109711,196062,21887,174175
7858,3.181471112242301,196062,21887,174175
7859,3.181066293421555,196062,21887,174175
7860,3.1806615776081424,196062,21887,174175
7861,3.1802569647627528,196062,21887,174175
7862,3.1798524548460954,196062,21887,174175
7863,3.1794480478188984,196062,21887,174175
7864,3.1790437436419126,196062,21887,174175
7865,3.178639542275906,196062,21887,174175
7866,3.1782354436816678,196062,21887,174175
7867,3.1778314478200076,196062,21887,174175
7868,3.177427554651754,196062,21887,174175
7869,3.177023764137756,196062,21887,174175
7870,3.1766200762388817,196062,21887,174175
7871,3.176216490916021,196062,21887,174175
7872,3.1758130081300813,196062,21887,174175
7873,3.1754096278419914,196062,21887,174175
7874,3.1750063500127,196062,21887,174175
7875,3.1746031746031744,196062,21887,174175
7876,3.1742001015744035,196062,21887,174175
7877,3.173797130887394,196062,21887,174175
7878,3.1733942625031735,196062,21887,174175
7879,3.1729914963827897,196062,21887,174175
7880,3.1725888324873095,196062,21887,174175
7881,3.17218627077782,196062,21887,174175
7882,3.1717838112154277,196062,21887,174175
7883,3.1713814537612586,196062,21887,174175
7884,3.170979198376459,196062,21887,174175
7885,3.170577045022194,196062,21887,174175
7886,3.17017499365965,196062,21887,174175
7887,3.169773044250032,196062,21887,174175
7888,3.1693711967545637,196062,21887,174175
7889,3.1689694511344912,196062,21887,174175
7890,3.1685678073510775,196062,21887,174175
7891,3.168166265365606,196062,21887,174175
7892,3.1677648251393817,196062,21887,174175
7893,3.167363486633726,196062,21887,174175
7894,3.1669622498099823,196062,21887,174175
7895,3.1665611146295123,196062,21887,174175
7896,3.166160081053698,196062,21887,174175
7897,3.1657591490439407,196062,21887,174175
7898,3.1653583185616614,196062,21887,174175
7899,3.1649575895682998,196062,21887,174175
7900,3.1645569620253164,196062,21887,174175
7901,3.1641564358941907,196062,21887,174175
7902,3.1637560111364214,196062,21887,174175
7903,3.1633556877135267,196062,21887,174175
7904,3.1629554655870447,196062,21887,174175
7905,3.1625553447185326,196062,21887,174175
7906,3.1621553250695675,196062,21887,174175
7907,3.1617554066017455,196062,21887,174175
7908,3.161355589276682,196062,21887,174175
7909,3.1609558730560123,196062,21887,174175
7910,3.1605562579013906,196062,21887,174175
7911,3.160156743774491,196062,21887,174175
7912,3.159757330637007,196062,21887,174175
7913,3.159358018450651,196062,21887,174175
7914,3.1589588071771546,196062,21887,174175
7915,3.158559696778269,196062,21887,174175
7916,3.1581606872157657,196062,21887,174175
7917,3.157761778451434,196062,21887,174175
7918,3.1573629704470827,196062,21887,174175
7919,3.156964263164541,196062,21887,174175
7920,3.1565656565656566,196062,21887,174175
7921,3.1561671506122964,196062,21887,174175
7922,3.155768745266347,196062,21887,174175
7923,3.1553704404897136,196062,21887,174175
7924,3.154972236244321,196062,21887,174175
7925,3.1545741324921135,196062,21887,174175
7926,3.1541761291950543,196062,21887,174175
7927,3.1537782263151257,196062,21887,174175
7928,3.153380423814329,196062,21887,174175
7929,3.1529827216546855,196062,21887,174175
7930,3.1525851197982346,196062,21887,174175
7931,3.152187618207036,196062,21887,174175
7932,3.151790216843167,196062,21887,174175
7933,3.1513929156687257,196062,21887,174175
7934,3.1509957146458283,196062,21887,174175
7935,3.15059861373661,196062,21887,174175
7936,3.150201612903226,196062,21887,174175
7937,3.149804712107849,196062,21887,174175
7938,3.1494079113126734,196062,21887,174175
7939,3.1490112104799093,196062,21887,174175
7940,3.1486146095717884,196062,21887,174175
7941,3.1482181085505605,196062,21887,174175
7942,3.147821707378494,196062,21887,174175
7943,3.1474254060178772,196062,21887,174175
7944,3.1470292044310173,196062,21887,174175
7945,3.146633102580239,196062,21887,174175
7946,3.1462371004278884,196062,21887,174175
7947,3.145841197936328,196062,21887,174175
7948,3.1454453950679415,196062,21887,174175
7949,3.1450496917851303,196062,21887,174175
7950,3.1446540880503147,196062,21887,174175
7951,3.144258583825934,196062,21887,174175
7952,3.143863179074447,196062,21887,174175
7953,3.1434678737583304,196062,21887,174175
7954,3.1430726678400807,196062,21887,174175
7955,3.1426775612822127,196062,21887,174175
7956,3.14228255404726,196062,21887,174175
7957,3.1418876460977754,196062,21887,174175
7958,3.141492837396331,196062,21887,174175
7959,3.141098127905516,196062,21887,174175
7960,3.14070351758794,196062,21887,174175
7961,3.1403090064062305,196062,21887,174175
7962,3.1399145943230344,196062,21887,174175
7963,3.1395202813010172,196062,21887,174175
7964,3.139126067302863,196062,21887,174175
7965,3.138731952291274,196062,21887,174175
7966,3.138337936228973,196062,21887,174175
7967,3.1379440190786996,196062,21887,174175
7968,3.137550200803213,196062,21887,174175
7969,3.1371564813652904,196062,21887,174175
7970,3.136762860727729,196062,21887,174175
7971,3.1363693388533433,196062,21887,174175
7972,3.1359759157049676,196062,21887,174175
7973,3.1355825912454534,196062,21887,174175
7974,3.1351893654376726,196062,21887,174175
7975,3.134796238244514,196062,21887,174175
7976,3.1344032096288865,196062,21887,174175
7977,3.134010279553717,196062,21887,174175
7978,3.1336174479819503,196062,21887,174175
7979,3.133224714876551,196062,21887,174175
7980,3.1328320802005014,196062,21887,174175
7981,3.1324395439168025,196062,21887,174175
7982,3.132047105988474,196062,21887,174175
7983,3.1316547663785546,196062,21887,174175
7984,3.1312625250501003,196062,21887,174175
7985,3.1308703819661865,196062,21887,174175
7986,3.130478337089907,196062,21887,174175
7987,3.1300863903843745,196062,21887,174175
7988,3.129694541812719,196062,21887,174175
7989,3.1293027913380898,195955,21707,174248
7990,3.1289111389236544,195955,21707,174248
7991,3.128519584532599,195955,21707,174248
7992,3.1281281281281283,195955,21707,174248
7993,3.127736769673464,195955,21707,174248
7994,3.1273455091318487,195955,21707,174248
7995,3.1269543464665417,195955,21707,174248
7996,3.1265632816408204,195955,21707,174248
7997,3.126172314617982,195955,21707,174248
7998,3.12578144536134,195955,21707,174248
7999,3.125390673834229,195955,21707,174248
8000,3.125,195955,21707,174248
8001,3.1246094238220223,195955,21707,174248
8002,3.124218945263684,195955,21707,174248
8003,3.123828564288392,195955,21707,174248
8004,3.1234382808595704,195955,21707,174248
8005,3.1230480949406623,195955,21707,174248
8006,3.122658006495129,195955,21707,174248
8007,3.1222680154864495,195955,21707,174248
8008,3.121878121878122,195955,21707,174248
8009,3.121488325633662,195955,21707,174248
8010,3.1210986267166043,195955,21707,174248
8011,3.1207090250905005,195955,21707,174248
8012,3.1203195207189216,195955,21707,174248
8013,3.1199301135654562,195955,21707,174248
8014,3.119540803593711,195955,21707,174248
8015,3.119151590767311,195955,21707,174248
8016,3.1187624750499,195955,21707,174248
8017,3.118373456405139,195955,21707,174248
8018,3.1179845347967072,195955,21707,174248
8019,3.117595710188303,195955,21707,174248
8020,3.117206982543641,195955,21707,174248
8021,3.1168183518264554,195955,21707,174248
8022,3.1164298180004986,195955,21707,174248
8023,3.11604138102954,195955,21707,174248
8024,3.1156530408773677,195955,21707,174248
8025,3.115264797507788,195955,21707,174248
8026,3.114876650884625,195955,21707,174248
8027,3.1144886009717205,195955,21707,174248
8028,3.114100647732935,195955,21707,174248
8029,3.113712791132146,195955,21707,174248
8030,3.1133250311332503,195955,21707,174248
8031,3.112937367700162,195955,21707,174248
8032,3.112549800796813,195955,21707,174248
8033,3.112162330387153,195955,21707,174248
8034,3.1117749564351507,195955,21707,174248
8035,3.1113876789047916,195955,21707,174248
8036,3.1110004977600796,195955,21707,174248
8037,3.1106134129650367,195955,21707,174248
8038,3.1102264244837023,195955,21707,174248
8039,3.109839532280134,195951,21648,174303
8040,3.109452736318408,195951,21648,174303
8041,3.1090660365626164,195951,21648,174303
8042,3.108679432976871,195951,21648,174303
8043,3.1082929255253013,195951,21648,174303
8044,3.1079065141720537,195951,21648,174303
8045,3.107520198881293,195951,21648,174303
8046,3.1071339796172013,195951,21648,174303
8047,3.106747856343979,195951,21648,174303
8048,3.106361829025845,195951,21648,174303
8049,3.1059758976270344,195951,21648,174303
8050,3.1055900621118013,195951,21648,174303
8051,3.105204322444417,195951,21648,174303
8052,3.1048186785891705,195951,21648,174303
8053,3.104433130510369,195951,21648,174303
8054,3.1040476781723365,195951,21648,174303
8055,3.1036623215394163,195951,21648,174303
8056,3.103277060575968,195951,21648,174303
8057,3.1028918952463695,195951,21648,174303
8058,3.1025068255150163,195951,21648,174303
8059,3.102121851346321,195951,21648,174303
8060,3.101736972704715,195951,21648,174303
8061,3.1013521895546456,195951,21648,174303
8062,3.1009675018605805,195951,21648,174303
8063,3.1005829095870023,195951,21648,174303
8064,3.1001984126984126,195951,21648,174303
8065,3.0998140111593306,195951,21648,174303
8066,3.099429704934292,195951,21648,174303
8067,3.099045493987852,195951,21648,174303
8068,3.098661378284581,195951,21648,174303
8069,3.0982773577890694,195951,21648,174303
8070,3.097893432465923,195951,21648,174303
8071,3.097509602279767,195951,21648,174303
8072,3.097125867195243,195951,21648,174303
8073,3.09674222717701,195951,21648,174303
8074,3.096358682189745,195951,21648,174303
8075,3.0959752321981426,195951,21648,174303
8076,3.0955918771669144,195951,21648,174303
8077,3.09520861706079,195951,21648,174303
8078,3.094825451844516,195951,21648,174303
8079,3.0944423814828568,195951,21648,174303
8080,3.094059405940594,195951,21648,174303
8081,3.093676525182527,195951,21648,174303
8082,3.093293739173472,195951,21648,174303
8083,3.092911047878263,195951,21648,174303
8084,3.0925284512617517,195951,21648,174303
8085,3.0921459492888066,195951,21648,174303
8086,3.0917635419243137,195954,21648,174306
8087,3.0913812291331766,195954,21648,174306
8088,3.0909990108803167,195954,21648,174306
8089,3.0906168871306714,195954,21648,174306
8090,3.0902348578491967,195954,21648,174306
8091,3.089852923000865,195954,21648,174306
8092,3.0894710825506673,195954,21648,174306
8093,3.0890893364636107,195954,21648,174306
8094,3.0887076847047195,195954,21648,174306
8095,3.0883261272390365,195954,21648,174306
8096,3.0879446640316206,195954,21648,174306
8097,3.0875632950475485,195954,21648,174306
8098,3.0871820202519142,195954,21648,174306
8099,3.0868008396098285,195954,21648,174306
8100,3.0864197530864197,195954,21648,174306
8101,3.086038760646834,195954,21648,174306
8102,3.085657862256233,195954,21648,174306
8103,3.0852770578797974,195954,21648,174306
8104,3.0848963474827245,195954,21648,174306
8105,3.0845157310302285,195954,21648,174306
8106,3.08413520848754,195954,21648,174306
8107,3.0837547798199085,195954,21648,174306
8108,3.0833744449925997,195954,21648,174306
8109,3.0829942039708964,195954,21648,174306
8110,3.082614056720099,195954,21648,174306
8111,3.0822340032055235,195954,21648,174306
8112,3.081854043392505,195954,21648,174306
8113,3.0814741772463945,195954,21648,174306
8114,3.081094404732561,195954,21648,174306
8115,3.0807147258163896,195954,21648,174306
8116,3.0803351404632826,195954,21648,174306
8117,3.0799556486386597,195954,21648,174306
8118,3.079576250307958,195838,21768,174070
8119,3.07919694543663,195838,21768,174070
8120,3.0788177339901477,195838,21768,174070
8121,3.0784386159339983,195838,21768,174070
8122,3.078059591233686,195838,21768,174070
8123,3.0776806598547335,195838,21768,174070
8124,3.0773018217626786,195838,21768,174070
8125,3.076923076923077,195838,21768,174070
8126,3.0765444253015013,195800,21173,174627
8127,3.0761658668635414,195800,21173,174627
8128,3.0757874015748032,195800,21173,174627
8129,3.07540902940091,195800,21173,174627
8130,3.075030750307503,195722,21209,174513
8131,3.0746525642602385,195722,21209,174513
8132,3.074274471224791,195722,21209,174513
8133,3.0738964711668513,195722,21209,174513
8134,3.0735185640521268,195722,21209,174513
8135,3.073140749846343,195722,21209,174513
8136,3.072763028515241,195722,21209,174513
8137,3.072385400024579,195722,21209,174513
8138,3.0720078643401325,195722,21209,174513
8139,3.071630421427694,195722,21209,174513
8140,3.0712530712530715,195722,21209,174513
8141,3.0708758137820906,195722,21209,174513
8142,3.0704986489805943,195722,21209,174513
8143,3.070121576814442,195722,21209,174513
8144,3.069744597249509,195722,21209,174513
8145,3.0693677102516883,195722,21209,174513
8146,3.0689909157868893,195722,21209,174513
8147,3.0686142138210384,195722,21209,174513
8148,3.0682376043200787,195722,21209,174513
8149,3.067861087249969,195722,21209,174513
8150,3.067484662576687,195722,21209,174513
8151,3.067108330266225,195722,21209,174513
8152,3.0667320902845927,195722,21209,174513
8153,3.066355942597817,195722,21209,174513
8154,3.0659798871719404,195722,21209,174513
8155,3.065603923973023,195722,21209,174513
8156,3.0652280529671407,195722,21209,174513
8157,3.0648522741203874,195722,21209,174513
8158,3.064476587398872,195722,21209,174513
8159,3.0641009927687217,195722,21209,174513
8160,3.0637254901960786,195722,21209,174513
8161,3.063350079647102,195722,21209,174513
8162,3.0629747610879687,195722,21209,174513
8163,3.0625995344848707,195722,21209,174513
8164,3.0622243998040175,195722,21209,174513
8165,3.061849357011635,195722,21209,174513
8166,3.061474406073965,195722,21209,174513
8167,3.061099546957267,195722,21209,174513
8168,3.060724779627816,195722,21209,174513
8169,3.0603501040519037,195722,21209,174513
8170,3.0599755201958385,195722,21209,174513
8171,3.0596010280259454,195722,21209,174513
8172,3.0592266275085658,195722,21209,174513
8173,3.0588523186100574,195722,21209,174513
8174,3.0584781012967945,195722,21209,174513
8175,3.058103975535168,195722,21209,174513
8176,3.0577299412915853,195722,21209,174513
8177,3.057355998532469,195722,21209,174513
8178,3.0569821472242604,195722,21209,174513
8179,3.056608387333415,195722,21209,174513
8180,3.056234718826406,195722,21209,174513
8181,3.0558611416697223,195722,21209,174513
8182,3.0554876558298703,195722,21209,174513
8183,3.0551142612733715,195722,21209,174513
8184,3.0547409579667644,195722,21209,174513
8185,3.0543677458766036,195722,21209,174513
8186,3.05399462496946,195722,21209,174513
8187,3.0536215952119212,195722,21209,174513
8188,3.053248656570591,195722,21209,174513
8189,3.0528758090120895,195722,21209,174513
8190,3.0525030525030523,195722,21209,174513
8191,3.0521303870101333,195722,21209,174513
8192,3.0517578125,195722,21209,174513
8193,3.0513853289393387,195722,21209,174513
8194,3.0510129362948497,195722,21209,174513
8195,3.050640634533252,195722,21209,174513
8196,3.0502684236212785,195722,21209,174513
8197,3.04989630352568,195722,21209,174513
8198,3.0495242742132227,195722,21209,174513
8199,3.0491523356506893,195722,21209,174513
8200,3.048780487804878,195722,21209,174513
8201,3.0484087306426044,195722,21209,174513
8202,3.0480370641306997,195722,21209,174513
8203,3.047665488236011,195722,21209,174513
8204,3.047294002925402,195722,21209,174513
8205,3.0469226081657528,195722,21209,174513
8206,3.046551303923958,195722,21209,174513
8207,3.0461800901669305,195722,21209,174513
8208,3.0458089668615984,195722,21209,174513
8209,3.0454379339749056,195716,21209,174507
8210,3.045066991473812,195716,21209,174507
8211,3.0446961393252954,195716,21209,174507
8212,3.044325377496347,195716,21209,174507
8213,3.0439547059539755,195716,21209,174507
8214,3.043584124665206,195716,21209,174507
8215,3.0432136335970785,195716,21209,174507
8216,3.0428432327166504,195716,21209,174507
8217,3.0424729219909943,195716,21209,174507
8218,3.042102701387199,195716,21209,174507
8219,3.041732570872369,195716,21209,174507
8220,3.0413625304136254,195716,21209,174507
8221,3.040992579978105,195716,21209,174507
8222,3.0406227195329603,195716,21209,174507
8223,3.0402529490453607,195716,21209,174507
8224,3.03988326848249,195716,21209,174507
8225,3.0395136778115504,195716,21209,174507
8226,3.039144176999757,195716,21209,174507
8227,3.038774766014343,195716,21209,174507
8228,3.038405444822557,195716,21209,174507
8229,3.0380362133916634,195716,21209,174507
8230,3.0376670716889427,195716,21209,174507
8231,3.037298019681691,195716,21209,174507
8232,3.0369290573372205,195716,21209,174507
8233,3.0365601846228594,195716,21209,174507
8234,3.036191401505951,195716,21209,174507
8235,3.0358227079538556,195716,21209,174507
8236,3.0354541039339487,195716,21209,174507
8237,3.0350855894136215,195716,21209,174507
8238,3.0347171643602815,195716,21209,174507
8239,3.034348828741352,195716,21209,174507
8240,3.033980582524272,195716,21209,174507
8241,3.0336124256764956,195716,21209,174507
8242,3.033244358165494,195716,21209,174507
8243,3.032876379958753,195716,21209,174507
8244,3.032508491023775,195716,21209,174507
8245,3.0321406913280775,195716,21209,174507
8246,3.031772980839195,195716,21209,174507
8247,3.0314053595246757,195716,21209,174507
8248,3.0310378273520855,195716,21209,174507
8249,3.030670384289005,195716,21209,174507
8250,3.0303030303030303,195716,21209,174507
8251,3.0299357653617744,195716,21209,174507
8252,3.0295685894328646,195716,21209,174507
8253,3.029201502483945,195716,21209,174507
8254,3.028834504482675,195716,21209,174507
8255,3.0284675953967293,195716,21209,174507
8256,3.0281007751937983,195716,21209,174507
8257,3.027734043841589,195716,21209,174507
8258,3.027367401307823,195716,21209,174507
8259,3.0270008475602372,195716,21209,174507
8260,3.026634382566586,195716,21209,174507
8261,3.0262680062946377,195716,21209,174507
8262,3.025901718712176,195716,21209,174507
8263,3.0255355197870024,195716,21209,174507
8264,3.0251694094869315,195716,21209,174507
8265,3.0248033877797944,195716,21209,174507
8266,3.0244374546334383,195716,21209,174507
8267,3.024071610015725,195716,21209,174507
8268,3.023705853894533,195716,21209,174507
8269,3.0233401862377556,195716,21209,174507
8270,3.022974607013301,195716,21209,174507
8271,3.0226091161890944,195458,21338,174120
8272,3.0222437137330753,195458,21338,174120
8273,3.0218783996131995,195458,21338,174120
8274,3.021513173797438,195458,21338,174120
8275,3.0211480362537766,195458,21338,174120
8276,3.0207829869502176,195458,21338,174120
8277,3.020418025854778,195458,21338,174120
8278,3.0200531529354917,195458,21338,174120
8279,3.0196883681604056,195458,21338,174120
8280,3.0193236714975846,195458,21338,174120
8281,3.018959062915107,195458,21338,174120
8282,3.0185945423810674,195458,21338,174120
8283,3.018230109863576,195458,21338,174120
8284,3.017865765330758,195458,21338,174120
8285,3.017501508750754,195458,21338,174120
8286,3.017137340091721,195458,21338,174120
8287,3.0167732593218295,195458,21338,174120
8288,3.0164092664092665,195458,21338,174120
8289,3.0160453613222344,195458,21338,174120
8290,3.0156815440289506,195458,21338,174120
8291,3.015317814497648,195458,21338,174120
8292,3.014954172696575,195458,21338,174120
8293,3.014590618593995,195458,21338,174120
8294,3.0142271521581865,195458,21338,174120
8295,3.013863773357444,195458,21338,174120
8296,3.0135004821600773,195458,21338,174120
8297,3.01313727853441,195458,21338,174120
8298,3.0127741624487827,195458,21338,174120
8299,3.012411133871551,195458,21338,174120
8300,3.0120481927710845,195458,21338,174120
8301,3.011685339115769,195458,21338,174120
8302,3.0113225728740063,195458,21338,174120
8303,3.0109598940142117,195458,21338,174120
8304,3.010597302504817,195458,21338,174120
8305,3.0102347983142685,195458,21338,174120
8306,3.009872381411028,195458,21338,174120
8307,3.0095100517635727,195458,21338,174120
8308,3.0091478093403947,195458,21338,174120
8309,3.0087856541100013,195458,21338,174120
8310,3.0084235860409145,195458,21338,174120
8311,3.0080616051016724,195458,21338,174120
8312,3.0076997112608277,195458,21338,174120
8313,3.007337904486948,195458,21338,174120
8314,3.0069761847486167,195458,21338,174120
8315,3.006614552014432,195458,21338,174120
8316,3.006253006253006,195458,21338,174120
8317,3.005891547432969,195458,21338,174120
8318,3.005530175522962,195458,21338,174120
8319,3.0051688904916456,195458,21338,174120
8320,3.0048076923076925,195458,21338,174120
8321,3.004446580939791,195458,21338,174120
8322,3.004085556356645,195458,21338,174120
8323,3.0037246185269733,195458,21338,174120
8324,3.00336376741951,195458,21338,174120
8325,3.003003003003003,195458,21338,174120
8326,3.002642325246217,195458,21338,174120
8327,3.0022817341179295,195458,21338,174120
8328,3.0019212295869355,195458,21338,174120
8329,3.0015608116220434,195458,21338,174120
8330,3.0012004801920766,195458,21338,174120
8331,3.0008402352658745,195458,21338,174120
8332,3.00048007681229,195458,21338,174120
8333,3.000120004800192,195458,21338,174120
8334,2.999760019198464,195458,21338,174120
8335,2.9994001199760048,195458,21338,174120
8336,2.9990403071017275,195458,21338,174120
8337,2.99868058054456,195458,21338,174120
8338,2.9983209402734468,195458,21338,174120
8339,2.997961386257345,195458,21338,174120
8340,2.997601918465228,195458,21338,174120
8341,2.997242536866083,195458,21338,174120
8342,2.9968832414289137,195458,21338,174120
8343,2.9965240321227378,195458,21338,174120
8344,2.9961649089165867,195458,21338,174120
8345,2.995805871779509,195458,21338,174120
8346,2.9954469206805654,195458,21338,174120
8347,2.9950880555888344,195458,21338,174120
8348,2.994729276473407,195458,21338,174120
8349,2.9943705833033896,195458,21338,174120
8350,2.9940119760479043,195458,21338,174120
8351,2.9936534546760867,195458,21338,174120
8352,2.993295019157088,195458,21338,174120
8353,2.9929366694600743,195458,21338,174120
8354,2.9925784055542257,195458,21338,174120
8355,2.9922202274087373,195458,21338,174120
8356,2.9918621349928194,195458,21338,174120
8357,2.991504128275697,195458,21338,174120
8358,2.9911462072266093,195458,21338,174120
8359,2.9907883718148103,195458,21338,174120
8360,2.9904306220095696,195458,21338,174120
8361,2.99007295778017,195458,21338,174120
8362,2.98971537909591,195458,21338,174120
8363,2.989357885926103,195458,21338,174120
8364,2.9890004782400763,195458,21338,174120
8365,2.9886431560071727,195458,21338,174120
8366,2.988285919196749,195458,21338,174120
8367,2.9879287677781763,195458,21338,174120
8368,2.9875717017208414,195458,21338,174120
8369,2.987214720994145,195458,21338,174120
8370,2.986857825567503,195458,21338,174120
8371,2.986501015410345,195458,21338,174120
8372,2.9861442904921165,195458,21338,174120
8373,2.9857876507822763,195458,21338,174120
8374,2.9854310962502986,195458,21338,174120
8375,2.985074626865672,195458,21338,174120
8376,2.9847182425978986,195458,21338,174120
8377,2.9843619434164976,195458,21338,174120
8378,2.9840057292910003,195458,21338,174120
8379,2.9836496001909536,195458,21338,174120
8380,2.983293556085919,195458,21338,174120
8381,2.982937596945472,195458,21338,174120
8382,2.982581722739203,195458,21338,174120
8383,2.9822259334367174,195458,21338,174120
8384,2.9818702290076335,195458,21338,174120
8385,2.9815146094215863,195458,21338,174120
8386,2.981159074648223,195458,21338,174120
8387,2.9808036246572076,195458,21338,174120
8388,2.9804482594182167,195458,21338,174120
8389,2.9800929789009416,195458,21338,174120
8390,2.9797377830750893,195458,21338,174120
8391,2.97938267191038,195458,21338,174120
8392,2.979027645376549,195458,21338,174120
8393,2.978672703443346,195458,21338,174120
8394,2.9783178460805337,195458,21338,174120
8395,2.9779630732578917,195458,21338,174120
8396,2.977608384945212,195458,21338,174120
8397,2.977253781112302,195458,21338,174120
8398,2.976899261728983,195458,21338,174120
8399,2.976544826765091,195458,21338,174120
8400,2.9761904761904763,195458,21338,174120
8401,2.975836209975003,195458,21338,174120
8402,2.9754820280885506,195458,21338,174120
8403,2.9751279305010114,195458,21338,174120
8404,2.974773917182294,195458,21338,174120
8405,2.97441998810232,195458,21338,174120
8406,2.9740661432310254,195458,21338,174120
8407,2.973712382538361,195458,21338,174120
8408,2.973358705994291,195458,21338,174120
8409,2.9730051135687954,195458,21338,174120
8410,2.972651605231867,195458,21338,174120
8411,2.9722981809535134,195458,21338,174120
8412,2.9719448407037565,195458,21338,174120
8413,2.971591584452633,195458,21338,174120
8414,2.9712384121701927,195458,21338,174120
8415,2.9708853238265003,195458,21338,174120
8416,2.970532319391635,195458,21338,174120
8417,2.9701793988356897,195458,21338,174120
8418,2.969826562128772,195458,21338,174120
8419,2.9694738092410025,195458,21338,174120
8420,2.969121140142518,195458,21338,174120
8421,2.9687685548034675,195458,21338,174120
8422,2.968416053194016,195458,21338,174120
8423,2.9680636352843406,195458,21338,174120
8424,2.9677113010446345,195458,21338,174120
8425,2.9673590504451037,195458,21338,174120
8426,2.9670068834559697,195458,21338,174120
8427,2.9666548000474666,195458,21338,174120
8428,2.9663028001898435,195458,21338,174120
8429,2.9659508838533633,195458,21338,174120
8430,2.965599051008304,195458,21338,174120
8431,2.9652473016249554,195458,21338,174120
8432,2.9648956356736242,195458,21338,174120
8433,2.9645440531246297,195458,21338,174120
8434,2.9641925539483043,195458,21338,174120
8435,2.963841138114997,195458,21338,174120
8436,2.963489805595069,195458,21338,174120
8437,2.9631385563588952,195458,21338,174120
8438,2.9627873903768664,195458,21338,174120
8439,2.9624363076193863,195458,21338,174120
8440,2.962085308056872,195458,21338,174120
8441,2.961734391659756,195458,21338,174120
8442,2.9613835583984836,195458,21338,174120
8443,2.9610328082435156,195458,21338,174120
8444,2.9606821411653246,195458,21338,174120
8445,2.960331557134399,195458,21338,174120
8446,2.959981056121241,195458,21338,174120
8447,2.9596306380963657,195458,21338,174120
8448,2.959280303030303,195458,21338,174120
8449,2.958930050893597,195458,21338,174120
8450,2.9585798816568047,195458,21338,174120
8451,2.958229795290498,195458,21338,174120
8452,2.957879791765263,195458,21338,174120
8453,2.9575298710516975,195458,21338,174120
8454,2.9571800331204163,195458,21338,174120
8455,2.9568302779420463,195458,21338,174120
8456,2.956480605487228,195458,21338,174120
8457,2.956131015726617,195458,21338,174120
8458,2.955781508630882,195458,21338,174120
8459,2.9554320841707056,195458,21338,174120
8460,2.955082742316785,195458,21338,174120
8461,2.95473348303983,195458,21338,174120
8462,2.954384306310565,195458,21338,174120
8463,2.954035212099728,195458,21338,174120
8464,2.9536862003780717,195458,21338,174120
8465,2.9533372711163617,195458,21338,174120
8466,2.952988424285377,195458,21338,174120
8467,2.9526396598559113,195458,21338,174120
8468,2.952290977798772,195458,21338,174120
8469,2.9519423780847798,195458,21338,174120
8470,2.9515938606847696,195458,21338,174120
8471,2.9512454255695904,195458,21338,174120
8472,2.950897072710104,195458,21338,174120
8473,2.9505488020771864,195458,21338,174120
8474,2.950200613641728,195458,21338,174120
8475,2.949852507374631,195458,21338,174120
8476,2.9495044832468147,195458,21338,174120
8477,2.9491565412292085,195458,21338,174120
8478,2.948808681292758,195458,21338,174120
8479,2.948460903408421,195458,21338,174120
8480,2.94811320754717,195458,21338,174120
8481,2.9477655936799905,195458,21338,174120
8482,2.9474180617778827,195458,21338,174120
8483,2.947070611811859,195458,21338,174120
8484,2.9467232437529467,195458,21338,174120
8485,2.946375957572186,195458,21338,174120
8486,2.9460287532406317,195458,21338,174120
8487,2.945681630729351,195458,21338,174120
8488,2.945334590009425,195458,21338,174120
8489,2.9449876310519496,195458,21338,174120
8490,2.944640753828033,195458,21338,174120
8491,2.9442939583087977,195458,21338,174120
8492,2.943947244465379,195458,21338,174120
8493,2.9436006122689276,195458,21338,174120
8494,2.943254061690605,195458,21338,174120
8495,2.942907592701589,195458,21338,174120
8496,2.9425612052730696,195458,21338,174120
8497,2.9422148993762502,195458,21338,174120
8498,2.9418686749823486,195458,21338,174120
8499,2.9415225320625957,195458,21338,174120
8500,2.9411764705882355,195458,21338,174120
8501,2.940830490530526,195458,21338,174120
8502,2.9404845918607387,195458,21338,174120
8503,2.940138774550159,195458,21338,174120
8504,2.939793038570085,195458,21338,174120
8505,2.9394473838918285,195458,21338,174120
8506,2.939101810486715,195458,21338,174120
8507,2.9387563183260843,195458,21338,174120
8508,2.938410907381288,195458,21338,174120
8509,2.9380655776236924,195458,21338,174120
8510,2.937720329024677,194984,21338,173646
8511,2.937375161555634,194984,21338,173646
8512,2.93703007518797,194984,21338,173646
8513,2.936685069893105,194984,21338,173646
8514,2.9363401456424714,194984,21338,173646
8515,2.935995302407516,194984,21338,173646
8516,2.9356505401596995,194984,21338,173646
8517,2.9353058588704943,194984,21338,173646
8518,2.934961258511388,194984,21338,173646
8519,2.9346167390538795,194984,21338,173646
8520,2.9342723004694835,194984,21338,173646
8521,2.9339279427297265,194984,21338,173646
8522,2.933583665806149,194984,21338,173646
8523,2.933239469670304,194984,21338,173646
8524,2.9328953542937586,194984,21338,173646
8525,2.932551319648094,194984,21338,173646
8526,2.932207365704903,194984,21338,173646
8527,2.931863492435792,194984,21338,173646
8528,2.931519699812383,194984,21338,173646
8529,2.931175987806308,194984,21338,173646
8530,2.9308323563892147,194984,21338,173646
8531,2.9304888055327627,194984,21338,173646
8532,2.930145335208626,194984,21338,173646
8533,2.929801945388492,194984,21338,173646
8534,2.929458636044059,194984,21338,173646
8535,2.9291154071470418,194984,21338,173646
8536,2.928772258669166,194984,21338,173646
8537,2.9284291905821718,194984,21338,173646
8538,2.9280862028578123,194984,21338,173646
8539,2.9277432954678533,194984,21338,173646
8540,2.927400468384075,194984,21338,173646
8541,2.9270577215782696,194984,21338,173646
8542,2.926715055022243,194984,21338,173646
8543,2.9263724686878145,194984,21338,173646
8544,2.9260299625468167,194984,21338,173646
8545,2.925687536571094,194984,21338,173646
8546,2.9253451907325063,194984,21338,173646
8547,2.925002925002925,194984,21338,173646
8548,2.924660739354235,194984,21338,173646
8549,2.9243186337583342,194984,21338,173646
8550,2.9239766081871346,194984,21338,173646
8551,2.9236346626125598,194984,21338,173646
8552,2.9232927970065483,194984,21338,173646
8553,2.9229510113410497,194984,21338,173646
8554,2.922609305588029,194984,21338,173646
8555,2.922267679719462,194984,21338,173646
8556,2.92192613370734,194984,21338,173646
8557,2.921584667523665,194984,21338,173646
8558,2.921243281140453,194984,21338,173646
8559,2.920901974529735,194984,21338,173646
8560,2.9205607476635516,194984,21338,173646
8561,2.9202196005139585,194984,21338,173646
8562,2.919878533053025,194984,21338,173646
8563,2.919537545252832,194984,21338,173646
8564,2.919196637085474,194984,21338,173646
8565,2.918855808523059,194984,21338,173646
8566,2.9185150595377074,194970,21347,173623
8567,2.9181743901015524,194970,21347,173623
8568,2.917833800186741,194970,21347,173623
8569,2.9174932897654333,194970,21347,173623
8570,2.9171528588098017,194970,21347,173623
8571,2.9168125072920312,194970,21347,173623
8572,2.916472235184321,194970,21347,173623
8573,2.9161320424588824,194970,21347,173623
8574,2.9157919290879404,194970,21347,173623
8575,2.9154518950437316,194970,21347,173623
8576,2.9151119402985075,194970,21347,173623
8577,2.9147720648245308,194970,21347,173623
8578,2.914432268594078,194970,21347,173623
8579,2.9140925515794383,194970,21347,173623
8580,2.913752913752914,194970,21347,173623
8581,2.9134133550868198,194970,21347,173623
8582,2.913073875553484,194970,21347,173623
8583,2.9127344751252475,194970,21347,173623
8584,2.9123951537744643,194970,21347,173623
8585,2.9120559114735003,194970,21347,173623
8586,2.9117167481947357,194970,21347,173623
8587,2.9113776639105624,194970,21347,173623
8588,2.911038658593386,194970,21347,173623
8589,2.9106997322156247,194970,21347,173623
8590,2.910360884749709,194970,21347,173623
8591,2.910022116168083,194970,21347,173623
8592,2.9096834264432028,194970,21347,173623
8593,2.9093448155475388,194970,21347,173623
8594,2.9090062834535724,194970,21347,173623
8595,2.908667830133799,194970,21347,173623
8596,2.9083294555607258,194970,21347,173623
8597,2.9079911597068744,194970,21347,173623
8598,2.907652942544778,194970,21347,173623
8599,2.9073148040469823,194970,21347,173623
8600,2.9069767441860463,194970,21347,173623
8601,2.9066387629345427,194970,21347,173623
8602,2.9063008602650546,194970,21347,173623
8603,2.90596303615018,194970,21347,173623
8604,2.9056252905625293,194970,21347,173623
8605,2.905287623474724,194970,21347,173623
8606,2.9049500348594006,194970,21347,173623
8607,2.9046125246892065,194970,21347,173623
8608,2.904275092936803,194970,21347,173623
8609,2.9039377395748636,194970,21347,173623
8610,2.9036004645760745,194970,21347,173623
8611,2.9032632679131343,194970,21347,173623
8612,2.902926149558755,194970,21347,173623
8613,2.9025891094856613,194970,21347,173623
8614,2.9022521476665895,194970,21347,173623
8615,2.901915264074289,194970,21347,173623
8616,2.9015784586815228,194970,21347,173623
8617,2.9012417314610652,194970,21347,173623
8618,2.9009050823857043,194970,21347,173623
8619,2.90056851142824,194970,21347,173623
8620,2.9002320185614847,194970,21347,173623
8621,2.8998956037582646,194970,21347,173623
8622,2.8995592669914174,194970,21347,173623
8623,2.8992230082337933,194970,21347,173623
8624,2.898886827458256,194970,21347,173623
8625,2.898550724637681,194970,21347,173623
8626,2.898214699744957,194970,21347,173623
8627,2.897878752752985,194970,21347,173623
8628,2.897542883634678,194970,21347,173623
8629,2.897207092362962,194970,21347,173623
8630,2.8968713789107765,194970,21347,173623
8631,2.896535743251072,194970,21347,173623
8632,2.896200185356812,194970,21347,173623
8633,2.895864705200973,194970,21347,173623
8634,2.895529302756544,194970,21347,173623
8635,2.895193977996526,194970,21347,173623
8636,2.894858730893932,194970,21347,173623
8637,2.89452356142179,194970,21347,173623
8638,2.8941884695531375,194970,21347,173623
8639,2.8938534552610258,194970,21347,173623
8640,2.8935185185185186,194970,21347,173623
8641,2.893183659298692,194970,21347,173623
8642,2.8928488775746355,194970,21347,173623
8643,2.8925141733194493,194970,21347,173623
8644,2.892179546506247,194970,21347,173623
8645,2.891844997108155,194970,21347,173623
8646,2.8915105250983113,194970,21347,173623
8647,2.891176130449867,194970,21347,173623
8648,2.890841813135985,194970,21347,173623
8649,2.8905075731298417,194970,21347,173623
8650,2.8901734104046244,194970,21347,173623
8651,2.8898393249335337,194970,21347,173623
8652,2.8895053166897826,194970,21347,173623
8653,2.8891713856465966,194970,21347,173623
8654,2.888837531777213,194970,21347,173623
8655,2.8885037550548818,194970,21347,173623
8656,2.888170055452865,194970,21347,173623
8657,2.887836432944438,194970,21347,173623
8658,2.8875028875028876,194970,21347,173623
8659,2.8871694191015127,194970,21347,173623
8660,2.886836027713626,194970,21347,173623
8661,2.8865027133125505,194970,21347,173623
8662,2.886169475871623,194970,21347,173623
8663,2.8858363153641924,194970,21347,173623
8664,2.88550323176362,194970,21347,173623
8665,2.8851702250432774,194970,21347,173623
8666,2.884837295176552,194970,21347,173623
8667,2.884504442136841,194970,21347,173623
8668,2.8841716658975542,194970,21347,173623
8669,2.8838389664321142,194970,21347,173623
8670,2.883506343713956,194970,21347,173623
8671,2.8831737977165264,194970,21347,173623
8672,2.882841328413284,194970,21347,173623
8673,2.8825089357777007,194970,21347,173623
8674,2.88217661978326,194970,21347,173623
8675,2.881844380403458,194970,21347,173623
8676,2.8815122176118027,194970,21347,173623
8677,2.881180131381814,194970,21347,173623
8678,2.8808481216870248,194970,21347,173623
8679,2.8805161885009793,194970,21347,173623
8680,2.880184331797235,194970,21347,173623
8681,2.8798525515493605,194970,21347,173623
8682,2.8795208477309377,194970,21347,173623
8683,2.8791892203155593,194970,21347,173623
8684,2.878857669276831,194970,21347,173623
8685,2.8785261945883707,194970,21347,173623
8686,2.8781947962238084,194970,21347,173623
8687,2.877863474156786,194970,21347,173623
8688,2.8775322283609577,194970,21347,173623
8689,2.8772010588099897,194970,21347,173623
8690,2.8768699654775602,194970,21347,173623
8691,2.8765389483373607,194970,21347,173623
8692,2.8762080073630925,194970,21347,173623
8693,2.8758771425284713,194970,21347,173623
8694,2.8755463538072235,194970,21347,173623
8695,2.875215641173088,194970,21347,173623
8696,2.874885004599816,194970,21347,173623
8697,2.8745544440611703,194970,21347,173623
8698,2.8742239595309265,194970,21347,173623
8699,2.8738935509828716,194970,21347,173623
8700,2.8735632183908044,194970,21347,173623
8701,2.873232961728537,194970,21347,173623
8702,2.872902780969892,194970,21347,173623
8703,2.872572676088705,194970,21347,173623
8704,2.8722426470588234,194970,21347,173623
8705,2.8719126938541066,194970,21347,173623
8706,2.8715828164484263,194970,21347,173623
8707,2.8712530148156654,194970,21347,173623
8708,2.8709232889297196,194970,21347,173623
8709,2.8705936387644964,194970,21347,173623
8710,2.8702640642939152,194970,21347,173623
8711,2.869934565491907,194970,21347,173623
8712,2.869605142332415,194970,21347,173623
8713,2.869275794789395,194970,21347,173623
8714,2.8689465228368145,194970,21347,173623
8715,2.8686173264486516,194970,21347,173623
8716,2.8682882055988985,194970,21347,173623
8717,2.8679591602615577,194970,21347,173623
8718,2.8676301904106447,194970,21347,173623
8719,2.867301296020186,194970,21347,173623
8720,2.86697247706422,194970,21347,173623
8721,2.8666437335167987,194970,21347,173623
8722,2.8663150653519835,194970,21347,173623
8723,2.8659864725438498,194970,21347,173623
8724,2.8656579550664834,194970,21347,173623
8725,2.865329512893983,194970,21347,173623
8726,2.8650011460004583,194970,21347,173623
8727,2.864672854360032,194970,21347,173623
8728,2.8643446379468376,194970,21347,173623
8729,2.864016496735021,194970,21347,173623
8730,2.86368843069874,194970,21347,173623
8731,2.8633604398121637,194970,21347,173623
8732,2.863032524049473,194970,21347,173623
8733,2.862704683384862,194970,21347,173623
8734,2.862376917792535,194970,21347,173623
8735,2.862049227246709,194970,21347,173623
8736,2.8617216117216118,194970,21347,173623
8737,2.8613940711914845,194970,21347,173623
8738,2.861066605630579,194970,21347,173623
8739,2.8607392150131594,194970,21347,173623
8740,2.860411899313501,194970,21347,173623
8741,2.8600846585058917,194970,21347,173623
8742,2.8597574925646305,194970,21347,173623
8743,2.8594304014640284,194970,21347,173623
8744,2.859103385178408,194970,21347,173623
8745,2.858776443682104,194970,21347,173623
8746,2.8584495769494627,194970,21347,173623
8747,2.858122784954842,194970,21347,173623
8748,2.857796067672611,194970,21347,173623
8749,2.8574694250771517,194970,21347,173623
8750,2.857142857142857,194970,21347,173623
8751,2.856816363844132,194970,21347,173623
8752,2.856489945155393,194970,21347,173623
8753,2.856163601051068,194970,21347,173623
8754,2.8558373315055974,194970,21347,173623
8755,2.8555111364934325,194970,21347,173623
8756,2.855185015989036,194970,21347,173623
8757,2.854858969966884,194970,21347,173623
8758,2.8545329984014614,194970,21347,173623
8759,2.854207101267268,194970,21347,173623
8760,2.853881278538813,194970,21347,173623
8761,2.8535555301906177,194970,21347,173623
8762,2.853229856197215,194970,21347,173623
8763,2.852904256533151,194970,21347,173623
8764,2.85257873117298,194970,21347,173623
8765,2.852253280091272,194970,21347,173623
8766,2.8519279032626055,194970,21347,173623
8767,2.851602600661572,194970,21347,173623
8768,2.8512773722627736,194970,21347,173623
8769,2.8509522180408258,194970,21347,173623
8770,2.8506271379703536,194970,21347,173623
8771,2.8503021320259947,194970,21347,173623
8772,2.8499772001823986,194970,21347,173623
8773,2.8496523424142253,194970,21347,173623
8774,2.8493275586961477,194970,21347,173623
8775,2.849002849002849,194970,21347,173623
8776,2.8486782133090247,194970,21347,173623
8777,2.8483536515893815,194970,21347,173623
8778,2.8480291638186377,194970,21347,173623
8779,2.847704749971523,194970,21347,173623
8780,2.847380410022779,194970,21347,173623
8781,2.8470561439471584,194970,21347,173623
8782,2.846731951719426,194970,21347,173623
8783,2.846407833314357,194970,21347,173623
8784,2.8460837887067396,194970,21347,173623
8785,2.8457598178713717,194970,21347,173623
8786,2.845435920783064,194970,21347,173623
8787,2.845112097416638,194970,21347,173623
8788,2.8447883477469276,194970,21347,173623
8789,2.844464671748777,194970,21347,173623
8790,2.844141069397042,194970,21347,173623
8791,2.8438175406665906,194970,21347,173623
8792,2.843494085532302,194970,21347,173623
8793,2.8431707039690663,194970,21347,173623
8794,2.8428473959517855,194970,21347,173623
8795,2.8425241614553722,194970,21347,173623
8796,2.842201000454752,194970,21347,173623
8797,2.841877912924861,194970,21347,173623
8798,2.8415548988406454,194970,21347,173623
8799,2.8412319581770658,194970,21347,173623
8800,2.840909090909091,194970,21347,173623
8801,2.8405862970117033,194970,21347,173623
8802,2.8402635764598956,194970,21347,173623
8803,2.839940929228672,194970,21347,173623
8804,2.8396183552930485,194970,21347,173623
8805,2.8392958546280522,194970,21347,173623
8806,2.8389734272087215,194970,21347,173623
8807,2.8386510730101056,194970,21347,173623
8808,2.838328792007266,194970,21347,173623
8809,2.8380065841752753,194970,21347,173623
8810,2.837684449489217,194970,21347,173623
8811,2.837362387924186,194970,21347,173623
8812,2.8370403994552884,194970,21347,173623
8813,2.8367184840576423,194970,21347,173623
8814,2.836396641706376,194970,21347,173623
8815,2.836074872376631,194970,21347,173623
8816,2.835753176043557,194970,21347,173623
8817,2.8354315526823184,194970,21347,173623
8818,2.835110002268088,194970,21347,173623
8819,2.8347885247760516,194970,21347,173623
8820,2.834467120181406,194970,21347,173623
8821,2.834145788459358,194970,21347,173623
8822,2.833824529585128,194970,21347,173623
8823,2.833503343533945,194970,21347,173623
8824,2.833182230281052,194970,21347,173623
8825,2.8328611898016995,194970,21347,173623
8826,2.8325402220711533,194970,21347,173623
8827,2.832219327064688,194970,21347,173623
8828,2.8318985047575893,194970,21347,173623
8829,2.8315777551251555,194970,21347,173623
8830,2.8312570781426953,194970,21347,173623
8831,2.830936473785528,194970,21347,173623
8832,2.8306159420289854,194970,21347,173623
8833,2.8302954828484093,194970,21347,173623
8834,2.829975096219153,194970,21347,173623
8835,2.829654782116582,194970,21347,173623
8836,2.829334540516071,194970,21347,173623
8837,2.8290143713930065,194970,21347,173623
8838,2.828694274722788,194970,21347,173623
8839,2.828374250480824,194970,21347,173623
8840,2.828054298642534,194970,21347,173623
8841,2.8277344191833502,194970,21347,173623
8842,2.8274146120787154,194970,21347,173623
8843,2.8270948773040825,194970,21347,173623
8844,2.826775214834916,194970,21347,173623
8845,2.826455624646693,194970,21347,173623
8846,2.8261361067148996,194970,21347,173623
8847,2.8258166610150335,194970,21347,173623
8848,2.825497287522604,194970,21347,173623
8849,2.825177986213131,194970,21347,173623
8850,2.824858757062147,194970,21347,173623
8851,2.8245396000451928,194970,21347,173623
8852,2.824220515137822,194970,21347,173623
8853,2.823901502315599,194970,21347,173623
8854,2.8235825615540997,194970,21347,173623
8855,2.82326369282891,194970,21347,173623
8856,2.822944896115628,194970,21347,173623
8857,2.822626171389861,194970,21347,173623
8858,2.8223075186272295,194970,21347,173623
8859,2.821988937803364,194970,21347,173623
8860,2.8216704288939054,194970,21347,173623
8861,2.8213519918745065,194970,21347,173623
8862,2.8210336267208307,194970,21347,173623
8863,2.8207153334085526,194970,21347,173623
8864,2.8203971119133575,194970,21347,173623
8865,2.820078962210942,194970,21347,173623
8866,2.8197608842770134,194970,21347,173623
8867,2.81944287808729,194970,21347,173623
8868,2.819124943617501,194970,21347,173623
8869,2.818807080843387,194970,21347,173623
8870,2.818489289740699,194970,21347,173623
8871,2.818171570285199,194970,21347,173623
8872,2.81785392245266,194970,21347,173623
8873,2.817536346218866,194970,21347,173623
8874,2.817218841559612,194970,21347,173623
8875,2.816901408450704,194970,21347,173623
8876,2.8165840468679586,194970,21347,173623
8877,2.816266756787203,194970,21347,173623
8878,2.8159495381842756,194970,21347,173623
8879,2.8156323910350265,194970,21347,173623
8880,2.815315315315315,194970,21347,173623
8881,2.8149983110010135,194970,21347,173623
8882,2.814681378068003,194970,21347,173623
8883,2.814364516492176,194970,21347,173623
8884,2.814047726249437,194970,21347,173623
8885,2.8137310073157007,194970,21347,173623
8886,2.8134143596668917,194970,21347,173623
8887,2.813097783278947,194826,20971,173855
8888,2.812781278127813,194826,20971,173855
8889,2.8124648441894475,194826,20971,173855
8890,2.81214848143982,194826,20971,173855
8891,2.8118321898549095,194826,20971,173855
8892,2.8115159694107064,194826,20971,173855
8893,2.8111998200832113,194826,20971,173855
8894,2.8108837418484374,194826,20971,173855
8895,2.810567734682406,194826,20971,173855
8896,2.810251798561151,194826,20971,173855
8897,2.809935933460717,194823,20971,173852
8898,2.809620139357159,194823,20971,173852
8899,2.809304416226542,194823,20971,173852
8900,2.808988764044944,194823,20971,173852
8901,2.808673182788451,194823,20971,173852
8902,2.808357672433161,194823,20971,173852
8903,2.8080422329551835,194823,20971,173852
8904,2.807726864330638,194823,20971,173852
8905,2.807411566535654,194823,20971,173852
8906,2.8070963395463733,194823,20971,173852
8907,2.806781183338947,194823,20971,173852
8908,2.8064660978895377,194823,20971,173852
8909,2.806151083174318,194823,20971,173852
8910,2.8058361391694726,194823,20971,173852
8911,2.805521265851195,194823,20971,173852
8912,2.8052064631956912,194823,20971,173852
8913,2.8048917311791763,194823,20971,173852
8914,2.8045770697778774,194823,20971,173852
8915,2.8042624789680315,194823,20971,173852
8916,2.803947958725886,194823,20971,173852
8917,2.8036335090277,194823,20971,173852
8918,2.803319129849742,194823,20971,173852
8919,2.8030048211682925,194823,20971,173852
8920,2.802690582959641,194823,20971,173852
8921,2.8023764152000896,194823,20971,173852
8922,2.8020623178659494,194823,20971,173852
8923,2.8017482909335425,194823,20971,173852
8924,2.801434334379202,194823,20971,173852
8925,2.8011204481792715,194823,20971,173852
8926,2.8008066323101053,194823,20971,173852
8927,2.8004928867480676,194823,20971,173852
8928,2.800179211469534,194823,20971,173852
8929,2.7998656064508904,194823,20971,173852
8930,2.799552071668533,194823,20971,173852
8931,2.7992386070988693,194823,20971,173852
8932,2.798925212718316,194823,20971,173852
8933,2.7986118885033022,194823,20971,173852
8934,2.7982986344302665,194823,20971,173852
8935,2.7979854504756574,194823,20971,173852
8936,2.7976723366159355,194823,20971,173852
8937,2.797359292827571,194823,20971,173852
8938,2.7970463190870443,194823,20971,173852
8939,2.7967334153708467,194823,20971,173852
8940,2.796420581655481,194823,20971,173852
8941,2.7961078179174588,194823,20971,173852
8942,2.7957951241333037,194823,20971,173852
8943,2.7954825002795483,194823,20971,173852
8944,2.795169946332737,194823,20971,173852
8945,2.7948574622694244,194823,20971,173852
8946,2.794545048066175,194823,20971,173852
8947,2.794232703699564,194823,20971,173852
8948,2.793920429146178,194823,20971,173852
8949,2.793608224382613,194823,20971,173852
8950,2.793296089385475,194823,20971,173852
8951,2.792984024131382,194823,20971,173852
8952,2.7926720285969617,194823,20971,173852
8953,2.7923601027588516,194823,20971,173852
8954,2.7920482465937013,194823,20971,173852
8955,2.7917364600781687,194823,20971,173852
8956,2.7914247431889234,194823,20971,173852
8957,2.791113095902646,194823,20971,173852
8958,2.7908015181960257,194823,20971,173852
8959,2.790490010045764,194823,20971,173852
8960,2.7901785714285716,194823,20971,173852
8961,2.7898672023211697,194823,20971,173852
8962,2.78955590270029,194823,20971,173852
8963,2.7892446725426754,194823,20971,173852
8964,2.788933511825078,194823,20971,173852
8965,2.788622420524261,194823,20971,173852
8966,2.7883113986169974,194823,20971,173852
8967,2.7880004460800714,194823,20971,173852
8968,2.7876895628902765,194823,20971,173852
8969,2.7873787490244175,194823,20971,173852
8970,2.787068004459309,194823,20971,173852
8971,2.7867573291717758,194823,20971,173852
8972,2.7864467231386536,194823,20971,173852
8973,2.786136186336788,194823,20971,173852
8974,2.7858257187430353,194823,20971,173852
8975,2.785515320334262,194823,20971,173852
8976,2.785204991087344,194823,20971,173852
8977,2.784894730979169,194823,20971,173852
8978,2.784584539986634,194823,20971,173852
8979,2.7842744180866466,194823,20971,173852
8980,2.7839643652561246,194823,20971,173852
8981,2.7836543814719965,194823,20971,173852
8982,2.7833444667112004,194823,20971,173852
8983,2.7830346209506844,194823,20971,173852
8984,2.782724844167409,194823,20971,173852
8985,2.782415136338342,194823,20971,173852
8986,2.782105497440463,194823,20971,173852
8987,2.781795927450762,194823,20971,173852
8988,2.7814864263462393,194823,20971,173852
8989,2.781176994103905,194823,20971,173852
8990,2.7808676307007785,194823,20971,173852
8991,2.7805583361138915,194832,20921,173911
8992,2.780249110320285,194832,20921,173911
8993,2.7799399532970086,194832,20921,173911
8994,2.779630865021125,194832,20921,173911
8995,2.7793218454697053,194832,20921,173911
8996,2.779012894619831,194832,20921,173911
8997,2.778704012448594,194832,20921,173911
8998,2.7783951989330964,194832,20921,173911
8999,2.77808645405045,194832,20921,173911
9000,2.7777777777777777,194832,20921,173911
9001,2.777469170092212,194832,20921,173911
9002,2.7771606309708954,194832,20921,173911
9003,2.776852160390981,194832,20921,173911
9004,2.7765437583296313,194832,20921,173911
9005,2.77623542476402,194832,20921,173911
9006,2.77592715967133,194832,20921,173911
9007,2.7756189630287555,194832,20921,173911
9008,2.775310834813499,194832,20921,173911
9009,2.775002775002775,194832,20921,173911
9010,2.774694783573807,194832,20921,173911
9011,2.7743868605038284,194832,20921,173911
9012,2.7740790057700844,194832,20921,173911
9013,2.773771219349828,194832,20921,173911
9014,2.773463501220324,194832,20921,173911
9015,2.7731558513588466,194832,20921,173911
9016,2.7728482697426795,194832,20921,173911
9017,2.7725407563491182,194832,20921,173911
9018,2.7722333111554667,194832,20921,173911
9019,2.77192593413904,194832,20921,173911
9020,2.7716186252771617,194832,20921,173911
9021,2.7713113845471677,194832,20921,173911
9022,2.7710042119264022,194832,20921,173911
9023,2.7706971073922197,194832,20921,173911
9024,2.770390070921986,194832,20921,173911
9025,2.770083102493075,194832,20921,173911
9026,2.7697762020828716,194832,20921,173911
9027,2.7694693696687716,194832,20921,173911
9028,2.769162605228179,194832,20921,173911
9029,2.768855908738509,194832,20921,173911
9030,2.768549280177187,194832,20921,173911
9031,2.7682427195216475,194832,20921,173911
9032,2.7679362267493355,194832,20921,173911
9033,2.7676298018377063,194832,20921,173911
9034,2.767323444764224,194832,20921,173911
9035,2.7670171555063643,194832,20921,173911
9036,2.7667109340416114,194832,20921,173911
9037,2.7664047803474605,194832,20921,173911
9038,2.7660986944014163,194832,20921,173911
9039,2.7657926761809937,194832,20921,173911
9040,2.765486725663717,194832,20921,173911
9041,2.765180842827121,194832,20921,173911
9042,2.7648750276487504,194832,20921,173911
9043,2.7645692801061594,194832,20921,173911
9044,2.7642636001769127,194832,20921,173911
9045,2.7639579878385847,194832,20921,173911
9046,2.7636524430687595,194832,20921,173911
9047,2.7633469658450314,194832,20921,173911
9048,2.7630415561450046,194832,20921,173911
9049,2.7627362139462925,194832,20921,173911
9050,2.7624309392265194,194832,20921,173911
9051,2.762125731963319,194832,20921,173911
9052,2.761820592134335,194832,20921,173911
9053,2.761515519717221,194832,20921,173911
9054,2.76121051468964,194832,20921,173911
9055,2.7609055770292654,194832,20921,173911
9056,2.760600706713781,194832,20921,173911
9057,2.7602959037208787,194832,20921,173911
9058,2.7599911680282623,194832,20921,173911
9059,2.759686499613644,194832,20921,173911
9060,2.759381898454746,194832,20921,173911
9061,2.7590773645293014,194832,20921,173911
9062,2.758772897815052,194832,20921,173911
9063,2.7584684982897496,194832,20921,173911
9064,2.758164165931156,194832,20921,173911
9065,2.7578599007170435,194832,20921,173911
9066,2.757555702625193,194832,20921,173911
9067,2.757251571633396,194832,20921,173911
9068,2.756947507719453,194832,20921,173911
9069,2.7566435108611755,194832,20921,173911
9070,2.7563395810363835,194832,20921,173911
9071,2.756035718222908,194832,20921,173911
9072,2.755731922398589,194832,20921,173911
9073,2.755428193541276,194832,20921,173911
9074,2.7551245316288298,194832,20921,173911
9075,2.7548209366391183,194832,20921,173911
9076,2.754517408550022,194832,20921,173911
9077,2.754213947339429,194832,20921,173911
9078,2.7539105529852392,194832,20921,173911
9079,2.7536072254653594,194832,20921,173911
9080,2.753303964757709,194832,20921,173911
9081,2.7530007708402158,194832,20921,173911
9082,2.752697643690817,194832,20921,173911
9083,2.75239458328746,194832,20921,173911
9084,2.752091589608102,194832,20921,173911
9085,2.7517886626307098,194832,20921,173911
9086,2.75148580233326,194832,20921,173911
9087,2.7511830086937383,194832,20921,173911
9088,2.750880281690141,194832,20921,173911
9089,2.750577621300473,194832,20921,173911
9090,2.75027502750275,194832,20921,173911
9091,2.749972500274997,194832,20921,173911
9092,2.7496700395952485,194832,20921,173911
9093,2.7493676454415485,194832,20921,173911
9094,2.749065317791951,194832,20921,173911
9095,2.748763056624519,194832,20921,173911
9096,2.748460861917326,194832,20921,173911
9097,2.7481587336484554,194832,20921,173911
9098,2.747856671795999,194832,20921,173911
9099,2.747554676338059,194832,20921,173911
9100,2.7472527472527473,194832,20921,173911
9101,2.746950884518185,194832,20921,173911
9102,2.7466490881125027,194832,20921,173911
9103,2.7463473580138418,194832,20921,173911
9104,2.7460456942003515,194832,20921,173911
9105,2.745744096650192,194832,20921,173911
9106,2.745442565341533,194832,20921,173911
9107,2.745141100252553,194832,20921,173911
9108,2.7448397013614403,194832,20921,173911
9109,2.7445383686463938,194832,20921,173911
9110,2.74423710208562,194832,20921,173911
9111,2.7439359016573373,194832,20921,173911
9112,2.743634767339772,194832,20921,173911
9113,2.74333369911116,194832,20921,173911
9114,2.7430326969497476,194832,20921,173911
9115,2.7427317608337907,194832,20921,173911
9116,2.742430890741553,194832,20921,173911
9117,2.7421300866513105,194832,20921,173911
9118,2.741829348541347,194832,20921,173911
9119,2.741528676389955,194832,20921,173911
9120,2.741228070175439,194832,20921,173911
9121,2.74092752987611,194832,20921,173911
9122,2.7406270554702914,194832,20921,173911
9123,2.740326646936315,194832,20921,173911
9124,2.740026304252521,194832,20921,173911
9125,2.73972602739726,194832,20921,173911
9126,2.739425816348893,194832,20921,173911
9127,2.7391256710857896,194832,20921,173911
9128,2.7388255915863278,194832,20921,173911
9129,2.738525577828897,194832,20921,173911
9130,2.738225629791895,194832,20921,173911
9131,2.737925747453729,194832,20921,173911
9132,2.7376259307928166,194832,20921,173911
9133,2.7373261797875834,194832,20921,173911
9134,2.737026494416466,194832,20921,173911
9135,2.736726874657909,194832,20921,173911
9136,2.736427320490368,194832,20921,173911
9137,2.736127831892306,194832,20921,173911
9138,2.7358284088421976,194832,20921,173911
9139,2.735529051318525,194832,20921,173911
9140,2.735229759299781,194832,20921,173911
9141,2.734930532764468,194832,20921,173911
9142,2.734631371691096,194832,20921,173911
9143,2.7343322760581867,194832,20921,173911
9144,2.7340332458442695,194832,20921,173911
9145,2.733734281027884,194832,20921,173911
9146,2.7334353815875794,194832,20921,173911
9147,2.733136547501913,194832,20921,173911
9148,2.7328377787494533,194832,20921,173911
9149,2.732539075308777,194832,20921,173911
9150,2.73224043715847,194832,20921,173911
9151,2.731941864277128,194832,20921,173911
9152,2.7316433566433567,194832,20921,173911
9153,2.7313449142357697,194832,20921,173911
9154,2.731046537032991,194832,20921,173911
9155,2.7307482250136537,194832,20921,173911
9156,2.7304499781564,194832,20921,173911
9157,2.7301517964398823,194832,20921,173911
9158,2.7298536798427606,194832,20921,173911
9159,2.7295556283437055,194832,20921,173911
9160,2.7292576419213974,194832,20921,173911
9161,2.7289597205545246,194832,20921,173911
9162,2.7286618642217855,194832,20921,173911
9163,2.728364072901888,194832,20921,173911
9164,2.7280663465735486,194832,20921,173911
9165,2.727768685215494,194832,20921,173911
9166,2.7274710888064586,194832,20921,173911
9167,2.7271735573251883,194832,20921,173911
9168,2.7268760907504364,194832,20921,173911
9169,2.7265786890609665,194832,20921,173911
9170,2.7262813522355507,194832,20921,173911
9171,2.7259840802529713,194832,20921,173911
9172,2.725686873092019,194832,20921,173911
9173,2.7253897307314947,194832,20921,173911
9174,2.7250926531502073,194832,20921,173911
9175,2.7247956403269753,194832,20921,173911
9176,2.7244986922406276,194832,20921,173911
9177,2.724201808870001,194832,20921,173911
9178,2.723904990193942,194832,20921,173911
9179,2.723608236191306,194832,20921,173911
9180,2.7233115468409586,194832,20921,173911
9181,2.723014922121773,194832,20921,173911
9182,2.7227183620126336,194832,20921,173911
9183,2.722421866492432,194832,20921,173911
9184,2.7221254355400695,194832,20921,173911
9185,2.721829069134458,194832,20921,173911
9186,2.7215327672545175,194832,20921,173911
9187,2.721236529879177,194832,20921,173911
9188,2.720940356987375,194832,20921,173911
9189,2.7206442485580586,194832,20921,173911
9190,2.720348204570185,194832,20921,173911
9191,2.72005222500272,194832,20921,173911
9192,2.7197563098346387,194832,20921,173911
9193,2.7194604590449254,194832,20921,173911
9194,2.7191646726125733,194832,20921,173911
9195,2.718868950516585,194832,20921,173911
9196,2.718573292735972,194832,20921,173911
9197,2.7182776992497555,194832,20921,173911
9198,2.7179821700369646,194832,20921,173911
9199,2.717686705076639,194832,20921,173911
9200,2.717391304347826,194832,20921,173911
9201,2.7170959678295836,194832,20921,173911
9202,2.7168006955009782,194832,20921,173911
9203,2.7165054873410845,194832,20921,173911
9204,2.7162103433289873,194832,20921,173911
9205,2.7159152634437804,194832,20921,173911
9206,2.7156202476645666,194832,20921,173911
9207,2.7153252959704575,194832,20921,173911
9208,2.7150304083405734,194832,20921,173911
9209,2.714735584754045,194832,20921,173911
9210,2.7144408251900107,194832,20921,173911
9211,2.7141461296276193,194832,20921,173911
9212,2.713851498046027,194832,20921,173911
9213,2.7135569304244003,194832,20921,173911
9214,2.7132624267419145,193333,20921,172412
9215,2.7129679869777537,193333,20921,172412
9216,2.712673611111111,193333,20921,172412
9217,2.712379299121189,193333,20921,172412
9218,2.712085050987199,193122,20792,172330
9219,2.711790866688361,193122,20792,172330
9220,2.7114967462039044,192857,20807,172050
9221,2.711202689513068,192857,20807,172050
9222,2.710908696595099,192857,20807,172050
9223,2.710614767429253,192857,20807,172050
9224,2.710320901994796,192857,20807,172050
9225,2.710027100271003,192857,20807,172050
9226,2.7097333622371558,192857,20807,172050
9227,2.709439687872548,192857,20807,172050
9228,2.7091460771564804,192857,20807,172050
9229,2.708852530068263,192857,20807,172050
9230,2.7085590465872156,192857,20807,172050
9231,2.708265626692666,192857,20807,172050
9232,2.7079722703639515,192807,20807,172000
9233,2.707678977580418,192807,20807,172000
9234,2.7073857483214208,192807,20807,172000
9235,2.707092582566324,192807,20807,172000
9236,2.7067994802945,192807,20807,172000
9237,2.7065064414853306,192807,20807,172000
9238,2.7062134661182076,192807,20807,172000
9239,2.7059205541725295,192807,20807,172000
9240,2.705627705627706,192807,20807,172000
9241,2.7053349204631534,192807,20807,172000
9242,2.705042198658299,192807,20807,172000
9243,2.7047495401925783,192807,20807,172000
9244,2.7044569450454348,192807,20807,172000
9245,2.7041644131963225,192807,20807,172000
9246,2.7038719446247024,192807,20807,172000
9247,2.7035795393100464,192807,20807,172000
9248,2.703287197231834,192807,20807,172000
9249,2.7029949183695536,192807,20807,172000
9250,2.7027027027027026,192807,20807,172000
9251,2.702410550210788,192807,20807,172000
9252,2.702118460873325,192807,20807,172000
9253,2.7018264346698366,192807,20807,172000
9254,2.7015344715798575,192807,20807,172000
9255,2.7012425715829282,192807,20807,172000
9256,2.7009507346586,192807,20807,172000
9257,2.700658960786432,192807,20807,172000
9258,2.7003672499459928,192807,20807,172000
9259,2.7000756021168595,192807,20807,172000
9260,2.699784017278618,192807,20807,172000
9261,2.699492495410863,192807,20807,172000
9262,2.699201036493198,192807,20807,172000
9263,2.698909640505236,192807,20807,172000
9264,2.6986183074265977,192807,20807,172000
9265,2.698327037236913,192807,20807,172000
9266,2.6980358299158214,192807,20807,172000
9267,2.6977446854429696,192807,20807,172000
9268,2.6974536037980146,192807,20807,172000
9269,2.6971625849606213,192807,20807,172000
9270,2.696871628910464,192807,20807,172000
9271,2.696580735627225,192807,20807,172000
9272,2.6962899050905955,192807,20807,172000
9273,2.695999137280276,192807,20807,172000
9274,2.6957084321759757,192807,20807,172000
9275,2.6954177897574123,192807,20807,172000
9276,2.695127210004312,192807,20807,172000
9277,2.6948366928964105,192663,20807,171856
9278,2.694546238413451,192663,20807,171856
9279,2.694255846535187,192663,20807,171856
9280,2.6939655172413794,192663,20807,171856
9281,2.6936752505117982,192663,20807,171856
9282,2.693385046326223,192663,20807,171856
9283,2.6930949046644406,192663,20807,171856
9284,2.692804825506247,192663,20807,171856
9285,2.6925148088314486,192663,20807,171856
9286,2.692224854619858,192663,20807,171856
9287,2.6919349628512976,192663,20807,171856
9288,2.6916451335055984,192663,20807,171856
9289,2.691355366562601,192663,20807,171856
9290,2.6910656620021527,192663,20807,171856
9291,2.6907760198041113,192663,20807,171856
9292,2.6904864399483426,192663,20807,171856
9293,2.690196922414721,192663,20807,171856
9294,2.689907467183129,192663,20807,171856
9295,2.6896180742334588,192663,20807,171856
9296,2.689328743545611,192663,20807,171856
9297,2.6890394750994946,192663,20807,171856
9298,2.688750268875027,192663,20807,171856
9299,2.6884611248521346,192663,20807,171856
9300,2.6881720430107525,192663,20807,171856
9301,2.6878830233308246,192663,20807,171856
9302,2.6875940657923025,192663,20807,171856
9303,2.6873051703751476,192663,20807,171856
9304,2.687016337059329,192663,20807,171856
9305,2.6867275658248255,192663,20807,171856
9306,2.6864388566516224,192663,20807,171856
9307,2.6861502095197163,192663,20807,171856
9308,2.6858616244091102,192663,20807,171856
9309,2.685573101299817,192663,20807,171856
9310,2.6852846401718584,192663,20807,171856
9311,2.684996241005263,192663,20807,171856
9312,2.6847079037800685,192663,20807,171856
9313,2.6844196284763235,192663,20807,171856
9314,2.684131415074082,192663,20807,171856
9315,2.6838432635534084,192663,20807,171856
9316,2.6835551738943755,192663,20807,171856
9317,2.6832671460770636,192663,20807,171856
9318,2.6829791800815626,192663,20807,171856
9319,2.682691275887971,192663,20807,171856
9320,2.6824034334763946,192663,20807,171856
9321,2.68211565282695,192663,20807,171856
9322,2.6818279339197595,192663,20807,171856
9323,2.6815402767349568,192663,20807,171856
9324,2.681252681252681,192663,20807,171856
9325,2.680965147453083,192663,20807,171856
9326,2.68067767531632,192663,20807,171856
9327,2.680390264822558,192663,20807,171856
9328,2.6801029159519727,192663,20807,171856
9329,2.6798156286847465,192663,20807,171856
9330,2.679528403001072,192663,20807,171856
9331,2.679241238881149,192663,20807,171856
9332,2.6789541363051863,192663,20807,171856
9333,2.678667095253402,192663,20807,171856
9334,2.678380115706021,192663,20807,171856
9335,2.678093197643278,192663,20807,171856
9336,2.677806341045416,192663,20807,171856
9337,2.677519545892685,192663,20807,171856
9338,2.6772328121653457,192663,20807,171856
9339,2.6769461398436665,192663,20807,171856
9340,2.6766595289079227,192663,20807,171856
9341,2.676372979338401,192663,20807,171856
9342,2.676086491115393,192663,20807,171856
9343,2.6758000642192017,192663,20807,171856
9344,2.675513698630137,192663,20807,171856
9345,2.675227394328518,192663,20807,171856
9346,2.6749411512946715,192663,20807,171856
9347,2.6746549695089334,192663,20807,171856
9348,2.6743688489516475,192663,20807,171856
9349,2.6740827896031663,192663,20807,171856
9350,2.6737967914438503,192663,20807,171856
9351,2.673510854454069,192663,20807,171856
9352,2.6732249786142,192663,20807,171856
9353,2.6729391639046294,192663,20807,171856
9354,2.6726534103057515,192663,20807,171856
9355,2.672367717797969,192663,20807,171856
9356,2.672082086361693,192663,20807,171856
9357,2.671796515977343,192663,20807,171856
9358,2.671511006625347,192663,20807,171856
9359,2.6712255582861415,192663,20807,171856
9360,2.6709401709401708,192663,20807,171856
9361,2.670654844567888,192663,20807,171856
9362,2.6703695791497544,192663,20807,171856
9363,2.6700843746662395,192663,20807,171856
9364,2.6697992310978216,192663,20807,171856
9365,2.6695141484249865,192663,20807,171856
9366,2.6692291266282298,192663,20807,171856
9367,2.6689441656880537,192663,20807,171856
9368,2.66865926558497,192663,20807,171856
9369,2.6683744262994984,192663,20807,171856
9370,2.6680896478121663,192663,20807,171856
9371,2.667804930103511,192663,20807,171856
9372,2.667520273154076,192663,20807,171856
9373,2.667235676944415,192663,20807,171856
9374,2.6669511414550886,192663,20807,171856
9375,2.6666666666666665,192663,20807,171856
9376,2.666382252559727,192663,20807,171856
9377,2.6660978991148556,192663,20807,171856
9378,2.6658136063126467,192663,20807,171856
9379,2.665529374133703,192663,20807,171856
9380,2.6652452025586353,192663,20807,171856
9381,2.6649610915680633,192663,20807,171856
9382,2.6646770411426135,192663,20807,171856
9383,2.6643930512629224,192663,20807,171856
9384,2.6641091219096333,192663,20807,171856
9385,2.6638252530633992,192663,20807,171856
9386,2.6635414447048795,192663,20807,171856
9387,2.663257696814744,192663,20807,171856
9388,2.6629740093736687,192663,20807,171856
9389,2.662690382362339,192663,20807,171856
9390,2.6624068157614484,192663,20807,171856
9391,2.6621233095516983,192663,20807,171856
9392,2.6618398637137988,192663,20807,171856
9393,2.661556478228468,192663,20807,171856
9394,2.661273153076432,192663,20807,171856
9395,2.660989888238425,192663,20807,171856
9396,2.6607066836951896,192663,20807,171856
9397,2.6604235394274767,192663,20807,171856
9398,2.660140455416046,192663,20807,171856
9399,2.659857431641664,192663,20807,171856
9400,2.6595744680851063,192663,20807,171856
9401,2.6592915647271567,192663,20807,171856
9402,2.6590087215486067,192663,20807,171856
9403,2.658725938530256,192663,20807,171856
9404,2.658443215652914,192663,20807,171856
9405,2.658160552897395,192663,20807,171856
9406,2.657877950244525,192663,20807,171856
9407,2.6575954076751356,192663,20807,171856
9408,2.6573129251700682,192663,20807,171856
9409,2.657030502710171,192663,20807,171856
9410,2.656748140276302,192663,20807,171856
9411,2.6564658378493253,192663,20807,171856
9412,2.656183595410115,192663,20807,171856
9413,2.6559014129395515,192663,20807,171856
9414,2.6556192904185254,192663,20807,171856
9415,2.655337227827934,192663,20807,171856
9416,2.655055225148683,192663,20807,171856
9417,2.6547732823616865,192663,20807,171856
9418,2.6544913994478656,192663,20807,171856
9419,2.6542095763881517,192663,20807,171856
9420,2.653927813163482,192663,20807,171856
9421,2.653646109754803,192663,20807,171856
9422,2.6533644661430693,192663,20807,171856
9423,2.6530828823092434,192663,20807,171856
9424,2.6528013582342953,192663,20807,171856
9425,2.6525198938992043,192663,20807,171856
9426,2.6522384892849566,192663,20807,171856
9427,2.651957144372547,192663,20807,171856
9428,2.6516758591429785,192663,20807,171856
9429,2.6513946335772616,192663,20807,171856
9430,2.651113467656416,192663,20807,171856
9431,2.6508323613614677,192663,20807,171856
9432,2.6505513146734523,192663,20807,171856
9433,2.6502703275734123,192663,20807,171856
9434,2.6499894000424,192663,20807,171856
9435,2.649708532061473,192663,20807,171856
9436,2.6494277236117,192663,20807,171856
9437,2.6491469746741547,192663,20807,171856
9438,2.6488662852299214,192663,20807,171856
9439,2.6485856552600913,192663,20807,171856
9440,2.6483050847457625,192663,20807,171856
9441,2.6480245736680437,192663,20807,171856
9442,2.6477441220080493,192663,20807,171856
9443,2.6474637297469026,192663,20807,171856
9444,2.647183396865735,192663,20807,171856
9445,2.6469031233456857,192663,20807,171856
9446,2.6466229091679017,192663,20807,171856
9447,2.6463427543135385,192663,20807,171856
9448,2.6460626587637597,192663,20807,171856
9449,2.6457826224997354,192663,20807,171856
9450,2.6455026455026456,192663,20807,171856
9451,2.645222727753677,192663,20807,171856
9452,2.6449428692340247,192663,20807,171856
9453,2.6446630699248916,192663,20807,171856
9454,2.644383329807489,192663,20807,171856
9455,2.6441036488630356,192663,20807,171856
9456,2.643824027072758,192663,20807,171856
9457,2.6435444644178916,192663,20807,171856
9458,2.6432649608796788,192663,20807,171856
9459,2.64298551643937,192663,20807,171856
9460,2.6427061310782243,192663,20807,171856
9461,2.6424268047775077,192663,20807,171856
9462,2.642147537518495,192663,20807,171856
9463,2.6418683292824685,192663,20807,171856
9464,2.6415891800507185,192663,20807,171856
9465,2.641310089804543,192663,20807,171856
9466,2.641031058525248,192663,20807,171856
9467,2.6407520861941483,192663,20807,171856
9468,2.6404731727925643,192663,20807,171856
9469,2.640194318301827,192663,20807,171856
9470,2.6399155227032733,192663,20807,171856
9471,2.6396367859782495,192663,20807,171856
9472,2.639358108108108,192663,20807,171856
9473,2.639079489074211,192663,20807,171856
9474,2.638800928857927,192663,20807,171856
9475,2.638522427440633,192663,20807,171856
9476,2.6382439848037147,192663,20807,171856
9477,2.6379656009285637,192663,20807,171856
9478,2.6376872757965817,192663,20807,171856
9479,2.637409009389176,192663,20807,171856
9480,2.6371308016877637,192663,20807,171856
9481,2.6368526526737686,192663,20807,171856
9482,2.6365745623286228,192663,20807,171856
9483,2.6362965306337656,192663,20807,171856
9484,2.636018557570645,192663,20807,171856
9485,2.635740643120717,192663,20807,171856
9486,2.635462787265444,192663,20807,171856
9487,2.635184989986297,192523,20839,171684
9488,2.6349072512647553,192523,20839,171684
9489,2.6346295710823058,192523,20839,171684
9490,2.6343519494204424,192523,20839,171684
9491,2.634074386260668,192523,20839,171684
9492,2.6337968815844923,192523,20839,171684
9493,2.633519435373433,192523,20839,171684
9494,2.6332420476090164,192523,20839,171684
9495,2.6329647182727753,192523,20839,171684
9496,2.632687447346251,192523,20839,171684
9497,2.632410234810993,192523,20839,171684
9498,2.6321330806485577,192523,20839,171684
9499,2.6318559848405094,192523,20839,171684
9500,2.6315789473684212,192523,20839,171684
9501,2.6313019682138723,192523,20839,171684
9502,2.6310250473584507,192523,20839,171684
9503,2.6307481847837524,192523,20839,171684
9504,2.6304713804713806,192523,20839,171684
9505,2.6301946344029457,192523,20839,171684
9506,2.6299179465600675,192523,20839,171684
9507,2.6296413169243715,192523,20839,171684
9508,2.6293647454774924,192523,20839,171684
9509,2.6290882322010725,192523,20839,171684
9510,2.6288117770767614,192523,20839,171684
9511,2.628535380086216,192523,20839,171684
9512,2.628259041211102,192523,20839,171684
9513,2.6279827604330914,192523,20839,171684
9514,2.6277065377338658,192523,20839,171684
9515,2.627430373095113,192523,20839,171684
9516,2.627154266498529,192523,20839,171684
9517,2.626878217925817,192523,20839,171684
9518,2.626602227358689,192523,20839,171684
9519,2.6263262947788633,192523,20839,171684
9520,2.6260504201680672,192523,20839,171684
9521,2.625774603508035,192523,20839,171684
9522,2.625498844780508,192523,20839,171684
9523,2.6252231439672373,192523,20839,171684
9524,2.624947501049979,192523,20839,171684
9525,2.6246719160104988,192523,20839,171684
9526,2.624396388830569,192523,20839,171684
9527,2.62412091949197,192523,20839,171684
9528,2.6238455079764904,192523,20839,171684
9529,2.623570154265925,192523,20839,171684
9530,2.6232948583420774,192523,20839,171684
9531,2.623019620186759,192523,20839,171684
9532,2.622744439781788,192523,20839,171684
9533,2.62246931710899,192523,20839,171684
9534,2.6221942521501993,192523,20839,171684
9535,2.6219192448872577,192523,20839,171684
9536,2.6216442953020134,192523,20839,171684
9537,2.621369403376324,192523,20839,171684
9538,2.621094569092053,192523,20839,171684
9539,2.6208197924310723,192523,20839,171684
9540,2.620545073375262,192523,20839,171684
9541,2.6202704119065086,192523,20839,171684
9542,2.619995808006707,192523,20839,171684
9543,2.6197212616577596,192523,20839,171684
9544,2.619446772841576,192523,20839,171684
9545,2.6191723415400734,192523,20839,171684
9546,2.618897967735177,192523,20839,171684
9547,2.6186236514088197,192523,20839,171684
9548,2.618349392542941,192523,20839,171684
9549,2.618075191119489,192523,20839,171684
9550,2.6178010471204187,192523,20839,171684
9551,2.6175269605276936,192523,20839,171684
9552,2.617252931323283,192523,20839,171684
9553,2.616978959489166,192523,20839,171684
9554,2.616705045007327,192523,20839,171684
9555,2.6164311878597593,192523,20839,171684
9556,2.616157388028464,192523,20839,171684
9557,2.6158836454954484,192523,20839,171684
9558,2.6156099602427285,192523,20839,171684
9559,2.6153363322523275,192523,20839,171684
9560,2.6150627615062763,192523,20839,171684
9561,2.614789247986612,192523,20839,171684
9562,2.6145157916753816,192523,20839,171684
9563,2.6142423925546376,192523,20839,171684
9564,2.613969050606441,192523,20839,171684
9565,2.6136957658128592,192523,20839,171684
9566,2.613422538155969,192523,20839,171684
9567,2.613149367617853,192523,20839,171684
9568,2.612876254180602,192523,20839,171684
9569,2.612603197826314,192523,20839,171684
9570,2.6123301985370952,192523,20839,171684
9571,2.612057256295058,192523,20839,171684
9572,2.6117843710823236,192523,20839,171684
9573,2.6115115428810194,192523,20839,171684
9574,2.611238771673282,192523,20839,171684
9575,2.6109660574412534,192523,20839,171684
9576,2.6106934001670843,192523,20839,171684
9577,2.610420799832933,192523,20839,171684
9578,2.6101482564209646,192523,20839,171684
9579,2.609875769913352,192523,20839,171684
9580,2.6096033402922756,192523,20839,171684
9581,2.6093309675399228,192523,20839,171684
9582,2.609058651638489,192523,20839,171684
9583,2.608786392570176,192523,20839,171684
9584,2.6085141903171953,192523,20839,171684
9585,2.6082420448617634,192523,20839,171684
9586,2.6079699561861047,192523,20839,171684
9587,2.6076979242724523,192523,20839,171684
9588,2.6074259491030456,192523,20839,171684
9589,2.6071540306601313,192523,20839,171684
9590,2.6068821689259645,192523,20839,171684
9591,2.606610363882807,192523,20839,171684
9592,2.6063386155129273,192523,20839,171684
9593,2.606066923798603,192523,20839,171684
9594,2.605795288722118,192523,20839,171684
9595,2.6055237102657633,192523,20839,171684
9596,2.6052521884118383,192523,20839,171684
9597,2.6049807231426487,192523,20839,171684
9598,2.6047093144405085,192523,20839,171684
9599,2.6044379622877383,192523,20839,171684
9600,2.6041666666666665,192523,20839,171684
9601,2.603895427559629,192523,20839,171684
9602,2.603624244948969,192523,20839,171684
9603,2.6033531188170365,192523,20839,171684
9604,2.603082049146189,192523,20839,171684
9605,2.6028110359187924,192523,20839,171684
9606,2.6025400791172184,192523,20839,171684
9607,2.602269178723847,192523,20839,171684
9608,2.6019983347210656,192523,20839,171684
9609,2.6017275470912686,192523,20839,171684
9610,2.6014568158168574,192523,20704,171819
9611,2.6011861408802415,192523,20704,171819
9612,2.6009155222638367,192523,20704,171819
9613,2.600644959950068,192523,20704,171819
9614,2.6003744539213645,192523,20704,171819
9615,2.6001040041601664,192523,20704,171819
9616,2.5998336106489184,192523,20704,171819
9617,2.599563273370074,192523,20704,171819
9618,2.5992929923060926,192433,20704,171729
9619,2.599022767439443,192433,20704,171729
9620,2.598752598752599,192433,20704,171729
9621,2.598482486228043,192433,20704,171729
9622,2.5982124298482643,192433,20704,171729
9623,2.59794242959576,192433,20704,171729
9624,2.597672485453034,192433,20704,171729
9625,2.5974025974025974,192433,20704,171729
9626,2.5971327654269687,192433,20704,171729
9627,2.5968629895086734,192433,20704,171729
9628,2.596593269630245,192433,20704,171729
9629,2.5963236057742236,192433,20704,171729
9630,2.596053997923157,192433,20704,171729
9631,2.595784446059599,192433,20704,171729
9632,2.595514950166113,192433,20704,171729
9633,2.595245510225267,192433,20704,171729
9634,2.5949761262196387,192433,20704,171729
9635,2.5947067981318113,192433,20704,171729
9636,2.5944375259443753,192433,20704,171729
9637,2.5941683096399295,192433,20704,171729
9638,2.593899149201079,192433,20704,171729
9639,2.593630044610437,192433,20704,171729
9640,2.5933609958506225,192433,20704,171729
9641,2.593092002904263,192433,20704,171729
9642,2.592823065753993,192433,20704,171729
9643,2.5925541843824536,192433,20704,171729
9644,2.5922853587722936,192433,20704,171729
9645,2.592016588906169,192433,20704,171729
9646,2.591747874766743,192433,20704,171729
9647,2.591479216336685,192433,20704,171729
9648,2.5912106135986734,192433,20704,171729
9649,2.5909420665353924,192433,20704,171729
9650,2.5906735751295336,192433,20704,171729
9651,2.5904051393637966,192433,20704,171729
9652,2.590136759220887,192433,20704,171729
9653,2.589868434683518,192433,20704,171729
9654,2.5896001657344105,192433,20704,171729
9655,2.589331952356292,192433,20704,171729
9656,2.589063794531897,192433,20704,171729
9657,2.588795692243968,192433,20704,171729
9658,2.5885276454752537,192433,20704,171729
9659,2.5882596542085103,192433,20704,171729
9660,2.587991718426501,192433,20704,171729
9661,2.5877238381119967,192433,20704,171729
9662,2.587456013247775,192433,20704,171729
9663,2.58718824381662,192433,20704,171729
9664,2.5869205298013247,192433,20704,171729
9665,2.586652871184687,192433,20704,171729
9666,2.5863852679495136,192433,20704,171729
9667,2.586117720078618,192433,20704,171729
9668,2.58585022755482,192433,20704,171729
9669,2.5855827903609474,192433,20704,171729
9670,2.5853154084798344,192433,20704,171729
9671,2.5850480818943233,192433,20704,171729
9672,2.584780810587262,192433,20704,171729
9673,2.5845135945415074,192289,20676,171613
9674,2.5842464337399216,192289,20676,171613
9675,2.5839793281653747,192289,20676,171613
9676,2.583712277800744,192289,20676,171613
9677,2.583445282628914,192289,20676,171613
9678,2.5831783426327752,192289,20676,171613
9679,2.582911457795227,192289,20676,171613
9680,2.5826446280991737,192289,20676,171613
9681,2.5823778535275284,192289,20676,171613
9682,2.58211113406321,192289,20676,171613
9683,2.581844469689146,192289,20676,171613
9684,2.5815778603882693,192289,20676,171613
9685,2.581311306143521,192289,20676,171613
9686,2.5810448069378484,192289,20676,171613
9687,2.5807783627542067,192289,20676,171613
9688,2.5805119735755575,192289,20676,171613
9689,2.5802456393848696,192289,20676,171613
9690,2.579979360165119,192289,20676,171613
9691,2.579713135899288,192289,20676,171613
9692,2.579446966570367,192289,20676,171613
9693,2.5791808521613535,192289,20676,171613
9694,2.5789147926552505,192289,20676,171613
9695,2.5786487880350695,192289,20676,171613
9696,2.5783828382838285,192289,20676,171613
9697,2.578116943384552,192289,20676,171613
9698,2.5778511033202722,192289,20676,171613
9699,2.5775853180740285,192289,20676,171613
9700,2.577319587628866,192289,20676,171613
9701,2.5770539119678384,192289,20676,171613
9702,2.5767882910740054,192289,20676,171613
9703,2.576522724930434,192289,20676,171613
9704,2.576257213520198,192289,20676,171613
9705,2.575991756826378,192289,20676,171613
9706,2.575726354832063,192289,20676,171613
9707,2.5754610075203463,192289,20676,171613
9708,2.5751957148743303,192289,20676,171613
9709,2.574930476877124,192289,20676,171613
9710,2.5746652935118433,192289,20676,171613
9711,2.5744001647616104,192289,20676,171613
9712,2.574135090609555,192289,20676,171613
9713,2.573870071038814,192289,20676,171613
9714,2.5736051060325305,192289,20676,171613
9715,2.573340195573855,192289,20676,171613
9716,2.573075339645945,192289,20676,171613
9717,2.572810538231965,192289,20676,171613
9718,2.5725457913150853,192289,20676,171613
9719,2.5722810988784857,192289,20676,171613
9720,2.57201646090535,192289,20676,171613
9721,2.5717518773788703,192289,20676,171613
9722,2.5714873482822465,192289,20676,171613
9723,2.5712228735986837,192289,20676,171613
9724,2.5709584533113943,192289,20676,171613
9725,2.570694087403599,192289,20676,171613
9726,2.5704297758585235,192289,20676,171613
9727,2.5701655186594015,192289,20676,171613
9728,2.569901315789474,192289,20676,171613
9729,2.5696371672319867,192289,20676,171613
9730,2.5693730729701953,192289,20676,171613
9731,2.56910903298736,192289,20676,171613
9732,2.568845047266749,192289,20676,171613
9733,2.5685811157916367,192289,20676,171613
9734,2.5683172385453052,192289,20676,171613
9735,2.568053415511043,192289,20676,171613
9736,2.5677896466721446,192289,20676,171613
9737,2.5675259320119133,192289,20676,171613
9738,2.5672622715136577,192289,20676,171613
9739,2.566998665160694,192289,20676,171613
9740,2.566735112936345,192289,20676,171613
9741,2.56647161482394,192289,20676,171613
9742,2.566208170806816,192289,20676,171613
9743,2.565944780868316,192289,20676,171613
9744,2.5656814449917897,192289,20676,171613
9745,2.565418163160595,192289,20676,171613
9746,2.5651549353580956,192289,20676,171613
9747,2.5648917615676616,192289,20676,171613
9748,2.5646286417726714,192289,20676,171613
9749,2.5643655759565083,192289,20676,171613
9750,2.5641025641025643,192289,20676,171613
9751,2.5638396061942363,192289,20676,171613
9752,2.56357670221493,192289,20676,171613
9753,2.563313852148057,192289,20676,171613
9754,2.563051055977035,192057,20844,171213
9755,2.5627883136852896,192057,20844,171213
9756,2.5625256252562525,192057,20844,171213
9757,2.5622629906733625,192057,20844,171213
9758,2.5620004099200657,192057,20844,171213
9759,2.5617378829798136,192057,20844,171213
9760,2.5614754098360657,192057,20844,171213
9761,2.5612129904722876,192057,20844,171213
9762,2.5609506248719525,192057,20844,171213
9763,2.5606883130185394,192057,20844,171213
9764,2.5604260548955344,192057,20844,171213
9765,2.5601638504864312,192057,20844,171213
9766,2.559901699774729,192057,20844,171213
9767,2.5596396027439337,192057,20844,171213
9768,2.5593775593775594,192057,20844,171213
9769,2.559115569659126,192057,20844,171213
9770,2.5588536335721597,192057,20844,171213
9771,2.5585917511001943,192057,20844,171213
9772,2.5583299222267706,192057,20844,171213
9773,2.5580681469354345,191934,20844,171090
9774,2.55780642520974,191934,20844,171090
9775,2.557544757033248,191934,20844,171090
9776,2.5572831423895255,191934,20844,171090
9777,2.5570215812621457,191934,20844,171090
9778,2.55676007363469,191934,20844,171090
9779,2.5564986194907453,191934,20844,171090
9780,2.556237218813906,191934,20844,171090
9781,2.5559758715877723,191735,20844,170891
9782,2.5557145777959516,191735,20844,170891
9783,2.5554533374220587,191735,20844,170891
9784,2.555192150449714,191735,20844,170891
9785,2.5549310168625445,191735,20844,170891
9786,2.5546699366441854,191735,20844,170891
9787,2.554408909778277,191735,20844,170891
9788,2.5541479362484676,191735,20844,170891
9789,2.5538870160384106,191735,20844,170891
9790,2.5536261491317673,191735,20844,170891
9791,2.553365335512205,191735,20844,170891
9792,2.5531045751633985,191735,20844,170891
9793,2.552843868069029,191735,20844,170891
9794,2.5525832142127833,191735,20844,170891
9795,2.5523226135783563,191735,20844,170891
9796,2.552062066149449,191735,20844,170891
9797,2.551801571909768,191735,20844,170891
9798,2.551541130843029,191735,20844,170891
9799,2.5512807429329523,191735,20844,170891
9800,2.5510204081632653,191735,20844,170891
9801,2.5507601265177025,191735,20844,170891
9802,2.550499897980004,191735,20844,170891
9803,2.5502397225339184,191735,20844,170891
9804,2.5499796001631987,191735,20844,170891
9805,2.5497195308516063,191735,20844,170891
9806,2.5494595145829084,191735,20844,170891
9807,2.549199551340879,191735,20844,170891
9808,2.5489396411092984,191735,20844,170891
9809,2.5486797838719544,191735,20844,170891
9810,2.5484199796126403,191735,20844,170891
9811,2.5481602283151563,191735,20844,170891
9812,2.5479005299633104,191735,20844,170891
9813,2.547640884540915,191735,20844,170891
9814,2.5473812920317913,191735,20844,170891
9815,2.547121752419766,191735,20844,170891
9816,2.5468622656886715,191735,20844,170891
9817,2.546602831822349,191735,20844,170891
9818,2.5463434508046445,191735,20844,170891
9819,2.5460841226194115,191735,20844,170891
9820,2.545824847250509,191735,20844,170891
9821,2.5455656246818044,191735,20844,170891
9822,2.54530645489717,191735,20844,170891
9823,2.5450473378804848,191735,20844,170891
9824,2.544788273615635,191735,20844,170891
9825,2.544529262086514,191735,20844,170891
9826,2.54427030327702,191735,20844,170891
9827,2.5440113971710594,191735,20844,170891
9828,2.543752543752544,191735,20844,170891
9829,2.543493743005392,191735,20844,170891
9830,2.5432349949135302,191735,20844,170891
9831,2.542976299460889,191735,20844,170891
9832,2.5427176566314076,191735,20844,170891
9833,2.5424590664090307,191735,20844,170891
9834,2.54220052877771,191735,20844,170891
9835,2.541942043721403,191735,20844,170891
9836,2.541683611224075,191735,20844,170891
9837,2.541425231269696,191735,20844,170891
9838,2.541166903842244,191735,20844,170891
9839,2.540908628925704,191735,20844,170891
9840,2.540650406504065,191735,20844,170891
9841,2.540392236561325,191735,20844,170891
9842,2.5401341190814875,191735,20844,170891
9843,2.5398760540485625,191735,20844,170891
9844,2.5396180414465666,191259,20844,170415
9845,2.5393600812595225,191259,20844,170415
9846,2.5391021734714605,191259,20844,170415
9847,2.538844318066416,191259,20844,170415
9848,2.5385865150284324,191259,20844,170415
9849,2.5383287643415575,191259,20844,170415
9850,2.5380710659898478,191140,20612,170528
9851,2.5378134199573648,190931,20612,170319
9852,2.537555826228177,190931,20612,170319
9853,2.5372982847863597,190931,20612,170319
9854,2.5370407956159937,190931,20612,170319
9855,2.536783358701167,190931,20612,170319
9856,2.5365259740259742,190931,20612,170319
9857,2.5362686415745155,190931,20612,170319
9858,2.5360113613308988,190931,20612,170319
9859,2.5357541332792373,190931,20612,170319
9860,2.535496957403651,190931,20612,170319
9861,2.535239833688267,190931,20612,170319
9862,2.5349827621172176,190931,20612,170319
9863,2.5347257426746426,190931,20612,170319
9864,2.534468775344688,190931,20612,170319
9865,2.534211860111505,190931,20612,170319
9866,2.533954996959254,190498,20612,169886
9867,2.533698185872099,190498,20612,169886
9868,2.533441426834212,190498,20612,169886
9869,2.53318471982977,190498,20612,169886
9870,2.5329280648429586,190498,20612,169886
9871,2.532671461857968,190498,20612,169886
9872,2.532414910858995,190498,20612,169886
9873,2.532158411830244,190498,20612,169886
9874,2.5319019647559244,190498,20612,169886
9875,2.5316455696202533,190498,20612,169886
9876,2.5313892264074522,190498,20612,169886
9877,2.5311329351017515,190498,20612,169886
9878,2.530876695687386,190498,20612,169886
9879,2.530620508148598,190498,20612,169886
9880,2.5303643724696356,190498,20612,169886
9881,2.5301082886347537,190498,20612,169886
9882,2.529852256628213,190498,20612,169886
9883,2.529596276434281,190498,20612,169886
9884,2.529340348037232,190498,20612,169886
9885,2.5290844714213456,190498,20612,169886
9886,2.5288286465709082,190498,20612,169886
9887,2.5285728734702135,190498,20612,169886
9888,2.52831715210356,190363,20629,169734
9889,2.528061482455253,190363,20629,169734
9890,2.5278058645096055,190363,20629,169734
9891,2.5275502982509352,190363,20629,169734
9892,2.5272947836635664,190363,20629,169734
9893,2.5270393207318307,190363,20629,169734
9894,2.5267839094400646,190363,20629,169734
9895,2.526528549772612,190363,20629,169734
9896,2.526273241713824,190363,20629,169734
9897,2.526017985248055,190363,20629,169734
9898,2.5257627803596687,190363,20629,169734
9899,2.5255076270330337,190363,20629,169734
9900,2.525252525252525,190363,20629,169734
9901,2.524997475002525,190363,20629,169734
9902,2.524742476267421,190363,20629,169734
9903,2.5244875290316067,190363,20629,169734
9904,2.524232633279483,190363,20629,169734
9905,2.523977788995457,190363,20629,169734
9906,2.523722996163941,190363,20629,169734
9907,2.523468254769355,190363,20629,169734
9908,2.5232135647961242,190363,20629,169734
9909,2.522958926228681,190363,20629,169734
9910,2.522704339051463,190363,20629,169734
9911,2.5224498032489153,190363,20629,169734
9912,2.522195318805488,190156,20629,169527
9913,2.521940885705639,190156,20629,169527
9914,2.521686503933831,190156,20629,169527
9915,2.5214321734745337,190156,20629,169527
9916,2.5211778943122227,190156,20629,169527
9917,2.5209236664313805,190156,20629,169527
9918,2.520669489816495,190156,20629,169527
9919,2.5204153644520617,190156,20629,169527
9920,2.5201612903225805,190156,20629,169527
9921,2.519907267412559,190156,20629,169527
9922,2.5196532957065108,190156,20629,169527
9923,2.519399375188955,190156,20629,169527
9924,2.5191455058444174,190156,20629,169527
9925,2.5188916876574305,190156,20629,169527
9926,2.518637920612533,190156,20629,169527
9927,2.518384204694268,190156,20629,169527
9928,2.5181305398871876,190156,20629,169527
9929,2.5178769261758487,190156,20629,169527
9930,2.5176233635448138,190156,20629,169527
9931,2.5173698519786525,190156,20629,169527
9932,2.517116391461941,190156,20629,169527
9933,2.516862981979261,190156,20629,169527
9934,2.5166096235152002,190156,20629,169527
9935,2.5163563160543534,190156,20629,169527
9936,2.5161030595813205,190156,20629,169527
9937,2.5158498540807086,190156,20629,169527
9938,2.5155966995371304,190156,20629,169527
9939,2.515343595935205,190156,20629,169527
9940,2.515090543259557,190156,20629,169527
9941,2.5148375414948196,190156,20629,169527
9942,2.5145845906256286,190156,20629,169527
9943,2.5143316906366286,190156,20629,169527
9944,2.51407884151247,190156,20629,169527
9945,2.513826043237808,190156,20629,169527
9946,2.5135732957973054,190156,20629,169527
9947,2.5133205991756307,190156,20629,169527
9948,2.5130679533574587,190156,20629,169527
9949,2.51281535832747,190156,20629,169527
9950,2.512562814070352,190156,20629,169527
9951,2.512310320570797,190156,20629,169527
9952,2.512057877813505,190156,20629,169527
9953,2.511805485783181,190156,20629,169527
9954,2.511553144464537,190156,20629,169527
9955,2.5113008538422905,190156,20629,169527
9956,2.511048613901165,190156,20629,169527
9957,2.5107964246258914,190156,20629,169527
9958,2.5105442860012053,190156,20629,169527
9959,2.5102921980118484,190156,20629,169527
9960,2.5100401606425704,190156,20629,169527
9961,2.5097881738781247,190156,20629,169527
9962,2.5095362377032724,190156,20629,169527
9963,2.5092843521027803,190156,20629,169527
9964,2.509032517061421,190156,20629,169527
9965,2.5087807325639737,190156,20629,169527
9966,2.508528998595224,190156,20629,169527
9967,2.5082773151399618,190156,20629,169527
9968,2.5080256821829856,190156,20629,169527
9969,2.5077740997090983,190156,20629,169527
9970,2.507522567703109,190156,20629,169527
9971,2.5072710861498346,190156,20629,169527
9972,2.5070196550340955,190156,20629,169527
9973,2.50676827434072,190156,20629,169527
9974,2.5065169440545416,190156,20629,169527
9975,2.506265664160401,190156,20629,169527
9976,2.5060144346431437,190156,20629,169527
9977,2.5057632554876217,190156,20629,169527
9978,2.5055121266786933,190156,20629,169527
9979,2.5052610482012225,190156,20629,169527
9980,2.50501002004008,190156,20629,169527
9981,2.5047590421801424,190156,20629,169527
9982,2.5045081146062915,190156,20629,169527
9983,2.504257237303416,190156,20629,169527
9984,2.50400641025641,190156,20629,169527
9985,2.5037556334501754,190156,20629,169527
9986,2.5035049068696176,190156,20629,169527
9987,2.5032542304996497,190156,20629,169527
9988,2.5030036043251904,190156,20629,169527
9989,2.5027530283311643,190156,20629,169527
9990,2.5025025025025025,190156,20629,169527
9991,2.502252026824142,190156,20629,169527
9992,2.502001601281025,190156,20629,169527
9993,2.5017512258581007,190156,20629,169527
9994,2.501500900540324,190156,20629,169527
9995,2.5012506253126565,190156,20629,169527
9996,2.501000400160064,190156,20629,169527
9997,2.50075022506752,190156,20629,169527
9998,2.500500100020004,190156,20629,169527
9999,2.5002500250025004,190156,20629,169527
10000,2.5,190156,20629,169527
10001,2.4997500249975,190156,20629,169527
10002,2.499500099980004,190156,20629,169527
10003,2.49925022493252,190156,20629,169527
10004,2.499000399840064,190156,20629,169527
10005,2.498750624687656,189885,20629,169256
10006,2.498500899460324,189885,20629,169256
10007,2.4982512241431,189885,20629,169256
10008,2.4980015987210233,189885,20629,169256
10009,2.497752023179139,189885,20629,169256
10010,2.4975024975024973,189885,20629,169256
10011,2.497253021676156,189885,20629,169256
10012,2.497003595685178,189885,20629,169256
10013,2.496754219514631,189885,20629,169256
10014,2.4965048931495906,189885,20629,169256
10015,2.4962556165751373,189885,20629,169256
10016,2.496006389776358,189885,20629,169256
10017,2.495757212738345,189885,20629,169256
10018,2.495508085446197,189885,20629,169256
10019,2.4952590078850183,189885,20629,169256
10020,2.4950099800399204,189885,20629,169256
10021,2.4947610018960185,189885,20629,169256
10022,2.4945120734384356,189885,20629,169256
10023,2.4942631946522997,189885,20629,169256
10024,2.4940143655227454,189885,20629,169256
10025,2.493765586034913,189885,20629,169256
10026,2.493516856173948,189885,20629,169256
10027,2.4932681759250026,189885,20629,169256
10028,2.493019545273235,189885,20629,169256
10029,2.492770964203809,189885,20629,169256
10030,2.4925224327018944,189885,20629,169256
10031,2.4922739507526668,189885,20629,169256
10032,2.492025518341308,189885,20629,169256
10033,2.491777135453005,189885,20629,169256
10034,2.491528802072952,189885,20629,169256
10035,2.4912805181863478,189885,20629,169256
10036,2.491032283778398,189885,20629,169256
10037,2.490784098834313,189885,20629,169256
10038,2.4905359633393105,189885,20629,169256
10039,2.4902878772786132,189885,20629,169256
10040,2.49003984063745,189885,20629,169256
10041,2.4897918534010555,189885,20629,169256
10042,2.4895439155546706,189885,20629,169256
10043,2.4892960270835407,189885,20629,169256
10044,2.489048187972919,189885,20629,169256
10045,2.4888003982080638,189885,20629,169256
10046,2.4885526577742385,189885,20629,169256
10047,2.4883049666567136,189885,20629,169256
10048,2.4880573248407645,189885,20629,169256
10049,2.487809732311673,189885,20629,169256
10050,2.487562189054726,189885,20629,169256
10051,2.4873146950552183,189885,20629,169256
10052,2.487067250298448,189885,20629,169256
10053,2.4868198547697205,189885,20629,169256
10054,2.4865725084543464,189885,20629,169256
10055,2.486325211337643,189885,20629,169256
10056,2.4860779634049326,189885,20629,169256
10057,2.4858307646415434,189885,20629,169256
10058,2.4855836150328097,189885,20629,169256
10059,2.485336514564072,189885,20629,169256
10060,2.485089463220676,189885,20629,169256
10061,2.4848424609879736,189885,20629,169256
10062,2.484595507851322,189885,20629,169256
10063,2.4843486037960845,189885,20629,169256
10064,2.4841017488076313,189885,20629,169256
10065,2.483854942871336,189885,20629,169256
10066,2.483608185972581,189885,20629,169256
10067,2.483361478096752,189885,20629,169256
10068,2.4831148192292414,189885,20629,169256
10069,2.4828682093554475,189885,20629,169256
10070,2.4826216484607744,189885,20629,169256
10071,2.4823751365306324,189885,20629,169256
10072,2.4821286735504366,189885,20629,169256
10073,2.481882259505609,189885,20629,169256
10074,2.481635894381576,189885,20629,169256
10075,2.4813895781637716,189885,20629,169256
10076,2.481143310837634,189885,20629,169256
10077,2.4808970923886076,189885,20629,169256
10078,2.4806509228021434,189885,20629,169256
10079,2.480404802063697,189885,20629,169256
10080,2.4801587301587302,189885,20629,169256
10081,2.479912707072711,189885,20629,169256
10082,2.479666732791113,189885,20629,169256
10083,2.479420807299415,189885,20629,169256
10084,2.479174930583102,189885,20629,169256
10085,2.478929102627665,189885,20629,169256
10086,2.4786833234186,189885,20629,169256
10087,2.4784375929414098,189885,20629,169256
10088,2.478191911181602,189885,20629,169256
10089,2.47794627812469,189885,20629,169256
10090,2.4777006937561943,189885,20629,169256
10091,2.4774551580616393,189885,20629,169256
10092,2.477209671026556,189885,20629,169256
10093,2.476964232636481,189885,20629,169256
10094,2.4767188428769566,189885,20629,169256
10095,2.4764735017335315,189885,20629,169256
10096,2.476228209191759,189885,20629,169256
10097,2.475982965237199,189885,20629,169256
10098,2.475737769855417,189885,20629,169256
10099,2.4754926230319834,189885,20629,169256
10100,2.4752475247524752,189885,20629,169256
10101,2.475002475002475,189885,20629,169256
10102,2.474757473767571,189885,20629,169256
10103,2.4745125210333563,189885,20629,169256
10104,2.4742676167854314,189885,20629,169256
10105,2.4740227610094014,189885,20629,169256
10106,2.4737779536908766,189885,20629,169256
10107,2.4735331948154746,189885,20629,169256
10108,2.4732884843688168,189885,20629,169256
10109,2.473043822336532,189885,20629,169256
10110,2.472799208704253,189885,20629,169256
10111,2.47255464345762,189885,20629,169256
10112,2.4723101265822787,189885,20629,169256
10113,2.4720656580638782,189885,20629,169256
10114,2.4718212378880757,189885,20629,169256
10115,2.4715768660405337,189885,20629,169256
10116,2.4713325425069197,189885,20629,169256
10117,2.471088267272907,189885,20629,169256
10118,2.4708440403241747,189885,20629,169256
10119,2.4705998616464075,189885,20629,169256
10120,2.4703557312252964,189885,20629,169256
10121,2.4701116490465367,189885,20629,169256
10122,2.469867615095831,189885,20629,169256
10123,2.469623629358886,189885,20629,169256
10124,2.4693796918214144,189885,20629,169256
10125,2.4691358024691357,189885,20629,169256
10126,2.468891961287774,189885,20629,169256
10127,2.468648168263059,189885,20629,169256
10128,2.4684044233807265,189885,20629,169256
10129,2.4681607266265178,189885,20629,169256
10130,2.4679170779861797,189885,20629,169256
10131,2.4676734774454645,189885,20629,169256
10132,2.4674299249901304,189885,20629,169256
10133,2.467186420605941,189885,20629,169256
10134,2.4669429642786658,189885,20629,169256
10135,2.46669955599408,189885,20629,169256
10136,2.4664561957379636,189885,20629,169256
10137,2.4662128834961035,189885,20629,169256
10138,2.465969619254291,189885,20629,169256
10139,2.4657264029983232,189885,20629,169256
10140,2.465483234714004,189885,20629,169256
10141,2.465240114387141,189885,20629,169256
10142,2.4649970420035494,189885,20629,169256
10143,2.4647540175490485,189885,20629,169256
10144,2.4645110410094637,189885,20629,169256
10145,2.464268112370626,189885,20629,169256
10146,2.464025231618372,189885,20629,169256
10147,2.463782398738543,189885,20629,169256
10148,2.4635396137169887,189885,20629,169256
10149,2.4632968765395606,189885,20629,169256
10150,2.4630541871921183,189885,20629,169256
10151,2.462811545660526,189885,20629,169256
10152,2.462568951930654,189885,20629,169256
10153,2.4623264059883776,189885,20629,169256
10154,2.4620839078195784,189885,20629,169256
10155,2.461841457410143,189885,20629,169256
10156,2.461599054745963,189885,20629,169256
10157,2.461356699812937,189885,20629,169256
10158,2.461114392596968,189885,20629,169256
10159,2.460872133083965,189885,20629,169256
10160,2.4606299212598426,189885,20629,169256
10161,2.460387757110521,189885,20629,169256
10162,2.4601456406219246,189885,20629,169256
10163,2.459903571779986,189885,20629,169256
10164,2.4596615505706416,189885,20629,169256
10165,2.459419576979833,189885,20629,169256
10166,2.459177650993508,189885,20629,169256
10167,2.4589357725976195,189885,20629,169256
10168,2.4586939417781273,189885,20629,169256
10169,2.4584521585209953,189885,20629,169256
10170,2.4582104228121926,189885,20629,169256
10171,2.4579687346376953,189885,20629,169256
10172,2.457727093983484,189885,20629,169256
10173,2.457485500835545,189885,20629,169256
10174,2.4572439551798704,189885,20629,169256
10175,2.457002457002457,189885,20629,169256
10176,2.4567610062893084,189885,20629,169256
10177,2.456519603026432,189885,20629,169256
10178,2.456278247199843,189885,20629,169256
10179,2.4560369387955596,189885,20629,169256
10180,2.4557956777996073,189885,20629,169256
10181,2.455554464198016,189885,20629,169256
10182,2.4553132979768217,189885,20629,169256
10183,2.455072179122066,189885,20629,169256
10184,2.4548311076197957,189885,20629,169256
10185,2.454590083456063,189885,20629,169256
10186,2.454349106616925,189885,20629,169256
10187,2.454108177088446,189885,20629,169256
10188,2.453867294856694,189885,20629,169256
10189,2.4536264599077438,189885,20629,169256
10190,2.4533856722276743,189885,20629,169256
10191,2.453144931802571,189885,20629,169256
10192,2.4529042386185242,189885,20629,169256
10193,2.4526635926616307,189885,20629,169256
10194,2.452422993917991,189885,20629,169256
10195,2.4521824423737124,189885,20629,169256
10196,2.4519419380149077,189885,20629,169256
10197,2.4517014808276945,189885,20629,169256
10198,2.451461070798196,189885,20629,169256
10199,2.4512207079125403,189885,20629,169256
10200,2.450980392156863,189885,20629,169256
10201,2.4507401235173023,189885,20629,169256
10202,2.450499901980004,189885,20629,169256
10203,2.4502597275311184,189885,20629,169256
10204,2.4500196001568013,189885,20629,169256
10205,2.449779519843214,189885,20629,169256
10206,2.4495394865765237,189885,20629,169256
10207,2.449299500342902,189885,20629,169256
10208,2.449059561128527,189885,20629,169256
10209,2.448819668919581,189885,20629,169256
10210,2.4485798237022527,189885,20629,169256
10211,2.4483400254627363,189885,20629,169256
10212,2.448100274187231,189885,20629,169256
10213,2.4478605698619407,189885,20629,169256
10214,2.4476209124730763,189885,20629,169256
10215,2.447381302006853,189885,20629,169256
10216,2.447141738449491,189885,20629,169256
10217,2.446902221787217,189885,20629,169256
10218,2.4466627520062634,189885,20629,169256
10219,2.446423329092866,189885,20629,169256
10220,2.4461839530332683,189885,20629,169256
10221,2.445944623813717,189885,20629,169256
10222,2.4457053414204655,189885,20629,169256
10223,2.445466105839773,189885,20629,169256
10224,2.445226917057903,189885,20629,169256
10225,2.444987775061125,189885,20629,169256
10226,2.4447486798357128,189885,20629,169256
10227,2.4445096313679477,189885,20629,169256
10228,2.444270629644114,189885,20629,169256
10229,2.4440316746505033,189885,20629,169256
10230,2.4437927663734116,189885,20629,169256
10231,2.4435539047991397,189885,20629,169256
10232,2.4433150899139955,189885,20629,169256
10233,2.44307632170429,189885,20629,169256
10234,2.4428376001563414,189885,20629,169256
10235,2.442598925256473,189885,20629,169256
10236,2.442360296991012,189885,20629,169256
10237,2.442121715346293,189885,20629,169256
10238,2.441883180308654,189885,20629,169256
10239,2.44164469186444,189885,20629,169256
10240,2.44140625,189885,20629,169256
10241,2.441167854701689,189885,20629,169256
10242,2.440929505955868,189885,20629,169256
10243,2.4406912037489015,189885,20629,169256
10244,2.4404529480671613,189885,20629,169256
10245,2.440214738897023,189885,20629,169256
10246,2.4399765762248684,189885,20629,169256
10247,2.439738460037084,189885,20629,169256
10248,2.4395003903200623,189885,20629,169256
10249,2.439262367060201,189885,20629,169256
10250,2.4390243902439024,189885,20629,169256
10251,2.438786459857575,189885,20629,169256
10252,2.4385485758876317,189885,20629,169256
10253,2.4383107383204914,189885,20629,169256
10254,2.4380729471425786,189885,20629,169256
10255,2.4378352023403216,189885,20629,169256
10256,2.437597503900156,189885,20629,169256
10257,2.437359851808521,189885,20629,169256
10258,2.437122246051862,189885,20629,169256
10259,2.4368846866166294,189885,20629,169256
10260,2.4366471734892787,189885,20629,169256
10261,2.436409706656271,189885,20629,169256
10262,2.4361722861040733,189885,20629,169256
10263,2.4359349118191562,189885,20629,169256
10264,2.435697583787997,189885,20629,169256
10265,2.4354603019970775,189885,20629,169256
10266,2.435223066432885,189885,20629,169256
10267,2.434985877081913,189885,20629,169256
10268,2.4347487339306584,189885,20629,169256
10269,2.434511636965625,189885,20629,169256
10270,2.4342745861733204,189885,20629,169256
10271,2.434037581540259,189885,20629,169256
10272,2.4338006230529596,189885,20629,169256
10273,2.433563710697946,189885,20629,169256
10274,2.433326844461748,189885,20629,169256
10275,2.4330900243309004,189885,20629,169256
10276,2.4328532502919424,189885,20629,169256
10277,2.43261652233142,189885,20629,169256
10278,2.4323798404358823,189885,20629,169256
10279,2.4321432045918865,189885,20629,169256
10280,2.431906614785992,189885,20629,169256
10281,2.431670071004766,189885,20629,169256
10282,2.4314335732347794,189885,20629,169256
10283,2.431197121462608,189885,20629,169256
10284,2.4309607156748347,189885,20629,169256
10285,2.430724355858046,189885,20629,169256
10286,2.4304880419988333,189885,20629,169256
10287,2.430251774083795,189885,20629,169256
10288,2.4300155520995332,189885,20629,169256
10289,2.429779376032656,189885,20629,169256
10290,2.4295432458697763,189885,20629,169256
10291,2.4293071615975124,189885,20629,169256
10292,2.4290711232024873,189885,20629,169256
10293,2.42883513067133,189885,20629,169256
10294,2.428599183990674,189885,20629,169256
10295,2.4283632831471587,189885,20629,169256
10296,2.428127428127428,189885,20629,169256
10297,2.4278916189181317,189885,20629,169256
10298,2.4276558555059236,189885,20629,169256
10299,2.427420137877464,189885,20629,169256
10300,2.4271844660194173,189885,20629,169256
10301,2.4269488399184547,189885,20629,169256
10302,2.42671325956125,189885,20629,169256
10303,2.426477724934485,189885,20629,169256
10304,2.426242236024845,189885,20629,169256
10305,2.42600679281902,189885,20629,169256
10306,2.425771395303707,189885,20629,169256
10307,2.425536043465606,189885,20629,169256
10308,2.425300737291424,189885,20629,169256
10309,2.4250654767678728,189885,20629,169256
10310,2.4248302618816684,189885,20629,169256
10311,2.4245950926195325,189885,20629,169256
10312,2.4243599689681923,189885,20629,169256
10313,2.42412489091438,189885,20629,169256
10314,2.423889858444832,189885,20629,169256
10315,2.423654871546292,189885,20629,169256
10316,2.423419930205506,189885,20629,169256
10317,2.4231850344092276,189885,20629,169256
10318,2.422950184144214,189885,20629,169256
10319,2.4227153793972285,189885,20629,169256
10320,2.4224806201550386,189885,20629,169256
10321,2.4222459064044184,189885,20629,169256
10322,2.422011238132145,189885,20629,169256
10323,2.4217766153250024,189885,20629,169256
10324,2.421542037969779,189885,20629,169256
10325,2.4213075060532687,189885,20629,169256
10326,2.42107301956227,189885,20629,169256
10327,2.4208385784835866,189885,20629,169256
10328,2.420604182804028,189885,20629,169256
10329,2.4203698325104077,189885,20629,169256
10330,2.420135527589545,189885,20629,169256
10331,2.4199012680282643,189885,20629,169256
10332,2.419667053813395,189885,20629,169256
10333,2.419432884931772,189885,20629,169256
10334,2.419198761370234,189885,20629,169256
10335,2.4189646831156266,189885,20629,169256
10336,2.418730650154799,189885,20629,169256
10337,2.4184966624746056,189885,20629,169256
10338,2.4182627200619073,189885,20629,169256
10339,2.418028822903569,189885,20629,169256
10340,2.4177949709864603,189885,20629,169256
10341,2.4175611642974566,189885,20629,169256
10342,2.4173274028234384,189885,20629,169256
10343,2.417093686551291,189885,20629,169256
10344,2.416860015467904,189885,20629,169256
10345,2.416626389560174,189885,20629,169256
10346,2.416392808815001,189885,20629,169256
10347,2.4161592732192907,189885,20629,169256
10348,2.4159257827599534,189885,20629,169256
10349,2.4156923374239057,189885,20629,169256
10350,2.4154589371980677,189885,20629,169256
10351,2.415225582069365,189885,20629,169256
10352,2.4149922720247297,189885,20629,169256
10353,2.4147590070510963,189885,20629,169256
10354,2.4145257871354064,189885,20629,169256
10355,2.4142926122646067,189885,20629,169256
10356,2.414059482425647,189885,20629,169256
10357,2.4138263976054843,189885,20629,169256
10358,2.4135933577910795,189885,20629,169256
10359,2.4133603629693985,189885,20629,169256
10360,2.413127413127413,189885,20629,169256
10361,2.412894508252099,189885,20629,169256
10362,2.412661648330438,189885,20629,169256
10363,2.4124288333494164,189885,20629,169256
10364,2.4121960632960247,189885,20629,169256
10365,2.41196333815726,189885,20629,169256
10366,2.4117306579201236,189885,20629,169256
10367,2.4114980225716214,189885,20629,169256
10368,2.4112654320987654,189885,20629,169256
10369,2.4110328864885715,189885,20629,169256
10370,2.4108003857280615,189885,20629,169256
10371,2.410567929804262,189885,20629,169256
10372,2.4103355187042035,189885,20629,169256
10373,2.4101031524149232,189885,20629,169256
10374,2.4098708309234627,189885,20629,169256
10375,2.4096385542168677,189885,20629,169256
10376,2.4094063222821895,189885,20629,169256
10377,2.4091741351064857,189885,20629,169256
10378,2.4089419926768163,189885,20629,169256
10379,2.4087098949802486,189885,20629,169256
10380,2.4084778420038537,189885,20629,169256
10381,2.4082458337347075,189885,20629,169256
10382,2.408013870159892,189885,20629,169256
10383,2.4077819512664935,189885,20629,169256
10384,2.4075500770416025,189885,20629,169256
10385,2.407318247472316,189885,20629,169256
10386,2.4070864625457347,189885,20629,169256
10387,2.406854722248965,189885,20629,169256
10388,2.406623026569118,189885,20629,169256
10389,2.4063913754933104,189885,20629,169256
10390,2.4061597690086622,189885,20629,169256
10391,2.4059282071023,189885,20629,169256
10392,2.405696689761355,189885,20629,169256
10393,2.4054652169729627,189885,20629,169256
10394,2.405233788724264,189885,20629,169256
10395,2.405002405002405,189885,20629,169256
10396,2.4047710657945363,189885,20629,169256
10397,2.404539771087814,189885,20629,169256
10398,2.404308520869398,189885,20629,169256
10399,2.4040773151264543,189885,20629,169256
10400,2.4038461538461537,189885,20629,169256
10401,2.4036150370156717,189885,20629,169256
10402,2.403383964622188,189885,20629,169256
10403,2.4031529366528885,189885,20629,169256
10404,2.4029219530949635,189885,20629,169256
10405,2.4026910139356077,189885,20629,169256
10406,2.402460119162022,189885,20629,169256
10407,2.4022292687614106,189885,20629,169256
10408,2.401998462720984,189885,20629,169256
10409,2.4017677010279566,189885,20629,169256
10410,2.4015369836695486,189885,20629,169256
10411,2.401306310632984,189885,20629,169256
10412,2.4010756819054935,189885,20629,169256
10413,2.4008450974743107,189885,20629,169256
10414,2.4006145573266755,189885,20629,169256
10415,2.400384061449832,189885,20629,169256
10416,2.400153609831029,189885,20629,169256
10417,2.399923202457521,189885,20629,169256
10418,2.3996928393165673,189892,20485,169407
10419,2.3994625203954314,189892,20485,169407
10420,2.399232245681382,189892,20485,169407
10421,2.3990020151616926,189892,20485,169407
10422,2.398771828823642,189892,20485,169407
10423,2.398541686654514,189892,20485,169407
10424,2.3983115886415964,189892,20485,169407
10425,2.3980815347721824,189892,20485,169407
10426,2.39785152503357,189892,20485,169407
10427,2.397621559413062,189892,20485,169407
10428,2.397391637897967,189892,20485,169407
10429,2.397161760475597,189892,20485,169407
10430,2.3969319271332696,189892,20485,169407
10431,2.396702137858307,189892,20485,169407
10432,2.396472392638037,189892,20485,169407
10433,2.396242691459791,189892,20485,169407
10434,2.3960130343109065,189892,20485,169407
10435,2.3957834211787254,189892,20485,169407
10436,2.395553852050594,189892,20485,169407
10437,2.395324326913864,189892,20485,169407
10438,2.395094845755892,189892,20485,169407
10439,2.394865408564039,189892,20485,169407
10440,2.3946360153256707,189892,20485,169407
10441,2.3944066660281584,189892,20485,169407
10442,2.3941773606588774,189892,20485,169407
10443,2.3939480992052093,189892,20485,169407
10444,2.3937188816545385,189892,20485,169407
10445,2.3934897079942554,189892,20485,169407
10446,2.3932605782117555,189892,20485,169407
10447,2.3930314922944387,189892,20485,169407
10448,2.392802450229709,189892,20485,169407
10449,2.3925734520049766,189892,20485,169407
10450,2.3923444976076556,189892,20485,169407
10451,2.392115587025165,189892,20485,169407
10452,2.391886720244929,189892,20485,169407
10453,2.391657897254377,189892,20485,169407
10454,2.391429118040941,189892,20485,169407
10455,2.391200382592061,189892,20485,169407
10456,2.3909716908951797,189892,20485,169407
10457,2.390743042937745,189892,20485,169407
10458,2.3905144387072097,189892,20485,169407
10459,2.3902858781910314,189892,20485,169407
10460,2.390057361376673,189892,20485,169407
10461,2.3898288882516012,189892,20485,169407
10462,2.389600458803288,189892,20485,169407
10463,2.3893720730192105,189892,20485,169407
10464,2.38914373088685,189892,20485,169407
10465,2.388915432393693,189892,20485,169407
10466,2.388687177527231,189892,20485,169407
10467,2.3884589662749596,189892,20485,169407
10468,2.388230798624379,189892,20485,169407
10469,2.3880026745629954,189892,20485,169407
10470,2.387774594078319,189892,20485,169407
10471,2.3875465571578647,189892,20485,169407
10472,2.387318563789152,189892,20485,169407
10473,2.387090613959706,189892,20485,169407
10474,2.3868627076570554,189892,20485,169407
10475,2.386634844868735,189892,20485,169407
10476,2.386407025582283,189892,20485,169407
10477,2.386179249785244,189892,20485,169407
10478,2.3859515174651653,189892,20485,169407
10479,2.3857238286096,189892,20485,169407
10480,2.385496183206107,189892,20485,169407
10481,2.385268581242248,189892,20485,169407
10482,2.3850410227055905,189892,20485,169407
10483,2.384813507583707,189892,20485,169407
10484,2.384586035864174,189892,20485,169407
10485,2.384358607534573,189892,20485,169407
10486,2.384131222582491,189892,20485,169407
10487,2.3839038809955184,189892,20485,169407
10488,2.383676582761251,189892,20485,169407
10489,2.3834493278672895,189892,20485,169407
10490,2.3832221163012393,189892,20485,169407
10491,2.38299494805071,189892,20485,169407
10492,2.382767823103317,189892,20485,169407
10493,2.382540741446679,189892,20485,169407
10494,2.38231370306842,189892,20485,169407
10495,2.3820867079561694,189892,20485,169407
10496,2.381859756097561,189892,20485,169407
10497,2.3816328474802324,189892,20485,169407
10498,2.381405982091827,189892,20485,169407
10499,2.3811791599199923,189892,20485,169407
10500,2.380952380952381,189892,20485,169407
10501,2.38072564517665,189892,20485,169407
10502,2.380498952580461,189892,20485,169407
10503,2.3802723031514805,189892,20485,169407
10504,2.38004569687738,189892,20485,169407
10505,2.379819133745835,189892,20485,169407
10506,2.379592613744527,189892,20485,169407
10507,2.3793661368611403,189892,20485,169407
10508,2.379139703083365,189892,20485,169407
10509,2.3789133123988964,189892,20485,169407
10510,2.378686964795433,189892,20485,169407
10511,2.3784606602606795,189892,20485,169407
10512,2.378234398782344,189892,20485,169407
10513,2.3780081803481403,189892,20485,169407
10514,2.3777820049457867,189892,20485,169407
10515,2.377555872563005,189892,20485,169407
10516,2.3773297831875237,189892,20485,169407
10517,2.3771037368070744,189892,20485,169407
10518,2.3768777334093936,189892,20485,169407
10519,2.3766517729822225,189892,20485,169407
10520,2.376425855513308,189892,20485,169407
10521,2.3761999809904,189892,20485,169407
10522,2.3759741494012547,189892,20485,169407
10523,2.375748360733631,189892,20485,169407
10524,2.3755226149752944,189892,20485,169407
10525,2.375296912114014,189892,20485,169407
10526,2.3750712521375643,189892,20485,169407
10527,2.3748456350337226,189892,20485,169407
10528,2.3746200607902734,189892,20485,169407
10529,2.3743945293950044,189892,20485,169407
10530,2.3741690408357075,189892,20485,169407
10531,2.3739435951001804,189892,20485,169407
10532,2.373718192176225,189892,20485,169407
10533,2.3734928320516473,189892,20485,169407
10534,2.3732675147142586,189892,20485,169407
10535,2.3730422401518747,189879,20368,169511
10536,2.3728170083523157,189879,20368,169511
10537,2.3725918193034072,189879,20368,169511
10538,2.3723666729929778,189879,20368,169511
10539,2.3721415694088623,189879,20368,169511
10540,2.3719165085388996,189879,20368,169511
10541,2.3716914903709325,189879,20368,169511
10542,2.3714665148928096,189879,20368,169511
10543,2.3712415820923836,189879,20368,169511
10544,2.3710166919575113,189879,20368,169511
10545,2.370791844476055,189879,20368,169511
10546,2.370567039635881,189879,20368,169511
10547,2.3703422774248604,189879,20368,169511
10548,2.370117557830868,189879,20368,169511
10549,2.369892880841786,189879,20368,169511
10550,2.3696682464454977,189879,20368,169511
10551,2.369443654629893,189879,20368,169511
10552,2.3692191053828657,189879,20368,169511
10553,2.368994598692315,189879,20368,169511
10554,2.3687701345461436,189879,20368,169511
10555,2.3685457129322596,189879,20368,169511
10556,2.3683213338385753,189879,20368,169511
10557,2.3680969972530073,189879,20368,169511
10558,2.367872703163478,189879,20368,169511
10559,2.367648451557913,189832,20254,169578
10560,2.367424242424242,189832,20254,169578
10561,2.3672000757504024,189832,20254,169578
10562,2.3669759515243327,189832,20254,169578
10563,2.366751869733977,189832,20254,169578
10564,2.366527830367285,189832,20254,169578
10565,2.36630383341221,189832,20254,169578
10566,2.36607987885671,189832,20254,169578
10567,2.365855966688748,189832,20254,169578
10568,2.3656320968962907,189832,20254,169578
10569,2.36540826946731,189832,20254,169578
10570,2.3651844843897822,189832,20254,169578
10571,2.3649607416516885,189832,20254,169578
10572,2.364737041241014,189832,20254,169578
10573,2.3645133831457485,189832,20254,169578
10574,2.364289767353887,189832,20254,169578
10575,2.3640661938534278,189832,20254,169578
10576,2.363842662632375,189832,20254,169578
10577,2.363619173678737,189832,20254,169578
10578,2.3633957269805257,189832,20254,169578
10579,2.3631723225257586,189832,20254,169578
10580,2.3629489603024574,189832,20254,169578
10581,2.3627256402986485,189832,20254,169578
10582,2.3625023625023625,189832,20254,169578
10583,2.3622791269016346,189832,20254,169578
10584,2.362055933484505,189832,20254,169578
10585,2.3618327822390173,189832,20254,169578
10586,2.3616096731532212,189832,20254,169578
10587,2.3613866062151696,189832,20254,169578
10588,2.3611635814129204,189832,20254,169578
10589,2.360940598734536,189832,20254,169578
10590,2.360717658168083,189832,20254,169578
10591,2.3604947597016332,189832,20254,169578
10592,2.360271903323263,189832,20254,169578
10593,2.3600490890210515,189832,20254,169578
10594,2.3598263167830846,189832,20254,169578
10595,2.359603586597452,189832,20254,169578
10596,2.359380898452246,189832,20254,169578
10597,2.3591582523355665,189832,20254,169578
10598,2.358935648235516,189832,20254,169578
10599,2.358713086140202,189832,20254,169578
10600,2.358490566037736,189832,20254,169578
10601,2.358268087916234,189832,20254,169578
10602,2.358045651763818,189832,20254,169578
10603,2.3578232575686124,189832,20254,169578
10604,2.3576009053187477,189832,20254,169578
10605,2.3573785950023574,189832,20254,169578
10606,2.357156326607581,189832,20254,169578
10607,2.3569341001225608,189832,20254,169578
10608,2.356711915535445,189832,20254,169578
10609,2.356489772834386,189832,20254,169578
10610,2.35626767200754,189832,20254,169578
10611,2.3560456130430687,189832,20254,169578
10612,2.3558235959291367,189832,20254,169578
10613,2.355601620653915,189832,20254,169578
10614,2.3553796872055774,189832,20254,169578
10615,2.3551577955723033,189832,20254,169578
10616,2.354935945742276,189832,20254,169578
10617,2.3547141377036827,189832,20254,169578
10618,2.3544923714447163,189832,20254,169578
10619,2.354270646953574,189832,20254,169578
10620,2.354048964218456,189832,20254,169578
10621,2.353827323227568,189832,20254,169578
10622,2.3536057239691206,189832,20254,169578
10623,2.3533841664313284,189832,20254,169578
10624,2.3531626506024095,189832,20254,169578
10625,2.3529411764705883,189832,20254,169578
10626,2.3527197440240917,189832,20254,169578
10627,2.3524983532511525,189832,20254,169578
10628,2.3522770041400074,189832,20254,169578
10629,2.3520556966788972,189832,20254,169578
10630,2.351834430856068,189832,20254,169578
10631,2.351613206659769,189832,20254,169578
10632,2.351392024078254,189832,20254,169578
10633,2.3511708830997837,189832,20254,169578
10634,2.35094978371262,189832,20254,169578
10635,2.3507287259050305,189832,20254,169578
10636,2.3505077096652878,189832,20254,169578
10637,2.3502867349816676,189832,20254,169578
10638,2.3500658018424514,189832,20254,169578
10639,2.3498449102359245,189832,20254,169578
10640,2.3496240601503757,189832,20254,169578
10641,2.3494032515741003,189832,20254,169578
10642,2.3491824844953957,189832,20254,169578
10643,2.348961758902565,189832,20254,169578
10644,2.348741074783916,189832,20254,169578
10645,2.3485204321277595,189832,20254,169578
10646,2.348299830922412,189832,20254,169578
10647,2.348079271156194,189832,20254,169578
10648,2.3478587528174306,189832,20254,169578
10649,2.3476382758944503,189832,20254,169578
10650,2.347417840375587,189832,20254,169578
10651,2.3471974462491785,189832,20254,169578
10652,2.3469770935035674,189832,20254,169578
10653,2.3467567821271005,189832,20254,169578
10654,2.3465365121081283,189832,20254,169578
10655,2.346316283435007,189832,20254,169578
10656,2.346096096096096,189832,20254,169578
10657,2.3458759500797597,189832,20254,169578
10658,2.3456558453743668,189832,20254,169578
10659,2.34543578196829,189832,20254,169578
10660,2.345215759849906,189832,20254,169578
10661,2.344995779007598,189832,20254,169578
10662,2.3447758394297504,189832,20254,169578
10663,2.3445559411047547,189832,20254,169578
10664,2.3443360840210055,189832,20254,169578
10665,2.344116268166901,189832,20254,169578
10666,2.3438964935308455,189832,20254,169578
10667,2.3436767601012467,189832,20254,169578
10668,2.3434570678665168,189832,20254,169578
10669,2.3432374168150716,189832,20254,169578
10670,2.343017806935333,189832,20254,169578
10671,2.342798238215725,189832,20254,169578
10672,2.342578710644678,189832,20254,169578
10673,2.342359224210625,189832,20254,169578
10674,2.342139778902005,189832,20254,169578
10675,2.34192037470726,189832,20254,169578
10676,2.341701011614837,189832,20254,169578
10677,2.3414816896131874,189832,20254,169578
10678,2.341262408690766,189832,20254,169578
10679,2.341043168836033,189832,20254,169578
10680,2.3408239700374533,189832,20254,169578
10681,2.340604812283494,189832,20254,169578
10682,2.3403856955626288,189832,20254,169578
10683,2.3401666198633344,189832,20254,169578
10684,2.3399475851740923,189832,20254,169578
10685,2.339728591483388,189832,20254,169578
10686,2.339509638779712,189832,20254,169578
10687,2.339290727051558,189832,20254,169578
10688,2.339071856287425,189832,20254,169578
10689,2.338853026475816,189832,20254,169578
10690,2.3386342376052385,189832,20254,169578
10691,2.3384154896642033,189832,20254,169578
10692,2.338196782641227,189832,20254,169578
10693,2.3379781165248295,189832,20254,169578
10694,2.337759491303535,189832,20254,169578
10695,2.337540906965872,189832,20254,169578
10696,2.337322363500374,189832,20254,169578
10697,2.3371038608955783,189832,20254,169578
10698,2.336885399140026,189832,20254,169578
10699,2.3366669782222638,189832,20254,169578
10700,2.336448598130841,189832,20254,169578
10701,2.3362302588543127,189832,20254,169578
10702,2.3360119603812373,189832,20254,169578
10703,2.3357937027001774,189832,20254,169578
10704,2.335575485799701,189832,20254,169578
10705,2.335357309668379,189832,20254,169578
10706,2.335139174294788,189832,20254,169578
10707,2.3349210796675073,189832,20254,169578
10708,2.3347030257751213,189832,20254,169578
10709,2.334485012606219,189832,20254,169578
10710,2.3342670401493932,189832,20254,169578
10711,2.3340491083932404,189832,20254,169578
10712,2.333831217326363,189832,20254,169578
10713,2.333613366937366,189832,20254,169578
10714,2.333395557214859,189832,20254,169578
10715,2.3331777881474567,189832,20254,169578
10716,2.3329600597237774,189832,20254,169578
10717,2.3327423719324436,189757,20278,169479
10718,2.3325247247620826,189757,20278,169479
10719,2.332307118201325,189757,20278,169479
10720,2.332089552238806,189757,20278,169479
10721,2.3318720268631656,189757,20278,169479
10722,2.331654542063048,189757,20278,169479
10723,2.331437097827101,189757,20278,169479
10724,2.331219694143976,189757,20278,169479
10725,2.331002331002331,189757,20278,169479
10726,2.330785008390826,189757,20278,169479
10727,2.3305677262981264,189757,20278,169479
10728,2.3303504847129006,189757,20278,169479
10729,2.330133283623823,189757,20278,169479
10730,2.3299161230195713,189757,20278,169479
10731,2.3296990028888267,189757,20278,169479
10732,2.3294819232202757,189757,20278,169479
10733,2.3292648840026087,189757,20278,169479
10734,2.32904788522452,189757,20278,169479
10735,2.328830926874709,189757,20278,169479
10736,2.328614008941878,189757,20278,169479
10737,2.328397131414734,189757,20278,169479
10738,2.328180294281989,189757,20278,169479
10739,2.327963497532359,189757,20278,169479
10740,2.3277467411545625,189757,20278,169479
10741,2.327530025137324,189757,20278,169479
10742,2.3273133494693727,189757,20278,169479
10743,2.3270967141394396,189757,20278,169479
10744,2.3268801191362622,189757,20278,169479
10745,2.3266635644485807,189757,20278,169479
10746,2.3264470500651404,189757,20278,169479
10747,2.3262305759746904,189757,20278,169479
10748,2.3260141421659846,189757,20278,169479
10749,2.3257977486277794,189757,20278,169479
10750,2.3255813953488373,189757,20278,169479
10751,2.3253650823179237,189757,20278,169479
10752,2.3251488095238093,189757,20278,169479
10753,2.3249325769552684,189757,20278,169479
10754,2.3247163846010785,189757,20278,169479
10755,2.3245002324500232,189757,20278,169479
10756,2.324284120490889,189757,20278,169479
10757,2.324068048712466,189757,20278,169479
10758,2.323852017103551,189757,20278,169479
10759,2.3236360256529416,189757,20278,169479
10760,2.323420074349442,189757,20278,169479
10761,2.3232041631818605,189757,20278,169479
10762,2.3229882921390077,189757,20278,169479
10763,2.3227724612097,189757,20278,169479
10764,2.3225566703827574,189757,20278,169479
10765,2.3223409196470044,189757,20278,169479
10766,2.322125208991269,189757,20278,169479
10767,2.321909538404384,189757,20278,169479
10768,2.321693907875186,189757,20278,169479
10769,2.3214783173925158,189757,20278,169479
10770,2.3212627669452184,189308,20278,169030
10771,2.3210472565221427,189308,20278,169030
10772,2.3208317861121426,189308,20278,169030
10773,2.320616355704075,189308,20278,169030
10774,2.3204009652868014,189308,20278,169030
10775,2.320185614849188,189308,20278,169030
10776,2.319970304380104,189308,20278,169030
10777,2.3197550338684234,189308,20278,169030
10778,2.319539803303025,189308,20278,169030
10779,2.3193246126727898,189308,20278,169030
10780,2.3191094619666046,189308,20278,169030
10781,2.3188943511733604,189308,20278,169030
10782,2.3186792802819514,189308,20278,169030
10783,2.318464249281276,189308,20278,169030
10784,2.3182492581602374,189308,20278,169030
10785,2.3180343069077423,189308,20278,169030
10786,2.3178193955127018,189308,20278,169030
10787,2.3176045239640306,189308,20278,169030
10788,2.3173896922506487,189308,20278,169030
10789,2.317174900361479,189308,20278,169030
10790,2.3169601482854496,189308,20278,169030
10791,2.316745436011491,189308,20278,169030
10792,2.3165307635285397,189308,20278,169030
10793,2.316316130825535,189014,20278,168736
10794,2.3161015378914214,189014,20278,168736
10795,2.3158869847151458,189014,20278,168736
10796,2.3156724712856613,189014,20278,168736
10797,2.3154579975919236,189014,20278,168736
10798,2.315243563622893,189014,20278,168736
10799,2.3150291693675342,189014,20278,168736
10800,2.314814814814815,189014,20278,168736
10801,2.314600499953708,189014,20278,168736
10802,2.31438622477319,189014,20278,168736
10803,2.314171989262242,189014,20278,168736
10804,2.3139577934098483,189014,20278,168736
10805,2.3137436372049978,189014,20278,168736
10806,2.3135295206366835,189014,20278,168736
10807,2.3133154436939023,189014,20278,168736
10808,2.313101406365655,189014,20278,168736
10809,2.312887408640947,189014,20278,168736
10810,2.3126734505087883,189014,20278,168736
10811,2.312459531958191,189014,20278,168736
10812,2.3122456529781723,189014,20278,168736
10813,2.3120318135577547,189014,20278,168736
10814,2.3118180136859627,189014,20278,168736
10815,2.311604253351826,189014,20278,168736
10816,2.3113905325443787,189014,20278,168736
10817,2.311176851252658,189014,20278,168736
10818,2.3109632094657053,189014,20278,168736
10819,2.310749607172567,189014,20278,168736
10820,2.310536044362292,189014,20278,168736
10821,2.310322521023935,189014,20278,168736
10822,2.310109037146553,189014,20278,168736
10823,2.3098955927192093,189014,20278,168736
10824,2.309682187730968,189014,20278,168736
10825,2.3094688221709005,189014,20278,168736
10826,2.3092554960280807,189014,20278,168736
10827,2.3090422092915857,189014,20278,168736
10828,2.308828961950499,189014,20278,168736
10829,2.308615753993905,189014,20278,168736
10830,2.308402585410896,189014,20278,168736
10831,2.308189456190564,189014,20278,168736
10832,2.3079763663220088,189014,20278,168736
10833,2.307763315794332,189014,20278,168736
10834,2.3075503045966403,189014,20278,168736
10835,2.3073373327180433,189014,20278,168736
10836,2.307124400147656,189014,20278,168736
10837,2.3069115068745965,189014,20278,168736
10838,2.3066986528879867,189014,20278,168736
10839,2.3064858381769535,189014,20278,168736
10840,2.3062730627306274,189014,20278,168736
10841,2.3060603265381423,189014,20278,168736
10842,2.3058476295886368,189014,20278,168736
10843,2.305634971871253,189014,20278,168736
10844,2.305422353375138,189014,20278,168736
10845,2.305209774089442,189014,20278,168736
10846,2.304997234003319,189014,20278,168736
10847,2.3047847331059277,189014,20278,168736
10848,2.3045722713864305,189014,20278,168736
10849,2.304359848833994,189014,20278,168736
10850,2.304147465437788,189014,20278,168736
10851,2.303935121186987,189014,20278,168736
10852,2.3037228160707706,189014,20278,168736
10853,2.3035105500783195,189014,20278,168736
10854,2.303298323198821,189014,20278,168736
10855,2.3030861354214647,189014,20278,168736
10856,2.3028739867354457,189014,20278,168736
10857,2.302661877129962,189014,20278,168736
10858,2.302449806594216,189014,20278,168736
10859,2.302237775117414,189014,20278,168736
10860,2.3020257826887662,189014,20278,168736
10861,2.3018138292974863,189014,20278,168736
10862,2.3016019149327933,189014,20278,168736
10863,2.3013900395839086,189014,20278,168736
10864,2.3011782032400587,189014,20278,168736
10865,2.300966405890474,189014,20278,168736
10866,2.300754647524388,189014,20278,168736
10867,2.3005429281310388,189014,20278,168736
10868,2.3003312476996687,189014,20278,168736
10869,2.3001196062195235,189014,20278,168736
10870,2.2999080036798527,189014,20278,168736
10871,2.2996964400699107,189014,20278,168736
10872,2.299484915378955,189014,20278,168736
10873,2.2992734295962474,189014,20278,168736
10874,2.299061982711054,189014,20278,168736
10875,2.2988505747126435,189014,20278,168736
10876,2.2986392055902907,189014,20278,168736
10877,2.298427875333272,189014,20278,168736
10878,2.2982165839308695,189014,20278,168736
10879,2.298005331372369,189014,20278,168736
10880,2.297794117647059,189014,20278,168736
10881,2.297582942744233,189014,20278,168736
10882,2.2973718066531887,189014,20278,168736
10883,2.297160709363227,189014,20278,168736
10884,2.296949650863653,189014,20278,168736
10885,2.296738631143776,189014,20278,168736
10886,2.296527650192908,189014,20278,168736
10887,2.2963167080003672,189014,20278,168736
10888,2.296105804555474,189014,20278,168736
10889,2.2958949398475528,189014,20278,168736
10890,2.295684113865932,189014,20278,168736
10891,2.2954733265999447,189014,20278,168736
10892,2.2952625780389275,189014,20278,168736
10893,2.2950518681722207,189014,20278,168736
10894,2.2948411969891684,189014,20278,168736
10895,2.2946305644791187,189014,20278,168736
10896,2.2944199706314246,189014,20278,168736
10897,2.294209415435441,189014,20278,168736
10898,2.2939988988805284,189014,20278,168736
10899,2.293788420956051,189014,20278,168736
10900,2.293577981651376,189014,20278,168736
10901,2.293367580955876,189014,20278,168736
10902,2.293157218858925,189014,20278,168736
10903,2.2929468953499037,189014,20278,168736
10904,2.292736610418195,189014,20278,168736
10905,2.2925263640531868,189014,20278,168736
10906,2.292316156244269,189014,20278,168736
10907,2.292105986980838,189014,20278,168736
10908,2.291895856252292,189014,20278,168736
10909,2.291685764048034,189014,20278,168736
10910,2.2914757103574703,189014,20278,168736
10911,2.291265695170012,189014,20278,168736
10912,2.2910557184750733,189014,20278,168736
10913,2.2908457802620728,189014,20278,168736
10914,2.2906358805204325,189014,20278,168736
10915,2.2904260192395784,189014,20278,168736
10916,2.290216196408941,189014,20278,168736
10917,2.2900064120179535,189014,20278,168736
10918,2.2897966660560543,189014,20278,168736
10919,2.2895869585126842,189014,20278,168736
10920,2.2893772893772892,189014,20278,168736
10921,2.2891676586393186,189014,20278,168736
10922,2.2889580662882256,189012,20299,168713
10923,2.288748512313467,189012,20299,168713
10924,2.288538996704504,189012,20299,168713
10925,2.288329519450801,189012,20299,168713
10926,2.2881200805418267,189012,20299,168713
10927,2.287910679967054,189012,20299,168713
10928,2.287701317715959,189012,20299,168713
10929,2.287491993778022,189012,20299,168713
10930,2.2872827081427265,189012,20299,168713
10931,2.287073460799561,189012,20299,168713
10932,2.2868642517380167,189012,20299,168713
10933,2.28665508094759,189012,20299,168713
10934,2.2864459484177795,189012,20299,168713
10935,2.286236854138089,189012,20299,168713
10936,2.286027798098025,189012,20299,168713
10937,2.285818780287099,189012,20299,168713
10938,2.2856098006948256,189012,20299,168713
10939,2.285400859310723,189012,20299,168713
10940,2.2851919561243146,189012,20299,168713
10941,2.2849830911251257,189012,20299,168713
10942,2.284774264302687,189012,20299,168713
10943,2.284565475646532,189012,20299,168713
10944,2.284356725146199,189012,20299,168713
10945,2.284148012791229,189012,20299,168713
10946,2.2839393385711677,189012,20299,168713
10947,2.283730702475564,189012,20299,168713
10948,2.2835221044939713,189012,20299,168713
10949,2.2833135446159467,189012,20299,168713
10950,2.2831050228310503,189012,20299,168713
10951,2.2828965391288465,189012,20299,168713
10952,2.2826880934989044,189012,20299,168713
10953,2.282479685930795,189012,20299,168713
10954,2.282271316414095,189012,20299,168713
10955,2.2820629849383844,189012,20299,168713
10956,2.281854691493246,189012,20299,168713
10957,2.2816464360682667,189012,20299,168713
10958,2.281438218653039,189012,20299,168713
10959,2.2812300392371565,189012,20299,168713
10960,2.281021897810219,189012,20299,168713
10961,2.2808137943618285,189012,20299,168713
10962,2.280605728881591,189012,20299,168713
10963,2.2803977013591172,189012,20299,168713
10964,2.2801897117840206,189012,20299,168713
10965,2.279981760145919,189012,20299,168713
10966,2.2797738464344337,189012,20299,168713
10967,2.27956597063919,189012,20299,168713
10968,2.2793581327498176,189012,20299,168713
10969,2.2791503327559486,189012,20299,168713
10970,2.2789425706472195,189012,20299,168713
10971,2.2787348464132715,189012,20299,168713
10972,2.2785271600437476,189012,20299,168713
10973,2.278319511528297,189012,20299,168713
10974,2.2781119008565702,189012,20299,168713
10975,2.277904328018223,189012,20299,168713
10976,2.2776967930029155,189012,20299,168713
10977,2.2774892958003097,189012,20299,168713
10978,2.277281836400073,189012,20299,168713
10979,2.2770744147918753,189012,20299,168713
10980,2.276867030965392,189012,20299,168713
10981,2.2766596849102996,189012,20299,168713
10982,2.276452376616281,189012,20299,168713
10983,2.2762451060730218,189012,20299,168713
10984,2.2760378732702113,189012,20299,168713
10985,2.275830678197542,189012,20299,168713
10986,2.2756235208447113,189012,20299,168713
10987,2.27541640120142,189012,20299,168713
10988,2.2752093192573715,189012,20299,168713
10989,2.275002275002275,189012,20299,168713
10990,2.2747952684258417,189012,20299,168713
10991,2.274588299517787,189012,20299,168713
10992,2.2743813682678313,189012,20299,168713
10993,2.2741744746656964,189012,20299,168713
10994,2.2739676187011097,189012,20299,168713
10995,2.2737608003638017,189012,20299,168713
10996,2.2735540196435067,189012,20299,168713
10997,2.2733472765299627,189012,20299,168713
10998,2.2731405710129113,189012,20299,168713
10999,2.2729339030820985,189012,20299,168713
11000,2.272727272727273,189012,20299,168713
11001,2.2725206799381876,189012,20299,168713
11002,2.2723141247045993,189012,20299,168713
11003,2.2721076070162685,189012,20299,168713
11004,2.271901126862959,189012,20299,168713
11005,2.271694684234439,189012,20299,168713
11006,2.27148827912048,189012,20299,168713
11007,2.2712819115108567,189012,20299,168713
11008,2.271075581395349,189012,20299,168713
11009,2.270869288763739,189012,20299,168713
11010,2.270663033605813,189012,20299,168713
11011,2.2704568159113614,189012,20299,168713
11012,2.270250635670178,189012,20299,168713
11013,2.2700444928720604,189012,20299,168713
11014,2.2698383875068093,189012,20299,168713
11015,2.2696323195642307,189012,20299,168713
11016,2.2694262890341323,189012,20299,168713
11017,2.269220295906327,189012,20299,168713
11018,2.2690143401706298,189012,20299,168713
11019,2.268808421816862,189012,20299,168713
11020,2.268602540834846,189012,20299,168713
11021,2.268396697214409,189012,20299,168713
11022,2.268190890945382,189012,20299,168713
11023,2.2679851220175995,189012,20299,168713
11024,2.2677793904209,189012,20299,168713
11025,2.2675736961451247,189012,20299,168713
11026,2.26736803918012,189012,20299,168713
11027,2.267162419515734,189012,20299,168713
11028,2.2669568371418207,189012,20299,168713
11029,2.2667512920482364,189012,20299,168713
11030,2.2665457842248413,189012,20299,168713
11031,2.2663403136614995,189012,20299,168713
11032,2.2661348803480785,189012,20299,168713
11033,2.2659294842744493,189012,20299,168713
11034,2.2657241254304874,189012,20299,168713
11035,2.2655188038060716,189012,20299,168713
11036,2.265313519391084,189012,20299,168713
11037,2.26510827217541,189012,20299,168713
11038,2.26490306214894,189012,20299,168713
11039,2.264697889301567,189012,20299,168713
11040,2.2644927536231885,189012,20299,168713
11041,2.2642876551037046,189012,20299,168713
11042,2.2640825937330193,189012,20299,168713
11043,2.2638775695010414,189012,20299,168713
11044,2.263672582397682,189012,20299,168713
11045,2.2634676324128566,189012,20299,168713
11046,2.263262719536484,189012,20299,168713
11047,2.2630578437584865,189012,20299,168713
11048,2.262853005068791,189012,20299,168713
11049,2.2626482034573265,189012,20299,168713
11050,2.262443438914027,189012,20299,168713
11051,2.26223871142883,189012,20299,168713
11052,2.262034020991676,189012,20299,168713
11053,2.261829367592509,189012,20299,168713
11054,2.2616247512212775,189012,20299,168713
11055,2.261420171867933,189012,20299,168713
11056,2.261215629522431,189012,20299,168713
11057,2.261011124174731,189012,20299,168713
11058,2.2608066558147946,189012,20299,168713
11059,2.260602224432589,189012,20299,168713
11060,2.2603978300180834,189012,20299,168713
11061,2.260193472561251,189012,20299,168713
11062,2.25998915205207,189012,20299,168713
11063,2.2597848684805206,189012,20299,168713
11064,2.2595806218365873,189012,20299,168713
11065,2.2593764121102575,189012,20299,168713
11066,2.2591722392915234,189012,20299,168713
11067,2.2589681033703806,189012,20299,168713
11068,2.2587640043368267,189012,20299,168713
11069,2.2585599421808653,189012,20299,168713
11070,2.2583559168925023,188965,20077,168888
11071,2.258151928461747,188965,20077,168888
11072,2.257947976878613,188965,20077,168888
11073,2.2577440621331166,188874,20077,168797
11074,2.257540184215279,188874,20077,168797
11075,2.2573363431151243,188874,20077,168797
11076,2.2571325388226797,188874,20077,168797
11077,2.256928771327977,188874,20077,168797
11078,2.256725040621051,188874,20077,168797
11079,2.25652134669194,188874,20077,168797
11080,2.256317689530686,188874,20077,168797
11081,2.256114069127335,188874,20077,168797
11082,2.2559104854719365,188874,20077,168797
11083,2.255706938554543,188874,20077,168797
11084,2.255503428365211,188874,20077,168797
11085,2.2552999548940007,188874,20077,168797
11086,2.255096518130976,188874,20077,168797
11087,2.2548931180662035,188874,20077,168797
11088,2.2546897546897546,188874,20077,168797
11089,2.2544864279917034,188874,20077,168797
11090,2.254283137962128,188874,20077,168797
11091,2.25407988459111,188874,20077,168797
11092,2.253876667868734,188874,20077,168797
11093,2.2536734877850897,188874,20077,168797
11094,2.253470344330269,188874,20077,168797
11095,2.253267237494367,188874,20077,168797
11096,2.2530641672674836,188874,20077,168797
11097,2.2528611336397226,188874,20077,168797
11098,2.2526581366011893,188874,20077,168797
11099,2.2524551761419946,188874,20077,168797
11100,2.2522522522522523,188874,20077,168797
11101,2.252049364922079,188874,20077,168797
11102,2.251846514141596,188874,20077,168797
11103,2.2516436999009275,188874,20077,168797
11104,2.2514409221902016,188874,20077,168797
11105,2.25123818099955,188874,20077,168797
11106,2.2510354763191067,188874,20077,168797
11107,2.2508328081390117,188874,20077,168797
11108,2.250630176449406,188874,20077,168797
11109,2.2504275812404355,188874,20077,168797
11110,2.25022502250225,188874,20077,168797
11111,2.2500225002250023,188874,20077,168797
11112,2.249820014398848,188874,20077,168797
11113,2.249617565013948,188874,20077,168797
11114,2.249415152060464,188874,20077,168797
11115,2.249212775528565,188874,20077,168797
11116,2.24901043540842,188874,20077,168797
11117,2.248808131690204,188874,20077,168797
11118,2.248605864364094,188874,20077,168797
11119,2.2484036334202715,188874,20077,168797
11120,2.2482014388489207,188874,20077,168797
11121,2.2479992806402302,188874,20077,168797
11122,2.2477971587843912,188874,20077,168797
11123,2.2475950732715995,188874,20077,168797
11124,2.2473930240920534,188874,20077,168797
11125,2.247191011235955,188874,20077,168797
11126,2.246989034693511,188874,20077,168797
11127,2.2467870944549295,188874,20077,168797
11128,2.246585190510424,188874,20077,168797
11129,2.2463833228502113,188874,20077,168797
11130,2.2461814914645104,188874,20077,168797
11131,2.245979696343545,188874,20077,168797
11132,2.245777937477542,188874,20077,168797
11133,2.245576214856732,188874,20077,168797
11134,2.245374528471349,188874,20077,168797
11135,2.24517287831163,188874,20077,168797
11136,2.244971264367816,188874,20077,168797
11137,2.2447696866301516,188874,20077,168797
11138,2.244568145088885,188874,20077,168797
11139,2.244366639734267,188874,20077,168797
11140,2.244165170556553,188874,20077,168797
11141,2.243963737546001,188874,20077,168797
11142,2.2437623406928737,188874,20077,168797
11143,2.243560979987436,188874,20077,168797
11144,2.243359655419957,188874,20077,168797
11145,2.2431583669807087,188874,20077,168797
11146,2.242957114659968,188874,20077,168797
11147,2.2427558984480127,188874,20077,168797
11148,2.2425547183351275,188874,20077,168797
11149,2.2423535743115974,188874,20077,168797
11150,2.242152466367713,188843,20054,168789
11151,2.2419513944937672,188843,20054,168789
11152,2.2417503586800573,188843,20054,168789
11153,2.2415493589168833,188843,20054,168789
11154,2.241348395194549,188843,20054,168789
11155,2.2411474675033616,188798,19940,168858
11156,2.240946575833632,188798,19940,168858
11157,2.2407457201756746,188798,19940,168858
11158,2.2405449005198066,188798,19940,168858
11159,2.240344116856349,188798,19940,168858
11160,2.240143369175627,188798,19940,168858
11161,2.2399426574679686,188798,19940,168858
11162,2.2397419817237054,188798,19940,168858
11163,2.239541341933172,188798,19940,168858
11164,2.239340738086707,188798,19940,168858
11165,2.239140170174653,188798,19940,168858
11166,2.2389396381873543,188798,19940,168858
11167,2.238739142115161,188798,19940,168858
11168,2.238538681948424,188798,19940,168858
11169,2.2383382576775004,188798,19940,168858
11170,2.2381378692927485,188798,19940,168858
11171,2.2379375167845312,188798,19940,168858
11172,2.237737200143215,188798,19940,168858
11173,2.237536919359169,188798,19940,168858
11174,2.237336674422767,188798,19940,168858
11175,2.237136465324385,188798,19940,168858
11176,2.2369362920544025,188798,19940,168858
11177,2.236736154603203,188798,19940,168858
11178,2.2365360529611737,188798,19940,168858
11179,2.2363359871187045,188798,19940,168858
11180,2.23613595706619,188798,19940,168858
11181,2.2359359627940254,188798,19940,168858
11182,2.235736004292613,188798,19940,168858
11183,2.235536081552356,188798,19940,168858
11184,2.2353361945636623,188798,19940,168858
11185,2.235136343316942,188798,19940,168858
11186,2.2349365278026103,188798,19940,168858
11187,2.2347367480110845,188798,19940,168858
11188,2.234537003932785,188798,19940,168858
11189,2.2343372955581375,188798,19940,168858
11190,2.234137622877569,188798,19940,168858
11191,2.233937985881512,188798,19940,168858
11192,2.2337383845604,188798,19940,168858
11193,2.2335388189046728,188798,19940,168858
11194,2.2333392889047703,188798,19940,168858
11195,2.233139794551139,188798,19940,168858
11196,2.2329403358342264,188798,19940,168858
11197,2.232740912744485,188798,19940,168858
11198,2.23254152527237,188798,19940,168858
11199,2.23234217340834,188798,19940,168858
11200,2.232142857142857,188798,19940,168858
11201,2.231943576466387,188798,19940,168858
11202,2.2317443313693985,188798,19940,168858
11203,2.231545121842364,188798,19940,168858
11204,2.2313459478757585,188798,19940,168858
11205,2.2311468094600624,188798,19940,168858
11206,2.2309477065857575,188798,19940,168858
11207,2.23074863924333,188798,19940,168858
11208,2.230549607423269,188798,19940,168858
11209,2.2303506111160676,188798,19940,168858
11210,2.230151650312221,188798,19940,168858
11211,2.2299527250022297,188798,19940,168858
11212,2.2297538351765964,188798,19940,168858
11213,2.229554980825827,188798,19940,168858
11214,2.2293561619404314,188798,19940,168858
11215,2.229157378510923,188798,19940,168858
11216,2.2289586305278175,188798,19940,168858
11217,2.228759917981635,188798,19940,168858
11218,2.228561240862899,188798,19940,168858
11219,2.2283625991621356,188798,19940,168858
11220,2.228163992869875,188798,19940,168858
11221,2.2279654219766507,188798,19940,168858
11222,2.2277668864729994,188798,19940,168858
11223,2.227568386349461,188798,19940,168858
11224,2.2273699215965785,188798,19940,168858
11225,2.2271714922048997,188798,19940,168858
11226,2.226973098164974,188798,19940,168858
11227,2.2267747394673556,188798,19940,168858
11228,2.2265764161026005,188798,19940,168858
11229,2.22637812806127,188798,19940,168858
11230,2.226179875333927,188798,19940,168858
11231,2.225981657911139,188798,19940,168858
11232,2.2257834757834756,188798,19940,168858
11233,2.2255853289415115,188798,19940,168858
11234,2.2253872173758236,188798,19940,168858
11235,2.2251891410769917,188798,19940,168858
11236,2.2249911000356,188798,19940,168858
11237,2.2247930942422354,188798,19940,168858
11238,2.224595123687489,188798,19940,168858
11239,2.2243971883619538,188798,19940,168858
11240,2.224199288256228,188798,19940,168858
11241,2.224001423360911,188798,19940,168858
11242,2.223803593666607,188798,19940,168858
11243,2.2236057991639244,188798,19940,168858
11244,2.223408039843472,188798,19940,168858
11245,2.223210315695865,188798,19940,168858
11246,2.2230126267117196,188798,19940,168858
11247,2.2228149728816575,188798,19940,168858
11248,2.2226173541963017,188798,19940,168858
11249,2.2224197706462796,188798,19940,168858
11250,2.2222222222222223,188798,19940,168858
11251,2.222024708914763,188798,19940,168858
11252,2.2218272307145397,188798,19940,168858
11253,2.2216297876121924,188798,19940,168858
11254,2.221432379598365,188798,19940,168858
11255,2.221235006663705,188798,19940,168858
11256,2.221037668798863,188798,19940,168858
11257,2.2208403659944924,188798,19940,168858
11258,2.2206430982412506,188798,19940,168858
11259,2.2204458655297983,188798,19940,168858
11260,2.2202486678507993,188798,19940,168858
11261,2.2200515051949203,188798,19940,168858
11262,2.2198543775528323,188798,19940,168858
11263,2.219657284915209,188798,19940,168858
11264,2.219460227272727,188798,19940,168858
11265,2.2192632046160674,188798,19940,168858
11266,2.2190662169359134,188798,19940,168858
11267,2.218869264222952,188798,19940,168858
11268,2.2186723464678737,188798,19940,168858
11269,2.2184754636613717,188798,19940,168858
11270,2.218278615794144,188798,19940,168858
11271,2.218081802856889,188798,19940,168858
11272,2.2178850248403124,188798,19940,168858
11273,2.217688281735119,188798,19940,168858
11274,2.2174915735320204,188798,19940,168858
11275,2.2172949002217295,188798,19940,168858
11276,2.2170982617949626,188798,19940,168858
11277,2.2169016582424406,188798,19940,168858
11278,2.2167050895548854,188798,19940,168858
11279,2.216508555723025,188798,19940,168858
11280,2.2163120567375887,188798,19940,168858
11281,2.2161155925893095,188798,19940,168858
11282,2.215919163268924,188798,19940,168858
11283,2.2157227687671717,188798,19940,168858
11284,2.2155264090747964,188798,19940,168858
11285,2.2153300841825434,188798,19940,168858
11286,2.2151337940811624,188798,19940,168858
11287,2.214937538761407,188798,19940,168858
11288,2.2147413182140325,188798,19940,168858
11289,2.214545132429799,188798,19940,168858
11290,2.2143489813994686,188798,19940,168858
11291,2.2141528651138076,188798,19940,168858
11292,2.2139567835635847,188798,19940,168858
11293,2.213760736739573,188798,19940,168858
11294,2.213564724632548,188798,19940,168858
11295,2.213368747233289,188798,19940,168858
11296,2.213172804532578,188798,19940,168858
11297,2.2129768965212,188798,19940,168858
11298,2.212781023189945,188798,19940,168858
11299,2.2125851845296043,188798,19940,168858
11300,2.2123893805309733,188798,19940,168858
11301,2.212193611184851,188798,19940,168858
11302,2.2119978764820387,188798,19940,168858
11303,2.2118021764133418,188798,19940,168858
11304,2.211606510969568,188798,19940,168858
11305,2.21141088014153,188771,19940,168831
11306,2.2112152839200423,188771,19940,168831
11307,2.211019722295923,188771,19940,168831
11308,2.2108241952599927,188771,19940,168831
11309,2.2106287028030773,188771,19940,168831
11310,2.2104332449160036,188771,19940,168831
11311,2.2102378215896032,188771,19940,168831
11312,2.21004243281471,188771,19940,168831
11313,2.209847078582162,188771,19940,168831
11314,2.2096517588828,188771,19940,168831
11315,2.209456473707468,188771,19940,168831
11316,2.209261223047013,188771,19940,168831
11317,2.209066006892286,188771,19940,168831
11318,2.2088708252341402,188771,19940,168831
11319,2.2086756780634333,188771,19940,168831
11320,2.208480565371025,188771,19940,168831
11321,2.2082854871477786,188771,19940,168831
11322,2.208090443384561,188771,19940,168831
11323,2.2078954340722423,188771,19940,168831
11324,2.2077004592016953,188771,19940,168831
11325,2.207505518763797,188771,19940,168831
11326,2.207310612749426,188771,19940,168831
11327,2.2071157411494657,188771,19940,168831
11328,2.2069209039548023,188771,19940,168831
11329,2.2067261011563244,188771,19940,168831
11330,2.206531332744925,188771,19940,168831
11331,2.2063365987114993,188771,19940,168831
11332,2.206141899046947,188771,19940,168831
11333,2.205947233742169,188771,19940,168831
11334,2.2057526027880714,188771,19940,168831
11335,2.2055580061755626,188771,19940,168831
11336,2.205363443895554,188771,19940,168831
11337,2.205168915938961,188771,19940,168831
11338,2.204974422296701,188771,19940,168831
11339,2.2047799629596967,188771,19940,168831
11340,2.2045855379188715,188771,19940,168831
11341,2.204391147165153,188771,19940,168831
11342,2.2041967906894726,188771,19940,168831
11343,2.2040024684827646,188771,19940,168831
11344,2.203808180535966,188771,19940,168831
11345,2.2036139268400174,188771,19940,168831
11346,2.203419707385863,188771,19940,168831
11347,2.203225522164449,188771,19940,168831
11348,2.2030313711667255,188771,19940,168831
11349,2.2028372543836463,188771,19940,168831
11350,2.202643171806167,188771,19940,168831
11351,2.202449123425249,188771,19940,168831
11352,2.2022551092318534,188771,19940,168831
11353,2.202061129216947,188771,19940,168831
11354,2.201867183371499,188771,19940,168831
11355,2.2016732716864817,188771,19940,168831
11356,2.2014793941528707,188771,19940,168831
11357,2.2012855507616447,188771,19940,168831
11358,2.201091741503786,188771,19940,168831
11359,2.2008979663702792,188771,19940,168831
11360,2.2007042253521125,188771,19940,168831
11361,2.2005105184402782,188771,19940,168831
11362,2.2003168456257702,188771,19940,168831
11363,2.2001232068995864,188771,19940,168831
11364,2.1999296022527277,188771,19940,168831
11365,2.1997360316761987,188771,19940,168831
11366,2.1995424951610065,188771,19940,168831
11367,2.1993489926981615,188771,19940,168831
11368,2.199155524278677,188771,19940,168831
11369,2.1989620898935702,188771,19940,168831
11370,2.198768689533861,188771,19940,168831
11371,2.1985753231905725,188771,19940,168831
11372,2.198381990854731,188771,19940,168831
11373,2.1981886925173657,188771,19940,168831
11374,2.1979954281695093,188771,19940,168831
11375,2.197802197802198,188771,19940,168831
11376,2.19760900140647,188771,19940,168831
11377,2.197415838973367,188771,19940,168831
11378,2.1972227104939357,188771,19940,168831
11379,2.1970296159592233,188771,19940,168831
11380,2.196836555360281,188771,19940,168831
11381,2.1966435286881647,188771,19940,168831
11382,2.1964505359339306,188771,19940,168831
11383,2.196257577088641,188771,19940,168831
11384,2.196064652143359,188771,19940,168831
11385,2.1958717610891525,188771,19940,168831
11386,2.195678903917091,188771,19940,168831
11387,2.195486080618249,188771,19940,168831
11388,2.195293291183702,188771,19940,168831
11389,2.1951005356045306,188771,19940,168831
11390,2.194907813871817,188771,19940,168831
11391,2.194715125976648,188771,19940,168831
11392,2.1945224719101124,188771,19940,168831
11393,2.194329851663302,188771,19940,168831
11394,2.1941372652273126,188771,19940,168831
11395,2.1939447125932428,188771,19940,168831
11396,2.1937521937521938,188771,19940,168831
11397,2.1935597086952705,188771,19940,168831
11398,2.1933672574135814,188771,19940,168831
11399,2.1931748398982367,188771,19940,168831
11400,2.192982456140351,188771,19940,168831
11401,2.1927901061310413,188771,19940,168831
11402,2.192597789861428,188771,19940,168831
11403,2.1924055073226345,188771,19940,168831
11404,2.1922132585057876,188771,19940,168831
11405,2.1920210434020166,188771,19940,168831
11406,2.191828862002455,188771,19940,168831
11407,2.191636714298238,188771,19940,168831
11408,2.191444600280505,188771,19940,168831
11409,2.191252519940398,188771,19940,168831
11410,2.1910604732690624,188771,19940,168831
11411,2.1908684602576463,188771,19940,168831
11412,2.190676480897301,188771,19940,168831
11413,2.1904845351791815,188771,19940,168831
11414,2.1902926230944453,188771,19940,168831
11415,2.190100744634253,188771,19940,168831
11416,2.189908899789769,188771,19940,168831
11417,2.189717088552159,188771,19940,168831
11418,2.189525310912594,188771,19940,168831
11419,2.1893335668622473,188771,19940,168831
11420,2.189141856392294,188771,19940,168831
11421,2.1889501794939146,188771,19940,168831
11422,2.188758536158291,188771,19940,168831
11423,2.1885669263766085,188771,19940,168831
11424,2.1883753501400562,188771,19940,168831
11425,2.1881838074398248,188771,19940,168831
11426,2.18799229826711,188771,19940,168831
11427,2.1878008226131094,188771,19940,168831
11428,2.1876093804690235,188771,19940,168831
11429,2.1874179718260565,188771,19940,168831
11430,2.1872265966754156,188771,19940,168831
11431,2.1870352550083108,188771,19940,168831
11432,2.186843946815955,188771,19940,168831
11433,2.1866526720895654,188771,19940,168831
11434,2.1864614308203603,188771,19940,168831
11435,2.1862702229995628,188771,19940,168831
11436,2.186079048618398,188771,19940,168831
11437,2.1858879076680946,188771,19940,168831
11438,2.1856968001398847,188771,19940,168831
11439,2.1855057260250024,188771,19940,168831
11440,2.1853146853146854,188771,19940,168831
11441,2.1851236780001746,188771,19940,168831
11442,2.1849327040727147,188771,19940,168831
11443,2.1847417635235513,188771,19940,168831
11444,2.1845508563439355,188771,19940,168831
11445,2.18435998252512,188771,19940,168831
11446,2.184169142058361,188771,19940,168831
11447,2.1839783349349173,188771,19940,168831
11448,2.1837875611460515,188771,19940,168831
11449,2.183596820683029,188771,19940,168831
11450,2.183406113537118,188771,19940,168831
11451,2.1832154396995898,188771,19940,168831
11452,2.1830247991617187,188771,19940,168831
11453,2.182834191914782,188771,19940,168831
11454,2.182643617950061,188771,19940,168831
11455,2.182453077258839,188771,19940,168831
11456,2.1822625698324023,188771,19940,168831
11457,2.1820720956620407,188771,19940,168831
11458,2.181881654739047,188771,19940,168831
11459,2.181691247054717,188771,19940,168831
11460,2.181500872600349,188771,19940,168831
11461,2.1813105313672456,188771,19940,168831
11462,2.181120223346711,188771,19940,168831
11463,2.180929948530053,188771,19940,168831
11464,2.180739706908583,188771,19940,168831
11465,2.1805494984736153,188771,19940,168831
11466,2.180359323216466,188771,19940,168831
11467,2.1801691811284556,188771,19940,168831
11468,2.179979072200907,188771,19940,168831
11469,2.1797889964251462,188771,19940,168831
11470,2.1795989537925022,188771,19940,168831
11471,2.179408944294307,188771,19940,168831
11472,2.179218967921897,188771,19940,168831
11473,2.1790290246666086,188771,19940,168831
11474,2.178839114519784,188771,19940,168831
11475,2.178649237472767,188771,19940,168831
11476,2.178459393516905,188771,19940,168831
11477,2.178269582643548,188771,19940,168831
11478,2.1780798048440495,188771,19940,168831
11479,2.1778900601097657,188771,19940,168831
11480,2.177700348432056,188771,19940,168831
11481,2.177510669802282,188771,19940,168831
11482,2.17732102421181,188771,19940,168831
11483,2.1771314116520073,188771,19940,168831
11484,2.1769418321142457,188771,19940,168831
11485,2.1767522855898997,188771,19940,168831
11486,2.1765627720703464,188771,19940,168831
11487,2.176373291546966,188771,19940,168831
11488,2.176183844011142,188771,19940,168831
11489,2.175994429454261,188771,19940,168831
11490,2.175805047867711,188771,19940,168831
11491,2.175615699242886,188771,19940,168831
11492,2.17542638357118,188771,19940,168831
11493,2.175237100843992,188771,19940,168831
11494,2.175047851052723,188771,19940,168831
11495,2.174858634188778,188771,19940,168831
11496,2.174669450243563,188771,19940,168831
11497,2.174480299208489,188771,19940,168831
11498,2.1742911810749694,188771,19940,168831
11499,2.1741020958344204,188771,19940,168831
11500,2.1739130434782608,188771,19940,168831
11501,2.1737240239979134,188771,19940,168831
11502,2.1735350373848026,188771,19940,168831
11503,2.1733460836303573,188771,19940,168831
11504,2.1731571627260085,188771,19940,168831
11505,2.17296827466319,188771,19940,168831
11506,2.172779419433339,188771,19940,168831
11507,2.172590597027896,188771,19940,168831
11508,2.1724018074383036,188771,19940,168831
11509,2.1722130506560084,188771,19940,168831
11510,2.172024326672459,188771,19940,168831
11511,2.171835635479107,188771,19940,168831
11512,2.171646977067408,188771,19940,168831
11513,2.1714583514288197,188771,19940,168831
11514,2.1712697585548026,188771,19940,168831
11515,2.1710811984368217,188771,19940,168831
11516,2.1708926710663423,188771,19940,168831
11517,2.1707041764348354,188771,19940,168831
11518,2.170515714533773,188771,19940,168831
11519,2.1703272853546314,188771,19940,168831
11520,2.170138888888889,188771,19940,168831
11521,2.169950525128027,188771,19940,168831
11522,2.1697621940635305,188771,19940,168831
11523,2.169573895686887,188771,19940,168831
11524,2.169385629989587,188771,19940,168831
11525,2.1691973969631237,188771,19940,168831
11526,2.1690091965989935,188771,19940,168831
11527,2.168821028888696,188771,19940,168831
11528,2.1686328938237334,188771,19940,168831
11529,2.168444791395611,188771,19940,168831
11530,2.168256721595837,188771,19940,168831
11531,2.1680686844159225,188771,19940,168831
11532,2.1678806798473813,188771,19940,168831
11533,2.1676927078817307,188771,19940,168831
11534,2.167504768510491,188771,19940,168831
11535,2.167316861725184,188771,19940,168831
11536,2.167128987517337,188771,19940,168831
11537,2.1669411458784777,188771,19940,168831
11538,2.166753336800139,188771,19940,168831
11539,2.166565560273854,188771,19940,168831
11540,2.166377816291161,188771,19940,168831
11541,2.166190104843601,188771,19940,168831
11542,2.166002425922717,188771,19940,168831
11543,2.1658147795200553,188771,19940,168831
11544,2.1656271656271655,188771,19940,168831
11545,2.1654395842356,188771,19940,168831
11546,2.165252035336913,188771,19940,168831
11547,2.165064518922664,188771,19940,168831
11548,2.164877034984413,188771,19940,168831
11549,2.164689583513724,188771,19940,168831
11550,2.1645021645021645,188771,19940,168831
11551,2.164314777941304,188771,19940,168831
11552,2.164127423822715,188771,19940,168831
11553,2.163940102137973,188771,19940,168831
11554,2.163752812878657,188771,19940,168831
11555,2.163565556036348,188771,19940,168831
11556,2.1633783316026305,188771,19940,168831
11557,2.163191139569092,188771,19940,168831
11558,2.163003979927323,188771,19940,168831
11559,2.162816852668916,188771,19940,168831
11560,2.162629757785467,188771,19940,168831
11561,2.1624426952685756,188771,19940,168831
11562,2.162255665109843,188771,19940,168831
11563,2.1620686673008733,188771,19940,168831
11564,2.1618817018332757,188771,19940,168831
11565,2.1616947686986596,188771,19940,168831
11566,2.161507867888639,188771,19940,168831
11567,2.16132099939483,188771,19940,168831
11568,2.161134163208852,188771,19940,168831
11569,2.1609473593223267,188771,19940,168831
11570,2.16076058772688,188771,19940,168831
11571,2.160573848414139,188771,19940,168831
11572,2.1603871413757347,188771,19940,168831
11573,2.160200466603301,188771,19940,168831
11574,2.160013824088474,188771,19940,168831
11575,2.159827213822894,188771,19940,168831
11576,2.159640635798203,188771,19940,168831
11577,2.1594540900060464,188771,19940,168831
11578,2.159267576438072,188771,19940,168831
11579,2.1590810950859316,188771,19940,168831
11580,2.158894645941278,188771,19940,168831
11581,2.158708228995769,188771,19940,168831
11582,2.1585218442410636,188771,19940,168831
11583,2.158335491668825,188771,19940,168831
11584,2.1581491712707184,188771,19940,168831
11585,2.1579628830384117,188771,19940,168831
11586,2.1577766269635767,188771,19940,168831
11587,2.1575904030378874,188771,19940,168831
11588,2.1574042112530205,188771,19940,168831
11589,2.1572180516006556,188771,19940,168831
11590,2.1570319240724762,188771,19940,168831
11591,2.1568458286601673,188771,19940,168831
11592,2.1566597653554176,188771,19940,168831
11593,2.1564737341499183,188771,19940,168831
11594,2.156287735035363,188771,19940,168831
11595,2.1561017680034498,188771,19940,168831
11596,2.155915833045878,188771,19940,168831
11597,2.1557299301543504,188771,19940,168831
11598,2.1555440593205724,188771,19940,168831
11599,2.155358220536253,188771,19940,168831
11600,2.1551724137931036,188771,19940,168831
11601,2.154986639082838,188771,19940,168831
11602,2.1548008963971728,188771,19940,168831
11603,2.154615185727829,188771,19940,168831
11604,2.1544295070665287,188771,19940,168831
11605,2.154243860404998,188771,19940,168831
11606,2.154058245734965,188771,19940,168831
11607,2.1538726630481606,188771,19940,168831
11608,2.15368711233632,188771,19940,168831
11609,2.153501593591179,188771,19940,168831
11610,2.153316106804479,188771,19940,168831
11611,2.1531306519679614,188771,19940,168831
11612,2.152945229073372,188771,19940,168831
11613,2.15275983811246,188771,19940,168831
11614,2.152574479076976,188771,19940,168831
11615,2.152389151958674,188771,19940,168831
11616,2.152203856749311,188771,19940,168831
11617,2.1520185934406473,188771,19940,168831
11618,2.151833362024445,188771,19940,168831
11619,2.151648162492469,188771,19940,168831
11620,2.1514629948364887,188771,19940,168831
11621,2.1512778590482746,188771,19940,168831
11622,2.151092755119601,188771,19940,168831
11623,2.150907683042244,188771,19940,168831
11624,2.1507226428079833,188771,19940,168831
11625,2.150537634408602,188771,19940,168831
11626,2.150352657835885,188771,19940,168831
11627,2.1501677130816206,188771,19940,168831
11628,2.149982800137599,188771,19940,168831
11629,2.1497979189956142,188771,19940,168831
11630,2.1496130696474633,188771,19940,168831
11631,2.1494282520849453,188771,19940,168831
11632,2.1492434662998625,188771,19940,168831
11633,2.1490587122840195,188771,19940,168831
11634,2.148873990029225,188771,19940,168831
11635,2.1486892995272884,188771,19940,168831
11636,2.148504640770024,188771,19940,168831
11637,2.148320013749248,188771,19940,168831
11638,2.1481354184567794,188771,19940,168831
11639,2.1479508548844404,188771,19940,168831
11640,2.147766323024055,188771,19940,168831
11641,2.1475818228674513,188771,19940,168831
11642,2.1473973544064595,188771,19940,168831
11643,2.1472129176329124,188771,19940,168831
11644,2.1470285125386463,188771,19940,168831
11645,2.1468441391155,188771,19940,168831
11646,2.146659797355315,188771,19940,168831
11647,2.1464754872499356,188771,19940,168831
11648,2.146291208791209,188771,19940,168831
11649,2.1461069619709847,188771,19940,168831
11650,2.1459227467811157,188771,19940,168831
11651,2.1457385632134582,188771,19940,168831
11652,2.1455544112598695,188771,19940,168831
11653,2.1453702909122114,188771,19940,168831
11654,2.1451862021623476,188771,19940,168831
11655,2.145002145002145,188771,19940,168831
11656,2.144818119423473,188771,19940,168831
11657,2.1446341254182038,188771,19940,168831
11658,2.1444501629782122,188771,19940,168831
11659,2.144266232095377,188771,19940,168831
11660,2.144082332761578,188771,19940,168831
11661,2.143898464968699,188771,19940,168831
11662,2.143714628708626,188771,19940,168831
11663,2.143530823973249,188771,19940,168831
11664,2.1433470507544583,188771,19940,168831
11665,2.1431633090441493,188771,19940,168831
11666,2.142979598834219,188771,19940,168831
11667,2.1427959201165683,188771,19940,168831
11668,2.142612272883099,188771,19940,168831
11669,2.1424286571257176,188771,19940,168831
11670,2.1422450728363325,188771,19940,168831
11671,2.1420615200068545,188771,19940,168831
11672,2.141877998629198,188771,19940,168831
11673,2.14169450869528,188771,19940,168831
11674,2.141511050197019,188771,19940,168831
11675,2.1413276231263385,188771,19940,168831
11676,2.141144227475163,188771,19940,168831
11677,2.1409608632354202,188771,19940,168831
11678,2.140777530399041,188771,19940,168831
11679,2.140594228957959,188771,19940,168831
11680,2.1404109589041096,188771,19940,168831
11681,2.1402277202294324,188771,19940,168831
11682,2.140044512925869,188771,19940,168831
11683,2.1398613369853634,188771,19940,168831
11684,2.139678192399863,188771,19940,168831
11685,2.139495079161318,188771,19940,168831
11686,2.1393119972616805,188771,19940,168831
11687,2.1391289466929067,188771,19940,168831
11688,2.138945927446954,188771,19940,168831
11689,2.138762939515784,188771,19940,168831
11690,2.1385799828913603,188771,19940,168831
11691,2.1383970575656486,188771,19940,168831
11692,2.1382141635306193,188771,19940,168831
11693,2.1380313007782434,188771,19940,168831
11694,2.1378484693004958,188771,19940,168831
11695,2.1376656690893543,188771,19940,168831
11696,2.1374829001367988,188771,19940,168831
11697,2.1373001624348125,188771,19940,168831
11698,2.1371174559753805,188771,19940,168831
11699,2.1369347807504915,188771,19940,168831
11700,2.1367521367521367,188771,19940,168831
11701,2.13656952397231,188771,19940,168831
11702,2.136386942403008,188771,19940,168831
11703,2.13620439203623,188771,19940,168831
11704,2.136021872863978,188771,19940,168831
11705,2.135839384878257,188771,19940,168831
11706,2.1356569280710747,188771,19940,168831
11707,2.135474502434441,188677,19940,168737
11708,2.135292107960369,188677,19940,168737
11709,2.1351097446408747,188677,19940,168737
11710,2.134927412467976,188677,19940,168737
11711,2.134745111433695,188677,19940,168737
11712,2.134562841530055,188677,19940,168737
11713,2.1343806027490824,188677,19940,168737
11714,2.134198395082807,188677,19940,168737
11715,2.1340162185232607,188677,19940,168737
11716,2.1338340730624785,188677,19940,168737
11717,2.1336519586924982,188677,19940,168737
11718,2.133469875405359,188677,19940,168737
11719,2.1332878231931054,188677,19940,168737
11720,2.1331058020477816,188677,19940,168737
11721,2.1329238119614367,188677,19940,168737
11722,2.132741852926122,188677,19940,168737
11723,2.1325599249338905,188677,19940,168737
11724,2.1323780279767997,188677,19940,168737
11725,2.1321961620469083,188677,19940,168737
11726,2.1320143271362784,188677,19940,168737
11727,2.1318325232369744,188677,19940,168737
11728,2.131650750341064,188677,19940,168737
11729,2.131469008440617,188677,19940,168737
11730,2.131287297527707,188677,19940,168737
11731,2.131105617594408,188677,19940,168737
11732,2.130923968632799,188677,19940,168737
11733,2.130742350634961,188677,19940,168737
11734,2.1305607635929777,188677,19940,168737
11735,2.130379207498935,188677,19940,168737
11736,2.130197682344922,188677,19940,168737
11737,2.13001618812303,188677,19940,168737
11738,2.1298347248253537,188677,19940,168737
11739,2.12965329244399,188677,19940,168737
11740,2.1294718909710393,188677,19940,168737
11741,2.129290520398603,188677,19940,168737
11742,2.129109180718787,188677,19940,168737
11743,2.128927871923699,188677,19940,168737
11744,2.1287465940054497,188677,19940,168737
11745,2.1285653469561514,188677,19940,168737
11746,2.128384130767921,188677,19940,168737
11747,2.1282029454328764,188677,19940,168737
11748,2.1280217909431394,188677,19940,168737
11749,2.127840667290833,188677,19940,168737
11750,2.127659574468085,188677,19940,168737
11751,2.127478512467024,188677,19940,168737
11752,2.1272974812797822,188677,19940,168737
11753,2.127116480898494,188677,19940,168737
11754,2.126935511315297,188677,19940,168737
11755,2.126754572522331,188677,19940,168737
11756,2.1265736645117386,188677,19940,168737
11757,2.1263927872756656,188677,19940,168737
11758,2.1262119408062596,188677,19940,168737
11759,2.1260311250956714,188677,19940,168737
11760,2.1258503401360542,188677,19940,168737
11761,2.1256695859195647,188677,19940,168737
11762,2.125488862438361,188677,19940,168737
11763,2.125308169684604,188677,19940,168737
11764,2.125127507650459,188677,19940,168737
11765,2.124946876328092,188677,19940,168737
11766,2.124766275709672,188677,19940,168737
11767,2.1245857057873714,188677,19940,168737
11768,2.124405166553365,188677,19940,168737
11769,2.12422465799983,188677,19940,168737
11770,2.1240441801189465,188677,19940,168737
11771,2.123863732902897,188677,19940,168737
11772,2.123683316343867,188677,19940,168737
11773,2.123502930434044,188677,19940,168737
11774,2.123322575165619,188677,19940,168737
11775,2.1231422505307855,188677,19940,168737
11776,2.1229619565217392,188677,19940,168737
11777,2.1227816931306784,188677,19940,168737
11778,2.122601460349805,188677,19940,168737
11779,2.1224212581713218,188677,19940,168737
11780,2.122241086587436,188677,19940,168737
11781,2.1220609455903574,188677,19940,168737
11782,2.1218808351722966,188677,19940,168737
11783,2.121700755325469,188677,19940,168737
11784,2.121520706042091,188677,19940,168737
11785,2.1213406873143827,188677,19940,168737
11786,2.1211606991345664,188677,19940,168737
11787,2.120980741494867,188677,19940,168737
11788,2.1208008143875126,188677,19940,168737
11789,2.1206209178047333,188677,19940,168737
11790,2.1204410517387617,188677,19940,168737
11791,2.1202612161818335,188677,19940,168737
11792,2.120081411126187,188677,19940,168737
11793,2.1199016365640633,188677,19940,168737
11794,2.1197218924877057,188677,19940,168737
11795,2.11954217888936,188677,19940,168737
11796,2.119362495761275,188677,19940,168737
11797,2.1191828430957025,188677,19940,168737
11798,2.119003220884896,188677,19940,168737
11799,2.118823629121112,188677,19940,168737
11800,2.1186440677966103,188677,19940,168737
11801,2.118464536903652,188677,19940,168737
11802,2.1182850364345027,188677,19940,168737
11803,2.1181055663814283,188677,19940,168737
11804,2.1179261267366996,188677,19940,168737
11805,2.117746717492588,188677,19940,168737
11806,2.117567338641369,188677,19940,168737
11807,2.11738799017532,188677,19940,168737
11808,2.1172086720867207,188677,19940,168737
11809,2.117029384367855,188677,19940,168737
11810,2.116850127011008,188677,19940,168737
11811,2.1166709000084665,188677,19940,168737
11812,2.116491703352523,188677,19940,168737
11813,2.116312537035469,188677,19940,168737
11814,2.116133401049602,188677,19940,168737
11815,2.1159542953872195,188677,19940,168737
11816,2.115775220040623,188677,19940,168737
11817,2.1155961750021155,188677,19940,168737
11818,2.115417160264004,188677,19940,168737
11819,2.115238175818597,188677,19940,168737
11820,2.1150592216582065,188677,19940,168737
11821,2.1148802977751457,188677,19940,168737
11822,2.1147014041617322,188677,19940,168737
11823,2.114522540810285,188677,19940,168737
11824,2.1143437077131257,188677,19940,168737
11825,2.1141649048625792,188677,19940,168737
11826,2.1139861322509725,188677,19940,168737
11827,2.113807389870635,188677,19940,168737
11828,2.113628677713899,188677,19940,168737
11829,2.1134499957731,188677,19940,168737
11830,2.113271344040575,188677,19940,168737
11831,2.1130927225086635,188677,19940,168737
11832,2.1129141311697093,188677,19940,168737
11833,2.112735570016057,188677,19940,168737
11834,2.112557039040054,188677,19940,168737
11835,2.1123785382340516,188677,19940,168737
11836,2.1122000675904022,188677,19940,168737
11837,2.1120216271014614,188677,19940,168737
11838,2.111843216759588,188677,19940,168737
11839,2.1116648365571415,188677,19940,168737
11840,2.1114864864864864,188677,19940,168737
11841,2.111308166539988,188677,19940,168737
11842,2.1111298767100153,188677,19940,168737
11843,2.1109516169889386,188677,19940,168737
11844,2.110773387369132,188677,19940,168737
11845,2.110595187842972,188677,19940,168737
11846,2.1104170184028366,188677,19940,168737
11847,2.1102388790411073,188677,19940,168737
11848,2.1100607697501688,188677,19940,168737
11849,2.109882690522407,188605,19912,168693
11850,2.109704641350211,188605,19912,168693
11851,2.1095266222259723,188605,19912,168693
11852,2.1093486331420856,188605,19912,168693
11853,2.1091706740909473,188605,19912,168693
11854,2.108992745064957,188605,19912,168693
11855,2.108814846056516,188605,19912,168693
11856,2.1086369770580298,188605,19912,168693
11857,2.1084591380619044,188605,19912,168693
11858,2.1082813290605498,188605,19912,168693
11859,2.108103550046378,188605,19912,168693
11860,2.1079258010118043,188605,19912,168693
11861,2.1077480819492456,188605,19912,168693
11862,2.1075703928511214,188605,19912,168693
11863,2.107392733709854,188605,19912,168693
11864,2.107215104517869,188605,19912,168693
11865,2.1070375052675936,188605,19912,168693
11866,2.106859935951458,188605,19912,168693
11867,2.106682396561894,188605,19912,168693
11868,2.106504887091338,188605,19912,168693
11869,2.106327407532227,188605,19912,168693
11870,2.1061499578770007,188605,19912,168693
11871,2.105972538118103,188605,19912,168693
11872,2.1057951482479784,188605,19912,168693
11873,2.1056177882590754,188605,19912,168693
11874,2.1054404581438435,188605,19912,168693
11875,2.1052631578947367,188605,19912,168693
11876,2.10508588750421,188605,19912,168693
11877,2.104908646964722,188605,19912,168693
11878,2.104731436268732,188605,19912,168693
11879,2.104554255408704,188605,19912,168693
11880,2.1043771043771042,188605,19912,168693
11881,2.1041999831664002,188605,19912,168693
11882,2.1040228917690627,188605,19912,168693
11883,2.1038458301775647,188605,19912,168693
11884,2.1036687983843825,188605,19912,168693
11885,2.103491796381994,188605,19912,168693
11886,2.1033148241628807,188605,19912,168693
11887,2.1031378817195256,188605,19912,168693
11888,2.1029609690444144,188605,19912,168693
11889,2.102784086130036,188605,19912,168693
11890,2.1026072329688814,188605,19912,168693
11891,2.1024304095534436,188605,19912,168693
11892,2.1022536158762195,188605,19912,168693
11893,2.1020768519297066,188605,19912,168693
11894,2.1019001177064065,188605,19912,168693
11895,2.101723413198823,188605,19912,168693
11896,2.101546738399462,188605,19912,168693
11897,2.101370093300832,188605,19912,168693
11898,2.1011934778954444,188605,19912,168693
11899,2.1010168921758132,188605,19912,168693
11900,2.100840336134454,188605,19912,168693
11901,2.1006638097638852,188605,19912,168693
11902,2.1004873130566293,188605,19912,168693
11903,2.100310846005209,188605,19912,168693
11904,2.1001344086021505,188605,19912,168693
11905,2.099958000839983,188605,19912,168693
11906,2.0997816227112382,188605,19912,168693
11907,2.099605274208449,188605,19912,168693
11908,2.099428955324152,188605,19912,168693
11909,2.099252666050886,188605,19912,168693
11910,2.0990764063811924,188605,19912,168693
11911,2.0989001763076147,188605,19912,168693
11912,2.0987239758226996,188605,19912,168693
11913,2.098547804918996,188605,19912,168693
11914,2.098371663589055,188605,19912,168693
11915,2.0981955518254303,188605,19912,168693
11916,2.098019469620678,188605,19912,168693
11917,2.0978434169673577,188605,19912,168693
11918,2.0976673938580297,188605,19912,168693
11919,2.097491400285259,188605,19912,168693
11920,2.097315436241611,188605,19912,168693
11921,2.0971395017196546,188528,19912,168616
11922,2.096963596711961,188528,19912,168616
11923,2.0967877212111046,188528,19912,168616
11924,2.096611875209661,188528,19912,168616
11925,2.0964360587002098,188528,19912,168616
11926,2.096260271675331,188528,19912,168616
11927,2.0960845141276097,188528,19912,168616
11928,2.0959087860496313,188528,19912,168616
11929,2.0957330874339846,188528,19912,168616
11930,2.095557418273261,188528,19912,168616
11931,2.0953817785600535,188528,19912,168616
11932,2.0952061682869596,188528,19912,168616
11933,2.0950305874465767,188528,19912,168616
11934,2.0948550360315066,188528,19912,168616
11935,2.0946795140343526,188528,19912,168616
11936,2.094504021447721,188528,19912,168616
11937,2.0943285582642206,188528,19912,168616
11938,2.0941531244764615,188528,19912,168616
11939,2.093977720077058,188528,19912,168616
11940,2.0938023450586263,188528,19912,168616
11941,2.0936269994137846,188528,19912,168616
11942,2.0934516831351533,188528,19912,168616
11943,2.0932763962153564,188528,19912,168616
11944,2.0931011386470195,188528,19912,168616
11945,2.092925910422771,188528,19912,168616
11946,2.092750711535242,188528,19912,168616
11947,2.0925755419770655,188528,19912,168616
11948,2.092400401740877,188528,19912,168616
11949,2.0922252908193153,188528,19912,168616
11950,2.092050209205021,188528,19912,168616
11951,2.091875156890637,188528,19912,168616
11952,2.0917001338688084,188528,19912,168616
11953,2.0915251401321844,188528,19912,168616
11954,2.0913501756734147,188528,19912,168616
11955,2.0911752404851525,188528,19912,168616
11956,2.0910003345600536,188528,19912,168616
11957,2.0908254578907752,188528,19912,168616
11958,2.0906506104699782,188528,19912,168616
11959,2.0904757922903254,188528,19912,168616
11960,2.0903010033444818,188528,19912,168616
11961,2.090126243625115,188528,19912,168616
11962,2.0899515131248956,188528,19912,168616
11963,2.089776811836496,188528,19912,168616
11964,2.089602139752591,188528,19912,168616
11965,2.089427496865859,188528,19912,168616
11966,2.089252883168979,188528,19912,168616
11967,2.0890782986546337,188528,19912,168616
11968,2.088903743315508,188528,19912,168616
11969,2.0887292171442895,188528,19912,168616
11970,2.0885547201336676,188528,19912,168616
11971,2.0883802522763344,188528,19912,168616
11972,2.088205813564985,188528,19912,168616
11973,2.088031403992316,188528,19912,168616
11974,2.0878570235510274,188528,19912,168616
11975,2.0876826722338206,188528,19912,168616
11976,2.0875083500334,188528,19912,168616
11977,2.087334056942473,188528,19912,168616
11978,2.0871597929537486,188528,19912,168616
11979,2.086985558059938,188528,19912,168616
11980,2.0868113522537564,188528,19912,168616
11981,2.0866371755279194,188528,19912,168616
11982,2.086463027875146,188528,19912,168616
11983,2.0862889092881582,188528,19912,168616
11984,2.0861148197596795,188528,19912,168616
11985,2.0859407592824364,188528,19912,168616
11986,2.0857667278491574,188528,19912,168616
11987,2.0855927254525737,188528,19912,168616
11988,2.0854187520854186,188528,19912,168616
11989,2.0852448077404286,188528,19912,168616
11990,2.085070892410342,188528,19912,168616
11991,2.0848970060878993,188528,19912,168616
11992,2.084723148765844,188528,19912,168616
11993,2.0845493204369214,188528,19912,168616
11994,2.08437552109388,188528,19912,168616
11995,2.084201750729471,188528,19912,168616
11996,2.0840280093364454,188528,19912,168616
11997,2.0838542969075604,188528,19912,168616
11998,2.0836806134355728,188528,19912,168616
11999,2.083506958913243,188528,19912,168616
12000,2.0833333333333335,188528,19912,168616
12001,2.0831597366886094,188528,19912,168616
12002,2.082986168971838,188528,19912,168616
12003,2.0828126301757894,188528,19912,168616
12004,2.0826391202932357,188528,19912,168616
12005,2.0824656393169514,188528,19912,168616
12006,2.0822921872397133,188528,19912,168616
12007,2.0821187640543015,188528,19912,168616
12008,2.0819453697534978,188528,19912,168616
12009,2.0817720043300856,188528,19912,168616
12010,2.0815986677768525,188528,19912,168616
12011,2.081425360086587,188528,19912,168616
12012,2.081252081252081,188528,19912,168616
12013,2.0810788312661286,188528,19912,168616
12014,2.080905610121525,188528,19912,168616
12015,2.0807324178110695,188528,19912,168616
12016,2.080559254327563,188528,19912,168616
12017,2.08038611966381,188528,19912,168616
12018,2.0802130138126143,188528,19912,168616
12019,2.080039936766786,188528,19912,168616
12020,2.0798668885191347,188528,19912,168616
12021,2.079693869062474,188528,19912,168616
12022,2.079520878389619,188528,19912,168616
12023,2.0793479164933877,188528,19912,168616
12024,2.0791749833666002,188528,19912,168616
12025,2.079002079002079,188528,19912,168616
12026,2.078829203392649,188528,19912,168616
12027,2.0786563565311384,188528,19912,168616
12028,2.0784835384103757,188528,19912,168616
12029,2.078310749023194,188528,19912,168616
12030,2.0781379883624274,188528,19912,168616
12031,2.077965256420913,188528,19912,168616
12032,2.077792553191489,188528,19912,168616
12033,2.077619878666999,188528,19912,168616
12034,2.077447232840286,188528,19912,168616
12035,2.077274615704196,188528,19912,168616
12036,2.0771020272515788,188528,19912,168616
12037,2.0769294674752845,188528,19912,168616
12038,2.0767569363681675,188528,19912,168616
12039,2.0765844339230832,188528,19912,168616
12040,2.0764119601328903,188528,19912,168616
12041,2.076239514990449,188528,19912,168616
12042,2.076067098488623,188528,19912,168616
12043,2.075894710620277,188528,19912,168616
12044,2.0757223513782797,188528,19912,168616
12045,2.0755500207555,188528,19912,168616
12046,2.0753777187448117,188528,19912,168616
12047,2.0752054453390887,188528,19912,168616
12048,2.0750332005312084,188528,19912,168616
12049,2.074860984314051,188528,19912,168616
12050,2.074688796680498,188528,19912,168616
12051,2.0745166376234336,188528,19912,168616
12052,2.074344507135745,188528,19912,168616
12053,2.074172405210321,188528,19912,168616
12054,2.074000331840053,188528,19912,168616
12055,2.073828287017835,188528,19912,168616
12056,2.0736562707365627,188528,19912,168616
12057,2.073484282989135,188528,19912,168616
12058,2.0733123237684525,188528,19912,168616
12059,2.0731403930674186,188528,19912,168616
12060,2.0729684908789388,188528,19912,168616
12061,2.072796617195921,188528,19912,168616
12062,2.072624772011275,188528,19912,168616
12063,2.0724529553179143,188528,19912,168616
12064,2.0722811671087533,188528,19912,168616
12065,2.0721094073767095,188528,19912,168616
12066,2.0719376761147026,188528,19912,168616
12067,2.0717659733156544,188528,19912,168616
12068,2.071594298972489,188528,19912,168616
12069,2.071422653078134,188528,19912,168616
12070,2.071251035625518,188528,19912,168616
12071,2.071079446607572,188528,19912,168616
12072,2.07090788601723,188528,19912,168616
12073,2.070736353847428,188528,19912,168616
12074,2.0705648500911047,188528,19912,168616
12075,2.070393374741201,188528,19912,168616
12076,2.070221927790659,188528,19912,168616
12077,2.0700505092324253,188528,19912,168616
12078,2.069879119059447,188528,19912,168616
12079,2.0697077572646743,188528,19912,168616
12080,2.0695364238410594,188528,19912,168616
12081,2.069365118781558,188528,19912,168616
12082,2.069193842079126,188528,19912,168616
12083,2.0690225937267237,188528,19912,168616
12084,2.068851373717312,188528,19912,168616
12085,2.068680182043856,188528,19912,168616
12086,2.0685090186993214,188528,19912,168616
12087,2.0683378836766773,188528,19912,168616
12088,2.0681667769688947,188528,19912,168616
12089,2.067995698568947,188528,19912,168616
12090,2.0678246484698097,188528,19912,168616
12091,2.067653626664461,188528,19912,168616
12092,2.0674826331458815,188528,19912,168616
12093,2.067311667907054,188528,19912,168616
12094,2.0671407309409626,188528,19912,168616
12095,2.0669698222405954,188528,19912,168616
12096,2.066798941798942,188528,19912,168616
12097,2.066628089608994,188528,19912,168616
12098,2.066457265663746,188528,19912,168616
12099,2.0662864699561947,188528,19912,168616
12100,2.0661157024793386,188528,19912,168616
12101,2.0659449632261797,188528,19912,168616
12102,2.065774252189721,188528,19912,168616
12103,2.0656035693629677,188528,19912,168616
12104,2.0654329147389294,188528,19912,168616
12105,2.0652622883106155,188528,19912,168616
12106,2.065091690071039,188528,19912,168616
12107,2.0649211200132154,188528,19912,168616
12108,2.064750578130162,188528,19912,168616
12109,2.064580064414898,188528,19912,168616
12110,2.0644095788604457,188528,19912,168616
12111,2.06423912145983,188528,19912,168616
12112,2.0640686922060767,188528,19912,168616
12113,2.063898291092215,188528,19912,168616
12114,2.0637279181112764,188528,19912,168616
12115,2.063557573256294,188528,19912,168616
12116,2.0633872565203037,188528,19912,168616
12117,2.063216967896344,188528,19912,168616
12118,2.063046707377455,188528,19912,168616
12119,2.0628764749566795,188528,19912,168616
12120,2.062706270627063,188528,19912,168616
12121,2.0625360943816515,188528,19912,168616
12122,2.0623659462134962,188528,19912,168616
12123,2.062195826115648,188528,19912,168616
12124,2.0620257340811614,188528,19912,168616
12125,2.0618556701030926,188528,19912,168616
12126,2.061685634174501,188528,19912,168616
12127,2.0615156262884473,188528,19912,168616
12128,2.061345646437995,188528,19912,168616
12129,2.061175694616209,188528,19912,168616
12130,2.061005770816158,188528,19912,168616
12131,2.0608358750309126,188528,19912,168616
12132,2.0606660072535443,188528,19912,168616
12133,2.0604961674771283,188528,19912,168616
12134,2.060326355694742,188528,19912,168616
12135,2.0601565718994643,188528,19912,168616
12136,2.0599868160843773,188528,19912,168616
12137,2.059817088242564,188528,19912,168616
12138,2.0596473883671114,188528,19912,168616
12139,2.059477716451108,188528,19912,168616
12140,2.059308072487644,188528,19912,168616
12141,2.059138456469813,188528,19912,168616
12142,2.05896886839071,188528,19912,168616
12143,2.0587993082434326,188528,19912,168616
12144,2.0586297760210805,188528,19912,168616
12145,2.058460271716756,188528,19912,168616
12146,2.0582907953235634,188528,19912,168616
12147,2.0581213468346093,188528,19912,168616
12148,2.057951926243003,188528,19912,168616
12149,2.057782533541855,188528,19912,168616
12150,2.05761316872428,188528,19912,168616
12151,2.0574438317833925,188528,19912,168616
12152,2.057274522712311,188528,19912,168616
12153,2.0571052415041553,188528,19912,168616
12154,2.056935988152049,188528,19912,168616
12155,2.0567667626491155,188528,19912,168616
12156,2.056597564988483,188528,19912,168616
12157,2.0564283951632802,188528,19912,168616
12158,2.056259253166639,188528,19912,168616
12159,2.0560901389916935,188528,19912,168616
12160,2.0559210526315788,188528,19912,168616
12161,2.055751994079434,188528,19912,168616
12162,2.0555829633284,188528,19912,168616
12163,2.055413960371619,188528,19912,168616
12164,2.0552449852022363,188528,19912,168616
12165,2.055076037813399,188528,19912,168616
12166,2.0549071181982574,188528,19912,168616
12167,2.054738226349963,188528,19912,168616
12168,2.05456936226167,188528,19912,168616
12169,2.0544005259265345,188528,19912,168616
12170,2.0542317173377156,188528,19912,168616
12171,2.054062936488374,188528,19912,168616
12172,2.0538941833716726,188528,19912,168616
12173,2.0537254579807773,188528,19912,168616
12174,2.053556760308855,188528,19912,168616
12175,2.0533880903490758,188528,19912,168616
12176,2.0532194480946124,188528,19912,168616
12177,2.0530508335386384,188528,19912,168616
12178,2.0528822466743306,188528,19912,168616
12179,2.0527136874948684,188528,19912,168616
12180,2.052545155993432,188528,19912,168616
12181,2.052376652163205,188528,19912,168616
12182,2.0522081759973734,188528,19912,168616
12183,2.052039727489124,188528,19912,168616
12184,2.051871306631648,188528,19912,168616
12185,2.0517029134181373,188528,19912,168616
12186,2.0515345478417855,188528,19912,168616
12187,2.0513662098957908,188528,19912,168616
12188,2.0511978995733506,188528,19912,168616
12189,2.0510296168676674,188528,19912,168616
12190,2.0508613617719442,188528,19912,168616
12191,2.0506931342793866,188528,19912,168616
12192,2.050524934383202,188528,19912,168616
12193,2.0503567620766012,188528,19912,168616
12194,2.0501886173527963,188528,19912,168616
12195,2.0500205002050023,188528,19912,168616
12196,2.049852410626435,188528,19912,168616
12197,2.049684348610314,188528,19912,168616
12198,2.0495163141498605,188528,19912,168616
12199,2.049348307238298,188528,19912,168616
12200,2.0491803278688523,188528,19912,168616
12201,2.049012376034751,188528,19912,168616
12202,2.0488444517292246,188528,19912,168616
12203,2.048676554945505,188528,19912,168616
12204,2.0485086856768273,188528,19912,168616
12205,2.048340843916428,188528,19912,168616
12206,2.0481730296575456,188528,19912,168616
12207,2.0480052428934217,188528,19912,168616
12208,2.0478374836173003,188528,19912,168616
12209,2.047669751822426,188528,19912,168616
12210,2.0475020475020473,188528,19912,168616
12211,2.0473343706494145,188528,19912,168616
12212,2.047166721257779,188528,19912,168616
12213,2.0469990993203964,188528,19912,168616
12214,2.0468315048305223,188528,19912,168616
12215,2.046663937781416,188528,19912,168616
12216,2.0464963981663393,188528,19912,168616
12217,2.0463288859785544,188528,19912,168616
12218,2.0461614012113274,188528,19912,168616
12219,2.045993943857926,188528,19912,168616
12220,2.0458265139116203,188528,19912,168616
12221,2.045659111365682,188528,19912,168616
12222,2.0454917362133855,188528,19912,168616
12223,2.045324388448008,188528,19912,168616
12224,2.045157068062827,188528,19912,168616
12225,2.044989775051125,188528,19912,168616
12226,2.0448225094061834,188528,19912,168616
12227,2.044655271121289,188528,19912,168616
12228,2.0444880601897286,188528,19912,168616
12229,2.044320876604792,188528,19912,168616
12230,2.044153720359771,188528,19912,168616
12231,2.0439865914479602,188528,19912,168616
12232,2.0438194898626554,188528,19912,168616
12233,2.043652415597155,188528,19912,168616
12234,2.0434853686447605,188528,19912,168616
12235,2.043318348998774,188528,19912,168616
12236,2.043151356652501,188485,19647,168838
12237,2.0429843915992483,188485,19647,168838
12238,2.0428174538323254,188485,19647,168838
12239,2.0426505433450446,188485,19647,168838
12240,2.042483660130719,188485,19647,168838
12241,2.042316804182665,188485,19647,168838
12242,2.0421499754942003,188485,19647,168838
12243,2.041983174058646,188485,19647,168838
12244,2.0418163998693237,188485,19647,168838
12245,2.041649652919559,188485,19647,168838
12246,2.0414829332026785,188485,19647,168838
12247,2.041316240712011,188485,19647,168838
12248,2.041149575440888,188485,19647,168838
12249,2.0409829373826436,188485,19647,168838
12250,2.0408163265306123,188485,19647,168838
12251,2.0406497428781325,188485,19647,168838
12252,2.0404831864185438,188485,19647,168838
12253,2.0403166571451887,188485,19647,168838
12254,2.040150155051412,188485,19647,168838
12255,2.039983680130559,188485,19647,168838
12256,2.039817232375979,188485,19647,168838
12257,2.0396508117810233,188424,19647,168777
12258,2.0394844183390437,188424,19647,168777
12259,2.039318052043397,188424,19647,168777
12260,2.039151712887439,188424,19647,168777
12261,2.03898540086453,188424,19647,168777
12262,2.0388191159680313,188424,19647,168777
12263,2.0386528581913073,188424,19647,168777
12264,2.0384866275277234,188424,19647,168777
12265,2.038320423970648,188424,19647,168777
12266,2.038154247513452,188424,19647,168777
12267,2.0379880981495067,188424,19647,168777
12268,2.0378219758721876,188424,19647,168777
12269,2.0376558806748717,188424,19647,168777
12270,2.037489812550937,188424,19647,168777
12271,2.037323771493766,188424,19647,168777
12272,2.0371577574967406,188424,19647,168777
12273,2.036991770553247,188424,19647,168777
12274,2.036825810656673,188424,19647,168777
12275,2.0366598778004072,188424,19647,168777
12276,2.0364939719778428,188424,19647,168777
12277,2.0363280931823735,188424,19647,168777
12278,2.0361622414073954,188424,19647,168777
12279,2.0359964166463067,188424,19647,168777
12280,2.035830618892508,188424,19647,168777
12281,2.0356648481394024,188424,19647,168777
12282,2.0354991043803943,188424,19647,168777
12283,2.0353333876088904,188424,19647,168777
12284,2.0351676978183004,188424,19647,168777
12285,2.035002035002035,188424,19647,168777
12286,2.034836399153508,188424,19647,168777
12287,2.034670790266135,188424,19647,168777
12288,2.0345052083333335,188424,19647,168777
12289,2.034339653348523,188424,19647,168777
12290,2.034174125305126,188424,19647,168777
12291,2.0340086241965665,188424,19647,168777
12292,2.0338431500162706,188424,19647,168777
12293,2.033677702757667,188424,19647,168777
12294,2.033512282414186,188424,19647,168777
12295,2.03334688897926,188424,19647,168777
12296,2.033181522446324,188424,19647,168777
12297,2.033016182808815,188424,19647,168777
12298,2.032850870060172,188424,19647,168777
12299,2.0326855841938367,188424,19647,168777
12300,2.032520325203252,188424,19647,168777
12301,2.0323550930818635,188424,19647,168777
12302,2.0321898878231184,188424,19647,168777
12303,2.0320247094204666,188424,19647,168777
12304,2.03185955786736,188424,19647,168777
12305,2.031694433157253,188424,19647,168777
12306,2.0315293352836017,188424,19647,168777
12307,2.0313642642398633,188424,19647,168777
12308,2.0311992200194995,188424,19647,168777
12309,2.031034202615972,188424,19647,168777
12310,2.0308692120227456,188424,19647,168777
12311,2.0307042482332873,188424,19647,168777
12312,2.0305393112410655,188424,19647,168777
12313,2.030374401039552,188424,19647,168777
12314,2.0302095176222186,188424,19647,168777
12315,2.0300446609825418,188424,19647,168777
12316,2.029879831113998,188424,19647,168777
12317,2.0297150280100675,188424,19647,168777
12318,2.029550251664231,188424,19647,168777
12319,2.029385502069973,188424,19647,168777
12320,2.029220779220779,188424,19647,168777
12321,2.029056083110137,188424,19647,168777
12322,2.0288914137315373,188424,19647,168777
12323,2.028726771078471,188424,19647,168777
12324,2.0285621551444337,188424,19647,168777
12325,2.028397565922921,188424,19647,168777
12326,2.0282330034074314,188424,19647,168777
12327,2.0280684675914658,188424,19647,168777
12328,2.027903958468527,188424,19647,168777
12329,2.0277394760321195,188424,19647,168777
12330,2.02757502027575,188424,19647,168777
12331,2.0274105911929285,188424,19647,168777
12332,2.027246188777165,188424,19647,168777
12333,2.0270818130219737,188424,19647,168777
12334,2.0269174639208694,188424,19647,168777
12335,2.026753141467369,188424,19647,168777
12336,2.0265888456549934,188424,19647,168777
12337,2.0264245764772637,188424,19647,168777
12338,2.026260333927703,188424,19647,168777
12339,2.026096117999838,188424,19647,168777
12340,2.025931928687196,188424,19647,168777
12341,2.0257677659833075,188424,19647,168777
12342,2.025603629881705,188424,19647,168777
12343,2.0254395203759215,188424,19647,168777
12344,2.0252754374594946,188424,19647,168777
12345,2.025111381125962,188424,19647,168777
12346,2.0249473513688643,188424,19647,168777
12347,2.0247833481817445,188424,19647,168777
12348,2.024619371558147,188424,19647,168777
12349,2.0244554214916186,188424,19647,168777
12350,2.0242914979757085,188424,19647,168777
12351,2.0241276010039675,188424,19647,168777
12352,2.0239637305699483,188424,19647,168777
12353,2.0237998866672062,188424,19647,168777
12354,2.023636069289299,188424,19647,168777
12355,2.0234722784297854,188424,19647,168777
12356,2.023308514082227,188424,19647,168777
12357,2.023144776240188,188424,19647,168777
12358,2.0229810648972326,188424,19647,168777
12359,2.0228173800469293,188424,19647,168777
12360,2.0226537216828477,188424,19647,168777
12361,2.02249008979856,188424,19647,168777
12362,2.0223264843876394,188424,19647,168777
12363,2.0221629054436625,187373,19647,167726
12364,2.021999352960207,187373,19647,167726
12365,2.0218358269308534,187373,19647,167726
12366,2.0216723273491835,187373,19647,167726
12367,2.0215088542087813,187373,19647,167726
12368,2.021345407503234,187373,19647,167726
12369,2.0211819872261296,187373,19647,167726
12370,2.021018593371059,187373,19647,167726
12371,2.0208552259316144,187373,19647,167726
12372,2.02069188490139,187373,19647,167726
12373,2.0205285702739837,187373,19647,167726
12374,2.0203652820429934,187373,19647,167726
12375,2.0202020202020203,187373,19647,167726
12376,2.020038784744667,187373,19647,167726
12377,2.019875575664539,187373,19647,167726
12378,2.019712392955243,187373,19647,167726
12379,2.0195492366103887,187373,19647,167726
12380,2.0193861066235863,187373,19647,167726
12381,2.01922300298845,187373,19647,167726
12382,2.0190599256985946,187373,19647,167726
12383,2.0188968747476377,187373,19647,167726
12384,2.018733850129199,187373,19647,167726
12385,2.0185708518368997,187373,19647,167726
12386,2.018407879864363,187373,19647,167726
12387,2.018244934205215,187373,19647,167726
12388,2.018082014853084,187373,19647,167726
12389,2.017919121801598,187373,19647,167726
12390,2.017756255044391,187370,19962,167408
12391,2.017593414575095,187359,19930,167429
12392,2.0174306003873466,187359,19930,167429
12393,2.0172678124747843,187359,19930,167429
12394,2.0171050508310473,187359,19930,167429
12395,2.016942315449778,187359,19930,167429
12396,2.016779606324621,187359,19930,167429
12397,2.0166169234492215,187359,19930,167429
12398,2.0164542668172287,187359,19930,167429
12399,2.016291636422292,187359,19930,167429
12400,2.0161290322580645,187359,19930,167429
12401,2.0159664543182,187359,19930,167429
12402,2.0158039025963554,187359,19930,167429
12403,2.015641377086189,187359,19930,167429
12404,2.015478877781361,187359,19930,167429
12405,2.015316404675534,187359,19930,167429
12406,2.015153957762373,187359,19930,167429
12407,2.0149915370355442,187359,19930,167429
12408,2.014829142488717,187359,19930,167429
12409,2.0146667741155615,187359,19930,167429
12410,2.0145044319097503,187359,19930,167429
12411,2.0143421158649586,187359,19930,167429
12412,2.014179825974863,187359,19930,167429
12413,2.0140175622331427,187359,19930,167429
12414,2.0138553246334783,187359,19930,167429
12415,2.013693113169553,187359,19930,167429
12416,2.0135309278350517,187359,19930,167429
12417,2.013368768623661,187359,19930,167429
12418,2.0132066355290705,187359,19930,167429
12419,2.0130445285449716,187359,19930,167429
12420,2.0128824476650564,187359,19930,167429
12421,2.0127203928830206,187359,19930,167429
12422,2.0125583641925617,187359,19930,167429
12423,2.012396361587378,187359,19930,167429
12424,2.012234385061172,187359,19930,167429
12425,2.0120724346076457,187359,19930,167429
12426,2.0119105102205053,187359,19930,167429
12427,2.011748611893458,187359,19930,167429
12428,2.0115867396202125,187359,19930,167429
12429,2.0114248933944805,187359,19930,167429
12430,2.011263073209976,187359,19930,167429
12431,2.0111012790604135,187359,19930,167429
12432,2.0109395109395107,187359,19930,167429
12433,2.010777768840988,187359,19930,167429
12434,2.0106160527585653,187359,19930,167429
12435,2.0104543626859672,187359,19930,167429
12436,2.0102926986169187,187359,19930,167429
12437,2.0101310605451475,187359,19930,167429
12438,2.0099694484643833,187359,19930,167429
12439,2.0098078623683575,187359,19930,167429
12440,2.009646302250804,187359,19930,167429
12441,2.009484768105458,187359,19930,167429
12442,2.009323259926057,187359,19930,167429
12443,2.009161777706341,187359,19930,167429
12444,2.0090003214400514,187359,19930,167429
12445,2.008838891120932,187359,19930,167429
12446,2.0086774867427284,187359,19930,167429
12447,2.0085161082991885,187359,19930,167429
12448,2.0083547557840618,187359,19930,167429
12449,2.0081934291911,187359,19930,167429
12450,2.0080321285140563,187359,19930,167429
12451,2.007870853746687,187359,19930,167429
12452,2.00770960488275,187359,19930,167429
12453,2.007548381916004,187359,19930,167429
12454,2.007387184840212,187359,19930,167429
12455,2.007226013649137,187359,19930,167429
12456,2.0070648683365446,187359,19930,167429
12457,2.006903748896203,187359,19930,167429
12458,2.0067426553218817,187359,19930,167429
12459,2.0065815876073523,187359,19930,167429
12460,2.0064205457463884,187359,19930,167429
12461,2.006259529732766,187359,19930,167429
12462,2.0060985395602633,187359,19930,167429
12463,2.005937575222659,187359,19930,167429
12464,2.0057766367137355,187359,19930,167429
12465,2.0056157240272765,187359,19930,167429
12466,2.005454837157067,187359,19930,167429
12467,2.0052939760968957,187359,19930,167429
12468,2.005133140840552,187359,19930,167429
12469,2.004972331381827,187359,19930,167429
12470,2.0048115477145148,187359,19930,167429
12471,2.0046507898324113,187359,19930,167429
12472,2.004490057729314,187359,19930,167429
12473,2.0043293513990217,187359,19930,167429
12474,2.0041686708353375,187359,19930,167429
12475,2.004008016032064,187359,19930,167429
12476,2.0038473869830074,187359,19930,167429
12477,2.003686783681975,187359,19930,167429
12478,2.003526206122776,187359,19930,167429
12479,2.003365654299223,187359,19930,167429
12480,2.003205128205128,187359,19930,167429
12481,2.003044627834308,187359,19930,167429
12482,2.00288415318058,187359,19930,167429
12483,2.0027237042377632,187359,19930,167429
12484,2.0025632809996794,187359,19930,167429
12485,2.002402883460152,187359,19930,167429
12486,2.0022425116130065,187359,19930,167429
12487,2.00208216545207,187359,19930,167429
12488,2.0019218449711724,187359,19930,167429
12489,2.0017615501641446,187359,19930,167429
12490,2.00160128102482,187359,19930,167429
12491,2.0014410375470337,187359,19930,167429
12492,2.0012808197246237,187284,19930,167354
12493,2.001120627551429,187284,19930,167354
12494,2.00096046102129,187284,19930,167354
12495,2.000800320128051,187284,19930,167354
12496,2.000640204865557,187284,19930,167354
12497,2.0004801152276546,187284,19930,167354
12498,2.000320051208193,187284,19930,167354
12499,2.000160012801024,187284,19930,167354
12500,2,187284,19930,167354
12501,1.9998400127989762,187284,19930,167354
12502,1.9996800511918094,187284,19930,167354
12503,1.9995201151723587,187284,19930,167354
12504,1.999360204734485,187284,19930,167354
12505,1.9992003198720512,187284,19930,167354
12506,1.999040460578922,187284,19930,167354
12507,1.9988806268489645,187284,19930,167354
12508,1.9987208186760472,187284,19930,167354
12509,1.9985610360540411,187284,19930,167354
12510,1.9984012789768186,187284,19930,167354
12511,1.9982415474382544,187284,19930,167354
12512,1.998081841432225,187284,19930,167354
12513,1.9979221609526092,187284,19930,167354
12514,1.9977625059932875,187284,19930,167354
12515,1.9976028765481422,187284,19930,167354
12516,1.9974432726110578,187284,19930,167354
12517,1.9972836941759207,187284,19930,167354
12518,1.9971241412366192,187284,19930,167354
12519,1.9969646137870436,187284,19930,167354
12520,1.9968051118210863,187284,19930,167354
12521,1.9966456353326412,187284,19930,167354
12522,1.9964861843156045,187284,19930,167354
12523,1.9963267587638744,187284,19930,167354
12524,1.996167358671351,187284,19930,167354
12525,1.996007984031936,187284,19930,167354
12526,1.9958486348395337,187284,19930,167354
12527,1.9956893110880498,187284,19930,167354
12528,1.9955300127713922,187284,19930,167354
12529,1.9953707398834704,187284,19930,167354
12530,1.9952114924181963,187284,19930,167354
12531,1.9950522703694837,187284,19930,167354
12532,1.994893073731248,187284,19930,167354
12533,1.994733902497407,187284,19930,167354
12534,1.9945747566618797,187284,19930,167354
12535,1.9944156362185879,187284,19930,167354
12536,1.994256541161455,187284,19930,167354
12537,1.9940974714844062,187284,19930,167354
12538,1.9939384271813687,187284,19930,167354
12539,1.9937794082462716,187284,19930,167354
12540,1.9936204146730463,187284,19930,167354
12541,1.9934614464556255,187284,19930,167354
12542,1.9933025035879446,187284,19930,167354
12543,1.9931435860639402,187284,19930,167354
12544,1.992984693877551,187284,19930,167354
12545,1.9928258270227182,187284,19930,167354
12546,1.9926669854933843,187284,19930,167354
12547,1.992508169283494,187284,19930,167354
12548,1.9923493783869939,187284,19930,167354
12549,1.9921906127978326,187284,19930,167354
12550,1.9920318725099602,187284,19930,167354
12551,1.9918731575173294,187284,19930,167354
12552,1.9917144678138943,187284,19930,167354
12553,1.9915558033936112,187284,19930,167354
12554,1.991397164250438,187284,19930,167354
12555,1.9912385503783354,187284,19930,167354
12556,1.9910799617712647,187284,19930,167354
12557,1.9909213984231902,187284,19930,167354
12558,1.9907628603280778,187284,19930,167354
12559,1.990604347479895,187284,19930,167354
12560,1.9904458598726114,187284,19930,167354
12561,1.9902873975001991,187284,19930,167354
12562,1.990128960356631,187284,19930,167354
12563,1.9899705484358832,187284,19930,167354
12564,1.9898121617319324,187284,19930,167354
12565,1.9896538002387585,187284,19930,167354
12566,1.9894954639503422,187284,19930,167354
12567,1.989337152860667,187284,19930,167354
12568,1.9891788669637174,187284,19930,167354
12569,1.9890206062534808,187284,19930,167354
12570,1.988862370723946,187284,19930,167354
12571,1.9887041603691036,187284,19930,167354
12572,1.9885459751829462,187284,19930,167354
12573,1.9883878151594687,187284,19930,167354
12574,1.9882296802926673,187284,19930,167354
12575,1.9880715705765408,187284,19930,167354
12576,1.987913486005089,187284,19930,167354
12577,1.9877554265723145,187284,19930,167354
12578,1.9875973922722214,187284,19930,167354
12579,1.9874393830988155,187284,19930,167354
12580,1.987281399046105,187284,19930,167354
12581,1.9871234401080995,187284,19930,167354
12582,1.986965506278811,187284,19930,167354
12583,1.986807597552253,187284,19930,167354
12584,1.9866497139224413,187284,19930,167354
12585,1.986491855383393,187284,19930,167354
12586,1.9863340219291277,187284,19930,167354
12587,1.9861762135536665,187284,19930,167354
12588,1.9860184302510326,187284,19930,167354
12589,1.9858606720152514,187284,19930,167354
12590,1.9857029388403495,187284,19930,167354
12591,1.9855452307203558,187284,19930,167354
12592,1.9853875476493013,187284,19930,167354
12593,1.9852298896212182,187284,19930,167354
12594,1.9850722566301413,187284,19930,167354
12595,1.9849146486701073,187284,19930,167354
12596,1.984757065735154,187284,19930,167354
12597,1.9845995078193222,187284,19930,167354
12598,1.9844419749166535,187284,19930,167354
12599,1.984284467021192,187284,19930,167354
12600,1.9841269841269842,187284,19930,167354
12601,1.9839695262280772,187284,19930,167354
12602,1.9838120933185208,187284,19930,167354
12603,1.983654685392367,187284,19930,167354
12604,1.9834973024436686,187284,19930,167354
12605,1.9833399444664817,187284,19930,167354
12606,1.9831826114548627,187284,19930,167354
12607,1.9830253034028715,187284,19930,167354
12608,1.9828680203045685,187284,19930,167354
12609,1.982710762154017,187284,19930,167354
12610,1.9825535289452816,187284,19930,167354
12611,1.9823963206724289,187284,19930,167354
12612,1.9822391373295274,187284,19930,167354
12613,1.9820819789106476,187284,19930,167354
12614,1.9819248454098621,187284,19930,167354
12615,1.9817677368212445,187284,19930,167354
12616,1.9816106531388713,187284,19930,167354
12617,1.9814535943568201,187284,19930,167354
12618,1.981296560469171,187284,19930,167354
12619,1.9811395514700056,187284,19930,167354
12620,1.9809825673534074,187284,19930,167354
12621,1.9808256081134616,187284,19930,167354
12622,1.980668673744256,187284,19930,167354
12623,1.9805117642398795,187284,19930,167354
12624,1.9803548795944232,187284,19930,167354
12625,1.9801980198019802,187284,19930,167354
12626,1.980041184856645,187284,19930,167354
12627,1.9798843747525146,187284,19930,167354
12628,1.979727589483687,187284,19930,167354
12629,1.9795708290442633,187284,19930,167354
12630,1.9794140934283453,187284,19930,167354
12631,1.9792573826300373,187284,19930,167354
12632,1.9791006966434452,187284,19930,167354
12633,1.978944035462677,187284,19930,167354
12634,1.9787873990818428,187284,19930,167354
12635,1.9786307874950535,187284,19930,167354
12636,1.9784742006964229,187284,19930,167354
12637,1.9783176386800665,187284,19930,167354
12638,1.9781611014401013,187281,19930,167351
12639,1.9780045889706463,187281,19930,167351
12640,1.9778481012658229,187281,19930,167351
12641,1.9776916383197531,187281,19930,167351
12642,1.9775352001265623,187281,19930,167351
12643,1.9773787866803765,187281,19930,167351
12644,1.9772223979753243,187281,19930,167351
12645,1.9770660340055357,187281,19930,167351
12646,1.9769096947651432,187281,19930,167351
12647,1.9767533802482802,187281,19930,167351
12648,1.9765970904490828,187281,19930,167351
12649,1.9764408253616887,187281,19930,167351
12650,1.976284584980237,187281,19930,167351
12651,1.9761283692988696,187281,19930,167351
12652,1.9759721783117294,187281,19930,167351
12653,1.9758160120129613,187281,19930,167351
12654,1.9756598703967125,187281,19930,167351
12655,1.9755037534571316,187281,19930,167351
12656,1.9753476611883691,187281,19930,167351
12657,1.9751915935845776,187281,19930,167351
12658,1.9750355506399115,187281,19930,167351
12659,1.9748795323485266,187281,19930,167351
12660,1.9747235387045814,187281,19930,167351
12661,1.9745675697022351,187281,19930,167351
12662,1.97441162533565,187281,19930,167351
12663,1.974255705598989,187281,19930,167351
12664,1.9740998104864182,187281,19930,167351
12665,1.9739439399921042,187281,19930,167351
12666,1.9737880941102164,187281,19930,167351
12667,1.9736322728349254,187281,19930,167351
12668,1.9734764761604042,187281,19930,167351
12669,1.9733207040808272,187281,19930,167351
12670,1.973164956590371,187281,19930,167351
12671,1.9730092336832137,187281,19930,167351
12672,1.9728535353535352,187281,19930,167351
12673,1.972697861595518,187281,19930,167351
12674,1.9725422124033454,187281,19930,167351
12675,1.9723865877712032,187281,19930,167351
12676,1.9722309876932786,187281,19930,167351
12677,1.9720754121637611,187281,19930,167351
12678,1.9719198611768418,187281,19930,167351
12679,1.9717643347267135,187281,19930,167351
12680,1.971608832807571,187281,19930,167351
12681,1.9714533554136109,187281,19930,167351
12682,1.9712979025390316,187281,19930,167351
12683,1.9711424741780337,187281,19930,167351
12684,1.9709870703248187,187281,19930,167351
12685,1.9708316909735908,187281,19930,167351
12686,1.970676336118556,187281,19930,167351
12687,1.9705210057539213,187281,19930,167351
12688,1.9703656998738965,187281,19930,167351
12689,1.970210418472693,187281,19930,167351
12690,1.9700551615445232,187281,19930,167351
12691,1.9698999290836026,187281,19930,167351
12692,1.9697447210841474,187281,19930,167351
12693,1.9695895375403767,187281,19930,167351
12694,1.9694343784465103,187281,19930,167351
12695,1.9692792437967703,187281,19930,167351
12696,1.9691241335853813,187281,19930,167351
12697,1.9689690478065685,187281,19930,167351
12698,1.9688139864545597,187281,19930,167351
12699,1.9686589495235844,187281,19930,167351
12700,1.968503937007874,187281,19930,167351
12701,1.9683489489016612,187281,19930,167351
12702,1.9681939851991812,187281,19930,167351
12703,1.9680390458946706,187281,19930,167351
12704,1.9678841309823678,187281,19930,167351
12705,1.9677292404565132,187281,19930,167351
12706,1.967574374311349,187281,19930,167351
12707,1.967419532541119,187281,19930,167351
12708,1.9672647151400693,187281,19930,167351
12709,1.967109922102447,187281,19930,167351
12710,1.966955153422502,187281,19930,167351
12711,1.966800409094485,187281,19930,167351
12712,1.9666456891126494,187281,19930,167351
12713,1.96649099347125,187281,19930,167351
12714,1.9663363221645431,187281,19930,167351
12715,1.9661816751867873,187281,19930,167351
12716,1.9660270525322427,187281,19930,167351
12717,1.9658724541951718,187281,19930,167351
12718,1.965717880169838,187281,19930,167351
12719,1.9655633304505071,187281,19930,167351
12720,1.9654088050314464,187281,19930,167351
12721,1.9652543039069255,187281,19930,167351
12722,1.9650998270712152,187281,19930,167351
12723,1.9649453745185883,187281,19930,167351
12724,1.9647909462433197,187281,19930,167351
12725,1.9646365422396856,187281,19930,167351
12726,1.9644821625019644,187281,19930,167351
12727,1.9643278070244363,187281,19930,167351
12728,1.9641734758013827,187281,19930,167351
12729,1.9640191688270878,187281,19930,167351
12730,1.9638648860958365,187281,19930,167351
12731,1.9637106276019165,187281,19930,167351
12732,1.9635563933396167,187281,19930,167351
12733,1.9634021833032278,187281,19930,167351
12734,1.9632479974870425,187281,19930,167351
12735,1.9630938358853554,187281,19930,167351
12736,1.9629396984924623,187281,19930,167351
12737,1.9627855853026615,187281,19930,167351
12738,1.9626314963102527,187281,19930,167351
12739,1.9624774315095377,187281,19930,167351
12740,1.9623233908948194,187281,19930,167351
12741,1.9621693744604034,187281,19930,167351
12742,1.9620153822005963,187281,19930,167351
12743,1.9618614141097073,187281,19930,167351
12744,1.9617074701820465,187281,19930,167351
12745,1.9615535504119261,187281,19930,167351
12746,1.9613996547936607,187281,19930,167351
12747,1.961245783321566,187281,19930,167351
12748,1.9610919359899592,187281,19930,167351
12749,1.9609381127931602,187281,19930,167351
12750,1.9607843137254901,187281,19930,167351
12751,1.9606305387812721,187281,19930,167351
12752,1.9604767879548306,187281,19930,167351
12753,1.9603230612404925,187281,19930,167351
12754,1.960169358632586,187281,19930,167351
12755,1.960015680125441,187281,19930,167351
12756,1.9598620257133899,187281,19930,167351
12757,1.959708395390766,187281,19930,167351
12758,1.9595547891519047,187281,19930,167351
12759,1.9594012069911435,187281,19930,167351
12760,1.9592476489028212,187281,19930,167351
12761,1.9590941148812788,187281,19930,167351
12762,1.9589406049208589,187281,19930,167351
12763,1.9587871190159054,187281,19930,167351
12764,1.9586336571607645,187281,19930,167351
12765,1.9584802193497846,187281,19930,167351
12766,1.9583268055773146,187281,19930,167351
12767,1.9581734158377067,187281,19930,167351
12768,1.9580200501253133,187281,19930,167351
12769,1.9578667084344898,187281,19930,167351
12770,1.9577133907595927,187281,19930,167351
12771,1.957560097094981,187281,19930,167351
12772,1.957406827435014,187281,19930,167351
12773,1.9572535817740546,187281,19930,167351
12774,1.9571003601064663,187281,19930,167351
12775,1.9569471624266144,187281,19930,167351
12776,1.9567939887288666,187281,19930,167351
12777,1.9566408390075918,187281,19930,167351
12778,1.9564877132571608,187281,19930,167351
12779,1.9563346114719462,187281,19930,167351
12780,1.9561815336463224,187281,19930,167351
12781,1.9560284797746654,187281,19930,167351
12782,1.9558754498513535,187281,19930,167351
12783,1.9557224438707659,187281,19930,167351
12784,1.955569461827284,187281,19930,167351
12785,1.9554165037152913,187281,19930,167351
12786,1.9552635695291725,187281,19930,167351
12787,1.9551106592633143,187281,19930,167351
12788,1.954957772912105,187281,19930,167351
12789,1.9548049104699352,187281,19930,167351
12790,1.9546520719311962,187281,19930,167351
12791,1.9544992572902822,187281,19930,167351
12792,1.9543464665415884,187281,19930,167351
12793,1.9541936996795122,187281,19930,167351
12794,1.9540409566984525,187281,19930,167351
12795,1.9538882375928097,187281,19930,167351
12796,1.9537355423569867,187281,19930,167351
12797,1.9535828709853873,187281,19930,167351
12798,1.9534302234724175,187281,19930,167351
12799,1.9532775998124854,187281,19930,167351
12800,1.953125,187281,19930,167351
12801,1.9529724240293727,187281,19930,167351
12802,1.9528198718950165,187281,19930,167351
12803,1.9526673435913457,187281,19930,167351
12804,1.9525148391127773,187281,19930,167351
12805,1.952362358453729,187281,19930,167351
12806,1.952209901608621,187281,19930,167351
12807,1.9520574685718748,187281,19930,167351
12808,1.9519050593379137,187281,19930,167351
12809,1.9517526739011632,187281,19930,167351
12810,1.95160031225605,187281,19930,167351
12811,1.9514479743970026,187281,19930,167351
12812,1.9512956603184515,187281,19930,167351
12813,1.9511433700148286,187281,19930,167351
12814,1.950991103480568,187281,19930,167351
12815,1.9508388607101053,187281,19930,167351
12816,1.9506866416978776,187281,19930,167351
12817,1.950534446438324,187281,19930,167351
12818,1.9503822749258855,187281,19930,167351
12819,1.9502301271550042,187281,19930,167351
12820,1.9500780031201248,187281,19930,167351
12821,1.949925902815693,187281,19930,167351
12822,1.9497738262361566,187281,19930,167351
12823,1.949621773375965,187281,19930,167351
12824,1.9494697442295696,187281,19930,167351
12825,1.949317738791423,187281,19930,167351
12826,1.94916575705598,187281,19930,167351
12827,1.949013799017697,187281,19930,167351
12828,1.948861864671032,187281,19930,167351
12829,1.9487099540104451,187281,19930,167351
12830,1.9485580670303975,187281,19930,167351
12831,1.9484062037253527,187281,19930,167351
12832,1.9482543640897756,187281,19930,167351
12833,1.9481025481181329,187281,19930,167351
12834,1.9479507558048932,187281,19930,167351
12835,1.9477989871445267,187281,19930,167351
12836,1.9476472421315052,187281,19930,167351
12837,1.9474955207603022,187281,19930,167351
12838,1.9473438230253934,187281,19930,167351
12839,1.9471921489212556,187281,19930,167351
12840,1.9470404984423677,187281,19930,167351
12841,1.94688887158321,187281,19930,167351
12842,1.946737268338265,187281,19930,167351
12843,1.9465856887020168,187281,19930,167351
12844,1.9464341326689505,187281,19930,167351
12845,1.9462826002335538,187281,19930,167351
12846,1.946131091390316,187281,19930,167351
12847,1.9459796061337278,187281,19930,167351
12848,1.9458281444582815,187281,19930,167351
12849,1.9456767063584715,187281,19930,167351
12850,1.9455252918287937,187281,19930,167351
12851,1.945373900863746,187281,19930,167351
12852,1.9452225334578275,187281,19930,167351
12853,1.9450711896055395,187281,19930,167351
12854,1.9449198693013847,187281,19930,167351
12855,1.9447685725398678,187281,19930,167351
12856,1.9446172993154947,187281,19930,167351
12857,1.9444660496227737,187281,19930,167351
12858,1.944314823456214,187281,19930,167351
12859,1.9441636208103275,187281,19930,167351
12860,1.9440124416796267,187281,19930,167351
12861,1.9438612860586268,187281,19930,167351
12862,1.9437101539418442,187281,19930,167351
12863,1.943559045323797,187281,19930,167351
12864,1.943407960199005,187281,19930,167351
12865,1.9432568985619898,187281,19930,167351
12866,1.943105860407275,187281,19930,167351
12867,1.9429548457293853,187281,19930,167351
12868,1.9428038545228474,187281,19930,167351
12869,1.9426528867821897,187281,19930,167351
12870,1.9425019425019425,187281,19930,167351
12871,1.9423510216766373,187281,19930,167351
12872,1.942200124300808,187281,19930,167351
12873,1.9420492503689895,187281,19930,167351
12874,1.9418983998757184,187281,19930,167351
12875,1.941747572815534,187281,19930,167351
12876,1.941596769182976,187281,19930,167351
12877,1.9414459889725868,187281,19930,167351
12878,1.9412952321789099,187281,19930,167351
12879,1.9411444987964903,187281,19930,167351
12880,1.9409937888198758,187281,19930,167351
12881,1.9408431022436146,187281,19930,167351
12882,1.9406924390622575,187281,19930,167351
12883,1.9405417992703562,187281,19930,167351
12884,1.9403911828624651,187281,19930,167351
12885,1.9402405898331394,187281,19930,167351
12886,1.9400900201769362,187281,19930,167351
12887,1.9399394738884146,187281,19930,167351
12888,1.9397889509621353,187281,19930,167351
12889,1.9396384513926603,187281,19930,167351
12890,1.939487975174554,187281,19930,167351
12891,1.9393375223023814,187281,19930,167351
12892,1.9391870927707104,187281,19930,167351
12893,1.93903668657411,187281,19930,167351
12894,1.9388863037071506,187281,19930,167351
12895,1.9387359441644048,187281,19930,167351
12896,1.9385856079404467,187281,19930,167351
12897,1.938435295029852,187281,19930,167351
12898,1.938285005427198,187281,19930,167351
12899,1.938134739127064,187281,19930,167351
12900,1.937984496124031,187281,19930,167351
12901,1.9378342764126812,187281,19930,167351
12902,1.9376840799875987,187281,19930,167351
12903,1.9375339068433697,187281,19930,167351
12904,1.9373837569745815,187281,19930,167351
12905,1.9372336303758233,187281,19930,167351
12906,1.937083527041686,187281,19930,167351
12907,1.9369334469667623,187281,19930,167351
12908,1.9367833901456462,187281,19930,167351
12909,1.9366333565729337,187281,19930,167351
12910,1.9364833462432223,187281,19930,167351
12911,1.9363333591511114,187281,19930,167351
12912,1.936183395291202,187281,19930,167351
12913,1.9360334546580964,187281,19930,167351
12914,1.9358835372463992,187281,19930,167351
12915,1.9357336430507162,187281,19930,167351
12916,1.935583772065655,187281,19930,167351
12917,1.935433924285825,187281,19930,167351
12918,1.935284099705837,187281,19930,167351
12919,1.9351342983203035,187281,19930,167351
12920,1.934984520123839,187281,19930,167351
12921,1.9348347651110596,187281,19930,167351
12922,1.9346850332765826,187281,19930,167351
12923,1.9345353246150274,187281,19930,167351
12924,1.9343856391210152,187281,19930,167351
12925,1.9342359767891684,187281,19930,167351
12926,1.934086337614111,187281,19930,167351
12927,1.9339367215904695,187281,19930,167351
12928,1.9337871287128714,187281,19930,167351
12929,1.9336375589759456,187281,19930,167351
12930,1.9334880123743232,187281,19930,167351
12931,1.933338488902637,187281,19930,167351
12932,1.9331889885555211,187281,19930,167351
12933,1.9330395113276115,187281,19930,167351
12934,1.9328900572135457,187281,19930,167351
12935,1.932740626207963,187281,19930,167351
12936,1.932591218305504,187281,19930,167351
12937,1.9324418335008116,187281,19930,167351
12938,1.93229247178853,187281,19930,167351
12939,1.9321431331633048,187281,19930,167351
12940,1.9319938176197837,187281,19930,167351
12941,1.9318445251526157,187281,19930,167351
12942,1.931695255756452,187281,19930,167351
12943,1.9315460094259445,187281,19930,167351
12944,1.931396786155748,187281,19930,167351
12945,1.9312475859405176,187281,19930,167351
12946,1.9310984087749112,187281,19930,167351
12947,1.9309492546535878,187281,19930,167351
12948,1.930800123571208,187281,19930,167351
12949,1.9306510155224341,187281,19930,167351
12950,1.9305019305019304,187281,19930,167351
12951,1.9303528685043625,187281,19930,167351
12952,1.9302038295243977,187281,19930,167351
12953,1.930054813556705,187281,19930,167351
12954,1.929905820595955,187281,19930,167351
12955,1.9297568506368197,187281,19930,167351
12956,1.9296079036739735,187281,19930,167351
12957,1.9294589797020916,187281,19930,167351
12958,1.9293100787158513,187281,19930,167351
12959,1.9291612007099312,187281,19930,167351
12960,1.9290123456790123,187281,19930,167351
12961,1.9288635136177763,187281,19930,167351
12962,1.9287147045209072,187281,19930,167351
12963,1.9285659183830903,187281,19930,167351
12964,1.9284171551990126,187281,19930,167351
12965,1.9282684149633629,187281,19930,167351
12966,1.9281196976708315,187281,19930,167351
12967,1.9279710033161102,187281,19930,167351
12968,1.9278223318938927,187281,19930,167351
12969,1.9276736833988743,187281,19930,167351
12970,1.9275250578257517,187281,19930,167351
12971,1.9273764551692236,187281,19930,167351
12972,1.9272278754239902,187281,19930,167351
12973,1.927079318584753,187281,19930,167351
12974,1.9269307846462156,187281,19930,167351
12975,1.9267822736030829,187281,19930,167351
12976,1.9266337854500617,187281,19930,167351
12977,1.9264853201818601,187281,19930,167351
12978,1.9263368777931884,187281,19930,167351
12979,1.926188458278758,187281,19930,167351
12980,1.926040061633282,187281,19930,167351
12981,1.9258916878514751,187281,19930,167351
12982,1.9257433369280543,187281,19930,167351
12983,1.925595008857737,187281,19930,167351
12984,1.9254467036352434,187281,19930,167351
12985,1.9252984212552946,187281,19930,167351
12986,1.9251501617126137,187281,19930,167351
12987,1.925001925001925,187281,19930,167351
12988,1.9248537111179551,187281,19930,167351
12989,1.9247055200554315,187281,19930,167351
12990,1.924557351809084,187281,19930,167351
12991,1.9244092063736433,187281,19930,167351
12992,1.9242610837438423,187281,19930,167351
12993,1.9241129839144155,187281,19930,167351
12994,1.9239649068800986,187281,19930,167351
12995,1.9238168526356292,187281,19930,167351
12996,1.9236688211757464,187281,19930,167351
12997,1.9235208124951912,187281,19930,167351
12998,1.923372826588706,187281,19930,167351
12999,1.9232248634510347,187281,19930,167351
13000,1.9230769230769231,187281,19930,167351
13001,1.9229290054611183,187281,19930,167351
13002,1.9227811105983694,187281,19930,167351
13003,1.9226332384834268,187281,19930,167351
13004,1.9224853891110427,187281,19930,167351
13005,1.9223375624759709,187281,19930,167351
13006,1.9221897585729664,187281,19930,167351
13007,1.9220419773967863,187281,19930,167351
13008,1.9218942189421895,187281,19930,167351
13009,1.9217464832039357,187281,19930,167351
13010,1.9215987701767872,187281,19930,167351
13011,1.921451079855507,187281,19930,167351
13012,1.9213034122348602,187281,19930,167351
13013,1.9211557673096136,187281,19930,167351
13014,1.921008145074535,187281,19930,167351
13015,1.920860545524395,187281,19930,167351
13016,1.9207129686539643,187281,19930,167351
13017,1.9205654144580164,187281,19930,167351
13018,1.9204178829313259,187281,19930,167351
13019,1.9202703740686689,187281,19930,167351
13020,1.9201228878648233,187281,19930,167351
13021,1.9199754243145688,187281,19930,167351
13022,1.9198279834126861,187281,19930,167351
13023,1.9196805651539584,187281,19930,167351
13024,1.9195331695331694,187281,19930,167351
13025,1.9193857965451055,187281,19930,167351
13026,1.919238446184554,187281,19930,167351
13027,1.9190911184463038,187281,19930,167351
13028,1.9189438133251457,187281,19930,167351
13029,1.9187965308158723,187281,19930,167351
13030,1.918649270913277,187281,19930,167351
13031,1.9185020336121557,187281,19930,167351
13032,1.9183548189073052,187281,19930,167351
13033,1.9182076267935242,187281,19930,167351
13034,1.918060457265613,187281,19930,167351
13035,1.9179133103183736,187281,19930,167351
13036,1.9177661859466093,187281,19930,167351
13037,1.9176190841451255,187281,19930,167351
13038,1.9174720049087284,187281,19930,167351
13039,1.9173249482322263,187281,19930,167351
13040,1.9171779141104295,187281,19930,167351
13041,1.917030902538149,187281,19930,167351
13042,1.9168839135101978,187281,19930,167351
13043,1.9167369470213909,187281,19930,167351
13044,1.916590003066544,187281,19930,167351
13045,1.9164430816404754,187281,19930,167351
13046,1.916296182738004,187281,19930,167351
13047,1.9161493063539512,187281,19930,167351
13048,1.9160024524831392,187281,19930,167351
13049,1.9158556211203923,187281,19930,167351
13050,1.9157088122605364,187281,19930,167351
13051,1.9155620258983985,187281,19930,167351
13052,1.9154152620288079,187281,19930,167351
13053,1.9152685206465947,187284,19930,167354
13054,1.9151218017465912,187284,19930,167354
13055,1.9149751053236308,187284,19930,167354
13056,1.914828431372549,187284,19930,167354
13057,1.9146817798881826,187284,19930,167354
13058,1.9145351508653699,187284,19930,167354
13059,1.914388544298951,187284,19930,167354
13060,1.9142419601837672,187284,19930,167354
13061,1.914095398514662,187284,19930,167354
13062,1.91394885928648,187284,19930,167354
13063,1.913802342494067,187284,19930,167354
13064,1.9136558481322719,187284,19930,167354
13065,1.9135093761959434,187284,19930,167354
13066,1.9133629266799326,187284,19930,167354
13067,1.9132164995790923,187284,19930,167354
13068,1.9130700948882766,187284,19930,167354
13069,1.9129237126023415,187284,19930,167354
13070,1.9127773527161438,187284,19930,167354
13071,1.912631015224543,187284,19930,167354
13072,1.912484700122399,187284,19930,167354
13073,1.9123384074045744,187284,19930,167354
13074,1.9121921370659325,187284,19930,167354
13075,1.9120458891013383,187284,19930,167354
13076,1.9118996635056593,187284,19930,167354
13077,1.9117534602737631,187284,19930,167354
13078,1.9116072794005199,187284,19930,167354
13079,1.9114611208808012,187284,19930,167354
13080,1.9113149847094801,187284,19930,167354
13081,1.9111688708814312,187284,19930,167354
13082,1.9110227793915304,187284,19930,167354
13083,1.9108767102346556,187284,19930,167354
13084,1.9107306634056864,187284,19930,167354
13085,1.9105846388995031,187284,19930,167354
13086,1.910438636710989,187284,19930,167354
13087,1.9102926568350271,187284,19930,167354
13088,1.9101466992665037,187284,19930,167354
13089,1.9100007640003056,187284,19930,167354
13090,1.9098548510313216,187284,19930,167354
13091,1.909708960354442,187284,19930,167354
13092,1.9095630919645585,187284,19930,167354
13093,1.9094172458565646,187284,19930,167354
13094,1.909271422025355,187284,19930,167354
13095,1.9091256204658267,187284,19930,167354
13096,1.9089798411728771,187284,19930,167354
13097,1.9088340841414064,187284,19930,167354
13098,1.9086883493663154,187284,19930,167354
13099,1.9085426368425071,187219,19953,167266
13100,1.9083969465648856,187219,19953,167266
13101,1.9082512785283565,187219,19953,167266
13102,1.9081056327278278,187219,19953,167266
13103,1.907960009158208,187219,19953,167266
13104,1.907814407814408,187219,19953,167266
13105,1.9076688286913392,187219,19953,167266
13106,1.9075232717839157,187219,19953,167266
13107,1.9073777370870528,187219,19953,167266
13108,1.9072322245956668,187219,19953,167266
13109,1.9070867343046762,187219,19953,167266
13110,1.9069412662090008,187219,19953,167266
13111,1.906795820303562,187219,19953,167266
13112,1.9066503965832824,187219,19953,167266
13113,1.906504995043087,187219,19953,167266
13114,1.9063596156779015,187219,19953,167266
13115,1.9062142584826534,187219,19953,167266
13116,1.906068923452272,187219,19953,167266
13117,1.905923610581688,187219,19953,167266
13118,1.9057783198658331,187219,19953,167266
13119,1.9056330512996418,187219,19953,167266
13120,1.9054878048780488,187219,19953,167266
13121,1.9053425805959912,187219,19953,167266
13122,1.9051973784484073,187219,19953,167266
13123,1.905052198430237,187219,19953,167266
13124,1.904907040536422,187219,19953,167266
13125,1.9047619047619047,187219,19953,167266
13126,1.9046167911016303,187219,19953,167266
13127,1.9044716995505446,187219,19953,167266
13128,1.9043266301035953,187219,19953,167266
13129,1.9041815827557316,187219,19953,167266
13130,1.904036557501904,187219,19953,167266
13131,1.903891554337065,187219,19953,167266
13132,1.903746573256168,187219,19953,167266
13133,1.903601614254169,187219,19953,167266
13134,1.903456677326024,187219,19953,167266
13135,1.903311762466692,187219,19953,167266
13136,1.9031668696711328,187219,19953,167266
13137,1.9030219989343078,187219,19953,167266
13138,1.9028771502511799,187219,19953,167266
13139,1.9027323236167135,187219,19953,167266
13140,1.9025875190258752,187219,19953,167266
13141,1.902442736473632,187219,19953,167266
13142,1.9022979759549536,187219,19953,167266
13143,1.9021532374648102,187219,19953,167266
13144,1.902008520998174,187219,19953,167266
13145,1.901863826550019,187219,19953,167266
13146,1.9017191541153202,187219,19953,167266
13147,1.9015745036890546,187219,19953,167266
13148,1.9014298752662002,187219,19953,167266
13149,1.901285268841737,187219,19953,167266
13150,1.9011406844106464,187219,19953,167266
13151,1.9009961219679112,187219,19953,167266
13152,1.9008515815085159,187219,19953,167266
13153,1.9007070630274463,187219,19953,167266
13154,1.90056256651969,187219,19953,167266
13155,1.9004180919802356,187219,19953,167266
13156,1.9002736394040742,187219,19953,167266
13157,1.9001292087861974,187219,19953,167266
13158,1.899984800121599,187219,19953,167266
13159,1.899840413405274,187219,19953,167266
13160,1.8996960486322187,187219,19953,167266
13161,1.8995517057974318,187219,19953,167266
13162,1.8994073848959125,187219,19953,167266
13163,1.899263085922662,187219,19953,167266
13164,1.8991188088726831,187219,19953,167266
13165,1.89897455374098,187219,19953,167266
13166,1.898830320522558,187219,19953,167266
13167,1.898686109212425,187219,19953,167266
13168,1.8985419198055893,187219,19953,167266
13169,1.8983977522970612,187219,19953,167266
13170,1.8982536066818527,187219,19953,167266
13171,1.898109482954977,187219,19953,167266
13172,1.8979653811114485,187219,19953,167266
13173,1.8978213011462841,187219,19953,167266
13174,1.8976772430545013,187219,19953,167266
13175,1.8975332068311195,187219,19953,167266
13176,1.8973891924711597,187219,19953,167266
13177,1.897245199969644,187219,19953,167266
13178,1.8971012293215965,187219,19953,167266
13179,1.8969572805220427,187219,19953,167266
13180,1.896813353566009,187219,19953,167266
13181,1.8966694484485245,187219,19953,167266
13182,1.8965255651646185,187219,19953,167266
13183,1.8963817037093227,187219,19953,167266
13184,1.8962378640776698,187219,19953,167266
13185,1.8960940462646947,187219,19953,167266
13186,1.895950250265433,187219,19953,167266
13187,1.8958064760749223,187219,19953,167266
13188,1.8956627236882013,187219,19953,167266
13189,1.895518993100311,187219,19953,167266
13190,1.8953752843062925,187219,19953,167266
13191,1.8952315973011902,187219,19953,167266
13192,1.8950879320800484,187219,19953,167266
13193,1.894944288637914,187219,19953,167266
13194,1.8948006669698347,187219,19953,167266
13195,1.8946570670708602,187219,19953,167266
13196,1.8945134889360413,187219,19953,167266
13197,1.8943699325604304,187219,19953,167266
13198,1.8942263979390817,187219,19953,167266
13199,1.8940828850670506,187219,19953,167266
13200,1.893939393939394,187219,19953,167266
13201,1.8937959245511704,187219,19953,167266
13202,1.8936524768974399,187219,19953,167266
13203,1.8935090509732637,187219,19953,167266
13204,1.893365646773705,187219,19953,167266
13205,1.8932222642938281,187219,19953,167266
13206,1.893078903528699,187219,19953,167266
13207,1.8929355644733854,187219,19953,167266
13208,1.8927922471229557,187219,19953,167266
13209,1.892648951472481,187219,19953,167266
13210,1.8925056775170326,187219,19953,167266
13211,1.8923624252516842,187219,19953,167266
13212,1.8922191946715108,187219,19953,167266
13213,1.8920759857715885,187219,19953,167266
13214,1.8919327985469956,187219,19953,167266
13215,1.8917896329928112,187219,19953,167266
13216,1.8916464891041163,187219,19953,167266
13217,1.891503366875993,187219,19953,167266
13218,1.8913602663035256,187219,19953,167266
13219,1.891217187381799,187219,19953,167266
13220,1.8910741301059002,187219,19953,167266
13221,1.8909310944709175,187219,19953,167266
13222,1.8907880804719408,187219,19953,167266
13223,1.890645088104061,187219,19953,167266
13224,1.8905021173623715,187219,19953,167266
13225,1.890359168241966,187219,19953,167266
13226,1.8902162407379404,187219,19953,167266
13227,1.890073334845392,187219,19953,167266
13228,1.8899304505594194,187219,19953,167266
13229,1.889787587875123,187219,19953,167266
13230,1.8896447467876039,187219,19953,167266
13231,1.8895019272919658,187219,19953,167266
13232,1.8893591293833132,187219,19953,167266
13233,1.889216353056752,187219,19953,167266
13234,1.88907359830739,187219,19953,167266
13235,1.8889308651303363,187219,19953,167266
13236,1.8887881535207012,187219,19953,167266
13237,1.8886454634735967,187219,19953,167266
13238,1.8885027949841366,187219,19953,167266
13239,1.8883601480474357,187219,19953,167266
13240,1.8882175226586102,187219,19953,167266
13241,1.8880749188127786,187219,19953,167266
13242,1.8879323365050598,187219,19953,167266
13243,1.8877897757305746,187219,19953,167266
13244,1.8876472364844459,187219,19953,167266
13245,1.8875047187617968,187219,19953,167266
13246,1.8873622225577533,187219,19953,167266
13247,1.8872197478674417,187219,19953,167266
13248,1.8870772946859904,187219,19953,167266
13249,1.886934863008529,187219,19953,167266
13250,1.8867924528301887,187219,19953,167266
13251,1.8866500641461021,187219,19953,167266
13252,1.8865076969514036,187219,19953,167266
13253,1.8863653512412284,187219,19953,167266
13254,1.8862230270107136,187219,19953,167266
13255,1.8860807242549982,187219,19953,167266
13256,1.8859384429692214,187219,19953,167266
13257,1.8857961831485253,187219,19953,167266
13258,1.8856539447880525,187219,19953,167266
13259,1.8855117278829474,187219,19953,167266
13260,1.885369532428356,187219,19953,167266
13261,1.8852273584194255,187219,19953,167266
13262,1.8850852058513046,187219,19953,167266
13263,1.8849430747191436,187219,19953,167266
13264,1.8848009650180941,187219,19953,167266
13265,1.8846588767433095,187219,19953,167266
13266,1.8845168098899443,187219,19953,167266
13267,1.8843747644531545,187219,19953,167266
13268,1.8842327404280976,187219,19953,167266
13269,1.884090737809933,187219,19953,167266
13270,1.8839487565938207,187219,19953,167266
13271,1.8838067967749228,187219,19953,167266
13272,1.8836648583484026,187219,19953,167266
13273,1.8835229413094252,187219,19953,167266
13274,1.8833810456531566,187219,19953,167266
13275,1.8832391713747645,187219,19953,167266
13276,1.8830973184694184,187219,19953,167266
13277,1.8829554869322889,187219,19953,167266
13278,1.882813676758548,187167,20175,166992
13279,1.8826718879433693,187167,20175,166992
13280,1.8825301204819278,187167,20175,166992
13281,1.8823883743693999,187167,20175,166992
13282,1.8822466496009638,187167,20175,166992
13283,1.8821049461717985,187167,20175,166992
13284,1.8819632640770851,187167,20175,166992
13285,1.881821603312006,187167,20175,166992
13286,1.8816799638717447,187167,20175,166992
13287,1.8815383457514865,187167,20175,166992
13288,1.8813967489464178,187167,20175,166992
13289,1.881255173451727,187167,20175,166992
13290,1.8811136192626035,187167,20175,166992
13291,1.8809720863742383,187167,20175,166992
13292,1.8808305747818237,187167,20175,166992
13293,1.8806890844805537,187167,20175,166992
13294,1.8805476154656235,187167,20175,166992
13295,1.8804061677322301,187167,20175,166992
13296,1.8802647412755715,187167,20175,166992
13297,1.8801233360908476,187167,20175,166992
13298,1.879981952173259,187167,20175,166992
13299,1.8798405895180088,187167,20175,166992
13300,1.8796992481203008,187167,20175,166992
13301,1.8795579279753403,187167,20175,166992
13302,1.879416629078334,187167,20175,166992
13303,1.8792753514244906,187167,20175,166992
13304,1.8791340950090198,187167,20175,166992
13305,1.8789928598271326,187167,20175,166992
13306,1.8788516458740419,187167,20175,166992
13307,1.8787104531449612,187167,20175,166992
13308,1.8785692816351067,187167,20175,166992
13309,1.8784281313396949,187167,20175,166992
13310,1.8782870022539444,187167,20175,166992
13311,1.8781458943730749,187167,20175,166992
13312,1.8780048076923077,187167,20175,166992
13313,1.8778637422068654,187167,20175,166992
13314,1.8777226979119723,187167,20175,166992
13315,1.877581674802854,187167,20175,166992
13316,1.8774406728747373,187167,20175,166992
13317,1.8772996921228504,187167,20175,166992
13318,1.8771587325424237,187167,20175,166992
13319,1.8770177941286883,187167,20175,166992
13320,1.8768768768768769,187167,20175,166992
13321,1.8767359807822235,187167,20175,166992
13322,1.876595105839964,187167,20175,166992
13323,1.8764542520453351,187167,20175,166992
13324,1.8763134193935755,187167,20175,166992
13325,1.876172607879925,187167,20175,166992
13326,1.8760318174996249,187167,20175,166992
13327,1.8758910482479179,187167,20175,166992
13328,1.875750300120048,187167,20175,166992
13329,1.8756095731112612,187167,20175,166992
13330,1.8754688672168043,187167,20175,166992
13331,1.8753281824319257,187167,20175,166992
13332,1.8751875187518752,187167,20175,166992
13333,1.8750468761719044,187167,20175,166992
13334,1.8749062546872657,187167,20175,166992
13335,1.8747656542932134,187167,20175,166992
13336,1.874625074985003,187167,20175,166992
13337,1.8744845167578916,187167,20175,166992
13338,1.8743439796071375,187167,20175,166992
13339,1.8742034635280005,187167,20175,166992
13340,1.8740629685157422,187167,20175,166992
13341,1.8739224945656248,187167,20175,166992
13342,1.8737820416729125,187167,20175,166992
13343,1.8736416098328712,187167,20175,166992
13344,1.8735011990407673,187167,20175,166992
13345,1.8733608092918697,187167,20175,166992
13346,1.8732204405814477,187167,20175,166992
13347,1.8730800929047726,187167,20175,166992
13348,1.8729397662571172,187167,20175,166992
13349,1.8727994606337552,187167,20175,166992
13350,1.8726591760299625,187167,20175,166992
13351,1.8725189124410158,187167,20175,166992
13352,1.872378669862193,187167,20175,166992
13353,1.872238448288774,187167,20175,166992
13354,1.8720982477160402,187167,20175,166992
13355,1.8719580681392738,187167,20175,166992
13356,1.8718179095537586,187167,20175,166992
13357,1.8716777719547804,187167,20175,166992
13358,1.8715376553376253,187167,20175,166992
13359,1.8713975596975823,187167,20175,166992
13360,1.8712574850299402,187167,20175,166992
13361,1.8711174313299903,187167,20175,166992
13362,1.870977398593025,187167,20175,166992
13363,1.8708373868143382,187167,20175,166992
13364,1.8706973959892248,187167,20175,166992
13365,1.8705574261129816,187167,20175,166992
13366,1.8704174771809068,187167,20175,166992
13367,1.8702775491882995,187167,20175,166992
13368,1.8701376421304607,187167,20175,166992
13369,1.8699977560026928,187167,20175,166992
13370,1.8698578908002992,187167,20175,166992
13371,1.869718046518585,187167,20175,166992
13372,1.8695782231528568,187167,20175,166992
13373,1.8694384206984223,187167,20175,166992
13374,1.8692986391505908,187167,20175,166992
13375,1.8691588785046729,187167,20175,166992
13376,1.869019138755981,187167,20175,166992
13377,1.868879419899828,187167,20175,166992
13378,1.8687397219315294,187167,20175,166992
13379,1.868600044846401,187167,20175,166992
13380,1.8684603886397608,187167,20175,166992
13381,1.8683207533069277,187167,20175,166992
13382,1.8681811388432223,187167,20175,166992
13383,1.8680415452439663,187167,20175,166992
13384,1.867901972504483,187167,20175,166992
13385,1.8677624206200971,187167,20175,166992
13386,1.8676228895861349,187167,20175,166992
13387,1.8674833793979233,187167,20175,166992
13388,1.8673438900507917,187167,20175,166992
13389,1.8672044215400703,187167,20175,166992
13390,1.8670649738610903,187167,20175,166992
13391,1.8669255470091852,187167,20175,166992
13392,1.8667861409796893,187167,20175,166992
13393,1.8666467557679385,187167,20175,166992
13394,1.8665073913692698,187167,20175,166992
13395,1.866368047779022,187167,20175,166992
13396,1.8662287249925351,187167,20175,166992
13397,1.8660894230051503,187167,20175,166992
13398,1.8659501418122109,187167,20175,166992
13399,1.8658108814090604,187167,20175,166992
13400,1.8656716417910448,187167,20175,166992
13401,1.8655324229535108,187167,20175,166992
13402,1.8653932248918073,187167,20175,166992
13403,1.8652540476012833,187167,20175,166992
13404,1.8651148910772903,187167,20175,166992
13405,1.864975755315181,187167,20175,166992
13406,1.8648366403103087,187167,20175,166992
13407,1.8646975460580293,187167,20175,166992
13408,1.8645584725536992,187167,20175,166992
13409,1.8644194197926767,187167,20175,166992
13410,1.8642803877703207,187167,20175,166992
13411,1.8641413764819923,187167,20175,166992
13412,1.864002385923054,187167,20175,166992
13413,1.863863416088869,187167,20175,166992
13414,1.8637244669748025,187167,20175,166992
13415,1.8635855385762206,187167,20175,166992
13416,1.8634466308884914,187167,20175,166992
13417,1.8633077439069836,187167,20175,166992
13418,1.863168877627068,187167,20175,166992
13419,1.8630300320441167,187167,20175,166992
13420,1.8628912071535022,187167,20175,166992
13421,1.8627524029505997,187167,20175,166992
13422,1.8626136194307852,187167,20175,166992
13423,1.862474856589436,187167,20175,166992
13424,1.8623361144219308,187167,20175,166992
13425,1.86219739292365,187167,20175,166992
13426,1.8620586920899747,187167,20175,166992
13427,1.861920011916288,187167,20175,166992
13428,1.8617813523979745,187167,20175,166992
13429,1.8616427135304192,187167,20175,166992
13430,1.8615040953090096,187167,20175,166992
13431,1.861365497729134,187167,20175,166992
13432,1.8612269207861822,187167,20175,166992
13433,1.8610883644755454,187167,20175,166992
13434,1.8609498287926158,187167,20175,166992
13435,1.8608113137327875,187167,20175,166992
13436,1.860672819291456,187167,20175,166992
13437,1.8605343454640173,187167,20175,166992
13438,1.8603958922458699,187167,20175,166992
13439,1.860257459632413,187167,20175,166992
13440,1.8601190476190477,187167,20175,166992
13441,1.8599806562011756,187167,20175,166992
13442,1.8598422853742003,187141,20175,166966
13443,1.8597039351335267,187141,20175,166966
13444,1.859565605474561,187141,20175,166966
13445,1.859427296392711,187141,20175,166966
13446,1.8592890078833855,187141,20175,166966
13447,1.8591507399419944,187141,20175,166966
13448,1.85901249256395,187141,20175,166966
13449,1.858874265744665,187141,20175,166966
13450,1.858736059479554,187141,20175,166966
13451,1.8585978737640325,187141,20175,166966
13452,1.8584597085935177,187141,20175,166966
13453,1.8583215639634283,187141,20175,166966
13454,1.8581834398691839,187141,20175,166966
13455,1.858045336306206,187141,20175,166966
13456,1.8579072532699168,187141,20175,166966
13457,1.8577691907557405,187141,20175,166966
13458,1.8576311487591024,187141,20175,166966
13459,1.8574931272754291,187141,20175,166966
13460,1.8573551263001487,187141,20175,166966
13461,1.8572171458286904,187141,20175,166966
13462,1.857079185856485,187141,20175,166966
13463,1.8569412463789645,187141,20175,166966
13464,1.8568033273915627,187141,20175,166966
13465,1.856665428889714,187141,20175,166966
13466,1.8565275508688548,187141,20175,166966
13467,1.8563896933244226,187141,20175,166966
13468,1.8562518562518562,187141,20175,166966
13469,1.8561140396465958,187141,20175,166966
13470,1.8559762435040832,187141,20175,166966
13471,1.855838467819761,187141,20175,166966
13472,1.8557007125890737,187141,20175,166966
13473,1.8555629778074667,187141,20175,166966
13474,1.8554252634703874,187141,20175,166966
13475,1.8552875695732838,187141,20175,166966
13476,1.8551498961116057,187141,20175,166966
13477,1.8550122430808043,187141,20175,166966
13478,1.8548746104763318,187141,20175,166966
13479,1.854736998293642,187141,20175,166966
13480,1.8545994065281899,187141,20175,166966
13481,1.854461835175432,187141,20175,166966
13482,1.8543242842308263,187141,20175,166966
13483,1.8541867536898315,187141,20175,166966
13484,1.8540492435479086,187141,20175,166966
13485,1.8539117538005192,187141,20175,166966
13486,1.8537742844431262,187141,20175,166966
13487,1.8536368354711945,187141,20175,166966
13488,1.8534994068801898,187141,20175,166966
13489,1.8533619986655794,187141,20175,166966
13490,1.8532246108228316,187141,20175,166966
13491,1.8530872433474168,187141,20175,166966
13492,1.8529498962348059,187141,20175,166966
13493,1.8528125694804713,187141,20175,166966
13494,1.8526752630798873,187141,20175,166966
13495,1.852537977028529,187141,20175,166966
13496,1.8524007113218732,187141,20175,166966
13497,1.8522634659553976,187141,20175,166966
13498,1.8521262409245813,187141,20175,166966
13499,1.8519890362249056,187141,20175,166966
13500,1.8518518518518519,187141,20175,166966
13501,1.8517146878009036,187141,20175,166966
13502,1.8515775440675455,187141,20175,166966
13503,1.8514404206472637,187141,20175,166966
13504,1.8513033175355451,187141,20175,166966
13505,1.8511662347278786,187141,20175,166966
13506,1.8510291722197543,187141,20175,166966
13507,1.8508921300066632,187141,20175,166966
13508,1.8507551080840983,187141,20175,166966
13509,1.8506181064475535,187141,20175,166966
13510,1.8504811250925242,187141,20175,166966
13511,1.8503441640145066,187141,20175,166966
13512,1.8502072232089994,187141,20175,166966
13513,1.8500703026715015,187141,20175,166966
13514,1.8499334023975136,187141,20175,166966
13515,1.8497965223825379,187141,20175,166966
13516,1.8496596626220776,187141,20175,166966
13517,1.8495228231116372,187141,20175,166966
13518,1.849386003846723,187141,20175,166966
13519,1.849249204822842,187141,20175,166966
13520,1.849112426035503,187141,20175,166966
13521,1.848975667480216,187141,20175,166966
13522,1.8488389291524923,187141,20175,166966
13523,1.8487022110478444,187141,20175,166966
13524,1.8485655131617864,187141,20175,166966
13525,1.8484288354898337,187141,20175,166966
13526,1.8482921780275026,187141,20175,166966
13527,1.8481555407703112,187141,20175,166966
13528,1.8480189237137787,187141,20175,166966
13529,1.847882326853426,187141,20175,166966
13530,1.8477457501847745,187141,20175,166966
13531,1.8476091937033479,187141,20175,166966
13532,1.8474726574046705,187141,20175,166966
13533,1.8473361412842682,187141,20175,166966
13534,1.847199645337668,187141,20175,166966
13535,1.847063169560399,187141,20175,166966
13536,1.8469267139479906,187141,20175,166966
13537,1.846790278495974,187141,20175,166966
13538,1.846653863199882,187141,20175,166966
13539,1.8465174680552479,187141,20175,166966
13540,1.846381093057607,187141,20175,166966
13541,1.846244738202496,187141,20175,166966
13542,1.8461084034854527,187141,20175,166966
13543,1.8459720889020157,187141,20175,166966
13544,1.845835794447726,187141,20175,166966
13545,1.8456995201181248,187141,20175,166966
13546,1.8455632659087553,187141,20175,166966
13547,1.845427031815162,187141,20175,166966
13548,1.8452908178328904,187141,20175,166966
13549,1.8451546239574876,187141,20175,166966
13550,1.845018450184502,187141,20175,166966
13551,1.8448822965094827,187141,20175,166966
13552,1.844746162927981,187141,20175,166966
13553,1.8446100494355493,187141,20175,166966
13554,1.8444739560277408,187141,20175,166966
13555,1.8443378827001107,187141,20175,166966
13556,1.8442018294482148,187141,20175,166966
13557,1.8440657962676108,187141,20175,166966
13558,1.8439297831538575,187141,20175,166966
13559,1.843793790102515,187141,20175,166966
13560,1.8436578171091444,187141,20175,166966
13561,1.843521864169309,187141,20175,166966
13562,1.8433859312785725,187141,20175,166966
13563,1.8432500184325002,187141,20175,166966
13564,1.8431141256266588,187141,20175,166966
13565,1.8429782528566163,187141,20175,166966
13566,1.842842400117942,187141,20175,166966
13567,1.8427065674062062,187141,20175,166966
13568,1.8425707547169812,187141,20175,166966
13569,1.8424349620458398,187141,20175,166966
13570,1.8422991893883567,187141,20175,166966
13571,1.8421634367401076,187141,20175,166966
13572,1.8420277040966697,187141,20175,166966
13573,1.8418919914536211,187141,20175,166966
13574,1.841756298806542,187141,20175,166966
13575,1.8416206261510129,187141,20175,166966
13576,1.8414849734826164,187141,20175,166966
13577,1.841349340796936,187141,20175,166966
13578,1.8412137280895566,187141,20175,166966
13579,1.8410781353560646,187141,20175,166966
13580,1.840942562592047,187141,20175,166966
13581,1.8408070097930933,187141,20175,166966
13582,1.8406714769547932,187141,20175,166966
13583,1.840535964072738,187141,20175,166966
13584,1.8404004711425206,187141,20175,166966
13585,1.840264998159735,187141,20175,166966
13586,1.8401295451199764,187141,20175,166966
13587,1.8399941120188414,187141,20175,166966
13588,1.839858698851928,187141,20175,166966
13589,1.8397233056148354,187141,20175,166966
13590,1.839587932303164,187141,20175,166966
13591,1.8394525789125156,187141,20175,166966
13592,1.8393172454384932,187141,20175,166966
13593,1.8391819318767013,187141,20175,166966
13594,1.8390466382227453,187141,20175,166966
13595,1.8389113644722324,187141,20175,166966
13596,1.8387761106207707,187141,20175,166966
13597,1.83864087666397,187141,20175,166966
13598,1.8385056625974407,187141,20175,166966
13599,1.8383704684167954,187141,20175,166966
13600,1.838235294117647,187141,20175,166966
13601,1.8381001396956107,187141,20175,166966
13602,1.8379650051463021,187141,20175,166966
13603,1.8378298904653385,187141,20175,166966
13604,1.8376947956483387,187141,20175,166966
13605,1.8375597206909224,187141,20175,166966
13606,1.8374246655887108,187141,20175,166966
13607,1.8372896303373263,187141,20175,166966
13608,1.8371546149323927,187141,20175,166966
13609,1.837019619369535,187141,20175,166966
13610,1.836884643644379,187141,20175,166966
13611,1.836749687752553,187141,20175,166966
13612,1.8366147516896856,187141,20175,166966
13613,1.8364798354514067,187141,20175,166966
13614,1.836344939033348,187141,20175,166966
13615,1.8362100624311422,187141,20175,166966
13616,1.836075205640423,187141,20175,166966
13617,1.835940368656826,187141,20175,166966
13618,1.8358055514759877,187141,20175,166966
13619,1.8356707540935457,187141,20175,166966
13620,1.8355359765051396,187141,20175,166966
13621,1.8354012187064093,187141,20175,166966
13622,1.8352664806929966,187141,20175,166966
13623,1.8351317624605448,187141,20175,166966
13624,1.8349970640046975,187141,20175,166966
13625,1.834862385321101,187141,20175,166966
13626,1.8347277264054014,187141,20175,166966
13627,1.8345930872532472,187141,20175,166966
13628,1.8344584678602875,187141,20175,166966
13629,1.8343238682221734,187141,20175,166966
13630,1.834189288334556,187141,20175,166966
13631,1.8340547281930892,187141,20175,166966
13632,1.8339201877934272,187141,20175,166966
13633,1.8337856671312256,187141,20175,166966
13634,1.8336511662021417,187141,20175,166966
13635,1.8335166850018336,187141,20175,166966
13636,1.8333822235259607,187141,20175,166966
13637,1.833247781770184,187141,20175,166966
13638,1.8331133597301656,187141,20175,166966
13639,1.8329789574015691,187141,20175,166966
13640,1.8328445747800586,187141,20175,166966
13641,1.8327102118613006,187141,20175,166966
13642,1.8325758686409617,187141,20175,166966
13643,1.832441545114711,187141,20175,166966
13644,1.8323072412782175,187141,20175,166966
13645,1.8321729571271528,187141,20175,166966
13646,1.832038692657189,187141,20175,166966
13647,1.8319044478639994,187141,20175,166966
13648,1.831770222743259,187141,20175,166966
13649,1.831636017290644,187141,20175,166966
13650,1.8315018315018314,187141,20175,166966
13651,1.8313676653725002,187141,20175,166966
13652,1.83123351889833,187141,20175,166966
13653,1.8310993920750018,187141,20175,166966
13654,1.8309652848981983,187141,20175,166966
13655,1.8308311973636031,187141,20175,166966
13656,1.830697129466901,187141,20175,166966
13657,1.8305630812037783,187141,20175,166966
13658,1.8304290525699225,187141,20175,166966
13659,1.8302950435610221,187141,20175,166966
13660,1.8301610541727673,187141,20175,166966
13661,1.830027084400849,187141,20175,166966
13662,1.8298931342409603,187141,20175,166966
13663,1.8297592036887946,187141,20175,166966
13664,1.829625292740047,187141,20175,166966
13665,1.8294914013904136,187141,20175,166966
13666,1.829357529635592,187141,20175,166966
13667,1.8292236774712811,187141,20175,166966
13668,1.8290898448931812,187141,20175,166966
13669,1.8289560318969933,187076,20203,166873
13670,1.8288222384784198,187076,20203,166873
13671,1.8286884646331651,187076,20203,166873
13672,1.828554710356934,187076,20203,166873
13673,1.8284209756454326,187076,20203,166873
13674,1.828287260494369,187076,20203,166873
13675,1.8281535648994516,187076,20203,166873
13676,1.8280198888563908,187076,20203,166873
13677,1.8278862323608978,187076,20203,166873
13678,1.8277525954086855,187076,20203,166873
13679,1.8276189779954675,187076,20203,166873
13680,1.827485380116959,187076,20203,166873
13681,1.8273518017688766,187076,20203,166873
13682,1.8272182429469377,187076,20203,166873
13683,1.8270847036468612,187076,20203,166873
13684,1.826951183864367,187076,20203,166873
13685,1.8268176835951773,187076,20203,166873
13686,1.8266842028350139,187076,20203,166873
13687,1.8265507415796012,187076,20203,166873
13688,1.826417299824664,187076,20203,166873
13689,1.826283877565929,187076,20203,166873
13690,1.8261504747991235,187076,20203,166873
13691,1.8260170915199767,187076,20203,166873
13692,1.8258837277242186,186725,20153,166572
13693,1.8257503834075806,186725,20153,166572
13694,1.8256170585657951,186725,20153,166572
13695,1.8254837531945967,186725,20153,166572
13696,1.8253504672897196,186725,20153,166572
13697,1.8252172008469008,186725,20153,166572
13698,1.8250839538618777,186725,20153,166572
13699,1.824950726330389,186725,20153,166572
13700,1.8248175182481752,186725,20153,166572
13701,1.8246843296109774,186725,20153,166572
13702,1.8245511604145381,186725,20153,166572
13703,1.824418010654601,186725,20153,166572
13704,1.8242848803269118,186725,20153,166572
13705,1.8241517694272162,186725,20153,166572
13706,1.8240186779512622,186725,20153,166572
13707,1.8238856058947983,186725,20153,166572
13708,1.8237525532535745,186725,20153,166572
13709,1.8236195200233423,186725,20153,166572
13710,1.8234865061998542,186725,20153,166572
13711,1.8233535117788637,186725,20153,166572
13712,1.823220536756126,186725,20153,166572
13713,1.8230875811273974,186725,20153,166572
13714,1.8229546448884353,186725,20153,166572
13715,1.822821728034998,186725,20153,166572
13716,1.8226888305628464,186725,20153,166572
13717,1.8225559524677408,186725,20153,166572
13718,1.822423093745444,186725,20153,166572
13719,1.8222902543917194,186725,20153,166572
13720,1.8221574344023324,186725,20153,166572
13721,1.8220246337730486,186725,20153,166572
13722,1.8218918524996357,186725,20153,166572
13723,1.821759090577862,186725,20153,166572
13724,1.8216263480034975,186725,20153,166572
13725,1.8214936247723132,186725,20153,166572
13726,1.8213609208800816,186725,20153,166572
13727,1.821228236322576,186725,20153,166572
13728,1.8210955710955712,186725,20153,166572
13729,1.820962925194843,186725,20153,166572
13730,1.820830298616169,186725,20153,166572
13731,1.8206976913553274,186725,20153,166572
13732,1.8205651034080979,186725,20153,166572
13733,1.8204325347702615,186725,20153,166572
13734,1.8202999854376,186725,20153,166572
13735,1.8201674554058973,186725,20153,166572
13736,1.8200349446709376,186725,20153,166572
13737,1.8199024532285069,186725,20153,166572
13738,1.8197699810743921,186725,20153,166572
13739,1.8196375282043817,186725,20153,166572
13740,1.819505094614265,186725,20153,166572
13741,1.8193726802998327,186725,20153,166572
13742,1.8192402852568768,186725,20153,166572
13743,1.8191079094811904,186725,20153,166572
13744,1.818975552968568,186725,20153,166572
13745,1.8188432157148053,186725,20153,166572
13746,1.8187108977156992,186725,20153,166572
13747,1.8185785989670473,186725,20153,166572
13748,1.8184463194646494,186725,20153,166572
13749,1.8183140592043057,186725,20153,166572
13750,1.8181818181818181,186725,20153,166572
13751,1.8180495963929897,186725,20153,166572
13752,1.8179173938336242,186725,20153,166572
13753,1.8177852104995273,186725,20153,166572
13754,1.8176530463865057,186725,20153,166572
13755,1.817520901490367,186725,20153,166572
13756,1.8173887758069207,186725,20153,166572
13757,1.8172566693319765,186725,20153,166572
13758,1.8171245820613462,186725,20153,166572
13759,1.8169925139908423,186725,20153,166572
13760,1.816860465116279,186725,20153,166572
13761,1.8167284354334714,186725,20153,166572
13762,1.8165964249382358,186725,20153,166572
13763,1.8164644336263895,186725,20153,166572
13764,1.8163324614937517,186725,20153,166572
13765,1.8162005085361423,186725,20153,166572
13766,1.8160685747493825,186725,20153,166572
13767,1.8159366601292948,186725,20153,166572
13768,1.8158047646717026,186725,20153,166572
13769,1.815672888372431,186725,20153,166572
13770,1.8155410312273057,186725,20153,166572
13771,1.8154091932321545,186725,20153,166572
13772,1.8152773743828057,186725,20153,166572
13773,1.8151455746750889,186725,20153,166572
13774,1.8150137941048352,186725,20153,166572
13775,1.8148820326678765,186725,20153,166572
13776,1.8147502903600465,186725,20153,166572
13777,1.8146185671771793,186725,20153,166572
13778,1.814486863115111,186725,20153,166572
13779,1.8143551781696785,186725,20153,166572
13780,1.8142235123367199,186725,20153,166572
13781,1.8140918656120746,186725,20153,166572
13782,1.8139602379915831,186725,20153,166572
13783,1.8138286294710875,186725,20153,166572
13784,1.8136970400464307,186725,20153,166572
13785,1.8135654697134567,186725,20153,166572
13786,1.813433918468011,186725,20153,166572
13787,1.8133023863059403,186725,20153,166572
13788,1.8131708732230924,186725,20153,166572
13789,1.8130393792153165,186725,20153,166572
13790,1.8129079042784626,186725,20153,166572
13791,1.8127764484083824,186725,20153,166572
13792,1.812645011600928,186725,20153,166572
13793,1.8125135938519539,186725,20153,166572
13794,1.8123821951573147,186681,20153,166528
13795,1.812250815512867,186681,20153,166528
13796,1.812119454914468,186681,20153,166528
13797,1.8119881133579763,186681,20153,166528
13798,1.811856790839252,186681,20153,166528
13799,1.8117254873541562,186681,20153,166528
13800,1.8115942028985508,186681,20153,166528
13801,1.8114629374682993,186681,20153,166528
13802,1.8113316910592667,186681,20153,166528
13803,1.8112004636673187,186681,20153,166528
13804,1.8110692552883223,186681,20153,166528
13805,1.8109380659181455,186681,20153,166528
13806,1.8108068955526582,186681,20153,166528
13807,1.8106757441877308,186681,20153,166528
13808,1.8105446118192352,186681,20153,166528
13809,1.8104134984430444,186681,20153,166528
13810,1.8102824040550325,186681,20153,166528
13811,1.8101513286510753,186681,20153,166528
13812,1.8100202722270489,186681,20153,166528
13813,1.8098892347788316,186681,20153,166528
13814,1.809758216302302,186681,20153,166528
13815,1.8096272167933405,186681,20153,166528
13816,1.8094962362478286,186681,20153,166528
13817,1.8093652746616486,186681,20153,166528
13818,1.8092343320306845,186681,20153,166528
13819,1.8091034083508213,186681,20153,166528
13820,1.808972503617945,186681,20153,166528
13821,1.808841617827943,186681,20153,166528
13822,1.8087107509767038,186681,20153,166528
13823,1.8085799030601173,186681,20153,166528
13824,1.8084490740740742,186681,20153,166528
13825,1.8083182640144666,186681,20153,166528
13826,1.8081874728771878,186681,20153,166528
13827,1.8080567006581327,186681,20153,166528
13828,1.8079259473531963,186681,20153,166528
13829,1.8077952129582762,186681,20153,166528
13830,1.8076644974692697,186681,20153,166528
13831,1.8075338008820765,186681,20153,166528
13832,1.8074031231925969,186681,20153,166528
13833,1.8072724643967324,186681,20153,166528
13834,1.807141824490386,186681,20153,166528
13835,1.8070112034694614,186681,20153,166528
13836,1.8068806013298642,186681,20153,166528
13837,1.8067500180675002,186681,20153,166528
13838,1.8066194536782771,186681,20153,166528
13839,1.806488908158104,186681,20153,166528
13840,1.80635838150289,186681,20153,166528
13841,1.806227873708547,186681,20153,166528
13842,1.806097384770987,186681,20153,166528
13843,1.805966914686123,186681,20153,166528
13844,1.80583646344987,186681,20153,166528
13845,1.8057060310581436,186681,20153,166528
13846,1.8055756175068611,186681,20153,166528
13847,1.8054452227919404,186681,20153,166528
13848,1.805314846909301,186681,20153,166528
13849,1.8051844898548632,186681,20153,166528
13850,1.8050541516245486,186681,20153,166528
13851,1.8049238322142807,186681,20153,166528
13852,1.8047935316199826,186681,20153,166528
13853,1.8046632498375803,186681,20153,166528
13854,1.8045329868629998,186681,20153,166528
13855,1.804402742692169,186681,20153,166528
13856,1.8042725173210161,186681,20153,166528
13857,1.8041423107454717,186681,20153,166528
13858,1.8040121229614663,186681,20153,166528
13859,1.8038819539649324,186681,20153,166528
13860,1.8037518037518037,186681,20153,166528
13861,1.8036216723180145,186681,20153,166528
13862,1.8034915596595007,186681,20153,166528
13863,1.8033614657721995,186681,20153,166528
13864,1.8032313906520485,186681,20153,166528
13865,1.8031013342949873,186681,20153,166528
13866,1.8029712966969567,186681,20153,166528
13867,1.8028412778538978,186681,20153,166528
13868,1.8027112777617538,186681,20153,166528
13869,1.8025812964164685,186681,20153,166528
13870,1.802451333813987,186681,20153,166528
13871,1.802321389950256,186681,20153,166528
13872,1.8021914648212225,186681,20153,166528
13873,1.8020615584228357,186681,20153,166528
13874,1.801931670751045,186681,20153,166528
13875,1.8018018018018018,186681,20153,166528
13876,1.801671951571058,186681,20153,166528
13877,1.8015421200547668,186681,20153,166528
13878,1.801412307248883,186681,20153,166528
13879,1.8012825131493624,186681,20153,166528
13880,1.8011527377521614,186681,20153,166528
13881,1.8010229810532383,186681,20153,166528
13882,1.800893243048552,186681,20153,166528
13883,1.8007635237340633,186681,20153,166528
13884,1.8006338231057333,186681,20153,166528
13885,1.8005041411595246,186681,20153,166528
13886,1.8003744778914015,186681,20153,166528
13887,1.8002448332973284,186681,20153,166528
13888,1.8001152073732718,186681,20153,166528
13889,1.799985600115199,186681,20153,166528
13890,1.7998560115190785,186681,20153,166528
13891,1.7997264415808798,186681,20153,166528
13892,1.7995968902965735,186681,20153,166528
13893,1.799467357662132,186681,20153,166528
13894,1.7993378436735281,186681,20153,166528
13895,1.7992083483267363,186681,20153,166528
13896,1.7990788716177317,186681,20153,166528
13897,1.7989494135424913,186681,20153,166528
13898,1.7988199740969923,186681,20153,166528
13899,1.7986905532772142,186681,20153,166528
13900,1.7985611510791366,186681,20153,166528
13901,1.7984317674987411,186681,20153,166528
13902,1.7983024025320098,186681,20153,166528
13903,1.7981730561749263,186681,20153,166528
13904,1.7980437284234752,186681,20153,166528
13905,1.7979144192736425,186681,20153,166528
13906,1.7977851287214153,186681,20153,166528
13907,1.7976558567627814,186681,20153,166528
13908,1.7975266033937303,186681,20153,166528
13909,1.7973973686102525,186681,20153,166528
13910,1.7972681524083394,186681,20153,166528
13911,1.797138954783984,186681,20153,166528
13912,1.79700977573318,186681,20153,166528
13913,1.7968806152519226,186681,20153,166528
13914,1.7967514733362082,186681,20153,166528
13915,1.7966223499820337,186681,20153,166528
13916,1.796493245185398,186681,20153,166528
13917,1.7963641589423007,186681,20153,166528
13918,1.7962350912487426,186681,20153,166528
13919,1.7961060421007256,186681,20153,166528
13920,1.7959770114942528,186681,20153,166528
13921,1.7958479994253287,186681,20153,166528
13922,1.7957190058899584,186681,20153,166528
13923,1.7955900308841486,186681,20153,166528
13924,1.795461074403907,186681,20153,166528
13925,1.7953321364452424,186681,20153,166528
13926,1.795203217004165,186681,20153,166528
13927,1.7950743160766855,186681,20153,166528
13928,1.7949454336588169,186681,20153,166528
13929,1.7948165697465719,186681,20153,166528
13930,1.7946877243359656,186681,20153,166528
13931,1.7945588974230133,186681,20153,166528
13932,1.7944300890037324,186681,20153,166528
13933,1.7943012990741405,186681,20153,166528
13934,1.794172527630257,186681,20153,166528
13935,1.794043774668102,186681,20153,166528
13936,1.793915040183697,186681,20153,166528
13937,1.7937863241730645,186681,20153,166528
13938,1.7936576266322284,186681,20153,166528
13939,1.7935289475572136,186681,20153,166528
13940,1.793400286944046,186681,20153,166528
13941,1.7932716447887527,186681,20153,166528
13942,1.793143021087362,186681,20153,166528
13943,1.7930144158359034,186681,20153,166528
13944,1.7928858290304073,186681,20153,166528
13945,1.7927572606669058,186681,20153,166528
13946,1.7926287107414312,186681,20153,166528
13947,1.792500179250018,186681,20153,166528
13948,1.7923716661887008,186681,20153,166528
13949,1.7922431715535163,186681,20153,166528
13950,1.7921146953405018,186681,20153,166528
13951,1.7919862375456956,186681,20153,166528
13952,1.7918577981651376,186681,20153,166528
13953,1.7917293771948686,186681,20153,166528
13954,1.7916009746309303,186681,20153,166528
13955,1.7914725904693658,186681,20153,166528
13956,1.7913442247062195,186681,20153,166528
13957,1.7912158773375366,186681,20153,166528
13958,1.7910875483593638,186681,20153,166528
13959,1.7909592377677483,186681,20153,166528
13960,1.7908309455587392,186681,20153,166528
13961,1.7907026717283863,186681,20153,166528
13962,1.7905744162727404,186681,20153,166528
13963,1.7904461791878536,186681,20153,166528
13964,1.7903179604697794,186681,20153,166528
13965,1.7901897601145722,186681,20153,166528
13966,1.7900615781182874,186681,20153,166528
13967,1.7899334144769814,186681,20153,166528
13968,1.7898052691867126,186681,20153,166528
13969,1.7896771422435394,186681,20153,166528
13970,1.7895490336435218,186681,20153,166528
13971,1.7894209433827213,186681,20153,166528
13972,1.7892928714572,186681,20153,166528
13973,1.7891648178630215,186681,20153,166528
13974,1.78903678259625,186681,20153,166528
13975,1.7889087656529516,186681,20153,166528
13976,1.7887807670291929,186681,20153,166528
13977,1.7886527867210418,186681,20153,166528
13978,1.788524824724567,186681,20153,166528
13979,1.7883968810358395,186681,20153,166528
13980,1.78826895565093,186681,20153,166528
13981,1.7881410485659108,186681,20153,166528
13982,1.788013159776856,186681,20153,166528
13983,1.7878852892798398,186681,20153,166528
13984,1.7877574370709381,186681,20153,166528
13985,1.7876296031462282,186681,20153,166528
13986,1.7875017875017876,186608,20102,166506
13987,1.7873739901336956,186608,20102,166506
13988,1.7872462110380325,186608,20102,166506
13989,1.78711845021088,186608,20102,166506
13990,1.7869907076483202,186608,20102,166506
13991,1.786862983346437,186608,20102,166506
13992,1.786735277301315,186608,20102,166506
13993,1.7866075895090403,186608,20102,166506
13994,1.7864799199656995,186608,20102,166506
13995,1.7863522686673812,186608,20102,166506
13996,1.7862246356101743,186608,20102,166506
13997,1.7860970207901694,186608,20102,166506
13998,1.7859694242034576,186608,20102,166506
13999,1.7858418458461318,186608,20102,166506
14000,1.7857142857142858,186608,20102,166506
14001,1.785586743804014,186608,20102,166506
14002,1.7854592201114126,186608,20102,166506
14003,1.7853317146325787,186608,20102,166506
14004,1.7852042273636104,186608,20102,166506
14005,1.7850767583006069,186608,20102,166506
14006,1.7849493074396687,186592,20102,166490
14007,1.7848218747768974,186592,20102,166490
14008,1.7846944603083952,186592,20102,166490
14009,1.7845670640302662,186592,20102,166490
14010,1.7844396859386153,186592,20102,166490
14011,1.7843123260295481,186592,20102,166490
14012,1.7841849842991722,186592,20102,166490
14013,1.7840576607435952,186592,20102,166490
14014,1.7839303553589267,186592,20102,166490
14015,1.783803068141277,186592,20102,166490
14016,1.783675799086758,186592,20102,166490
14017,1.7835485481914817,186592,20102,166490
14018,1.7834213154515624,186592,20102,166490
14019,1.7832941008631142,186592,20102,166490
14020,1.783166904422254,186592,20102,166490
14021,1.783039726125098,186115,20114,166001
14022,1.782912565967765,186115,20114,166001
14023,1.7827854239463738,186115,20114,166001
14024,1.782658300057045,186115,20114,166001
14025,1.7825311942959001,186115,20114,166001
14026,1.7824041066590617,186115,20114,166001
14027,1.7822770371426535,186115,20114,166001
14028,1.7821499857428,186115,20114,166001
14029,1.7820229524556277,186115,20114,166001
14030,1.781895937277263,186115,20114,166001
14031,1.7817689402038344,186115,20114,166001
14032,1.781641961231471,186115,20114,166001
14033,1.781515000356303,186115,20114,166001
14034,1.781388057574462,186115,20114,166001
14035,1.7812611328820804,186115,20114,166001
14036,1.781134226275292,186115,20114,166001
14037,1.7810073377502316,186115,20114,166001
14038,1.7808804673030347,186115,20114,166001
14039,1.7807536149298384,186115,20114,166001
14040,1.7806267806267806,186115,20114,166001
14041,1.7804999643900008,186115,20114,166001
14042,1.7803731662156388,186115,20114,166001
14043,1.7802463860998363,186115,20114,166001
14044,1.7801196240387354,186115,20114,166001
14045,1.7799928800284799,186115,20114,166001
14046,1.7798661540652143,186115,20114,166001
14047,1.7797394461450844,186115,20114,166001
14048,1.779612756264237,186115,20114,166001
14049,1.7794860844188198,186115,20114,166001
14050,1.7793594306049823,186115,20114,166001
14051,1.7792327948188742,186115,20114,166001
14052,1.7791061770566468,186115,20114,166001
14053,1.7789795773144523,186115,20114,166001
14054,1.7788529955884447,186115,20114,166001
14055,1.7787264318747777,186115,20114,166001
14056,1.7785998861696073,186115,20114,166001
14057,1.7784733584690902,186115,20114,166001
14058,1.7783468487693839,186115,20114,166001
14059,1.7782203570666477,186115,20114,166001
14060,1.7780938833570412,186115,20114,166001
14061,1.7779674276367257,186115,20114,166001
14062,1.7778409899018632,186115,20114,166001
14063,1.777714570148617,186115,20114,166001
14064,1.7775881683731514,186115,20114,166001
14065,1.7774617845716316,186115,20114,166001
14066,1.7773354187402246,186115,20114,166001
14067,1.7772090708750978,186115,20114,166001
14068,1.7770827409724197,186115,20114,166001
14069,1.7769564290283602,186115,20114,166001
14070,1.7768301350390903,186115,20114,166001
14071,1.7767038590007818,186115,20114,166001
14072,1.7765776009096077,186115,20114,166001
14073,1.7764513607617423,186115,20114,166001
14074,1.7763251385533607,186115,20114,166001
14075,1.7761989342806395,186115,20114,166001
14076,1.7760727479397556,186115,20114,166001
14077,1.7759465795268878,186115,20114,166001
14078,1.7758204290382156,186115,20114,166001
14079,1.7756942964699198,186115,20114,166001
14080,1.7755681818181819,186115,20114,166001
14081,1.7754420850791848,186115,20114,166001
14082,1.7753160062491122,186115,20114,166001
14083,1.7751899453241498,186115,20114,166001
14084,1.7750639023004828,186115,20114,166001
14085,1.774937877174299,186115,20114,166001
14086,1.774811869941786,186115,20114,166001
14087,1.774685880599134,186115,20114,166001
14088,1.7745599091425326,186115,20114,166001
14089,1.7744339555681738,186115,20114,166001
14090,1.7743080198722498,186115,20114,166001
14091,1.7741821020509545,186115,20114,166001
14092,1.7740562021004826,186115,20114,166001
14093,1.7739303200170298,186115,20114,166001
14094,1.773804455796793,186115,20114,166001
14095,1.7736786094359702,186115,20114,166001
14096,1.7735527809307605,186115,20114,166001
14097,1.773426970277364,186115,20114,166001
14098,1.7733011774719818,186115,20114,166001
14099,1.7731754025108164,186115,20114,166001
14100,1.7730496453900708,186115,20114,166001
14101,1.7729239061059499,186115,20114,166001
14102,1.772798184654659,186115,20114,166001
14103,1.7726724810324044,186115,20114,166001
14104,1.7725467952353942,186115,20114,166001
14105,1.772421127259837,186115,20114,166001
14106,1.7722954771019424,186115,20114,166001
14107,1.7721698447579215,186115,20114,166001
14108,1.7720442302239865,186115,20114,166001
14109,1.77191863349635,186115,20114,166001
14110,1.7717930545712262,186115,20114,166001
14111,1.7716674934448302,186115,20114,166001
14112,1.7715419501133787,186115,20114,166001
14113,1.7714164245730886,186115,20114,166001
14114,1.7712909168201785,186115,20114,166001
14115,1.7711654268508679,186115,20114,166001
14116,1.771039954661377,186115,20114,166001
14117,1.770914500247928,186115,20114,166001
14118,1.7707890636067432,186115,20114,166001
14119,1.7706636447340462,186115,20114,166001
14120,1.7705382436260624,186115,20114,166001
14121,1.770412860279017,186115,20114,166001
14122,1.7702874946891376,186115,20114,166001
14123,1.7701621468526516,186115,20114,166001
14124,1.7700368167657887,186115,20114,166001
14125,1.7699115044247788,186115,20114,166001
14126,1.769786209825853,186115,20114,166001
14127,1.769660932965244,186115,20114,166001
14128,1.7695356738391845,186115,20114,166001
14129,1.7694104324439097,186115,20114,166001
14130,1.7692852087756545,186115,20114,166001
14131,1.769160002830656,186115,20114,166001
14132,1.7690348146051513,186115,20114,166001
14133,1.7689096440953795,186115,20114,166001
14134,1.7687844912975803,186115,20114,166001
14135,1.7686593562079944,186115,20114,166001
14136,1.7685342388228635,186115,20114,166001
14137,1.7684091391384311,186115,20114,166001
14138,1.7682840571509408,186115,20114,166001
14139,1.7681589928566377,186115,20114,166001
14140,1.768033946251768,186115,20114,166001
14141,1.767908917332579,186115,20114,166001
14142,1.7677839060953189,186115,20114,166001
14143,1.767658912536237,186115,20114,166001
14144,1.7675339366515836,186115,20114,166001
14145,1.7674089784376104,186115,20114,166001
14146,1.7672840378905699,186115,20114,166001
14147,1.7671591150067152,186115,20114,166001
14148,1.7670342097823013,186115,20114,166001
14149,1.766909322213584,186115,20114,166001
14150,1.7667844522968197,186115,20114,166001
14151,1.7666596000282666,186115,20114,166001
14152,1.7665347654041832,186115,20114,166001
14153,1.7664099484208295,186115,20114,166001
14154,1.7662851490744667,186115,20114,166001
14155,1.7661603673613564,186115,20114,166001
14156,1.766035603277762,186115,20114,166001
14157,1.7659108568199477,186115,20114,166001
14158,1.7657861279841787,186115,20114,166001
14159,1.7656614167667208,186115,20114,166001
14160,1.765536723163842,186115,20114,166001
14161,1.76541204717181,186115,20114,166001
14162,1.7652873887868945,186115,20114,166001
14163,1.765162748005366,186115,20114,166001
14164,1.765038124823496,186115,20114,166001
14165,1.7649135192375573,186115,20114,166001
14166,1.7647889312438232,186115,20114,166001
14167,1.7646643608385686,186115,20114,166001
14168,1.764539808018069,186115,20114,166001
14169,1.764415272778601,186115,20114,166001
14170,1.7642907551164433,186115,20114,166001
14171,1.7641662550278738,186115,20114,166001
14172,1.764041772509173,186115,20114,166001
14173,1.7639173075566217,186115,20114,166001
14174,1.763792860166502,186115,20114,166001
14175,1.763668430335097,186115,20114,166001
14176,1.7635440180586908,186115,20114,166001
14177,1.7634196233335684,186115,20114,166001
14178,1.7632952461560163,186115,20114,166001
14179,1.7631708865223217,186115,20114,166001
14180,1.7630465444287728,186115,20114,166001
14181,1.7629222198716592,186115,20114,166001
14182,1.7627979128472713,186115,20114,166001
14183,1.7626736233519003,186115,20114,166001
14184,1.7625493513818387,186115,20114,166001
14185,1.7624250969333803,186115,20114,166001
14186,1.7623008600028196,186115,20114,166001
14187,1.7621766405864523,186115,20114,166001
14188,1.7620524386805752,186115,20114,166001
14189,1.7619282542814856,186115,20114,166001
14190,1.7618040873854828,186115,20114,166001
14191,1.7616799379888661,186115,20114,166001
14192,1.7615558060879368,186115,20114,166001
14193,1.7614316916789967,186115,20114,166001
14194,1.7613075947583485,186115,20114,166001
14195,1.7611835153222966,186115,20114,166001
14196,1.7610594533671458,186115,20114,166001
14197,1.760935408889202,186115,20114,166001
14198,1.7608113818847726,186115,20114,166001
14199,1.7606873723501655,186115,20114,166001
14200,1.7605633802816902,186115,20114,166001
14201,1.7604394056756567,186115,20114,166001
14202,1.7603154485283763,186115,20114,166001
14203,1.7601915088361613,186115,20114,166001
14204,1.7600675865953253,186115,20114,166001
14205,1.7599436818021823,186115,20114,166001
14206,1.759819794453048,186115,20114,166001
14207,1.7596959245442387,186115,20114,166001
14208,1.759572072072072,186115,20114,166001
14209,1.7594482370328666,186115,20114,166001
14210,1.7593244194229416,186115,20114,166001
14211,1.759200619238618,186115,20114,166001
14212,1.7590768364762173,186115,20114,166001
14213,1.7589530711320622,186115,20114,166001
14214,1.7588293232024765,186115,20114,166001
14215,1.7587055926837847,186115,20114,166001
14216,1.758581879572313,186115,20114,166001
14217,1.7584581838643878,186115,20114,166001
14218,1.758334505556337,186115,20114,166001
14219,1.7582108446444897,186115,20114,166001
14220,1.7580872011251758,186115,20114,166001
14221,1.7579635749947262,186115,20114,166001
14222,1.7578399662494726,186115,20114,166001
14223,1.7577163748857485,186115,20114,166001
14224,1.7575928008998876,186115,20114,166001
14225,1.757469244288225,186115,20114,166001
14226,1.7573457050470969,186115,20114,166001
14227,1.7572221831728403,186115,20114,166001
14228,1.7570986786617937,186115,20114,166001
14229,1.7569751915102958,186115,20114,166001
14230,1.7568517217146873,186115,20114,166001
14231,1.756728269271309,186115,20114,166001
14232,1.7566048341765037,186115,20114,166001
14233,1.7564814164266143,186115,20114,166001
14234,1.756358016017985,186115,20114,166001
14235,1.7562346329469618,186115,20114,166001
14236,1.7561112672098904,186115,20114,166001
14237,1.7559879188031187,186115,20114,166001
14238,1.7558645877229948,186115,20114,166001
14239,1.7557412739658684,186115,20114,166001
14240,1.7556179775280898,186115,20114,166001
14241,1.755494698406011,186115,20114,166001
14242,1.7553714365959836,186115,20114,166001
14243,1.7552481920943621,186115,20114,166001
14244,1.7551249648975007,186115,20114,166001
14245,1.755001755001755,186115,20114,166001
14246,1.7548785624034817,186115,20114,166001
14247,1.7547553870990384,186115,20114,166001
14248,1.7546322290847838,186085,19834,166251
14249,1.7545090883570778,186085,19834,166251
14250,1.7543859649122806,186085,19834,166251
14251,1.7542628587467546,186085,19834,166251
14252,1.7541397698568622,186085,19834,166251
14253,1.7540166982389673,186085,19834,166251
14254,1.7538936438894346,186085,19834,166251
14255,1.75377060680463,186085,19834,166251
14256,1.7536475869809203,186085,19834,166251
14257,1.7535245844146734,186085,19834,166251
14258,1.7534015991022585,186085,19834,166251
14259,1.7532786310400448,186085,19834,166251
14260,1.753155680224404,186085,19834,166251
14261,1.7530327466517075,186085,19834,166251
14262,1.7529098303183284,186085,19834,166251
14263,1.7527869312206408,186085,19834,166251
14264,1.7526640493550196,186085,19834,166251
14265,1.752541184717841,186085,19834,166251
14266,1.7524183373054816,186085,19834,166251
14267,1.7522955071143198,186085,19834,166251
14268,1.7521726941407345,186085,19834,166251
14269,1.752049898381106,186085,19834,166251
14270,1.751927119831815,186085,19834,166251
14271,1.751804358489244,186085,19834,166251
14272,1.7516816143497758,186085,19834,166251
14273,1.7515588874097947,186085,19834,166251
14274,1.751436177665686,186085,19834,166251
14275,1.7513134851138354,186085,19834,166251
14276,1.7511908097506304,186085,19834,166251
14277,1.751068151572459,186085,19834,166251
14278,1.7509455105757108,186085,19834,166251
14279,1.7508228867567757,186085,19834,166251
14280,1.7507002801120448,186085,19834,166251
14281,1.7505776906379105,186085,19834,166251
14282,1.750455118330766,186085,19834,166251
14283,1.7503325631870055,186085,19834,166251
14284,1.7502100252030244,186085,19834,166251
14285,1.7500875043752186,186085,19834,166251
14286,1.749965000699986,186085,19834,166251
14287,1.7498425141737244,186085,19834,166251
14288,1.7497200447928332,186085,19834,166251
14289,1.7495975925537126,186085,19834,166251
14290,1.7494751574527643,186085,19834,166251
14291,1.7493527394863901,186085,19834,166251
14292,1.7492303386509935,186085,19834,166251
14293,1.749107954942979,186085,19834,166251
14294,1.748985588358752,186085,19834,166251
14295,1.7488632388947185,186085,19834,166251
14296,1.7487409065472859,186085,19834,166251
14297,1.748618591312863,186085,19834,166251
14298,1.7484962931878585,186085,19834,166251
14299,1.748374012168683,186085,19834,166251
14300,1.7482517482517483,186085,19834,166251
14301,1.7481295014334661,186085,19834,166251
14302,1.7480072717102504,186085,19834,166251
14303,1.747885059078515,186085,19834,166251
14304,1.7477628635346756,186085,19834,166251
14305,1.7476406850751485,186085,19834,166251
14306,1.747518523696351,186085,19834,166251
14307,1.7473963793947018,186085,19834,166251
14308,1.74727425216662,186085,19834,166251
14309,1.747152142008526,186085,19834,166251
14310,1.7470300489168413,186085,19834,166251
14311,1.7469079728879882,186085,19834,166251
14312,1.74678591391839,186085,19834,166251
14313,1.7466638720044714,186085,19834,166251
14314,1.7465418471426575,186085,19834,166251
14315,1.7464198393293748,186085,19834,166251
14316,1.7462978485610505,186085,19834,166251
14317,1.7461758748341132,186085,19834,166251
14318,1.7460539181449923,186085,19834,166251
14319,1.745931978490118,186085,19834,166251
14320,1.7458100558659218,186085,19834,166251
14321,1.745688150268836,186085,19834,166251
14322,1.745566261695294,186085,19834,166251
14323,1.74544439014173,186085,19834,166251
14324,1.7453225356045796,186085,19834,166251
14325,1.7452006980802792,186085,19834,166251
14326,1.745078877565266,186085,19834,166251
14327,1.7449570740559783,186085,19834,166251
14328,1.7448352875488553,186085,19834,166251
14329,1.7447135180403377,186085,19834,166251
14330,1.7445917655268668,186085,19834,166251
14331,1.7444700300048845,186085,19834,166251
14332,1.7443483114708345,186085,19834,166251
14333,1.744226609921161,186085,19834,166251
14334,1.744104925352309,186085,19834,166251
14335,1.7439832577607255,186085,19834,166251
14336,1.7438616071428572,186085,19834,166251
14337,1.7437399734951524,186085,19834,166251
14338,1.7436183568140606,186085,19834,166251
14339,1.7434967570960318,186085,19834,166251
14340,1.7433751743375174,186085,19834,166251
14341,1.7432536085349697,186085,19834,166251
14342,1.7431320596848416,186085,19834,166251
14343,1.743010527783588,186085,19834,166251
14344,1.742889012827663,186085,19834,166251
14345,1.7427675148135238,186085,19834,166251
14346,1.7426460337376273,186085,19834,166251
14347,1.7425245695964313,186085,19834,166251
14348,1.7424031223863954,186085,19834,166251
14349,1.7422816921039794,186085,19834,166251
14350,1.7421602787456445,186085,19834,166251
14351,1.7420388823078532,186085,19834,166251
14352,1.741917502787068,186085,19834,166251
14353,1.7417961401797533,186085,19834,166251
14354,1.7416747944823743,186085,19834,166251
14355,1.7415534656913967,186085,19834,166251
14356,1.7414321538032878,186085,19834,166251
14357,1.7413108588145156,186085,19834,166251
14358,1.741189580721549,186085,19834,166251
14359,1.741068319520858,186085,19834,166251
14360,1.7409470752089136,186085,19834,166251
14361,1.7408258477821879,186085,19834,166251
14362,1.7407046372371535,186085,19834,166251
14363,1.7405834435702847,186085,19834,166251
14364,1.7404622667780563,186085,19834,166251
14365,1.7403411068569439,186085,19834,166251
14366,1.7402199638034248,186085,19834,166251
14367,1.7400988376139765,186085,19834,166251
14368,1.739977728285078,186085,19834,166251
14369,1.739856635813209,186085,19834,166251
14370,1.7397355601948503,186085,19834,166251
14371,1.7396145014264839,186085,19834,166251
14372,1.7394934595045923,186085,19834,166251
14373,1.7393724344256591,186085,19834,166251
14374,1.7392514261861696,186085,19834,166251
14375,1.7391304347826086,186085,19834,166251
14376,1.7390094602114636,186085,19834,166251
14377,1.7388885024692218,186085,19834,166251
14378,1.7387675615523717,186085,19834,166251
14379,1.7386466374574032,186085,19834,166251
14380,1.7385257301808066,186010,19834,166176
14381,1.7384048397190737,186010,19834,166176
14382,1.738283966068697,186010,19834,166176
14383,1.7381631092261698,186010,19834,166176
14384,1.7380422691879867,186010,19834,166176
14385,1.7379214459506431,186010,19834,166176
14386,1.7378006395106353,186010,19834,166176
14387,1.737679849864461,186010,19834,166176
14388,1.7375590770086182,186010,19834,166176
14389,1.7374383209396067,186010,19834,166176
14390,1.7373175816539264,186010,19834,166176
14391,1.7371968591480786,186010,19834,166176
14392,1.737076153418566,186010,19834,166176
14393,1.7369554644618912,186010,19834,166176
14394,1.7368347922745588,186010,19834,166176
14395,1.736714136853074,186010,19834,166176
14396,1.7365934981939428,186010,19834,166176
14397,1.7364728762936723,186010,19834,166176
14398,1.7363522711487707,186010,19834,166176
14399,1.736231682755747,186010,19834,166176
14400,1.7361111111111112,186010,19834,166176
14401,1.7359905562113742,186010,19834,166176
14402,1.7358700180530482,186010,19834,166176
14403,1.7357494966326459,186010,19834,166176
14404,1.7356289919466814,186010,19834,166176
14405,1.7355085039916696,186010,19834,166176
14406,1.735388032764126,186010,19834,166176
14407,1.7352675782605678,186010,19834,166176
14408,1.7351471404775125,186010,19834,166176
14409,1.735026719411479,186010,19834,166176
14410,1.7349063150589867,186010,19834,166176
14411,1.734785927416557,186010,19834,166176
14412,1.7346655564807105,186010,19834,166176
14413,1.7345452022479706,186010,19834,166176
14414,1.7344248647148606,186010,19834,166176
14415,1.734304543877905,186010,19834,166176
14416,1.7341842397336293,186010,19834,166176
14417,1.7340639522785601,186010,19834,166176
14418,1.7339436815092246,186010,19834,166176
14419,1.7338234274221513,186010,19834,166176
14420,1.7337031900138695,186010,19834,166176
14421,1.7335829692809097,186010,19834,166176
14422,1.7334627652198031,186010,19834,166176
14423,1.7333425778270817,186010,19834,166176
14424,1.733222407099279,186010,19834,166176
14425,1.733102253032929,185875,19838,166037
14426,1.7329821156245668,185875,19838,166037
14427,1.7328619948707285,185875,19838,166037
14428,1.7327418907679513,185875,19838,166037
14429,1.732621803312773,185875,19838,166037
14430,1.7325017325017324,185875,19838,166037
14431,1.73238167833137,185875,19838,166037
14432,1.732261640798226,185875,19838,166037
14433,1.7321416198988429,185875,19838,166037
14434,1.732021615629763,185875,19838,166037
14435,1.7319016279875303,185875,19838,166037
14436,1.7317816569686895,185875,19838,166037
14437,1.731661702569786,185875,19838,166037
14438,1.7315417647873668,185875,19838,166037
14439,1.7314218436179791,185875,19838,166037
14440,1.7313019390581716,185875,19838,166037
14441,1.7311820511044942,185875,19838,166037
14442,1.7310621797534969,185875,19838,166037
14443,1.7309423250017308,185875,19838,166037
14444,1.7308224868457491,185875,19838,166037
14445,1.7307026652821045,185875,19838,166037
14446,1.7305828603073514,185875,19838,166037
14447,1.7304630719180452,185875,19838,166037
14448,1.730343300110742,185875,19838,166037
14449,1.7302235448819987,185875,19838,166037
14450,1.7301038062283738,185875,19838,166037
14451,1.7299840841464258,185875,19838,166037
14452,1.7298643786327152,185875,19838,166037
14453,1.7297446896838027,185875,19838,166037
14454,1.7296250172962502,185875,19838,166037
14455,1.7295053614666205,185875,19838,166037
14456,1.7293857221914777,185875,19838,166037
14457,1.729266099467386,185875,19838,166037
14458,1.7291464932909115,185875,19838,166037
14459,1.729026903658621,185875,19838,166037
14460,1.7289073305670817,185875,19838,166037
14461,1.728787774012862,185875,19838,166037
14462,1.728668233992532,185875,19838,166037
14463,1.728548710502662,185875,19838,166037
14464,1.728429203539823,185875,19838,166037
14465,1.7283097131005876,185875,19838,166037
14466,1.7281902391815291,185875,19838,166037
14467,1.7280707817792216,185875,19838,166037
14468,1.7279513408902405,185875,19838,166037
14469,1.7278319165111617,185875,19838,166037
14470,1.7277125086385625,185875,19838,166037
14471,1.7275931172690209,185875,19838,166037
14472,1.7274737423991156,185875,19838,166037
14473,1.7273543840254266,185875,19838,166037
14474,1.727235042144535,185875,19838,166037
14475,1.7271157167530224,185875,19838,166037
14476,1.7269964078474718,185875,19838,166037
14477,1.7268771154244664,185875,19838,166037
14478,1.7267578394805911,185875,19838,166037
14479,1.7266385800124318,185875,19838,166037
14480,1.7265193370165746,185875,19838,166037
14481,1.7264001104896072,185875,19838,166037
14482,1.7262809004281177,185875,19838,166037
14483,1.7261617068286956,185875,19838,166037
14484,1.7260425296879316,185875,19838,166037
14485,1.7259233690024163,185875,19838,166037
14486,1.7258042247687422,185875,19838,166037
14487,1.7256850969835025,185875,19838,166037
14488,1.725565985643291,185875,19838,166037
14489,1.725446890744703,185875,19838,166037
14490,1.725327812284334,185875,19838,166037
14491,1.7252087502587814,185875,19838,166037
14492,1.7250897046646425,185875,19838,166037
14493,1.7249706754985166,185875,19838,166037
14494,1.724851662757003,185875,19838,166037
14495,1.7247326664367024,185875,19838,166037
14496,1.7246136865342163,185875,19838,166037
14497,1.7244947230461474,185875,19838,166037
14498,1.7243757759690992,185875,19838,166037
14499,1.7242568452996758,185875,19838,166037
14500,1.7241379310344827,185875,19838,166037
14501,1.7240190331701262,185875,19838,166037
14502,1.7239001517032133,185875,19838,166037
14503,1.7237812866303523,185875,19838,166037
14504,1.7236624379481522,185875,19838,166037
14505,1.723543605653223,185875,19838,166037
14506,1.7234247897421757,185875,19838,166037
14507,1.723305990211622,185875,19838,166037
14508,1.7231872070581749,185875,19838,166037
14509,1.723068440278448,185875,19838,166037
14510,1.7229496898690557,185875,19838,166037
14511,1.7228309558266144,185875,19838,166037
14512,1.7227122381477398,185875,19838,166037
14513,1.72259353682905,185875,19838,166037
14514,1.7224748518671626,185155,20089,165066
14515,1.722356183258698,185155,20089,165066
14516,1.7222375310002755,185155,20089,165066
14517,1.722118895088517,185155,20089,165066
14518,1.722000275520044,185155,20089,165066
14519,1.72188167229148,185155,20089,165066
14520,1.721763085399449,185155,20089,165066
14521,1.7216445148405757,185155,20089,165066
14522,1.721525960611486,185155,20089,165066
14523,1.7214074227088068,185155,20089,165066
14524,1.7212889011291654,185155,20089,165066
14525,1.721170395869191,185155,20089,165066
14526,1.7210519069255128,185155,20089,165066
14527,1.7209334342947615,185155,20089,165066
14528,1.7208149779735682,185155,20089,165066
14529,1.7206965379585657,185155,20089,165066
14530,1.7205781142463867,185155,20089,165066
14531,1.720459706833666,185155,20089,165066
14532,1.7203413157170382,185155,20089,165066
14533,1.7202229408931398,185155,20089,165066
14534,1.7201045823586074,185155,20089,165066
14535,1.7199862401100792,185155,20089,165066
14536,1.7198679141441937,185155,20089,165066
14537,1.719749604457591,185155,20089,165066
14538,1.7196313110469115,185155,20089,165066
14539,1.719513033908797,185155,20089,165066
14540,1.71939477303989,185155,20089,165066
14541,1.7192765284368339,185155,20089,165066
14542,1.719158300096273,185155,20089,165066
14543,1.7190400880148524,185155,20089,165066
14544,1.7189218921892189,185155,20089,165066
14545,1.7188037126160192,185155,20089,165066
14546,1.7186855492919015,185155,20089,165066
14547,1.718567402213515,185155,20089,165066
14548,1.718449271377509,185155,20089,165066
14549,1.7183311567805348,185155,20089,165066
14550,1.7182130584192439,185155,20089,165066
14551,1.7180949762902893,185155,20089,165066
14552,1.7179769103903244,185155,20089,165066
14553,1.7178588607160035,185155,20089,165066
14554,1.7177408272639825,185155,20089,165066
14555,1.7176228100309172,185155,20089,165066
14556,1.7175048090134653,185155,20089,165066
14557,1.7173868242082846,185155,20089,165066
14558,1.7172688556120346,185155,20089,165066
14559,1.7171509032213752,185155,20089,165066
14560,1.717032967032967,185018,19857,165161
14561,1.7169150470434722,185018,19857,165161
14562,1.7167971432495537,185018,19857,165161
14563,1.7166792556478747,185018,19857,165161
14564,1.7165613842351002,185018,19857,165161
14565,1.7164435290078957,185018,19857,165161
14566,1.7163256899629273,185018,19857,165161
14567,1.7162078670968628,185018,19857,165161
14568,1.71609006040637,185018,19857,165161
14569,1.7159722698881186,185018,19857,165161
14570,1.7158544955387782,185018,19857,165161
14571,1.7157367373550203,185018,19857,165161
14572,1.7156189953335164,185018,19857,165161
14573,1.7155012694709395,185018,19857,165161
14574,1.7153835597639633,185018,19857,165161
14575,1.7152658662092624,185018,19857,165161
14576,1.7151481888035127,185018,19857,165161
14577,1.7150305275433904,185018,19857,165161
14578,1.7149128824255728,185018,19857,165161
14579,1.7147952534467386,185018,19857,165161
14580,1.7146776406035664,185018,19857,165161
14581,1.714560043892737,185018,19857,165161
14582,1.7144424633109312,185018,19857,165161
14583,1.714324898854831,185018,19857,165161
14584,1.714207350521119,185018,19857,165161
14585,1.7140898183064792,185018,19857,165161
14586,1.7139723022075963,185018,19857,165161
14587,1.7138548022211557,185018,19857,165161
14588,1.7137373183438442,185018,19857,165161
14589,1.713619850572349,185018,19857,165161
14590,1.7135023989033584,185018,19857,165161
14591,1.7133849633335618,185018,19857,165161
14592,1.7132675438596492,185018,19857,165161
14593,1.7131501404783116,185018,19857,165161
14594,1.7130327531862408,185018,19857,165161
14595,1.7129153819801302,185018,19857,165161
14596,1.7127980268566732,185018,19857,165161
14597,1.7126806878125642,185018,19857,165161
14598,1.7125633648444993,185018,19857,165161
14599,1.7124460579491747,185018,19857,165161
14600,1.7123287671232876,185018,19857,165161
14601,1.7122114923635368,185018,19857,165161
14602,1.712094233666621,185018,19857,165161
14603,1.7119769910292406,185018,19857,165161
14604,1.7118597644480964,185018,19857,165161
14605,1.7117425539198905,185018,19857,165161
14606,1.7116253594413255,185018,19857,165161
14607,1.7115081810091053,185018,19857,165161
14608,1.7113910186199344,184781,19857,164924
14609,1.711273872270518,184781,19857,164924
14610,1.7111567419575633,184781,19857,164924
14611,1.711039627677777,184781,19857,164924
14612,1.7109225294278676,184781,19857,164924
14613,1.710805447204544,184781,19857,164924
14614,1.7106883810045161,184781,19857,164924
14615,1.7105713308244954,184781,19857,164924
14616,1.7104542966611933,184781,19857,164924
14617,1.7103372785113224,184781,19857,164924
14618,1.7102202763715966,184781,19857,164924
14619,1.7101032902387303,184781,19857,164924
14620,1.7099863201094392,184781,19857,164924
14621,1.7098693659804391,184781,19857,164924
14622,1.7097524278484475,184781,19857,164924
14623,1.7096355057101826,184781,19857,164924
14624,1.7095185995623632,184781,19857,164924
14625,1.7094017094017093,184781,19857,164924
14626,1.709284835224942,184781,19857,164924
14627,1.7091679770287824,184781,19857,164924
14628,1.7090511348099535,184781,19857,164924
14629,1.7089343085651787,184781,19857,164924
14630,1.7088174982911826,184781,19857,164924
14631,1.70870070398469,184781,19857,164924
14632,1.7085839256424276,184781,19857,164924
14633,1.7084671632611221,184781,19857,164924
14634,1.7083504168375017,184781,19857,164924
14635,1.7082336863682952,184781,19857,164924
14636,1.7081169718502323,184781,19857,164924
14637,1.7080002732800437,184781,19857,164924
14638,1.707883590654461,184781,19857,164924
14639,1.7077669239702165,184781,19857,164924
14640,1.7076502732240437,184781,19857,164924
14641,1.7075336384126767,184781,19857,164924
14642,1.7074170195328506,184781,19857,164924
14643,1.7073004165813017,184781,19857,164924
14644,1.7071838295547666,184781,19857,164924
14645,1.7070672584499829,184781,19857,164924
14646,1.7069507032636897,184781,19857,164924
14647,1.7068341639926266,184781,19857,164924
14648,1.7067176406335336,184781,19857,164924
14649,1.7066011331831525,184781,19857,164924
14650,1.7064846416382253,184781,19857,164924
14651,1.7063681659954952,184781,19857,164924
14652,1.7062517062517062,184781,19857,164924
14653,1.7061352624036032,184781,19857,164924
14654,1.7060188344479323,184781,19857,164924
14655,1.7059024223814399,184781,19857,164924
14656,1.7057860262008733,184781,19857,164924
14657,1.7056696459029814,184781,19857,164924
14658,1.7055532814845136,184781,19857,164924
14659,1.7054369329422199,184781,19857,164924
14660,1.7053206002728514,184781,19857,164924
14661,1.70520428347316,184781,19857,164924
14662,1.705087982539899,184781,19857,164924
14663,1.704971697469822,184781,19857,164924
14664,1.7048554282596835,184781,19857,164924
14665,1.7047391749062393,184781,19857,164924
14666,1.7046229374062458,184781,19857,164924
14667,1.7045067157564602,184781,19857,164924
14668,1.7043905099536405,184781,19857,164924
14669,1.7042743199945463,184781,19857,164924
14670,1.7041581458759374,184781,19857,164924
14671,1.7040419875945743,184781,19857,164924
14672,1.7039258451472192,184781,19857,164924
14673,1.7038097185306345,184781,19857,164924
14674,1.7036936077415838,184781,19857,164924
14675,1.7035775127768313,184781,19857,164924
14676,1.7034614336331426,184781,19857,164924
14677,1.7033453703072836,184781,19857,164924
14678,1.7032293227960213,184781,19857,164924
14679,1.7031132910961237,184781,19857,164924
14680,1.7029972752043596,184781,19857,164924
14681,1.7028812751174989,184781,19857,164924
14682,1.7027652908323117,184781,19857,164924
14683,1.7026493223455696,184781,19857,164924
14684,1.7025333696540452,184781,19857,164924
14685,1.7024174327545114,184781,19857,164924
14686,1.7023015116437423,184781,19857,164924
14687,1.702185606318513,184781,19857,164924
14688,1.7020697167755992,184781,19857,164924
14689,1.7019538430117775,184781,19857,164924
14690,1.7018379850238257,184781,19857,164924
14691,1.7017221428085223,184781,19857,164924
14692,1.7016063163626463,184781,19857,164924
14693,1.7014905056829783,184781,19857,164924
14694,1.701374710766299,184781,19857,164924
14695,1.701258931609391,184781,19857,164924
14696,1.7011431682090365,184781,19857,164924
14697,1.7010274205620195,184781,19857,164924
14698,1.7009116886651245,184781,19857,164924
14699,1.7007959725151371,184781,19857,164924
14700,1.7006802721088434,184781,19857,164924
14701,1.700564587443031,184781,19857,164924
14702,1.7004489185144878,184781,19857,164924
14703,1.7003332653200027,184781,19857,164924
14704,1.7002176278563657,184781,19857,164924
14705,1.7001020061203673,184781,19857,164924
14706,1.6999864001087992,184781,19857,164924
14707,1.6998708098184538,184781,19857,164924
14708,1.6997552352461245,184781,19857,164924
14709,1.6996396763886057,184781,19857,164924
14710,1.699524133242692,184781,19857,164924
14711,1.6994086058051798,184781,19857,164924
14712,1.6992930940728657,184781,19857,164924
14713,1.6991775980425474,184781,19857,164924
14714,1.6990621177110234,184781,19857,164924
14715,1.6989466530750934,184781,19857,164924
14716,1.6988312041315574,184781,19857,164924
14717,1.698715770877217,184781,19857,164924
14718,1.6986003533088734,184781,19857,164924
14719,1.6984849514233304,184781,19857,164924
14720,1.6983695652173914,184781,19857,164924
14721,1.6982541946878609,184781,19857,164924
14722,1.6981388398315447,184781,19857,164924
14723,1.6980235006452489,184781,19857,164924
14724,1.6979081771257811,184781,19857,164924
14725,1.697792869269949,184781,19857,164924
14726,1.697677577074562,184781,19857,164924
14727,1.6975623005364298,184781,19857,164924
14728,1.6974470396523629,184781,19857,164924
14729,1.697331794419173,184781,19857,164924
14730,1.6972165648336728,184781,19857,164924
14731,1.6971013508926753,184781,19857,164924
14732,1.6969861525929948,184781,19857,164924
14733,1.6968709699314464,184781,19857,164924
14734,1.696755802904846,184781,19857,164924
14735,1.69664065151001,184781,19857,164924
14736,1.6965255157437569,184781,19857,164924
14737,1.6964103956029042,184781,19857,164924
14738,1.696295291084272,184781,19857,164924
14739,1.6961802021846801,184781,19857,164924
14740,1.6960651289009498,184781,19857,164924
14741,1.695950071229903,184781,19857,164924
14742,1.6958350291683626,184781,19857,164924
14743,1.695720002713152,184781,19857,164924
14744,1.695604991861096,184781,19857,164924
14745,1.69548999660902,184781,19857,164924
14746,1.6953750169537503,184781,19857,164924
14747,1.6952600528921136,184781,19857,164924
14748,1.6951451044209385,184781,19857,164924
14749,1.6950301715370533,184781,19857,164924
14750,1.694915254237288,184781,19857,164924
14751,1.6948003525184734,184781,19857,164924
14752,1.6946854663774404,184781,19857,164924
14753,1.6945705958110215,184781,19857,164924
14754,1.6944557408160499,184781,19857,164924
14755,1.6943409013893596,184781,19857,164924
14756,1.6942260775277853,184781,19857,164924
14757,1.6941112692281628,184781,19857,164924
14758,1.693996476487329,184781,19857,164924
14759,1.6938816993021208,184781,19857,164924
14760,1.6937669376693767,184781,19857,164924
14761,1.693652191585936,184781,19857,164924
14762,1.6935374610486384,184781,19857,164924
14763,1.693422746054325,184781,19857,164924
14764,1.6933080465998374,184781,19857,164924
14765,1.6931933626820184,184781,19857,164924
14766,1.693078694297711,184781,19857,164924
14767,1.6929640414437597,184781,19857,164924
14768,1.6928494041170097,184781,19857,164924
14769,1.692734782314307,184781,19857,164924
14770,1.6926201760324984,184781,19857,164924
14771,1.6925055852684314,184781,19857,164924
14772,1.6923910100189548,184781,19857,164924
14773,1.692276450280918,184781,19857,164924
14774,1.692161906051171,184781,19857,164924
14775,1.6920473773265652,184781,19857,164924
14776,1.6919328641039524,184781,19857,164924
14777,1.6918183663801853,184781,19857,164924
14778,1.691703884152118,184781,19857,164924
14779,1.6915894174166046,184781,19857,164924
14780,1.6914749661705006,184781,19857,164924
14781,1.6913605304106623,184781,19857,164924
14782,1.6912461101339467,184207,19857,164350
14783,1.6911317053372117,184207,19857,164350
14784,1.691017316017316,184207,19857,164350
14785,1.6909029421711195,184207,19857,164350
14786,1.6907885837954821,184207,19857,164350
14787,1.690674240887266,184207,19857,164350
14788,1.6905599134433325,184207,19857,164350
14789,1.690445601460545,184207,19857,164350
14790,1.6903313049357673,184207,19857,164350
14791,1.6902170238658645,184207,19857,164350
14792,1.6901027582477015,184207,19857,164350
14793,1.6899885080781452,184207,19857,164350
14794,1.6898742733540624,184207,19857,164350
14795,1.6897600540723217,184207,19857,164350
14796,1.6896458502297917,184207,19857,164350
14797,1.6895316618233425,184207,19857,164350
14798,1.6894174888498446,184207,19857,164350
14799,1.6893033313061694,184207,19857,164350
14800,1.6891891891891893,184207,19857,164350
14801,1.6890750624957773,184207,19857,164350
14802,1.6889609512228076,184207,19857,164350
14803,1.6888468553671554,184207,19857,164350
14804,1.6887327749256957,184207,19857,164350
14805,1.6886187098953056,184207,19857,164350
14806,1.6885046602728624,184207,19857,164350
14807,1.6883906260552441,184207,19857,164350
14808,1.68827660723933,184207,19857,164350
14809,1.6881626038220001,184207,19857,164350
14810,1.688048615800135,184207,19857,164350
14811,1.6879346431706164,184207,19857,164350
14812,1.6878206859303269,184207,19857,164350
14813,1.6877067440761493,184207,19857,164350
14814,1.6875928176049684,184207,19857,164350
14815,1.6874789065136686,184207,19857,164350
14816,1.687365010799136,184207,19857,164350
14817,1.6872511304582574,184207,19857,164350
14818,1.6871372654879202,184207,19857,164350
14819,1.6870234158850126,184207,19857,164350
14820,1.6869095816464237,184207,19857,164350
14821,1.686795762769044,184207,19857,164350
14822,1.686681959249764,184207,19857,164350
14823,1.6865681710854752,184207,19857,164350
14824,1.6864543982730706,184207,19857,164350
14825,1.6863406408094435,184207,19857,164350
14826,1.686226898691488,184207,19857,164350
14827,1.686113171916099,184207,19857,164350
14828,1.6859994604801727,184207,19857,164350
14829,1.6858857643806056,184207,19857,164350
14830,1.6857720836142953,184207,19857,164350
14831,1.6856584181781404,184207,19857,164350
14832,1.6855447680690399,184207,19857,164350
14833,1.685431133283894,184207,19857,164350
14834,1.6853175138196037,184207,19857,164350
14835,1.6852039096730704,184207,19857,164350
14836,1.6850903208411971,184207,19857,164350
14837,1.684976747320887,184207,19857,164350
14838,1.6848631891090444,184207,19857,164350
14839,1.6847496462025744,184207,19857,164350
14840,1.6846361185983827,184207,19857,164350
14841,1.6845226062933765,184207,19857,164350
14842,1.684409109284463,184207,19857,164350
14843,1.6842956275685508,184207,19857,164350
14844,1.6841821611425492,184207,19857,164350
14845,1.6840687100033682,184207,19857,164350
14846,1.6839552741479187,184207,19857,164350
14847,1.6838418535731123,184207,19857,164350
14848,1.683728448275862,184207,19857,164350
14849,1.683615058253081,184207,19857,164350
14850,1.6835016835016836,184207,19857,164350
14851,1.6833883240185845,184207,19857,164350
14852,1.6832749798007003,184207,19857,164350
14853,1.6831616508449472,184207,19857,164350
14854,1.683048337148243,184207,19857,164350
14855,1.682935038707506,184207,19857,164350
14856,1.6828217555196554,184207,19857,164350
14857,1.6827084875816114,184207,19857,164350
14858,1.6825952348902948,184207,19857,164350
14859,1.6824819974426273,184207,19857,164350
14860,1.6823687752355316,184207,19857,164350
14861,1.682255568265931,184207,19857,164350
14862,1.6821423765307495,184207,19857,164350
14863,1.6820292000269124,184207,19857,164350
14864,1.6819160387513454,184207,19857,164350
14865,1.6818028927009754,184207,19857,164350
14866,1.6816897618727298,184207,19857,164350
14867,1.6815766462635366,184207,19857,164350
14868,1.6814635458703255,184207,19857,164350
14869,1.6813504606900262,184207,19857,164350
14870,1.6812373907195697,184207,19857,164350
14871,1.6811243359558874,184207,19857,164350
14872,1.6810112963959118,184207,19857,164350
14873,1.6808982720365764,184207,19857,164350
14874,1.6807852628748152,184207,19857,164350
14875,1.680672268907563,184207,19857,164350
14876,1.6805592901317559,184207,19857,164350
14877,1.6804463265443301,184207,19857,164350
14878,1.6803333781422234,184207,19857,164350
14879,1.6802204449223739,184207,19857,164350
14880,1.6801075268817205,184207,19857,164350
14881,1.6799946240172032,184207,19857,164350
14882,1.6798817363257628,184207,19857,164350
14883,1.6797688638043404,184207,19857,164350
14884,1.6796560064498791,184207,19857,164350
14885,1.6795431642593215,184207,19857,164350
14886,1.6794303372296118,184207,19857,164350
14887,1.6793175253576946,184207,19857,164350
14888,1.6792047286405158,184207,19857,164350
14889,1.6790919470750219,184207,19857,164350
14890,1.6789791806581598,184207,19857,164350
14891,1.678866429386878,184207,19857,164350
14892,1.678753693258125,184207,19857,164350
14893,1.6786409722688511,184207,19857,164350
14894,1.6785282664160064,184207,19857,164350
14895,1.6784155756965424,184207,19857,164350
14896,1.6783029001074115,184207,19857,164350
14897,1.6781902396455661,184207,19857,164350
14898,1.6780775943079609,184207,19857,164350
14899,1.6779649640915497,184207,19857,164350
14900,1.6778523489932886,184207,19857,164350
14901,1.6777397490101336,184207,19857,164350
14902,1.6776271641390417,184207,19857,164350
14903,1.6775145943769711,184207,19857,164350
14904,1.6774020397208802,184159,19857,164302
14905,1.677289500167729,184159,19857,164302
14906,1.6771769757144774,184159,19857,164302
14907,1.6770644663580867,184159,19857,164302
14908,1.6769519720955193,184159,19857,164302
14909,1.6768394929237374,184159,19857,164302
14910,1.676727028839705,184159,19857,164302
14911,1.6766145798403862,184159,19857,164302
14912,1.6765021459227467,184159,19857,164302
14913,1.6763897270837524,184159,19857,164302
14914,1.67627732332037,184159,19857,164302
14915,1.6761649346295675,184159,19857,164302
14916,1.6760525610083132,184159,19857,164302
14917,1.6759402024535766,184159,19857,164302
14918,1.6758278589623274,184159,19857,164302
14919,1.675715530531537,184159,19857,164302
14920,1.675603217158177,184104,20193,163911
14921,1.67549091883922,184104,20193,163911
14922,1.6753786355716391,184104,20193,163911
14923,1.675266367352409,184104,20193,163911
14924,1.6751541141785045,184104,20193,163911
14925,1.6750418760469012,184104,20193,163911
14926,1.6749296529545759,184104,20193,163911
14927,1.674817444898506,184104,20193,163911
14928,1.67470525187567,184104,20193,163911
14929,1.6745930738830463,184104,20193,163911
14930,1.6744809109176155,184104,20193,163911
14931,1.674368762976358,184104,20193,163911
14932,1.674256630056255,184104,20193,163911
14933,1.674144512154289,184104,20193,163911
14934,1.6740324092674435,183970,20257,163713
14935,1.6739203213927016,183970,20257,163713
14936,1.6738082485270487,183970,20257,163713
14937,1.67369619066747,183970,20257,163713
14938,1.6735841478109519,183970,20257,163713
14939,1.6734721199544815,183970,20257,163713
14940,1.6733601070950468,183970,20257,163713
14941,1.6732481092296365,183970,20257,163713
14942,1.6731361263552402,183970,20257,163713
14943,1.6730241584688483,183970,20257,163713
14944,1.672912205567452,183970,20257,163713
14945,1.672800267648043,183970,20257,163713
14946,1.6726883447076142,183970,20257,163713
14947,1.6725764367431593,183970,20257,163713
14948,1.6724645437516725,183970,20257,163713
14949,1.672352665730149,183970,20257,163713
14950,1.6722408026755853,183970,20257,163713
14951,1.6721289545849776,183970,20257,163713
14952,1.6720171214553237,183970,20257,163713
14953,1.671905303283622,183970,20257,163713
14954,1.6717935000668718,183970,20257,163713
14955,1.6716817118020728,183970,20257,163713
14956,1.6715699384862264,183970,20257,163713
14957,1.6714581801163335,183970,20257,163713
14958,1.671346436689397,183970,20257,163713
14959,1.67123470820242,183970,20257,163713
14960,1.6711229946524064,183970,20257,163713
14961,1.6710112960363612,183970,20257,163713
14962,1.67089961235129,183970,20257,163713
14963,1.670787943594199,183970,20257,163713
14964,1.6706762897620957,183970,20257,163713
14965,1.670564650851988,183970,20257,163713
14966,1.6704530268608846,183970,20257,163713
14967,1.6703414177857954,183970,20257,163713
14968,1.6702298236237307,183970,20257,163713
14969,1.6701182443717015,183970,20257,163713
14970,1.6700066800267201,183970,20257,163713
14971,1.6698951305857992,183970,20257,163713
14972,1.6697835960459524,183970,20257,163713
14973,1.6696720764041941,183970,20257,163713
14974,1.6695605716575397,183970,20257,163713
14975,1.669449081803005,183970,20257,163713
14976,1.669337606837607,183970,20257,163713
14977,1.669226146758363,183970,20257,163713
14978,1.6691147015622914,183970,20257,163713
14979,1.6690032712464116,183970,20257,163713
14980,1.6688918558077437,183970,20257,163713
14981,1.668780455243308,183970,20257,163713
14982,1.6686690695501267,183970,20257,163713
14983,1.668557698725222,183970,20257,163713
14984,1.6684463427656167,183970,20257,163713
14985,1.668335001668335,183970,20257,163713
14986,1.6682236754304016,183970,20257,163713
14987,1.6681123640488422,183970,20257,163713
14988,1.6680010675206831,183970,20257,163713
14989,1.6678897858429516,183970,20257,163713
14990,1.667778519012675,183970,20257,163713
14991,1.6676672670268828,183970,20257,163713
14992,1.667556029882604,183970,20257,163713
14993,1.6674448075768693,183970,20257,163713
14994,1.6673336001067094,183970,20257,163713
14995,1.6672224074691564,183970,20257,163713
14996,1.667111229661243,183970,20257,163713
14997,1.6670000666800027,183970,20257,163713
14998,1.6668889185224696,183970,20257,163713
14999,1.666777785185679,183970,20257,163713
15000,1.6666666666666667,183970,20257,163713
15001,1.666555562962469,183970,20257,163713
15002,1.666444474070124,183970,20257,163713
15003,1.6663333999866694,183970,20257,163713
15004,1.6662223407091443,183970,20257,163713
15005,1.6661112962345885,183970,20257,163713
15006,1.6660002665600426,183970,20257,163713
15007,1.665889251682548,183970,20257,163713
15008,1.665778251599147,183970,20257,163713
15009,1.6656672663068826,183970,20257,163713
15010,1.665556295802798,183970,20257,163713
15011,1.6654453400839384,183970,20257,163713
15012,1.6653343991473488,183970,20257,163713
15013,1.6652234729900752,183970,20257,163713
15014,1.6651125616091649,183970,20257,163713
15015,1.665001665001665,183970,20257,163713
15016,1.6648907831646245,183970,20257,163713
15017,1.6647799160950922,183970,20257,163713
15018,1.6646690637901185,183970,20257,163713
15019,1.6645582262467542,183970,20257,163713
15020,1.6644474034620507,183970,20257,163713
15021,1.6643365954330605,183970,20257,163713
15022,1.6642258021568366,183970,20257,163713
15023,1.6641150236304334,183970,20257,163713
15024,1.6640042598509053,183970,20257,163713
15025,1.663893510815308,183970,20257,163713
15026,1.6637827765206974,183970,20257,163713
15027,1.6636720569641312,183970,20257,163713
15028,1.663561352142667,183970,20257,163713
15029,1.6634506620533636,183970,20257,163713
15030,1.66333998669328,183970,20257,163713
15031,1.663229326059477,183970,20257,163713
15032,1.6631186801490154,183970,20257,163713
15033,1.663008048958957,183970,20257,163713
15034,1.6628974324863643,183970,20257,163713
15035,1.6627868307283007,183970,20257,163713
15036,1.6626762436818303,183970,20257,163713
15037,1.662565671344018,183970,20257,163713
15038,1.6624551137119299,183970,20257,163713
15039,1.6623445707826319,183970,20257,163713
15040,1.6622340425531914,183970,20257,163713
15041,1.6621235290206768,183970,20257,163713
15042,1.6620130301821567,183970,20257,163713
15043,1.6619025460347006,183970,20257,163713
15044,1.6617920765753789,183970,20257,163713
15045,1.6616816218012629,183970,20257,163713
15046,1.6615711817094245,183970,20257,163713
15047,1.6614607562969363,183970,20257,163713
15048,1.6613503455608718,183970,20257,163713
15049,1.6612399494983054,183970,20257,163713
15050,1.6611295681063123,183970,20257,163713
15051,1.661019201381968,183970,20257,163713
15052,1.6609088493223492,183970,20257,163713
15053,1.6607985119245332,183970,20257,163713
15054,1.6606881891855985,183970,20257,163713
15055,1.6605778811026237,183970,20257,163713
15056,1.6604675876726886,183970,20257,163713
15057,1.6603573088928738,183970,20257,163713
15058,1.6602470447602604,183970,20257,163713
15059,1.6601367952719304,183970,20257,163713
15060,1.6600265604249669,183970,20257,163713
15061,1.6599163402164532,183970,20257,163713
15062,1.6598061346434736,183970,20257,163713
15063,1.6596959437031136,183970,20257,163713
15064,1.6595857673924588,183970,20257,163713
15065,1.659475605708596,183970,20257,163713
15066,1.6593654586486128,183970,20257,163713
15067,1.659255326209597,183970,20257,163713
15068,1.6591452083886382,183970,20257,163713
15069,1.6590351051828256,183970,20257,163713
15070,1.6589250165892502,183970,20257,163713
15071,1.658814942605003,183970,20257,163713
15072,1.6587048832271762,183970,20257,163713
15073,1.6585948384528628,183970,20257,163713
15074,1.6584848082791561,183970,20257,163713
15075,1.658374792703151,183970,20257,163713
15076,1.6582647917219422,183970,20257,163713
15077,1.6581548053326258,183970,20257,163713
15078,1.6580448335322988,183970,20257,163713
15079,1.6579348763180581,183970,20257,163713
15080,1.6578249336870026,183970,20257,163713
15081,1.657715005636231,183970,20257,163713
15082,1.6576050921628431,183970,20257,163713
15083,1.6574951932639395,183970,20257,163713
15084,1.6573853089366215,183721,19897,163824
15085,1.6572754391779914,183721,19897,163824
15086,1.6571655839851518,183721,19897,163824
15087,1.6570557433552064,183721,19897,163824
15088,1.6569459172852599,183721,19897,163824
15089,1.656836105772417,183721,19897,163824
15090,1.656726308813784,183721,19897,163824
15091,1.6566165264064674,183721,19897,163824
15092,1.6565067585475748,183721,19897,163824
15093,1.6563970052342145,183721,19897,163824
15094,1.6562872664634953,183721,19897,163824
15095,1.6561775422325273,183721,19897,163824
15096,1.6560678325384208,183721,19897,163824
15097,1.655958137378287,183721,19897,163824
15098,1.6558484567492384,183721,19897,163824
15099,1.6557387906483874,183721,19897,163824
15100,1.6556291390728477,183721,19897,163824
15101,1.6555195020197337,183721,19897,163824
15102,1.6554098794861607,183721,19897,163824
15103,1.6553002714692444,183721,19897,163824
15104,1.6551906779661016,183721,19897,163824
15105,1.6550810989738498,183721,19897,163824
15106,1.6549715344896068,183721,19897,163824
15107,1.654861984510492,183721,19897,163824
15108,1.6547524490336245,183721,19897,163824
15109,1.6546429280561255,183721,19897,163824
15110,1.6545334215751157,183721,19897,163824
15111,1.6544239295877177,183721,19897,163824
15112,1.6543144520910535,183721,19897,163824
15113,1.654204989082247,183721,19897,163824
15114,1.6540955405584226,183721,19897,163824
15115,1.6539861065167052,183721,19897,163824
15116,1.6538766869542207,183721,19897,163824
15117,1.6537672818680955,183721,19897,163824
15118,1.6536578912554571,183721,19897,163824
15119,1.6535485151134335,183721,19897,163824
15120,1.6534391534391535,183721,19897,163824
15121,1.6533298062297468,183721,19897,163824
15122,1.6532204734823437,183721,19897,163824
15123,1.6531111551940751,183721,19897,163824
15124,1.6530018513620734,183721,19897,163824
15125,1.6528925619834711,183721,19897,163824
15126,1.6527832870554013,183721,19897,163824
15127,1.6526740265749984,183721,19897,163824
15128,1.652564780539397,183721,19897,163824
15129,1.6524555489457333,183721,19897,163824
15130,1.6523463317911433,183721,19897,163824
15131,1.6522371290727644,183721,19897,163824
15132,1.6521279407877345,183721,19897,163824
15133,1.6520187669331923,183721,19897,163824
15134,1.6519096075062774,183721,19897,163824
15135,1.6518004625041296,183721,19897,163824
15136,1.6516913319238902,183721,19897,163824
15137,1.6515822157627007,183721,19897,163824
15138,1.6514731140177037,183721,19897,163824
15139,1.6513640266860428,183721,19897,163824
15140,1.6512549537648613,183721,19897,163824
15141,1.6511458952513045,183721,19897,163824
15142,1.6510368511425175,183721,19897,163824
15143,1.6509278214356469,183721,19897,163824
15144,1.6508188061278395,183721,19897,163824
15145,1.650709805216243,183721,19897,163824
15146,1.6506008186980061,183721,19897,163824
15147,1.650491846570278,183721,19897,163824
15148,1.6503828888302086,183721,19897,163824
15149,1.6502739454749489,183721,19897,163824
15150,1.6501650165016502,183721,19897,163824
15151,1.6500561019074649,183721,19897,163824
15152,1.649947201689546,183721,19897,163824
15153,1.6498383158450471,183721,19897,163824
15154,1.6497294443711232,183721,19897,163824
15155,1.649620587264929,183721,19897,163824
15156,1.649511744523621,183721,19897,163824
15157,1.6494029161443557,183721,19897,163824
15158,1.6492941021242908,183721,19897,163824
15159,1.6491853024605845,183721,19897,163824
15160,1.6490765171503958,183721,19897,163824
15161,1.6489677461908845,183721,19897,163824
15162,1.6488589895792112,183721,19897,163824
15163,1.648750247312537,183721,19897,163824
15164,1.6486415193880242,183721,19897,163824
15165,1.6485328058028355,183721,19897,163824
15166,1.6484241065541343,183721,19897,163824
15167,1.648315421639085,183721,19897,163824
15168,1.6482067510548524,183721,19897,163824
15169,1.6480980947986024,183721,19897,163824
15170,1.6479894528675016,183721,19897,163824
15171,1.6478808252587174,183721,19897,163824
15172,1.6477722119694174,183721,19897,163824
15173,1.6476636129967706,183721,19897,163824
15174,1.6475550283379465,183721,19897,163824
15175,1.6474464579901154,183721,19897,163824
15176,1.6473379019504482,183721,19897,163824
15177,1.6472293602161165,183721,19897,163824
15178,1.647120832784293,183721,19897,163824
15179,1.647012319652151,183721,19897,163824
15180,1.6469038208168643,183721,19897,163824
15181,1.6467953362756076,183721,19897,163824
15182,1.6466868660255565,183721,19897,163824
15183,1.6465784100638872,183721,19897,163824
15184,1.6464699683877766,183721,19897,163824
15185,1.6463615409944024,183721,19897,163824
15186,1.646253127880943,183721,19897,163824
15187,1.6461447290445776,183721,19897,163824
15188,1.6460363444824861,183721,19897,163824
15189,1.6459279741918493,183721,19897,163824
15190,1.6458196181698486,183721,19897,163824
15191,1.6457112764136659,183721,19897,163824
15192,1.6456029489204844,183721,19897,163824
15193,1.6454946356874876,183721,19897,163824
15194,1.64538633671186,183721,19897,163824
15195,1.6452780519907864,183721,19897,163824
15196,1.645169781521453,183721,19897,163824
15197,1.6450615253010463,183721,19897,163824
15198,1.6449532833267535,183721,19897,163824
15199,1.6448450555957628,183721,19897,163824
15200,1.644736842105263,183721,19897,163824
15201,1.644628642852444,183721,19897,163824
15202,1.6445204578344954,183721,19897,163824
15203,1.6444122870486089,183721,19897,163824
15204,1.6443041304919759,183721,19897,163824
15205,1.644195988161789,183721,19897,163824
15206,1.6440878600552413,183721,19897,163824
15207,1.6439797461695271,183721,19897,163824
15208,1.643871646501841,183721,19897,163824
15209,1.6437635610493786,183649,19825,163824
15210,1.643655489809336,183649,19825,163824
15211,1.64354743277891,183649,19825,163824
15212,1.6434393899552984,183649,19825,163824
15213,1.6433313613356997,183649,19825,163824
15214,1.643223346917313,183649,19825,163824
15215,1.643115346697338,183649,19825,163824
15216,1.6430073606729758,183649,19825,163824
15217,1.6428993888414274,183649,19825,163824
15218,1.6427914311998948,183649,19825,163824
15219,1.6426834877455812,183649,19825,163824
15220,1.6425755584756898,183649,19825,163824
15221,1.6424676433874252,183649,19825,163824
15222,1.6423597424779923,183649,19825,163824
15223,1.642251855744597,183649,19825,163824
15224,1.6421439831844455,183649,19825,163824
15225,1.6420361247947455,183649,19825,163824
15226,1.6419282805727047,183649,19825,163824
15227,1.6418204505155316,183649,19825,163824
15228,1.641712634620436,183649,19825,163824
15229,1.641604832884628,183649,19825,163824
15230,1.6414970453053184,183649,19825,163824
15231,1.641389271879719,183649,19825,163824
15232,1.641281512605042,183649,19825,163824
15233,1.6411737674785005,183649,19825,163824
15234,1.6410660364973086,183649,19825,163824
15235,1.6409583196586808,183649,19825,163824
15236,1.640850616959832,183649,19825,163824
15237,1.6407429283979786,183649,19825,163824
15238,1.6406352539703373,183649,19825,163824
15239,1.6405275936741257,183649,19825,163824
15240,1.6404199475065617,183649,19825,163824
15241,1.6403123154648644,183649,19825,163824
15242,1.6402046975462539,183649,19825,163824
15243,1.64009709374795,183649,19825,163824
15244,1.639989504067174,183649,19825,163824
15245,1.639881928501148,183649,19825,163824
15246,1.6397743670470943,183649,19825,163824
15247,1.6396668197022366,183649,19825,163824
15248,1.6395592864637984,183649,19825,163824
15249,1.6394517673290052,183649,19825,163824
15250,1.639344262295082,183649,19825,163824
15251,1.639236771359255,183296,19825,163471
15252,1.6391292945187517,183296,19825,163471
15253,1.6390218317707992,183296,19825,163471
15254,1.6389143831126263,183296,19825,163471
15255,1.6388069485414618,183296,19825,163471
15256,1.638699528054536,183296,19825,163471
15257,1.638592121649079,183296,19825,163471
15258,1.6384847293223228,183296,19825,163471
15259,1.6383773510714987,183296,19825,163471
15260,1.6382699868938402,183296,19825,163471
15261,1.6381626367865803,183296,19825,163471
15262,1.6380553007469532,183296,19825,163471
15263,1.6379479787721942,183296,19825,163471
15264,1.6378406708595388,183296,19825,163471
15265,1.6377333770062235,183296,19825,163471
15266,1.6376260972094852,183296,19825,163471
15267,1.6375188314665619,183296,19825,163471
15268,1.6374115797746922,183296,19825,163471
15269,1.6373043421311153,183296,19825,163471
15270,1.6371971185330714,183296,19825,163471
15271,1.637089908977801,183296,19825,163471
15272,1.6369827134625459,183296,19825,163471
15273,1.6368755319845478,183296,19825,163471
15274,1.6367683645410502,183296,19825,163471
15275,1.6366612111292962,183296,19825,163471
15276,1.6365540717465306,183296,19825,163471
15277,1.636446946389998,183296,19825,163471
15278,1.6363398350569447,183296,19825,163471
15279,1.6362327377446169,183296,19825,163471
15280,1.6361256544502618,183296,19825,163471
15281,1.6360185851711275,183296,19825,163471
15282,1.6359115299044629,183296,19825,163471
15283,1.635804488647517,183296,19825,163471
15284,1.63569746139754,183296,19825,163471
15285,1.635590448151783,183296,19825,163471
15286,1.635483448907497,183296,19825,163471
15287,1.635376463661935,183296,19825,163471
15288,1.6352694924123496,183296,19825,163471
15289,1.6351625351559944,183296,19825,163471
15290,1.6350555918901242,183296,19825,163471
15291,1.634948662611994,183296,19825,163471
15292,1.6348417473188595,183296,19825,163471
15293,1.6347348460079776,183296,19825,163471
15294,1.6346279586766053,183296,19825,163471
15295,1.6345210853220007,183296,19825,163471
15296,1.6344142259414225,183296,19825,163471
15297,1.6343073805321304,183296,19825,163471
15298,1.6342005490913845,183296,19825,163471
15299,1.6340937316164454,183296,19825,163471
15300,1.6339869281045751,183296,19825,163471
15301,1.6338801385530357,183296,19825,163471
15302,1.6337733629590903,183296,19825,163471
15303,1.6336666013200025,183296,19825,163471
15304,1.6335598536330371,183296,19825,163471
15305,1.633453119895459,183296,19825,163471
15306,1.6333464001045341,183296,19825,163471
15307,1.6332396942575291,183296,19825,163471
15308,1.6331330023517114,183296,19825,163471
15309,1.633026324384349,183296,19825,163471
15310,1.6329196603527107,183296,19825,163471
15311,1.6328130102540657,183296,19825,163471
15312,1.6327063740856844,183296,19825,163471
15313,1.6325997518448376,183296,19825,163471
15314,1.6324931435287973,183296,19825,163471
15315,1.632386549134835,183296,19825,163471
15316,1.6322799686602245,183296,19825,163471
15317,1.6321734021022394,183296,19825,163471
15318,1.6320668494581538,183296,19825,163471
15319,1.6319603107252432,183296,19825,163471
15320,1.6318537859007833,183296,19825,163471
15321,1.6317472749820507,183296,19825,163471
15322,1.631640777966323,183296,19825,163471
15323,1.6315342948508778,183296,19825,163471
15324,1.631427825632994,183296,19825,163471
15325,1.6313213703099512,183296,19825,163471
15326,1.6312149288790292,183296,19825,163471
15327,1.631108501337509,183296,19825,163471
15328,1.6310020876826723,183296,19825,163471
15329,1.630895687911801,183240,19769,163471
15330,1.6307893020221786,183240,19769,163471
15331,1.6306829300110885,183240,19769,163471
15332,1.6305765718758154,183240,19769,163471
15333,1.6304702276136438,183240,19769,163471
15334,1.63036389722186,183240,19769,163471
15335,1.6302575806977502,183240,19769,163471
15336,1.630151278038602,183240,19769,163471
15337,1.630044989241703,183240,19769,163471
15338,1.6299387143043422,183240,19769,163471
15339,1.6298324532238087,183240,19769,163471
15340,1.6297262059973925,183240,19769,163471
15341,1.6296199726223846,183240,19769,163471
15342,1.6295137530960762,183240,19769,163471
15343,1.6294075474157597,183240,19769,163471
15344,1.629301355578728,183240,19769,163471
15345,1.6291951775822744,183240,19769,163471
15346,1.6290890134236935,183240,19769,163471
15347,1.6289828631002803,183240,19769,163471
15348,1.6288767266093302,183240,19769,163471
15349,1.62877060394814,183240,19769,163471
15350,1.6286644951140066,183240,19769,163471
15351,1.6285584001042277,183240,19769,163471
15352,1.6284523189161022,183240,19769,163471
15353,1.628346251546929,183240,19769,163471
15354,1.628240197994008,183240,19769,163471
15355,1.6281341582546403,183240,19769,163471
15356,1.6280281323261265,183240,19769,163471
15357,1.6279221202057694,183240,19769,163471
15358,1.627816121890871,183240,19769,163471
15359,1.6277101373787355,183240,19769,163471
15360,1.6276041666666667,183240,19769,163471
15361,1.6274982097519692,183240,19769,163471
15362,1.627392266631949,183240,19769,163471
15363,1.627286337303912,183240,19769,163471
15364,1.6271804217651653,183240,19769,163471
15365,1.6270745200130166,183240,19769,163471
15366,1.6269686320447743,183240,19769,163471
15367,1.626862757857747,183240,19769,163471
15368,1.6267568974492452,183240,19769,163471
15369,1.6266510508165788,183240,19769,163471
15370,1.6265452179570592,183240,19769,163471
15371,1.6264393988679982,183240,19769,163471
15372,1.6263335935467083,183240,19769,163471
15373,1.6262278019905028,183240,19769,163471
15374,1.6261220241966958,183240,19769,163471
15375,1.6260162601626016,183240,19769,163471
15376,1.625910509885536,183240,19769,163471
15377,1.6258047733628147,183240,19769,163471
15378,1.6256990505917543,183240,19769,163471
15379,1.6255933415696728,183240,19769,163471
15380,1.625487646293888,183240,19769,163471
15381,1.625381964761719,183240,19769,163471
15382,1.625276296970485,183240,19769,163471
15383,1.6251706429175063,183240,19769,163471
15384,1.6250650026001041,183240,19769,163471
15385,1.6249593760155996,183240,19769,163471
15386,1.6248537631613156,183240,19769,163471
15387,1.6247481640345747,183240,19769,163471
15388,1.6246425786327008,183240,19769,163471
15389,1.6245370069530183,183240,19769,163471
15390,1.6244314489928524,183240,19769,163471
15391,1.6243259047495289,183240,19769,163471
15392,1.6242203742203742,183240,19769,163471
15393,1.6241148574027156,183240,19769,163471
15394,1.6240093542938807,183240,19769,163471
15395,1.6239038648911985,183240,19769,163471
15396,1.6237983891919978,183240,19769,163471
15397,1.6236929271936091,183240,19769,163471
15398,1.6235874788933629,183240,19769,163471
15399,1.6234820442885902,183240,19769,163471
15400,1.6233766233766234,183240,19769,163471
15401,1.623271216154795,183240,19769,163471
15402,1.6231658226204388,183240,19769,163471
15403,1.6230604427708888,183240,19769,163471
15404,1.6229550766034797,183240,19769,163471
15405,1.6228497241155468,183240,19769,163471
15406,1.6227443853044268,183240,19769,163471
15407,1.6226390601674563,183240,19769,163471
15408,1.622533748701973,183240,19769,163471
15409,1.622428450905315,183240,19769,163471
15410,1.6223231667748215,183240,19769,163471
15411,1.622217896307832,183240,19769,163471
15412,1.622112639501687,183240,19769,163471
15413,1.6220073963537274,183240,19769,163471
15414,1.621902166861295,183240,19769,163471
15415,1.621796951021732,183240,19769,163471
15416,1.6216917488323819,183240,19769,163471
15417,1.6215865602905883,183240,19769,163471
15418,1.6214813853936956,183240,19769,163471
15419,1.6213762241390492,183240,19769,163471
15420,1.6212710765239948,183240,19769,163471
15421,1.621165942545879,183240,19769,163471
15422,1.621060822202049,183240,19769,163471
15423,1.6209557154898528,183240,19769,163471
15424,1.620850622406639,183240,19769,163471
15425,1.6207455429497568,183240,19769,163471
15426,1.6206404771165566,183240,19769,163471
15427,1.6205354249043884,183240,19769,163471
15428,1.620430386310604,183240,19769,163471
15429,1.6203253613325557,183240,19769,163471
15430,1.6202203499675956,183240,19769,163471
15431,1.6201153522130776,183240,19769,163471
15432,1.6200103680663556,183240,19769,163471
15433,1.6199053975247846,183240,19769,163471
15434,1.6198004405857198,183240,19769,163471
15435,1.6196954972465176,183240,19769,163471
15436,1.6195905675045348,183240,19769,163471
15437,1.619485651357129,183240,19769,163471
15438,1.6193807488016583,183240,19769,163471
15439,1.6192758598354815,183240,19769,163471
15440,1.6191709844559585,183240,19769,163471
15441,1.6190661226604495,183240,19769,163471
15442,1.6189612744463153,183240,19769,163471
15443,1.6188564398109175,183240,19769,163471
15444,1.6187516187516187,183240,19769,163471
15445,1.618646811265782,183136,19769,163367
15446,1.6185420173507705,183136,19769,163367
15447,1.618437237003949,183136,19769,163367
15448,1.6183324702226825,183136,19769,163367
15449,1.6182277170043369,183136,19769,163367
15450,1.6181229773462784,183136,19769,163367
15451,1.618018251245874,183136,19769,163367
15452,1.617913538700492,183136,19769,163367
15453,1.6178088397075001,183136,19769,163367
15454,1.617704154264268,183136,19769,163367
15455,1.6175994823681656,183136,19769,163367
15456,1.6174948240165632,183136,19769,163367
15457,1.617390179206832,183136,19769,163367
15458,1.6172855479363437,183136,19769,163367
15459,1.6171809302024711,183136,19769,163367
15460,1.6170763260025873,183136,19769,163367
15461,1.6169717353340665,183136,19769,163367
15462,1.6168671581942828,183136,19769,163367
15463,1.616762594580612,183136,19769,163367
15464,1.6166580444904295,183136,19769,163367
15465,1.6165535079211122,183136,19769,163367
15466,1.6164489848700374,183136,19769,163367
15467,1.6163444753345833,183136,19769,163367
15468,1.6162399793121283,183136,19769,163367
15469,1.6161354968000516,183136,19769,163367
15470,1.6160310277957337,183136,19769,163367
15471,1.6159265722965548,183136,19769,163367
15472,1.6158221302998965,183136,19769,163367
15473,1.615717701803141,183136,19769,163367
15474,1.6156132868036708,183136,19769,163367
15475,1.615508885298869,183136,19769,163367
15476,1.6154044972861203,183136,19769,163367
15477,1.6153001227628094,183136,19769,163367
15478,1.6151957617263213,183136,19769,163367
15479,1.6150914141740422,183136,19769,163367
15480,1.6149870801033592,183136,19769,163367
15481,1.6148827595116595,183136,19769,163367
15482,1.6147784523963313,183136,19769,163367
15483,1.6146741587547633,183136,19769,163367
15484,1.6145698785843452,183136,19769,163367
15485,1.614465611882467,183136,19769,163367
15486,1.6143613586465195,183136,19769,163367
15487,1.6142571188738943,183136,19769,163367
15488,1.6141528925619835,183136,19769,163367
15489,1.61404867970818,183136,19769,163367
15490,1.6139444803098772,183136,19769,163367
15491,1.6138402943644696,183136,19769,163367
15492,1.613736121869352,183136,19769,163367
15493,1.6136319628219196,183136,19769,163367
15494,1.6135278172195688,183136,19769,163367
15495,1.6134236850596966,183136,19769,163367
15496,1.6133195663397006,183136,19769,163367
15497,1.6132154610569787,183136,19769,163367
15498,1.6131113692089303,183136,19769,163367
15499,1.6130072907929545,183136,19769,163367
15500,1.6129032258064515,183125,19769,163356
15501,1.6127991742468228,183125,19769,163356
15502,1.6126951361114694,183125,19769,163356
15503,1.612591111397794,183125,19769,163356
15504,1.612487100103199,183125,19769,163356
15505,1.6123831022250887,183125,19769,163356
15506,1.6122791177608669,183125,19769,163356
15507,1.6121751467079384,183125,19769,163356
15508,1.612071189063709,183125,19769,163356
15509,1.611967244825585,183125,19769,163356
15510,1.6118633139909735,183125,19769,163356
15511,1.6117593965572818,183125,19769,163356
15512,1.6116554925219184,183125,19769,163356
15513,1.6115516018822922,183125,19769,163356
15514,1.6114477246358128,183125,19769,163356
15515,1.6113438607798904,183125,19769,163356
15516,1.611240010311936,183125,19769,163356
15517,1.6111361732293614,183125,19769,163356
15518,1.6110323495295786,183125,19769,163356
15519,1.6109285392100006,183125,19769,163356
15520,1.6108247422680413,183125,19769,163356
15521,1.6107209587011146,183125,19769,163356
15522,1.6106171885066358,183125,19769,163356
15523,1.6105134316820202,183125,19769,163356
15524,1.6104096882246843,183125,19769,163356
15525,1.6103059581320451,183125,19769,163356
15526,1.61020224140152,183125,19769,163356
15527,1.6100985380305275,183125,19769,163356
15528,1.6099948480164863,183125,19769,163356
15529,1.6098911713568163,183125,19769,163356
15530,1.6097875080489374,183125,19769,163356
15531,1.609683858090271,183125,19769,163356
15532,1.6095802214782384,183125,19769,163356
15533,1.6094765982102621,183125,19769,163356
15534,1.6093729882837646,183125,19769,163356
15535,1.60926939169617,183125,19769,163356
15536,1.609165808444902,183125,19769,163356
15537,1.6090622385273863,183125,19769,163356
15538,1.6089586819410477,183125,19769,163356
15539,1.608855138683313,183125,19769,163356
15540,1.6087516087516087,183125,19769,163356
15541,1.6086480921433628,183125,19769,163356
15542,1.608544588856003,183125,19769,163356
15543,1.6084410988869589,183125,19769,163356
15544,1.6083376222336594,183125,19769,163356
15545,1.608234158893535,183125,19769,163356
15546,1.6081307088640164,183125,19769,163356
15547,1.6080272721425355,183125,19769,163356
15548,1.6079238487265244,183125,19769,163356
15549,1.6078204386134156,183125,19769,163356
15550,1.607717041800643,183125,19769,163356
15551,1.6076136582856408,183125,19769,163356
15552,1.6075102880658436,183125,19769,163356
15553,1.6074069311386872,183125,19769,163356
15554,1.6073035875016073,183125,19769,163356
15555,1.6072002571520412,183125,19769,163356
15556,1.607096940087426,183125,19769,163356
15557,1.6069936363052002,183125,19769,163356
15558,1.6068903458028023,183125,19769,163356
15559,1.6067870685776722,183125,19769,163356
15560,1.6066838046272494,183125,19769,163356
15561,1.606580553948975,183125,19769,163356
15562,1.6064773165402904,183125,19769,163356
15563,1.6063740923986378,183125,19769,163356
15564,1.6062708815214597,183125,19769,163356
15565,1.6061676839061998,183125,19769,163356
15566,1.606064499550302,183125,19769,163356
15567,1.6059613284512109,183125,19769,163356
15568,1.6058581706063721,183125,19769,163356
15569,1.6057550260132314,183125,19769,163356
15570,1.6056518946692357,183125,19769,163356
15571,1.6055487765718321,183125,19769,163356
15572,1.605445671718469,183125,19769,163356
15573,1.6053425801065948,183125,19769,163356
15574,1.6052395017336587,183125,19769,163356
15575,1.6051364365971108,183125,19769,163356
15576,1.6050333846944016,183125,19769,163356
15577,1.6049303460229827,183100,19769,163331
15578,1.6048273205803056,183100,19769,163331
15579,1.6047243083638232,183100,19769,163331
15580,1.6046213093709885,183100,19769,163331
15581,1.6045183235992555,183100,19769,163331
15582,1.6044153510460788,183100,19769,163331
15583,1.6043123917089135,183100,19769,163331
15584,1.6042094455852156,183100,19769,163331
15585,1.6041065126724414,183100,19769,163331
15586,1.6040035929680483,183100,19769,163331
15587,1.6039006864694938,183100,19769,163331
15588,1.6037977931742367,183100,19769,163331
15589,1.6036949130797358,183100,19769,163331
15590,1.603592046183451,183100,19769,163331
15591,1.6034891924828427,183100,19769,163331
15592,1.603386351975372,183100,19769,163331
15593,1.6032835246585007,183100,19769,163331
15594,1.603180710529691,183100,19769,163331
15595,1.6030779095864058,183100,19769,163331
15596,1.6029751218261092,183100,19769,163331
15597,1.6028723472462654,183100,19769,163331
15598,1.602769585844339,183100,19769,163331
15599,1.602666837617796,183100,19769,163331
15600,1.6025641025641026,183100,19769,163331
15601,1.6024613806807255,183100,19769,163331
15602,1.6023586719651326,183100,19769,163331
15603,1.6022559764147921,183100,19769,163331
15604,1.6021532940271725,183100,19769,163331
15605,1.6020506247997437,183100,19769,163331
15606,1.6019479687299756,183100,19769,163331
15607,1.6018453258153393,183100,19769,163331
15608,1.601742696053306,183100,19769,163331
15609,1.601640079441348,183100,19769,163331
15610,1.6015374759769379,183100,19769,163331
15611,1.601434885657549,183100,19769,163331
15612,1.6013323084806559,183100,19769,163331
15613,1.601229744443733,183100,19769,163331
15614,1.6011271935442553,183100,19769,163331
15615,1.601024655779699,183100,19769,163331
15616,1.600922131147541,183100,19769,163331
15617,1.6008196196452584,183100,19769,163331
15618,1.600717121270329,183100,19769,163331
15619,1.6006146360202318,183100,19769,163331
15620,1.6005121638924455,183100,19769,163331
15621,1.6004097048844503,183100,19769,163331
15622,1.6003072589937268,183100,19769,163331
15623,1.600204826217756,183100,19769,163331
15624,1.6001024065540195,183100,19769,163331
15625,1.6,183100,19769,163331
15626,1.5998976065531807,183100,19769,163331
15627,1.599795226211045,183100,19769,163331
15628,1.5996928589710775,183100,19769,163331
15629,1.5995905048307633,183100,19769,163331
15630,1.599488163787588,183100,19769,163331
15631,1.5993858358390378,183100,19769,163331
15632,1.5992835209825997,183100,19769,163331
15633,1.5991812192157615,183100,19769,163331
15634,1.5990789305360114,183100,19769,163331
15635,1.598976654940838,183100,19769,163331
15636,1.5988743924277309,183100,19769,163331
15637,1.5987721429941806,183100,19769,163331
15638,1.5986699066376775,183100,19769,163331
15639,1.5985676833557132,183100,19769,163331
15640,1.5984654731457801,183100,19769,163331
15641,1.5983632760053705,183100,19769,163331
15642,1.598261091931978,183100,19769,163331
15643,1.5981589209230966,183100,19769,163331
15644,1.598056762976221,183100,19769,163331
15645,1.5979546180888462,183100,19769,163331
15646,1.5978524862584687,183100,19769,163331
15647,1.5977503674825846,183100,19769,163331
15648,1.5976482617586911,183100,19769,163331
15649,1.5975461690842865,183100,19769,163331
15650,1.597444089456869,183100,19769,163331
15651,1.5973420228739377,183100,19769,163331
15652,1.5972399693329926,183100,19769,163331
15653,1.597137928831534,183100,19769,163331
15654,1.5970359013670627,183100,19769,163331
15655,1.5969338869370808,183100,19769,163331
15656,1.5968318855390904,183100,19769,163331
15657,1.5967298971705945,183100,19769,163331
15658,1.5966279218290969,183100,19769,163331
15659,1.5965259595121017,183100,19769,163331
15660,1.5964240102171137,183100,19769,163331
15661,1.5963220739416384,183100,19769,163331
15662,1.5962201506831821,183093,19850,163243
15663,1.5961182404392518,183093,19850,163243
15664,1.5960163432073544,183093,19850,163243
15665,1.5959144589849985,183093,19850,163243
15666,1.5958125877696923,183093,19850,163243
15667,1.5957107295589457,183093,19850,163243
15668,1.595608884350268,183093,19850,163243
15669,1.5955070521411705,183093,19850,163243
15670,1.595405232929164,183093,19850,163243
15671,1.5953034267117605,183093,19850,163243
15672,1.5952016334864727,183093,19850,163243
15673,1.5950998532508136,183093,19850,163243
15674,1.5949980860022968,183093,19850,163243
15675,1.594896331738437,183093,19850,163243
15676,1.594794590456749,183093,19850,163243
15677,1.594692862154749,183093,19850,163243
15678,1.5945911468299527,183093,19850,163243
15679,1.5944894444798776,183093,19850,163243
15680,1.594387755102041,183093,19850,163243
15681,1.5942860786939608,183093,19850,163243
15682,1.5941844152531566,183093,19850,163243
15683,1.5940827647771472,183093,19850,163243
15684,1.5939811272634532,183093,19850,163243
15685,1.593879502709595,183093,19850,163243
15686,1.5937778911130944,183093,19850,163243
15687,1.5936762924714731,183093,19850,163243
15688,1.5935747067822539,183093,19850,163243
15689,1.59347313404296,183093,19850,163243
15690,1.5933715742511154,183093,19850,163243
15691,1.5932700274042444,183093,19850,163243
15692,1.5931684934998724,183093,19850,163243
15693,1.5930669725355253,183093,19850,163243
15694,1.5929654645087294,183093,19850,163243
15695,1.5928639694170117,183093,19850,163243
15696,1.5927624872579,183093,19850,163243
15697,1.5926610180289227,183093,19850,163243
15698,1.5925595617276087,183093,19850,163243
15699,1.5924581183514874,183093,19850,163243
15700,1.5923566878980893,183093,19850,163243
15701,1.5922552703649449,183093,19850,163243
15702,1.592153865749586,183093,19850,163243
15703,1.5920524740495448,183093,19850,163243
15704,1.5919510952623535,183093,19850,163243
15705,1.591849729385546,183093,19850,163243
15706,1.591748376416656,183093,19850,163243
15707,1.5916470363532182,183093,19850,163243
15708,1.591545709192768,183093,19850,163243
15709,1.591444394932841,183093,19850,163243
15710,1.5913430935709738,183093,19850,163243
15711,1.5912418051047037,183093,19850,163243
15712,1.5911405295315681,183093,19850,163243
15713,1.5910392668491058,183093,19850,163243
15714,1.5909380170548555,183093,19850,163243
15715,1.590836780146357,183093,19850,163243
15716,1.5907355561211505,183093,19850,163243
15717,1.5906343449767768,183093,19850,163243
15718,1.5905331467107775,183093,19850,163243
15719,1.5904319613206948,183093,19850,163243
15720,1.5903307888040712,183093,19850,163243
15721,1.5902296291584506,183093,19850,163243
15722,1.5901284823813764,183093,19850,163243
15723,1.5900273484703937,183093,19850,163243
15724,1.5899262274230477,183093,19850,163243
15725,1.589825119236884,183093,19850,163243
15726,1.5897240239094492,183093,19850,163243
15727,1.5896229414382907,183093,19850,163243
15728,1.5895218718209563,183093,19850,163243
15729,1.589420815054994,183093,19850,163243
15730,1.589319771137953,183093,19850,163243
15731,1.589218740067383,183093,19850,163243
15732,1.5891177218408339,183093,19850,163243
15733,1.589016716455857,183093,19850,163243
15734,1.5889157239100038,183093,19850,163243
15735,1.5888147442008262,183093,19850,163243
15736,1.588713777325877,183093,19850,163243
15737,1.5886128232827095,183093,19850,163243
15738,1.588511882068878,183093,19850,163243
15739,1.5884109536819366,183093,19850,163243
15740,1.5883100381194408,183093,19850,163243
15741,1.5882091353789467,183093,19850,163243
15742,1.5881082454580104,183093,19850,163243
15743,1.588007368354189,183093,19850,163243
15744,1.5879065040650406,183093,19850,163243
15745,1.5878056525881232,183093,19850,163243
15746,1.5877048139209957,183093,19850,163243
15747,1.587603988061218,182987,19794,163193
15748,1.58750317500635,182987,19794,163193
15749,1.5874023747539527,182987,19794,163193
15750,1.5873015873015872,182987,19794,163193
15751,1.587200812646816,182987,19794,163193
15752,1.5871000507872017,182987,19794,163193
15753,1.5869993017203072,182987,19794,163193
15754,1.586898565443697,182987,19794,163193
15755,1.586797841954935,182987,19794,163193
15756,1.5866971312515867,182987,19794,163193
15757,1.586596433331218,182987,19794,163193
15758,1.5864957481913948,182987,19794,163193
15759,1.5863950758296845,182987,19794,163193
15760,1.5862944162436547,182987,19794,163193
15761,1.5861937694308736,182987,19794,163193
15762,1.58609313538891,182987,19794,163193
15763,1.5859925141153335,182987,19794,163193
15764,1.5858919056077139,182987,19794,163193
15765,1.585791309863622,182987,19794,163193
15766,1.5856907268806293,182987,19794,163193
15767,1.5855901566563075,182987,19794,163193
15768,1.5854895991882294,182987,19794,163193
15769,1.585389054473968,182987,19794,163193
15770,1.585288522511097,182987,19794,163193
15771,1.585188003297191,182987,19794,163193
15772,1.585087496829825,182987,19794,163193
15773,1.5849870031065745,182987,19794,163193
15774,1.584886522125016,182987,19794,163193
15775,1.5847860538827259,182987,19794,163193
15776,1.5846855983772818,182987,19794,163193
15777,1.5845851556062622,182987,19794,163193
15778,1.5844847255672456,182987,19794,163193
15779,1.584384308257811,182987,19794,163193
15780,1.5842839036755387,182987,19794,163193
15781,1.584183511818009,182987,19794,163193
15782,1.584083132682803,182987,19794,163193
15783,1.583982766267503,182987,19794,163193
15784,1.5838824125696909,182987,19794,163193
15785,1.5837820715869497,182987,19794,163193
15786,1.583681743316863,182987,19794,163193
15787,1.5835814277570153,182987,19794,163193
15788,1.5834811249049912,182987,19794,163193
15789,1.583380834758376,182987,19794,163193
15790,1.5832805573147561,182987,19794,163193
15791,1.583180292571718,182987,19794,163193
15792,1.583080040526849,182987,19794,163193
15793,1.582979801177737,182987,19794,163193
15794,1.5828795745219704,182987,19794,163193
15795,1.5827793605571383,182987,19794,163193
15796,1.5826791592808307,182987,19794,163193
15797,1.5825789706906375,182987,19794,163193
15798,1.5824787947841499,182987,19794,163193
15799,1.5823786315589594,182987,19794,163193
15800,1.5822784810126582,182987,19794,163193
15801,1.5821783431428391,182987,19794,163193
15802,1.5820782179470954,182987,19794,163193
15803,1.5819781054230209,182987,19794,163193
15804,1.5818780055682107,182987,19794,163193
15805,1.5817779183802594,182987,19794,163193
15806,1.5816778438567634,182987,19794,163193
15807,1.5815777819953185,182987,19794,163193
15808,1.5814777327935223,182987,19794,163193
15809,1.581377696248972,182987,19794,163193
15810,1.5812776723592663,182987,19794,163193
15811,1.5811776611220036,182987,19794,163193
15812,1.5810776625347838,182987,19794,163193
15813,1.5809776765952064,182987,19794,163193
15814,1.5808777033008727,182987,19794,163193
15815,1.5807777426493834,182987,19794,163193
15816,1.580677794638341,182987,19794,163193
15817,1.5805778592653474,182987,19794,163193
15818,1.5804779365280062,182987,19794,163193
15819,1.5803780264239207,182987,19794,163193
15820,1.5802781289506953,182987,19794,163193
15821,1.580178244105935,182987,19794,163193
15822,1.5800783718872455,182987,19794,163193
15823,1.5799785122922327,182987,19794,163193
15824,1.5798786653185035,182987,19794,163193
15825,1.5797788309636651,182987,19794,163193
15826,1.5796790092253254,182987,19794,163193
15827,1.579579200101093,182987,19794,163193
15828,1.5794794035885773,182987,19794,163193
15829,1.5793796196853875,182987,19794,163193
15830,1.5792798483891346,182987,19794,163193
15831,1.579180089697429,182987,19794,163193
15832,1.5790803436078829,182987,19794,163193
15833,1.5789806101181076,182987,19794,163193
15834,1.578880889225717,182987,19794,163193
15835,1.5787811809283234,182987,19794,163193
15836,1.5786814852235413,182987,19794,163193
15837,1.5785818021089852,182987,19794,163193
15838,1.5784821315822706,182987,19794,163193
15839,1.5783824736410126,182987,19794,163193
15840,1.5782828282828283,182987,19794,163193
15841,1.5781831955053343,182987,19794,163193
15842,1.5780835753061482,182987,19794,163193
15843,1.5779839676828884,182987,19794,163193
15844,1.5778843726331735,182987,19794,163193
15845,1.577784790154623,182987,19794,163193
15846,1.5776852202448568,182987,19794,163193
15847,1.5775856629014955,182987,19794,163193
15848,1.5774861181221604,182987,19794,163193
15849,1.5773865859044736,182987,19794,163193
15850,1.5772870662460567,182987,19794,163193
15851,1.5771875591445335,182987,19794,163193
15852,1.5770880645975272,182987,19794,163193
15853,1.576988582602662,182987,19794,163193
15854,1.5768891131575629,182987,19794,163193
15855,1.576789656259855,182987,19794,163193
15856,1.5766902119071644,182987,19794,163193
15857,1.576590780097118,182987,19794,163193
15858,1.5764913608273428,182987,19794,163193
15859,1.5763919540954663,182987,19794,163193
15860,1.5762925598991173,182987,19794,163193
15861,1.5761931782359246,182987,19794,163193
15862,1.576093809103518,182987,19794,163193
15863,1.5759944524995273,182987,19794,163193
15864,1.5758951084215835,182987,19794,163193
15865,1.575795776867318,182987,19794,163193
15866,1.5756964578343629,182987,19794,163193
15867,1.5755971513203504,182987,19794,163193
15868,1.5754978573229141,182987,19794,163193
15869,1.5753985758396873,182987,19794,163193
15870,1.575299306868305,182987,19794,163193
15871,1.5752000504064017,182987,19794,163193
15872,1.575100806451613,182987,19794,163193
15873,1.575001575001575,182987,19794,163193
15874,1.5749023560539246,182987,19794,163193
15875,1.5748031496062993,182987,19794,163193
15876,1.5747039556563367,182987,19794,163193
15877,1.5746047742016753,182987,19794,163193
15878,1.5745056052399546,182987,19794,163193
15879,1.574406448768814,182987,19794,163193
15880,1.5743073047858942,182987,19794,163193
15881,1.5742081732888358,182987,19794,163193
15882,1.5741090542752803,182987,19794,163193
15883,1.5740099477428697,182987,19794,163193
15884,1.573910853689247,182987,19794,163193
15885,1.5738117721120555,182987,19794,163193
15886,1.5737127030089386,182987,19794,163193
15887,1.5736136463775414,182987,19794,163193
15888,1.5735146022155087,182987,19794,163193
15889,1.573415570520486,182987,19794,163193
15890,1.5733165512901195,182987,19794,163193
15891,1.5732175445220564,182987,19794,163193
15892,1.5731185502139442,182987,19794,163193
15893,1.5730195683634305,182987,19794,163193
15894,1.572920598968164,182987,19794,163193
15895,1.5728216420257943,182987,19794,163193
15896,1.5727226975339708,182987,19794,163193
15897,1.572623765490344,182987,19794,163193
15898,1.5725248458925651,182987,19794,163193
15899,1.5724259387382855,182987,19794,163193
15900,1.5723270440251573,182987,19794,163193
15901,1.5722281617508334,182987,19794,163193
15902,1.572129291912967,182987,19794,163193
15903,1.5720304345092122,182987,19794,163193
15904,1.5719315895372235,182987,19794,163193
15905,1.5718327569946557,182987,19794,163193
15906,1.5717339368791652,182987,19794,163193
15907,1.5716351291884076,182987,19794,163193
15908,1.5715363339200403,182987,19794,163193
15909,1.5714375510717205,182987,19794,163193
15910,1.5713387806411063,182987,19794,163193
15911,1.5712400226258563,182987,19794,163193
15912,1.57114127702363,182987,19794,163193
15913,1.571042543832087,182987,19794,163193
15914,1.5709438230488877,182987,19794,163193
15915,1.5708451146716933,182987,19794,163193
15916,1.5707464186981654,182987,19794,163193
15917,1.570647735125966,182987,19794,163193
15918,1.570549063952758,182987,19794,163193
15919,1.5704504051762045,182987,19794,163193
15920,1.57035175879397,182987,19794,163193
15921,1.5702531248037184,182987,19794,163193
15922,1.5701545032031152,182987,19794,163193
15923,1.5700558939898261,182987,19794,163193
15924,1.5699572971615172,182987,19794,163193
15925,1.5698587127158556,182987,19794,163193
15926,1.5697601406505086,182987,19794,163193
15927,1.5696615809631445,182987,19794,163193
15928,1.5695630336514315,182987,19794,163193
15929,1.569464498713039,182987,19794,163193
15930,1.569365976145637,182987,19794,163193
15931,1.569267465946896,182987,19794,163193
15932,1.5691689681144865,182987,19794,163193
15933,1.5690704826460804,182987,19794,163193
15934,1.5689720095393498,182987,19794,163193
15935,1.5688735487919674,182987,19794,163193
15936,1.5687751004016064,182987,19794,163193
15937,1.5686766643659409,182987,19794,163193
15938,1.5685782406826452,182987,19794,163193
15939,1.5684798293493947,182987,19794,163193
15940,1.5683814303638646,182987,19794,163193
15941,1.5682830437237312,182987,19794,163193
15942,1.5681846694266717,182987,19794,163193
15943,1.5680863074703633,182987,19794,163193
15944,1.5679879578524838,182987,19794,163193
15945,1.5678896205707118,182987,19794,163193
15946,1.5677912956227267,182987,19794,163193
15947,1.567692983006208,182987,19794,163193
15948,1.5675946827188363,182987,19794,163193
15949,1.567496394758292,182987,19794,163193
15950,1.567398119122257,182987,19794,163193
15951,1.5672998558084132,182987,19794,163193
15952,1.5672016048144433,182987,19794,163193
15953,1.5671033661380305,182987,19794,163193
15954,1.5670051397768585,182987,19794,163193
15955,1.5669069257286117,182987,19794,163193
15956,1.5668087239909751,182987,19794,163193
15957,1.5667105345616343,182987,19794,163193
15958,1.5666123574382755,182987,19794,163193
15959,1.566514192618585,182987,19794,163193
15960,1.5664160401002507,182987,19794,163193
15961,1.56631789988096,182987,19794,163193
15962,1.5662197719584012,182987,19794,163193
15963,1.5661216563302638,182987,19794,163193
15964,1.566023552994237,182987,19794,163193
15965,1.5659254619480112,182987,19794,163193
15966,1.5658273831892773,182987,19794,163193
15967,1.5657293167157262,182987,19794,163193
15968,1.5656312625250501,182987,19794,163193
15969,1.5655332206149415,182987,19794,163193
15970,1.5654351909830932,182987,19794,163193
15971,1.5653371736271993,182987,19794,163193
15972,1.5652391685449536,182987,19794,163193
15973,1.5651411757340512,182987,19794,163193
15974,1.5650431951921873,182987,19794,163193
15975,1.5649452269170578,182987,19794,163193
15976,1.5648472709063594,182987,19794,163193
15977,1.5647493271577892,182987,19794,163193
15978,1.5646513956690449,182987,19794,163193
15979,1.5645534764378246,182987,19794,163193
15980,1.5644555694618272,182987,19794,163193
15981,1.5643576747387522,182987,19794,163193
15982,1.5642597922662995,182987,19794,163193
15983,1.5641619220421699,182987,19794,163193
15984,1.5640640640640642,182987,19794,163193
15985,1.563966218329684,182987,19794,163193
15986,1.563868384836732,182987,19794,163193
15987,1.563770563582911,182987,19794,163193
15988,1.5636727545659244,182987,19794,163193
15989,1.563574957783476,182987,19794,163193
15990,1.5634771732332708,182987,19794,163193
15991,1.5633794009130135,182987,19794,163193
15992,1.5632816408204102,182987,19794,163193
15993,1.563183892953167,182987,19794,163193
15994,1.563086157308991,182987,19794,163193
15995,1.5629884338855893,182987,19794,163193
15996,1.56289072268067,182987,19794,163193
15997,1.5627930236919423,182987,19794,163193
15998,1.5626953369171146,182987,19794,163193
15999,1.562597662353897,182987,19794,163193
16000,1.5625,182987,19794,163193
16001,1.562402349853134,182987,19794,163193
16002,1.5623047119110112,182987,19794,163193
16003,1.5622070861713429,182987,19794,163193
16004,1.562109472631842,182987,19794,163193
16005,1.5620118712902218,182987,19794,163193
16006,1.561914282144196,182987,19794,163193
16007,1.5618167051914786,182987,19794,163193
16008,1.5617191404297852,182987,19794,163193
16009,1.5616215878568305,182987,19794,163193
16010,1.5615240474703311,182987,19794,163193
16011,1.5614265192680032,182987,19794,163193
16012,1.5613290032475644,182987,19794,163193
16013,1.561231499406732,182987,19794,163193
16014,1.5611340077432247,182987,19794,163193
16015,1.5610365282547611,182987,19794,163193
16016,1.560939060939061,182987,19794,163193
16017,1.5608416057938441,182987,19794,163193
16018,1.560744162816831,182987,19794,163193
16019,1.560646732005743,182987,19794,163193
16020,1.5605493133583022,182987,19794,163193
16021,1.5604519068722302,182987,19794,163193
16022,1.5603545125452503,182987,19794,163193
16023,1.5602571303750858,182987,19794,163193
16024,1.5601597603594608,182987,19794,163193
16025,1.5600624024960998,182987,19794,163193
16026,1.5599650567827281,182987,19794,163193
16027,1.5598677232170712,182987,19794,163193
16028,1.5597704017968554,182987,19794,163193
16029,1.559673092519808,182987,19794,163193
16030,1.5595757953836555,182987,19794,163193
16031,1.5594785103861268,182987,19794,163193
16032,1.55938123752495,182987,19794,163193
16033,1.5592839767978544,182987,19794,163193
16034,1.5591867282025695,182987,19794,163193
16035,1.5590894917368257,182987,19794,163193
16036,1.5589922673983536,182987,19794,163193
16037,1.558895055184885,182987,19794,163193
16038,1.5587978550941515,182987,19794,163193
16039,1.5587006671238854,182987,19794,163193
16040,1.5586034912718205,182987,19794,163193
16041,1.5585063275356899,182987,19794,163193
16042,1.5584091759132277,182987,19794,163193
16043,1.5583120364021692,182987,19794,163193
16044,1.5582149090002493,182987,19794,163193
16045,1.5581177937052042,182987,19794,163193
16046,1.55802069051477,182987,19794,163193
16047,1.557923599426684,182987,19794,163193
16048,1.5578265204386839,182987,19794,163193
16049,1.5577294535485078,182987,19794,163193
16050,1.557632398753894,182987,19794,163193
16051,1.5575353560525824,182987,19794,163193
16052,1.5574383254423125,182987,19794,163193
16053,1.5573413069208248,182987,19794,163193
16054,1.5572443004858603,182987,19794,163193
16055,1.5571473061351604,182987,19794,163193
16056,1.5570503238664675,182987,19794,163193
16057,1.5569533536775237,182987,19794,163193
16058,1.556856395566073,182987,19794,163193
16059,1.5567594495298587,182987,19794,163193
16060,1.5566625155666252,182987,19794,163193
16061,1.5565655936741174,182987,19794,163193
16062,1.556468683850081,182987,19794,163193
16063,1.5563717860922617,182987,19794,163193
16064,1.5562749003984064,182987,19794,163193
16065,1.5561780267662622,182987,19794,163193
16066,1.5560811651935764,182987,19794,163193
16067,1.555984315678098,182987,19794,163193
16068,1.5558874782175753,182987,19794,163193
16069,1.5557906528097578,182987,19794,163193
16070,1.5556938394523958,182987,19794,163193
16071,1.5555970381432394,182987,19794,163193
16072,1.5555002488800398,182987,19794,163193
16073,1.5554034716605487,182987,19794,163193
16074,1.5553067064825183,182987,19794,163193
16075,1.5552099533437014,182987,19794,163193
16076,1.5551132122418512,182987,19794,163193
16077,1.5550164831747217,182987,19794,163193
16078,1.554919766140067,182987,19794,163193
16079,1.5548230611356428,182987,19794,163193
16080,1.554726368159204,182987,19794,163193
16081,1.554629687208507,182987,19794,163193
16082,1.5545330182813082,182987,19794,163193
16083,1.5544363613753653,182987,19794,163193
16084,1.5543397164884356,182987,19794,163193
16085,1.554243083618278,182987,19794,163193
16086,1.5541464627626507,182987,19794,163193
16087,1.5540498539193137,182987,19794,163193
16088,1.5539532570860268,182987,19794,163193
16089,1.5538566722605507,182987,19794,163193
16090,1.5537600994406464,182987,19794,163193
16091,1.5536635386240756,182987,19794,163193
16092,1.5535669898086006,182987,19794,163193
16093,1.553470452991984,182987,19794,163193
16094,1.5533739281719896,182987,19794,163193
16095,1.5532774153463809,182987,19794,163193
16096,1.5531809145129225,182987,19794,163193
16097,1.5530844256693794,182987,19794,163193
16098,1.5529879488135172,182987,19794,163193
16099,1.552891483943102,182987,19794,163193
16100,1.5527950310559007,182987,19794,163193
16101,1.5526985901496801,182987,19794,163193
16102,1.5526021612222085,182987,19794,163193
16103,1.5525057442712538,182987,19794,163193
16104,1.5524093392945852,182987,19794,163193
16105,1.552312946289972,182987,19794,163193
16106,1.5522165652551845,182987,19794,163193
16107,1.552120196187993,182987,19794,163193
16108,1.5520238390861683,182987,19794,163193
16109,1.5519274939474828,182987,19794,163193
16110,1.5518311607697082,182987,19794,163193
16111,1.5517348395506176,182987,19794,163193
16112,1.551638530287984,182987,19794,163193
16113,1.5515422329795816,182987,19794,163193
16114,1.5514459476231848,182987,19794,163193
16115,1.5513496742165684,182987,19794,163193
16116,1.5512534127575082,182987,19794,163193
16117,1.55115716324378,182987,19794,163193
16118,1.5510609256731605,182987,19794,163193
16119,1.550964700043427,182987,19794,163193
16120,1.5508684863523574,182987,19794,163193
16121,1.5507722845977296,182987,19794,163193
16122,1.5506760947773228,182987,19794,163193
16123,1.5505799168889165,182987,19794,163193
16124,1.5504837509302902,182987,19794,163193
16125,1.550387596899225,182987,19794,163193
16126,1.5502914547935012,182987,19794,163193
16127,1.550195324610901,182987,19794,163193
16128,1.5500992063492063,182987,19794,163193
16129,1.5500031000062,182987,19794,163193
16130,1.5499070055796653,182987,19794,163193
16131,1.5498109230673858,182987,19794,163193
16132,1.549714852467146,182987,19794,163193
16133,1.549618793776731,182987,19794,163193
16134,1.549522746993926,182987,19794,163193
16135,1.5494267121165168,182987,19794,163193
16136,1.5493306891422904,182987,19794,163193
16137,1.5492346780690338,182987,19794,163193
16138,1.5491386788945347,182987,19794,163193
16139,1.549042691616581,182987,19794,163193
16140,1.5489467162329615,182987,19794,163193
16141,1.5488507527414659,182987,19794,163193
16142,1.5487548011398835,182987,19794,163193
16143,1.548658861426005,182987,19794,163193
16144,1.5485629335976214,182987,19794,163193
16145,1.548467017652524,182987,19794,163193
16146,1.548371113588505,182987,19794,163193
16147,1.5482752214033566,182987,19794,163193
16148,1.5481793410948725,182987,19794,163193
16149,1.548083472660846,182987,19794,163193
16150,1.5479876160990713,182987,19794,163193
16151,1.5478917714073432,182987,19794,163193
16152,1.5477959385834572,182987,19794,163193
16153,1.547700117625209,182987,19794,163193
16154,1.547604308530395,182987,19794,163193
16155,1.547508511296812,182987,19794,163193
16156,1.547412725922258,182987,19794,163193
16157,1.5473169524045305,182982,19794,163188
16158,1.5472211907414284,182982,19794,163188
16159,1.5471254409307507,182982,19794,163188
16160,1.547029702970297,182982,19794,163188
16161,1.5469339768578676,182982,19794,163188
16162,1.5468382625912636,182982,19794,163188
16163,1.5467425601682856,182982,19794,163188
16164,1.546646869586736,182982,19794,163188
16165,1.546551190844417,182982,19794,163188
16166,1.5464555239391315,182982,19794,163188
16167,1.546359868868683,182982,19794,163188
16168,1.5462642256308758,182982,19794,163188
16169,1.5461685942235142,182982,19794,163188
16170,1.5460729746444033,182982,19794,163188
16171,1.5459773668913488,182982,19794,163188
16172,1.5458817709621568,182982,19794,163188
16173,1.5457861868546343,182982,19794,163188
16174,1.5456906145665883,182982,19794,163188
16175,1.545595054095827,182982,19794,163188
16176,1.5454995054401583,182982,19794,163188
16177,1.5454039685973913,182982,19794,163188
16178,1.5453084435653357,182982,19794,163188
16179,1.5452129303418012,182982,19794,163188
16180,1.5451174289245984,182982,19794,163188
16181,1.5450219393115383,182982,19794,163188
16182,1.5449264615004326,182984,19826,163158
16183,1.5448309954890935,182984,19826,163158
16184,1.5447355412753336,182984,19826,163158
16185,1.5446400988569664,182984,19826,163158
16186,1.5445446682318054,182984,19826,163158
16187,1.5444492493976647,182984,19826,163158
16188,1.5443538423523597,182984,19826,163158
16189,1.5442584470937055,182984,19826,163158
16190,1.5441630636195183,182984,19826,163158
16191,1.5440676919276142,182984,19826,163158
16192,1.5439723320158103,182984,19826,163158
16193,1.5438769838819242,182984,19826,163158
16194,1.5437816475237742,182984,19826,163158
16195,1.5436863229391788,182984,19826,163158
16196,1.5435910101259571,182984,19826,163158
16197,1.5434957090819288,182984,19826,163158
16198,1.5434004198049143,182984,19826,163158
16199,1.5433051422927342,182984,19826,163158
16200,1.5432098765432098,182984,19826,163158
16201,1.5431146225541634,182984,19826,163158
16202,1.543019380323417,182984,19826,163158
16203,1.5429241498487933,182984,19826,163158
16204,1.5428289311281165,182984,19826,163158
16205,1.54273372415921,182984,19826,163158
16206,1.5426385289398987,182984,19826,163158
16207,1.5425433454680078,182984,19826,163158
16208,1.5424481737413622,182984,19826,163158
16209,1.542353013757789,182984,19826,163158
16210,1.5422578655151142,182984,19826,163158
16211,1.5421627290111652,182984,19826,163158
16212,1.54206760424377,182984,19826,163158
16213,1.5419724912107569,182984,19826,163158
16214,1.5418773899099543,182984,19826,163158
16215,1.5417823003391922,182984,19826,163158
16216,1.5416872224962999,182984,19826,163158
16217,1.5415921563791084,182984,19826,163158
16218,1.5414971019854482,182984,19826,163158
16219,1.5414020593131512,182984,19826,163158
16220,1.5413070283600494,182984,19826,163158
16221,1.5412120091239752,182984,19826,163158
16222,1.5411170016027618,182984,19826,163158
16223,1.5410220057942428,182984,19826,163158
16224,1.5409270216962525,182984,19826,163158
16225,1.5408320493066257,182984,19826,163158
16226,1.5407370886231972,182984,19826,163158
16227,1.5406421396438035,182984,19826,163158
16228,1.5405472023662805,182984,19826,163158
16229,1.5404522767884652,182984,19826,163158
16230,1.5403573629081948,182984,19826,163158
16231,1.5402624607233073,182984,19826,163158
16232,1.5401675702316413,182984,19826,163158
16233,1.5400726914310356,182984,19826,163158
16234,1.5399778243193298,182984,19826,163158
16235,1.539882968894364,182984,19826,163158
16236,1.539788125153979,182984,19826,163158
16237,1.5396932930960152,182984,19826,163158
16238,1.539598472718315,182984,19826,163158
16239,1.5395036640187203,182984,19826,163158
16240,1.5394088669950738,182984,19826,163158
16241,1.5393140816452189,182984,19826,163158
16242,1.5392193079669991,182984,19826,163158
16243,1.539124545958259,182984,19826,163158
16244,1.539029795616843,182984,19826,163158
16245,1.538935056940597,182857,19826,163031
16246,1.5388403299273667,182857,19826,163031
16247,1.5387456145749985,182857,19826,163031
16248,1.5386509108813393,182857,19826,163031
16249,1.5385562188442365,182857,19826,163031
16250,1.5384615384615385,182857,19826,163031
16251,1.5383668697310935,182857,19826,163031
16252,1.5382722126507506,182857,19826,163031
16253,1.5381775672183597,182857,19826,163031
16254,1.5380829334317707,182857,19826,163031
16255,1.5379883112888342,182857,19826,163031
16256,1.5378937007874016,182857,19826,163031
16257,1.5377991019253245,182857,19826,163031
16258,1.537704514700455,182857,19826,163031
16259,1.5376099391106464,182857,19826,163031
16260,1.5375153751537516,182857,19826,163031
16261,1.5374208228276243,182857,19826,163031
16262,1.5373262821301192,182857,19826,163031
16263,1.537231753059091,182857,19826,163031
16264,1.5371372356123956,182857,19826,163031
16265,1.5370427297878881,182857,19826,163031
16266,1.5369482355834256,182857,19826,163031
16267,1.5368537529968649,182857,19826,163031
16268,1.5367592820260634,182857,19826,163031
16269,1.5366648226688795,182857,19826,163031
16270,1.5365703749231714,182857,19826,163031
16271,1.5364759387867986,182857,19826,163031
16272,1.5363815142576205,182857,19826,163031
16273,1.536287101333497,182857,19826,163031
16274,1.5361927000122895,182857,19826,163031
16275,1.5360983102918586,182857,19826,163031
16276,1.5360039321700663,182857,19826,163031
16277,1.5359095656447748,182857,19826,163031
16278,1.535815210713847,182857,19826,163031
16279,1.535720867375146,182857,19826,163031
16280,1.5356265356265357,182857,19826,163031
16281,1.5355322154658804,182857,19826,163031
16282,1.5354379068910453,182857,19826,163031
16283,1.5353436098998956,182857,19826,163031
16284,1.5352493244902972,182857,19826,163031
16285,1.5351550506601166,182857,19826,163031
16286,1.535060788407221,182857,19826,163031
16287,1.5349665377294774,182857,19826,163031
16288,1.5348722986247545,182857,19826,163031
16289,1.5347780710909202,182857,19826,163031
16290,1.5346838551258442,182857,19826,163031
16291,1.5345896507273955,182857,19826,163031
16292,1.5344954578934447,182857,19826,163031
16293,1.5344012766218622,182857,19826,163031
16294,1.5343071069105192,182857,19826,163031
16295,1.5342129487572875,182857,19826,163031
16296,1.5341188021600394,182857,19826,163031
16297,1.5340246671166473,182857,19826,163031
16298,1.5339305436249846,182857,19826,163031
16299,1.5338364316829254,182857,19826,163031
16300,1.5337423312883436,182857,19826,163031
16301,1.5336482424391142,182857,19826,163031
16302,1.5335541651331126,182857,19826,163031
16303,1.5334600993682144,182857,19826,163031
16304,1.5333660451422964,182857,19826,163031
16305,1.5332720024532351,182857,19826,163031
16306,1.5331779712989084,182857,19826,163031
16307,1.533083951677194,182857,19826,163031
16308,1.5329899435859702,182857,19826,163031
16309,1.532895947023116,182857,19826,163031
16310,1.5328019619865114,182857,19826,163031
16311,1.532707988474036,182857,19826,163031
16312,1.5326140264835704,182857,19826,163031
16313,1.5325200760129958,182857,19826,163031
16314,1.5324261370601937,182857,19826,163031
16315,1.5323322096230463,182857,19826,163031
16316,1.532238293699436,182857,19826,163031
16317,1.5321443892872464,182857,19826,163031
16318,1.5320504963843609,182857,19826,163031
16319,1.5319566149886634,182857,19826,163031
16320,1.5318627450980393,182857,19826,163031
16321,1.5317688867103731,182857,19826,163031
16322,1.531675039823551,182857,19826,163031
16323,1.531581204435459,182857,19826,163031
16324,1.5314873805439844,182857,19826,163031
16325,1.5313935681470139,182857,19826,163031
16326,1.5312997672424353,182857,19826,163031
16327,1.5312059778281375,182857,19826,163031
16328,1.5311121999020088,182857,19826,163031
16329,1.5310184334619388,182857,19826,163031
16330,1.5309246785058175,182857,19826,163031
16331,1.5308309350315352,182857,19826,163031
16332,1.5307372030369826,182857,19826,163031
16333,1.5306434825200514,182857,19826,163031
16334,1.5305497734786335,182857,19826,163031
16335,1.5304560759106214,182857,19826,163031
16336,1.530362389813908,182857,19826,163031
16337,1.5302687151863867,182857,19826,163031
16338,1.5301750520259518,182857,19826,163031
16339,1.5300814003304977,182857,19826,163031
16340,1.5299877600979193,182857,19826,163031
16341,1.5298941313261123,182857,19826,163031
16342,1.5298005140129727,182857,19826,163031
16343,1.5297069081563972,182857,19826,163031
16344,1.5296133137542829,182857,19826,163031
16345,1.5295197308045274,182857,19826,163031
16346,1.5294261593050287,182857,19826,163031
16347,1.5293325992536857,182857,19826,163031
16348,1.5292390506483973,182857,19826,163031
16349,1.5291455134870635,182857,19826,163031
16350,1.529051987767584,182857,19826,163031
16351,1.52895847348786,182857,19826,163031
16352,1.5288649706457926,182857,19826,163031
16353,1.5287714792392832,182857,19826,163031
16354,1.5286779992662345,182857,19826,163031
16355,1.5285845307245491,182857,19826,163031
16356,1.5284910736121302,182857,19826,163031
16357,1.5283976279268814,182857,19826,163031
16358,1.5283041936667074,182857,19826,163031
16359,1.5282107708295127,182857,19826,163031
16360,1.528117359413203,182857,19826,163031
16361,1.5280239594156837,182857,19826,163031
16362,1.5279305708348612,182857,19826,163031
16363,1.5278371936686426,182857,19826,163031
16364,1.5277438279149351,182857,19826,163031
16365,1.5276504735716467,182857,19826,163031
16366,1.5275571306366857,182857,19826,163031
16367,1.5274637991079612,182857,19826,163031
16368,1.5273704789833822,182857,19826,163031
16369,1.527277170260859,182857,19826,163031
16370,1.5271838729383018,182857,19826,163031
16371,1.5270905870136215,182857,19826,163031
16372,1.52699731248473,182857,19826,163031
16373,1.526904049349539,182857,19826,163031
16374,1.5268107976059606,182857,19826,163031
16375,1.5267175572519085,182857,19826,163031
16376,1.5266243282852956,182857,19826,163031
16377,1.5265311107040362,182857,19826,163031
16378,1.5264379045060448,182857,19826,163031
16379,1.5263447096892362,182857,19826,163031
16380,1.5262515262515262,182857,19826,163031
16381,1.5261583541908308,182857,19826,163031
16382,1.5260651935050666,182857,19826,163031
16383,1.5259720441921505,182857,19826,163031
16384,1.52587890625,182857,19826,163031
16385,1.5257857796765335,182857,19826,163031
16386,1.5256926644696693,182857,19826,163031
16387,1.5255995606273265,182857,19826,163031
16388,1.5255064681474249,182857,19826,163031
16389,1.5254133870278845,182857,19826,163031
16390,1.525320317266626,182857,19826,163031
16391,1.5252272588615703,182857,19826,163031
16392,1.5251342118106392,182857,19826,163031
16393,1.525041176111755,182857,19826,163031
16394,1.52494815176284,182857,19826,163031
16395,1.5248551387618177,182857,19826,163031
16396,1.5247621371066113,182857,19826,163031
16397,1.5246691467951454,182857,19826,163031
16398,1.5245761678253447,182857,19826,163031
16399,1.5244832001951338,182857,19826,163031
16400,1.524390243902439,182857,19826,163031
16401,1.5242972989451862,182857,19826,163031
16402,1.5242043653213022,182857,19826,163031
16403,1.5241114430287142,182857,19826,163031
16404,1.5240185320653499,182857,19826,163031
16405,1.5239256324291375,182857,19826,163031
16406,1.5238327441180055,182857,19826,163031
16407,1.5237398671298836,182857,19826,163031
16408,1.523647001462701,182857,19826,163031
16409,1.5235541471143885,182857,19826,163031
16410,1.5234613040828764,182857,19826,163031
16411,1.5233684723660958,182857,19826,163031
16412,1.523275651961979,182857,19826,163031
16413,1.523182842868458,182857,19826,163031
16414,1.5230900450834652,182857,19826,163031
16415,1.5229972586049345,182857,19826,163031
16416,1.5229044834307992,182857,19826,163031
16417,1.5228117195589936,182857,19826,163031
16418,1.5227189669874528,182857,19826,163031
16419,1.5226262257141117,182857,19826,163031
16420,1.522533495736906,182857,19826,163031
16421,1.5224407770537727,182857,19826,163031
16422,1.5223480696626477,182857,19826,163031
16423,1.5222553735614686,182857,19826,163031
16424,1.5221626887481734,182857,19826,163031
16425,1.5220700152207,182857,19826,163031
16426,1.5219773529769878,182857,19826,163031
16427,1.5218847020149753,182857,19826,163031
16428,1.521792062332603,182857,19826,163031
16429,1.5216994339278105,182857,19826,163031
16430,1.5216068167985393,182857,19826,163031
16431,1.5215142109427302,182857,19826,163031
16432,1.5214216163583252,182857,19826,163031
16433,1.5213290330432665,182857,19826,163031
16434,1.5212364609954971,182857,19826,163031
16435,1.52114390021296,182857,19826,163031
16436,1.5210513506935994,182857,19826,163031
16437,1.5209588124353592,182857,19826,163031
16438,1.5208662854361845,182857,19826,163031
16439,1.5207737696940202,182857,19826,163031
16440,1.5206812652068127,182857,19826,163031
16441,1.5205887719725077,182857,19826,163031
16442,1.5204962899890524,182857,19826,163031
16443,1.520403819254394,182857,19826,163031
16444,1.5203113597664801,182857,19826,163031
16445,1.5202189115232594,182857,19826,163031
16446,1.5201264745226803,182857,19826,163031
16447,1.5200340487626922,182857,19826,163031
16448,1.519941634241245,182857,19826,163031
16449,1.5198492309562892,182857,19826,163031
16450,1.5197568389057752,182857,19826,163031
16451,1.5196644580876542,182857,19826,163031
16452,1.5195720884998785,182857,19826,163031
16453,1.5194797301404,182857,19826,163031
16454,1.5193873830071716,182857,19826,163031
16455,1.5192950470981466,182857,19826,163031
16456,1.5192027224112785,182857,19826,163031
16457,1.519110408944522,182857,19826,163031
16458,1.5190181066958317,182857,19826,163031
16459,1.518925815663163,182857,19826,163031
16460,1.5188335358444713,182857,19826,163031
16461,1.5187412672377134,182857,19826,163031
16462,1.5186490098408456,182857,19826,163031
16463,1.5185567636518253,182857,19826,163031
16464,1.5184645286686103,182857,19826,163031
16465,1.5183723048891589,182857,19826,163031
16466,1.5182800923114297,182857,19826,163031
16467,1.518187890933382,182857,19826,163031
16468,1.5180957007529754,182857,19826,163031
16469,1.5180035217681704,182857,19826,163031
16470,1.5179113539769278,182857,19826,163031
16471,1.5178191973772084,182857,19826,163031
16472,1.5177270519669743,182857,19826,163031
16473,1.5176349177441875,182857,19826,163031
16474,1.5175427947068107,182857,19826,163031
16475,1.5174506828528074,182857,19826,163031
16476,1.5173585821801407,182857,19826,163031
16477,1.5172664926867756,182857,19826,163031
16478,1.517174414370676,182857,19826,163031
16479,1.5170823472298076,182857,19826,163031
16480,1.516990291262136,182857,19826,163031
16481,1.516898246465627,182857,19826,163031
16482,1.5168062128382478,182857,19826,163031
16483,1.516714190377965,182857,19826,163031
16484,1.516622179082747,182857,19826,163031
16485,1.5165301789505612,182857,19826,163031
16486,1.5164381899793764,182857,19826,163031
16487,1.516346212167162,182857,19826,163031
16488,1.5162542455118875,182857,19826,163031
16489,1.5161622900115228,182857,19826,163031
16490,1.5160703456640388,182857,19826,163031
16491,1.5159784124674065,182857,19826,163031
16492,1.5158864904195974,182857,19826,163031
16493,1.5157945795185837,182857,19826,163031
16494,1.5157026797623379,182857,19826,163031
16495,1.515610791148833,182857,19826,163031
16496,1.5155189136760427,182857,19826,163031
16497,1.515427047341941,182857,19826,163031
16498,1.5153351921445024,182857,19826,163031
16499,1.515243348081702,182857,19826,163031
16500,1.5151515151515151,182857,19826,163031
16501,1.515059693351918,182857,19826,163031
16502,1.5149678826808872,182857,19826,163031
16503,1.5148760831363994,182857,19826,163031
16504,1.5147842947164323,182857,19826,163031
16505,1.514692517418964,182857,19826,163031
16506,1.5146007512419726,182857,19826,163031
16507,1.5145089961834373,182857,19826,163031
16508,1.5144172522413375,182857,19826,163031
16509,1.5143255194136531,182857,19826,163031
16510,1.5142337976983646,182857,19826,163031
16511,1.5141420870934528,182857,19826,163031
16512,1.5140503875968991,182857,19826,163031
16513,1.5139586992066856,182857,19826,163031
16514,1.5138670219207946,182857,19826,163031
16515,1.5137753557372087,182857,19826,163031
16516,1.5136837006539114,182857,19826,163031
16517,1.5135920566688865,182857,19826,163031
16518,1.5135004237801186,182857,19826,163031
16519,1.5134088019855922,182857,19826,163031
16520,1.513317191283293,182857,19826,163031
16521,1.5132255916712063,182857,19826,163031
16522,1.5131340031473188,182857,19826,163031
16523,1.513042425709617,182857,19826,163031
16524,1.512950859356088,182857,19826,163031
16525,1.51285930408472,182857,19826,163031
16526,1.5127677598935012,182857,19826,163031
16527,1.51267622678042,182857,19826,163031
16528,1.5125847047434657,182857,19826,163031
16529,1.512493193780628,182857,19826,163031
16530,1.5124016938898972,182857,19826,163031
16531,1.5123102050692638,182857,19826,163031
16532,1.5122187273167191,182857,19826,163031
16533,1.5121272606302547,182857,19826,163031
16534,1.5120358050078626,182857,19826,163031
16535,1.5119443604475356,182857,19826,163031
16536,1.5118529269472665,182857,19826,163031
16537,1.5117615045050492,182857,19826,163031
16538,1.5116700931188778,182857,19826,163031
16539,1.5115786927867465,182857,19826,163031
16540,1.5114873035066505,182857,19826,163031
16541,1.5113959252765854,182857,19826,163031
16542,1.5113045580945472,182857,19826,163031
16543,1.5112132019585323,182857,19826,163031
16544,1.5111218568665377,182857,19826,163031
16545,1.5110305228165608,182857,19826,163031
16546,1.5109391998065997,182857,19826,163031
16547,1.5108478878346527,182857,19826,163031
16548,1.510756586898719,182857,19826,163031
16549,1.5106652969967973,182857,19826,163031
16550,1.5105740181268883,182857,19826,163031
16551,1.5104827502869917,182857,19826,163031
16552,1.5103914934751088,182857,19826,163031
16553,1.5103002476892406,182857,19826,163031
16554,1.510209012927389,182857,19826,163031
16555,1.5101177891875566,182857,19826,163031
16556,1.5100265764677459,182857,19826,163031
16557,1.50993537476596,182857,19826,163031
16558,1.5098441840802028,182857,19826,163031
16559,1.5097530044084788,182857,19826,163031
16560,1.5096618357487923,182857,19826,163031
16561,1.5095706780991487,182857,19826,163031
16562,1.5094795314575535,182857,19826,163031
16563,1.509388395822013,182857,19826,163031
16564,1.5092972711905337,182857,19826,163031
16565,1.5092061575611229,182857,19826,163031
16566,1.509115054931788,182857,19826,163031
16567,1.5090239633005371,182857,19826,163031
16568,1.508932882665379,182857,19826,163031
16569,1.5088418130243226,182857,19826,163031
16570,1.508750754375377,182857,19826,163031
16571,1.508659706716553,182857,19826,163031
16572,1.5085686700458605,182857,19826,163031
16573,1.5084776443613106,182857,19826,163031
16574,1.5083866296609147,182857,19826,163031
16575,1.5082956259426847,182857,19826,163031
16576,1.5082046332046333,182857,19826,163031
16577,1.5081136514447728,182857,19826,163031
16578,1.5080226806611172,182857,19826,163031
16579,1.5079317208516798,182857,19826,163031
16580,1.5078407720144753,182857,19826,163031
16581,1.5077498341475182,182857,19826,163031
16582,1.507658907248824,182857,19826,163031
16583,1.5075679913164084,182857,19826,163031
16584,1.5074770863482876,182857,19826,163031
16585,1.507386192342478,182857,19826,163031
16586,1.5072953092969974,182857,19826,163031
16587,1.5072044372098632,182857,19826,163031
16588,1.5071135760790932,182857,19826,163031
16589,1.5070227259027067,182857,19826,163031
16590,1.506931886678722,182857,19826,163031
16591,1.5068410584051595,182857,19826,163031
16592,1.5067502410800386,182857,19826,163031
16593,1.5066594347013802,182857,19826,163031
16594,1.506568639267205,182857,19826,163031
16595,1.5064778547755349,182857,19826,163031
16596,1.5063870812243914,182857,19826,163031
16597,1.5062963186117972,182857,19826,163031
16598,1.5062055669357755,182857,19826,163031
16599,1.506114826194349,182857,19826,163031
16600,1.5060240963855422,182857,19826,163031
16601,1.505933377507379,182857,19826,163031
16602,1.5058426695578846,182857,19826,163031
16603,1.505751972535084,182857,19826,163031
16604,1.5056612864370031,182857,19826,163031
16605,1.5055706112616682,182857,19826,163031
16606,1.5054799470071059,182857,19826,163031
16607,1.5053892936713433,182857,19826,163031
16608,1.5052986512524085,182857,19826,163031
16609,1.5052080197483293,182857,19826,163031
16610,1.5051173991571343,182857,19826,163031
16611,1.5050267894768528,182857,19826,163031
16612,1.504936190705514,182857,19826,163031
16613,1.5048456028411485,182857,19826,163031
16614,1.5047550258817863,182857,19826,163031
16615,1.5046644598254588,182857,19826,163031
16616,1.5045739046701974,182857,19826,163031
16617,1.5044833604140337,182857,19826,163031
16618,1.5043928270550007,182857,19826,163031
16619,1.5043023045911306,182857,19826,163031
16620,1.5042117930204573,182857,19826,163031
16621,1.5041212923410143,182857,19826,163031
16622,1.5040308025508362,182857,19826,163031
16623,1.5039403236479576,182857,19826,163031
16624,1.5038498556304138,182857,19826,163031
16625,1.5037593984962405,182857,19826,163031
16626,1.503668952243474,182857,19826,163031
16627,1.503578516870151,182857,19826,163031
16628,1.5034880923743084,182857,19826,163031
16629,1.503397678753984,182857,19826,163031
16630,1.503307276007216,182857,19826,163031
16631,1.5032168841320426,182857,19826,163031
16632,1.503126503126503,182857,19826,163031
16633,1.503036132988637,182857,19826,163031
16634,1.5029457737164844,182857,19826,163031
16635,1.5028554253080855,182857,19826,163031
16636,1.502765087761481,182857,19826,163031
16637,1.502674761074713,182857,19826,163031
16638,1.5025844452458228,182857,19826,163031
16639,1.5024941402728529,182857,19826,163031
16640,1.5024038461538463,182857,19826,163031
16641,1.5023135628868458,182857,19826,163031
16642,1.5022232904698956,182857,19826,163031
16643,1.5021330289010395,182857,19826,163031
16644,1.5020427781783225,182857,19826,163031
16645,1.5019525382997898,182857,19826,163031
16646,1.5018623092634866,182857,19826,163031
16647,1.5017720910674597,182857,19826,163031
16648,1.501681883709755,182857,19826,163031
16649,1.5015916871884196,182857,19826,163031
16650,1.5015015015015014,182857,19826,163031
16651,1.5014113266470481,182857,19826,163031
16652,1.5013211626231084,182857,19826,163031
16653,1.5012310094277308,182857,19826,163031
16654,1.5011408670589648,182857,19826,163031
16655,1.5010507355148603,182857,19826,163031
16656,1.5009606147934678,182857,19826,163031
16657,1.500870504892838,182857,19826,163031
16658,1.5007804058110217,182857,19826,163031
16659,1.5006903175460713,182857,19826,163031
16660,1.5006002400960383,182857,19826,163031
16661,1.500510173458976,182857,19826,163031
16662,1.5004201176329373,182857,19826,163031
16663,1.5003300726159756,182857,19826,163031
16664,1.500240038406145,182857,19826,163031
16665,1.5001500150015001,182857,19826,163031
16666,1.500060002400096,182857,19826,163031
16667,1.499970000599988,182857,19826,163031
16668,1.499880009599232,182857,19826,163031
16669,1.4997900293958846,182857,19826,163031
16670,1.4997000599880024,182857,19826,163031
16671,1.499610101373643,182857,19826,163031
16672,1.4995201535508638,182857,19826,163031
16673,1.4994302165177233,182857,19826,163031
16674,1.49934029027228,182857,19826,163031
16675,1.4992503748125936,182857,19826,163031
16676,1.4991604701367234,182857,19826,163031
16677,1.4990705762427294,182857,19826,163031
16678,1.4989806931286724,182857,19826,163031
16679,1.4988908207926135,182857,19826,163031
16680,1.498800959232614,182857,19826,163031
16681,1.4987111084467357,182857,19826,163031
16682,1.4986212684330416,182857,19826,163031
16683,1.4985314391895943,182857,19826,163031
16684,1.4984416207144569,182857,19826,163031
16685,1.4983518130056936,182857,19826,163031
16686,1.4982620160613689,182857,19826,163031
16687,1.498172229879547,182857,19826,163031
16688,1.4980824544582934,182857,19826,163031
16689,1.497992689795674,182857,19826,163031
16690,1.4979029358897544,182857,19826,163031
16691,1.4978131927386016,182857,19826,163031
16692,1.4977234603402827,182857,19826,163031
16693,1.4976337386928653,182857,19826,163031
16694,1.4975440277944172,182857,19826,163031
16695,1.4974543276430068,182857,19826,163031
16696,1.4973646382367034,182857,19826,163031
16697,1.4972749595735761,182857,19826,163031
16698,1.4971852916516948,182857,19826,163031
16699,1.49709563446913,182857,19826,163031
16700,1.4970059880239521,182857,19826,163031
16701,1.4969163523142326,182857,19826,163031
16702,1.4968267273380433,182857,19826,163031
16703,1.4967371130934564,182857,19826,163031
16704,1.496647509578544,182857,19826,163031
16705,1.4965579167913798,182857,19826,163031
16706,1.4964683347300372,182857,19826,163031
16707,1.49637876339259,182857,19826,163031
16708,1.4962892027771129,182857,19826,163031
16709,1.4961996528816806,182857,19826,163031
16710,1.4961101137043686,182857,19826,163031
16711,1.4960205852432529,182857,19826,163031
16712,1.4959310674964097,182857,19826,163031
16713,1.495841560461916,182857,19826,163031
16714,1.4957520641378486,182857,19826,163031
16715,1.4956625785222855,182857,19826,163031
16716,1.4955731036133046,182857,19826,163031
16717,1.4954836394089848,182857,19826,163031
16718,1.4953941859074051,182857,19826,163031
16719,1.495304743106645,182857,19826,163031
16720,1.4952153110047848,182857,19826,163031
16721,1.4951258895999042,182857,19826,163031
16722,1.495036478890085,182857,19826,163031
16723,1.4949470788734078,182857,19826,163031
16724,1.494857689547955,182857,19826,163031
16725,1.4947683109118086,182857,19826,163031
16726,1.4946789429630516,182857,19826,163031
16727,1.4945895856997669,182857,19826,163031
16728,1.4945002391200382,182857,19826,163031
16729,1.49441090322195,182857,19826,163031
16730,1.4943215780035863,182857,19826,163031
16731,1.4942322634630327,182857,19826,163031
16732,1.4941429595983744,182857,19826,163031
16733,1.4940536664076973,182857,19826,163031
16734,1.4939643838890881,182857,19826,163031
16735,1.4938751120406335,182857,19826,163031
16736,1.4937858508604207,182857,19826,163031
16737,1.4936966003465375,182857,19826,163031
16738,1.4936073604970725,182857,19826,163031
16739,1.493518131310114,182857,19826,163031
16740,1.4934289127837514,182857,19826,163031
16741,1.4933397049160744,182857,19826,163031
16742,1.4932505077051725,182857,19826,163031
16743,1.493161321149137,182857,19826,163031
16744,1.4930721452460582,182857,19826,163031
16745,1.492982979994028,182857,19826,163031
16746,1.4928938253911381,182857,19826,163031
16747,1.492804681435481,182850,19826,163024
16748,1.4927155481251493,182850,19826,163024
16749,1.4926264254582362,182850,19826,163024
16750,1.492537313432836,182850,19826,163024
16751,1.492448212047042,182850,19826,163024
16752,1.4923591212989493,182850,19826,163024
16753,1.4922700411866532,182850,19826,163024
16754,1.4921809717082488,182850,19826,163024
16755,1.4920919128618322,182850,19826,163024
16756,1.4920028646455001,182850,19826,163024
16757,1.491913827057349,182850,19826,163024
16758,1.4918248000954768,182850,19826,163024
16759,1.4917357837579808,182850,19826,163024
16760,1.4916467780429594,182850,19826,163024
16761,1.4915577829485114,182850,19826,163024
16762,1.491468798472736,182850,19826,163024
16763,1.4913798246137326,182850,19826,163024
16764,1.4912908613696014,182850,19826,163024
16765,1.4912019087384432,182850,19826,163024
16766,1.4911129667183587,182850,19826,163024
16767,1.491024035307449,182850,19826,163024
16768,1.4909351145038168,182850,19826,163024
16769,1.490846204305564,182850,19826,163024
16770,1.4907573047107932,182850,19826,163024
16771,1.4906684157176078,182850,19826,163024
16772,1.4905795373241115,182850,19826,163024
16773,1.4904906695284088,182850,19826,163024
16774,1.4904018123286038,182850,19826,163024
16775,1.4903129657228018,182850,19826,163024
16776,1.4902241297091083,182850,19826,163024
16777,1.4901353042856291,182850,19826,163024
16778,1.4900464894504708,182850,19826,163024
16779,1.4899576852017402,182850,19826,163024
16780,1.4898688915375446,182850,19826,163024
16781,1.4897801084559918,182850,19826,163024
16782,1.48969133595519,182850,19826,163024
16783,1.489602574033248,182850,19826,163024
16784,1.4895138226882745,182850,19826,163024
16785,1.4894250819183794,182850,19826,163024
16786,1.489336351721673,182850,19826,163024
16787,1.4892476320962649,182850,19826,163024
16788,1.4891589230402669,182850,19826,163024
16789,1.48907022455179,182850,19826,163024
16790,1.4889815366289458,182850,19826,163024
16791,1.488892859269847,182850,19826,163024
16792,1.488804192472606,182850,19826,163024
16793,1.4887155362353361,182850,19826,163024
16794,1.488626890556151,182850,19826,163024
16795,1.4885382554331645,182850,19826,163024
16796,1.4884496308644914,182850,19826,163024
16797,1.4883610168482466,182850,19826,163024
16798,1.4882724133825456,182850,19826,163024
16799,1.4881838204655038,182850,19826,163024
16800,1.4880952380952381,182850,19826,163024
16801,1.488006666269865,182850,19826,163024
16802,1.4879181049875014,182850,19826,163024
16803,1.4878295542462656,182850,19826,163024
16804,1.4877410140442753,182850,19826,163024
16805,1.4876524843796488,182850,19826,163024
16806,1.4875639652505057,182850,19826,163024
16807,1.4874754566549653,182850,19826,163024
16808,1.487386958591147,182850,19826,163024
16809,1.4872984710571717,182850,19826,163024
16810,1.48720999405116,182850,19826,163024
16811,1.487121527571233,182850,19826,163024
16812,1.4870330716155127,182850,19826,163024
16813,1.486944626182121,182850,19826,163024
16814,1.4868561912691804,182850,19826,163024
16815,1.486767766874814,182850,19826,163024
16816,1.4866793529971456,182850,19826,163024
16817,1.4865909496342986,182850,19826,163024
16818,1.4865025567843977,182850,19826,163024
16819,1.4864141744455674,182850,19826,163024
16820,1.4863258026159334,182850,19826,163024
16821,1.486237441293621,182850,19826,163024
16822,1.4861490904767567,182850,19826,163024
16823,1.4860607501634666,182850,19826,163024
16824,1.4859724203518783,182850,19826,163024
16825,1.485884101040119,182850,19826,163024
16826,1.4857957922263165,182850,19826,163024
16827,1.4857074939085992,182850,19826,163024
16828,1.4856192060850963,182850,19826,163024
16829,1.4855309287539367,182850,19826,163024
16830,1.4854426619132501,182850,19826,163024
16831,1.485354405561167,182850,19826,163024
16832,1.4852661596958174,182850,19826,163024
16833,1.485177924315333,182850,19826,163024
16834,1.4850896994178449,182850,19826,163024
16835,1.485001485001485,182850,19826,163024
16836,1.484913281064386,182850,19826,163024
16837,1.4848250876046802,182850,19826,163024
16838,1.4847369046205012,182850,19826,163024
16839,1.4846487321099828,182850,19826,163024
16840,1.484560570071259,182850,19826,163024
16841,1.4844724185024643,182850,19826,163024
16842,1.4843842774017337,182850,19826,163024
16843,1.484296146767203,182850,19826,163024
16844,1.484208026597008,182850,19826,163024
16845,1.4841199168892847,182850,19826,163024
16846,1.4840318176421703,182850,19826,163024
16847,1.4839437288538018,182850,19826,163024
16848,1.4838556505223173,182850,19826,163024
16849,1.4837675826458543,182850,19826,163024
16850,1.4836795252225519,182850,19826,163024
16851,1.4835914782505488,182850,19826,163024
16852,1.4835034417279849,182850,19826,163024
16853,1.4834154156529995,182850,19826,163024
16854,1.4833274000237333,182850,19826,163024
16855,1.483239394838327,182850,19826,163024
16856,1.4831514000949217,182850,19826,163024
16857,1.4830634157916593,182850,19826,163024
16858,1.4829754419266816,182850,19826,163024
16859,1.4828874784981316,182850,19826,163024
16860,1.482799525504152,182850,19826,163024
16861,1.4827115829428859,182850,19826,163024
16862,1.4826236508124777,182850,19826,163024
16863,1.4825357291110717,182850,19826,163024
16864,1.4824478178368121,182850,19826,163024
16865,1.4823599169878448,182850,19826,163024
16866,1.4822720265623148,182850,19826,163024
16867,1.4821841465583685,182850,19826,163024
16868,1.4820962769741521,182850,19826,163024
16869,1.4820084178078132,182850,19826,163024
16870,1.4819205690574986,182850,19826,163024
16871,1.4818327307213561,182850,19826,163024
16872,1.4817449027975345,182850,19826,163024
16873,1.4816570852841817,182850,19826,163024
16874,1.4815692781794476,182850,19826,163024
16875,1.4814814814814814,182850,19826,163024
16876,1.4813936951884332,182850,19826,163024
16877,1.4813059192984535,182850,19826,163024
16878,1.4812181538096931,182850,19826,163024
16879,1.4811303987203033,182794,19826,162968
16880,1.481042654028436,182794,19826,162968
16881,1.4809549197322434,182794,19826,162968
16882,1.480867195829878,182794,19826,162968
16883,1.480779482319493,182794,19826,162968
16884,1.4806917791992418,182794,19826,162968
16885,1.4806040864672787,182794,19826,162968
16886,1.4805164041217578,182794,19826,162968
16887,1.4804287321608338,182794,19826,162968
16888,1.4803410705826623,182794,19826,162968
16889,1.4802534193853987,182794,19826,162968
16890,1.4801657785671996,182794,19826,162968
16891,1.480078148126221,182794,19826,162968
16892,1.4799905280606205,182794,19826,162968
16893,1.479902918368555,182794,19826,162968
16894,1.4798153190481829,182794,19826,162968
16895,1.4797277300976621,182794,19826,162968
16896,1.4796401515151516,182794,19826,162968
16897,1.4795525832988103,182794,19826,162968
16898,1.4794650254467985,182794,19826,162968
16899,1.4793774779572755,182794,19826,162968
16900,1.4792899408284024,182794,19826,162968
16901,1.4792024140583397,182794,19826,162968
16902,1.479114897645249,182794,19826,162968
16903,1.4790273915872922,182794,19826,162968
16904,1.4789398958826314,182794,19826,162968
16905,1.4788524105294292,182794,19826,162968
16906,1.4787649355258488,182794,19826,162968
16907,1.4786774708700539,182794,19826,162968
16908,1.4785900165602082,182794,19826,162968
16909,1.4785025725944763,182794,19826,162968
16910,1.4784151389710232,182794,19826,162968
16911,1.4783277156880137,182794,19826,162968
16912,1.478240302743614,182794,19826,162968
16913,1.47815290013599,182794,19826,162968
16914,1.4780655078633085,182794,19826,162968
16915,1.4779781259237363,182794,19826,162968
16916,1.477890754315441,182794,19826,162968
16917,1.4778033930365904,182794,19826,162968
16918,1.4777160420853528,182794,19826,162968
16919,1.4776287014598972,182794,19826,162968
16920,1.4775413711583925,182794,19826,162968
16921,1.4774540511790084,182794,19826,162968
16922,1.477366741519915,182794,19826,162968
16923,1.4772794421792825,182794,19826,162968
16924,1.4771921531552825,182794,19826,162968
16925,1.4771048744460857,182794,19826,162968
16926,1.477017606049864,182794,19826,162968
16927,1.47693034796479,182794,19826,162968
16928,1.4768431001890359,182794,19826,162968
16929,1.476755862720775,182794,19826,162968
16930,1.4766686355581808,182794,19826,162968
16931,1.476581418699427,182794,19826,162968
16932,1.4764942121426885,182794,19826,162968
16933,1.4764070158861395,182794,19826,162968
16934,1.4763198299279556,182794,19826,162968
16935,1.4762326542663124,182794,19826,162968
16936,1.476145488899386,182794,19826,162968
16937,1.4760583338253528,182794,19826,162968
16938,1.4759711890423899,182794,19826,162968
16939,1.4758840545486747,182794,19826,162968
16940,1.4757969303423848,182794,19826,162968
16941,1.4757098164216989,182794,19826,162968
16942,1.4756227127847952,182794,19826,162968
16943,1.475535619429853,182794,19826,162968
16944,1.475448536355052,182794,19826,162968
16945,1.475361463558572,182794,19826,162968
16946,1.4752744010385932,182794,19826,162968
16947,1.4751873487932967,182794,19826,162968
16948,1.475100306820864,182794,19826,162968
16949,1.475013275119476,182794,19826,162968
16950,1.4749262536873156,182794,19826,162968
16951,1.474839242522565,182794,19826,162968
16952,1.4747522416234073,182794,19826,162968
16953,1.4746652509880258,182794,19826,162968
16954,1.4745782706146042,182794,19826,162968
16955,1.4744913005013272,182794,19826,162968
16956,1.474404340646379,182794,19826,162968
16957,1.4743173910479448,182794,19826,162968
16958,1.4742304517042104,182794,19826,162968
16959,1.4741435226133617,182794,19826,162968
16960,1.474056603773585,182794,19826,162968
16961,1.473969695183067,182794,19826,162968
16962,1.4738827968399952,182794,19826,162968
16963,1.4737959087425574,182794,19826,162968
16964,1.4737090308889413,182794,19826,162968
16965,1.4736221632773356,182794,19826,162968
16966,1.4735353059059295,182794,19826,162968
16967,1.4734484587729122,182794,19826,162968
16968,1.4733616218764733,182794,19826,162968
16969,1.4732747952148035,182794,19826,162968
16970,1.473187978786093,182794,19826,162968
16971,1.4731011725885335,182794,19826,162968
16972,1.4730143766203159,182794,19826,162968
16973,1.4729275908796324,182794,19826,162968
16974,1.4728408153646755,182794,19826,162968
16975,1.4727540500736378,182794,19826,162968
16976,1.4726672950047126,182794,19826,162968
16977,1.4725805501560936,182794,19826,162968
16978,1.4724938155259748,182794,19826,162968
16979,1.4724070911125509,182794,19826,162968
16980,1.4723203769140165,182794,19826,162968
16981,1.4722336729285672,182794,19826,162968
16982,1.4721469791543988,182794,19826,162968
16983,1.4720602955897073,182794,19826,162968
16984,1.4719736222326896,182794,19826,162968
16985,1.4718869590815424,182794,19826,162968
16986,1.4718003061344638,182794,19826,162968
16987,1.4717136633896508,182794,19826,162968
16988,1.4716270308453026,182794,19826,162968
16989,1.4715404084996173,182794,19826,162968
16990,1.4714537963507945,182794,19826,162968
16991,1.4713671943970337,182794,19826,162968
16992,1.4712806026365348,182794,19826,162968
16993,1.4711940210674983,182794,19826,162968
16994,1.4711074496881251,182794,19826,162968
16995,1.4710208884966167,182794,19826,162968
16996,1.4709343374911743,182794,19826,162968
16997,1.4708477966700007,182794,19826,162968
16998,1.4707612660312979,182794,19826,162968
16999,1.470674745573269,182794,19826,162968
17000,1.4705882352941178,182794,19826,162968
17001,1.4705017351920475,182794,19826,162968
17002,1.470415245265263,182794,19826,162968
17003,1.4703287655119686,182794,19826,162968
17004,1.4702422959303694,182794,19826,162968
17005,1.4701558365186709,182794,19826,162968
17006,1.4700693872750794,182794,19826,162968
17007,1.4699829481978008,182794,19826,162968
17008,1.4698965192850424,182794,19826,162968
17009,1.4698101005350108,182794,19826,162968
17010,1.4697236919459142,182794,19826,162968
17011,1.4696372935159603,182794,19826,162968
17012,1.4695509052433575,182794,19826,162968
17013,1.4694645271263151,182794,19826,162968
17014,1.4693781591630422,182794,19826,162968
17015,1.4692918013517484,182794,19826,162968
17016,1.469205453690644,182794,19826,162968
17017,1.4691191161779398,182794,19826,162968
17018,1.4690327888118462,182794,19826,162968
17019,1.4689464715905753,182794,19826,162968
17020,1.4688601645123385,182794,19826,162968
17021,1.4687738675753481,182794,19826,162968
17022,1.468687580777817,182794,19826,162968
17023,1.468601304117958,182794,19826,162968
17024,1.468515037593985,182794,19826,162968
17025,1.4684287812041117,182794,19826,162968
17026,1.4683425349465524,182794,19826,162968
17027,1.468256298819522,182794,19826,162968
17028,1.4681700728212357,182794,19826,162968
17029,1.468083856949909,182794,19826,162968
17030,1.467997651203758,182794,19826,162968
17031,1.4679114555809993,182794,19826,162968
17032,1.4678252700798498,182794,19826,162968
17033,1.4677390946985265,182794,19826,162968
17034,1.4676529294352472,182794,19826,162968
17035,1.4675667742882301,182794,19826,162968
17036,1.467480629255694,182794,19826,162968
17037,1.4673944943358572,182794,19826,162968
17038,1.4673083695269398,182794,19826,162968
17039,1.4672222548271612,182794,19826,162968
17040,1.4671361502347418,182794,19826,162968
17041,1.467050055747902,182794,19826,162968
17042,1.4669639713648632,182794,19826,162968
17043,1.4668778970838467,182794,19826,162968
17044,1.4667918329030745,182794,19826,162968
17045,1.4667057788207685,182794,19826,162968
17046,1.466619734835152,182794,19826,162968
17047,1.4665337009444477,182794,19826,162968
17048,1.4664476771468793,182794,19826,162968
17049,1.466361663440671,182794,19826,162968
17050,1.466275659824047,182794,19826,162968
17051,1.4661896662952318,182794,19826,162968
17052,1.4661036828524514,182794,19826,162968
17053,1.4660177094939306,182794,19826,162968
17054,1.465931746217896,182794,19826,162968
17055,1.4658457930225741,182794,19826,162968
17056,1.4657598499061915,182794,19826,162968
17057,1.4656739168669755,182794,19826,162968
17058,1.465587993903154,182794,19826,162968
17059,1.465502081012955,182794,19826,162968
17060,1.4654161781946073,182794,19826,162968
17061,1.4653302854463397,182794,19826,162968
17062,1.4652444027663813,182794,19826,162968
17063,1.4651585301529626,182794,19826,162968
17064,1.465072667604313,182794,19826,162968
17065,1.464986815118664,182794,19826,162968
17066,1.464900972694246,182794,19826,162968
17067,1.4648151403292904,182794,19826,162968
17068,1.4647293180220295,182794,19826,162968
17069,1.4646435057706955,182794,19826,162968
17070,1.4645577035735209,182794,19826,162968
17071,1.4644719114287388,182794,19826,162968
17072,1.464386129334583,182794,19826,162968
17073,1.4643003572892872,182794,19826,162968
17074,1.4642145952910859,182794,19826,162968
17075,1.4641288433382138,182794,19826,162968
17076,1.4640431014289061,182794,19826,162968
17077,1.4639573695613983,182794,19826,162968
17078,1.4638716477339266,182794,19826,162968
17079,1.4637859359447274,182794,19826,162968
17080,1.4637002341920375,182794,19826,162968
17081,1.463614542474094,182794,19826,162968
17082,1.4635288607891348,182794,19826,162968
17083,1.4634431891353978,182794,19826,162968
17084,1.4633575275111215,182794,19826,162968
17085,1.4632718759145449,182794,19826,162968
17086,1.4631862343439073,182794,19826,162968
17087,1.4631006027974482,182794,19826,162968
17088,1.4630149812734083,182794,19826,162968
17089,1.4629293697700274,182794,19826,162968
17090,1.462843768285547,182794,19826,162968
17091,1.4627581768182085,182794,19826,162968
17092,1.4626725953662532,182794,19826,162968
17093,1.4625870239279237,182794,19826,162968
17094,1.4625014625014625,182794,19826,162968
17095,1.4624159110851127,182794,19826,162968
17096,1.4623303696771175,182794,19826,162968
17097,1.462244838275721,182794,19826,162968
17098,1.4621593168791671,182794,19826,162968
17099,1.462073805485701,182794,19826,162968
17100,1.4619883040935673,182794,19826,162968
17101,1.4619028127010116,182794,19826,162968
17102,1.4618173313062799,182794,19826,162968
17103,1.4617318599076186,182794,19826,162968
17104,1.4616463985032742,182794,19826,162968
17105,1.4615609470914936,182794,19826,162968
17106,1.4614755056705249,182794,19826,162968
17107,1.4613900742386157,182794,19826,162968
17108,1.4613046527940146,182794,19826,162968
17109,1.4612192413349698,182794,19826,162968
17110,1.461133839859731,182794,19826,162968
17111,1.4610484483665478,182794,19826,162968
17112,1.46096306685367,182794,19826,162968
17113,1.4608776953193479,182794,19826,162968
17114,1.4607923337618325,182794,19826,162968
17115,1.4607069821793748,182794,19826,162968
17116,1.4606216405702266,182794,19826,162968
17117,1.46053630893264,182794,19826,162968
17118,1.4604509872648674,182794,19826,162968
17119,1.4603656755651615,182794,19826,162968
17120,1.4602803738317758,182794,19826,162968
17121,1.4601950820629637,182794,19826,162968
17122,1.4601098002569792,182794,19826,162968
17123,1.4600245284120774,182794,19826,162968
17124,1.4599392665265125,182794,19826,162968
17125,1.4598540145985401,182794,19826,162968
17126,1.459768772626416,182794,19826,162968
17127,1.4596835406083961,182794,19826,162968
17128,1.459598318542737,182794,19826,162968
17129,1.4595131064276958,182794,19826,162968
17130,1.4594279042615295,182794,19826,162968
17131,1.459342712042496,182794,19826,162968
17132,1.4592575297688537,182794,19826,162968
17133,1.4591723574388606,182794,19826,162968
17134,1.4590871950507762,182794,19826,162968
17135,1.4590020426028596,182794,19826,162968
17136,1.4589169000933706,182794,19826,162968
17137,1.4588317675205695,182794,19826,162968
17138,1.4587466448827167,182794,19826,162968
17139,1.4586615321780734,182794,19826,162968
17140,1.4585764294049008,182794,19826,162968
17141,1.458491336561461,182794,19826,162968
17142,1.4584062536460156,182794,19826,162968
17143,1.458321180656828,182794,19826,162968
17144,1.4582361175921605,182794,19826,162968
17145,1.458151064450277,182794,19826,162968
17146,1.4580660212294412,182794,19826,162968
17147,1.4579809879279175,182794,19826,162968
17148,1.4578959645439702,182794,19826,162968
17149,1.4578109510758646,182794,19826,162968
17150,1.4577259475218658,182794,19826,162968
17151,1.4576409538802402,182794,19826,162968
17152,1.4575559701492538,182794,19826,162968
17153,1.457470996327173,182794,19826,162968
17154,1.4573860324122654,182794,19826,162968
17155,1.457301078402798,182794,19826,162968
17156,1.457216134297039,182794,19826,162968
17157,1.4571312000932564,182794,19826,162968
17158,1.4570462757897191,182794,19826,162968
17159,1.4569613613846961,182794,19826,162968
17160,1.456876456876457,182794,19826,162968
17161,1.4567915622632714,182794,19826,162968
17162,1.4567066775434099,182794,19826,162968
17163,1.456621802715143,182794,19826,162968
17164,1.456536937776742,182794,19826,162968
17165,1.4564520827264782,182794,19826,162968
17166,1.4563672375626238,182794,19826,162968
17167,1.4562824022834508,182794,19826,162968
17168,1.4561975768872322,182790,19826,162964
17169,1.4561127613722407,182790,19826,162964
17170,1.4560279557367501,182790,19826,162964
17171,1.4559431599790345,182790,19826,162964
17172,1.4558583740973678,182790,19826,162964
17173,1.455773598090025,182790,19826,162964
17174,1.4556888319552812,182790,19826,162964
17175,1.455604075691412,182790,19826,162964
17176,1.455519329296693,182790,19826,162964
17177,1.455434592769401,182790,19826,162964
17178,1.4553498661078124,182790,19826,162964
17179,1.4552651493102042,182790,19826,162964
17180,1.4551804423748544,182790,19826,162964
17181,1.4550957453000408,182790,19826,162964
17182,1.4550110580840414,182790,19826,162964
17183,1.4549263807251354,182790,19826,162964
17184,1.4548417132216014,182790,19826,162964
17185,1.4547570555717195,182790,19826,162964
17186,1.4546724077737694,182790,19826,162964
17187,1.4545877698260312,182790,19826,162964
17188,1.4545031417267862,182790,19826,162964
17189,1.454418523474315,182790,19826,162964
17190,1.4543339150668995,182790,19826,162964
17191,1.4542493165028212,182790,19826,162964
17192,1.4541647277803629,182790,19826,162964
17193,1.4540801488978072,182790,19826,162964
17194,1.4539955798534372,182790,19826,162964
17195,1.4539110206455366,182790,19826,162964
17196,1.453826471272389,182790,19826,162964
17197,1.4537419317322788,182790,19826,162964
17198,1.4536574020234911,182790,19826,162964
17199,1.4535728821443108,182790,19826,162964
17200,1.4534883720930232,182790,19826,162964
17201,1.4534038718679148,182790,19826,162964
17202,1.4533193814672714,182790,19826,162964
17203,1.4532349008893797,182790,19826,162964
17204,1.4531504301325273,182790,19826,162964
17205,1.4530659691950014,182790,19826,162964
17206,1.45298151807509,182790,19826,162964
17207,1.4528970767710816,182790,19826,162964
17208,1.4528126452812646,182790,19826,162964
17209,1.4527282236039283,182790,19826,162964
17210,1.452643811737362,182790,19826,162964
17211,1.452559409679856,182790,19826,162964
17212,1.4524750174297003,182790,19826,162964
17213,1.4523906349851856,182790,19826,162964
17214,1.4523062623446032,182790,19826,162964
17215,1.4522218995062446,182790,19826,162964
17216,1.4521375464684014,182790,19826,162964
17217,1.4520532032293663,182790,19826,162964
17218,1.4519688697874318,182790,19826,162964
17219,1.451884546140891,182790,19826,162964
17220,1.4518002322880372,182790,19826,162964
17221,1.4517159282271646,182790,19826,162964
17222,1.4516316339565671,182790,19826,162964
17223,1.45154734947454,182790,19826,162964
17224,1.4514630747793775,182790,19826,162964
17225,1.4513788098693758,182790,19826,162964
17226,1.4512945547428306,182790,19826,162964
17227,1.451210309398038,182790,19826,162964
17228,1.4511260738332947,182790,19826,162964
17229,1.4510418480468976,182790,19826,162964
17230,1.4509576320371445,182790,19826,162964
17231,1.450873425802333,182790,19826,162964
17232,1.4507892293407614,182790,19826,162964
17233,1.4507050426507282,182790,19826,162964
17234,1.4506208657305326,182790,19826,162964
17235,1.450536698578474,182790,19826,162964
17236,1.4504525411928522,182790,19826,162964
17237,1.4503683935719673,182790,19826,162964
17238,1.45028425571412,182790,19826,162964
17239,1.4502001276176113,182790,19826,162964
17240,1.4501160092807424,182790,19826,162964
17241,1.4500319007018154,182790,19826,162964
17242,1.4499478018791323,182790,19826,162964
17243,1.4498637128109957,182790,19826,162964
17244,1.4497796334957087,182790,19826,162964
17245,1.4496955639315743,182790,19826,162964
17246,1.4496115041168967,182790,19826,162964
17247,1.4495274540499796,182790,19826,162964
17248,1.449443413729128,182790,19826,162964
17249,1.4493593831526466,182790,19826,162964
17250,1.4492753623188406,182790,19826,162964
17251,1.449191351226016,182790,19826,162964
17252,1.4491073498724785,182790,19826,162964
17253,1.449023358256535,182790,19826,162964
17254,1.4489393763764924,182790,19826,162964
17255,1.4488554042306578,182790,19826,162964
17256,1.448771441817339,182790,19826,162964
17257,1.4486874891348438,182790,19826,162964
17258,1.448603546181481,182790,19826,162964
17259,1.4485196129555593,182790,19826,162964
17260,1.4484356894553883,182790,19826,162964
17261,1.448351775679277,182790,19826,162964
17262,1.448267871625536,182790,19826,162964
17263,1.4481839772924752,182790,19826,162964
17264,1.448100092678406,182790,19826,162964
17265,1.4480162177816391,182790,19826,162964
17266,1.4479323526004866,182790,19826,162964
17267,1.44784849713326,182790,19826,162964
17268,1.447764651378272,182790,19826,162964
17269,1.4476808153338352,182790,19826,162964
17270,1.447596988998263,182790,19826,162964
17271,1.4475131723698687,182790,19826,162964
17272,1.447429365446966,182790,19826,162964
17273,1.4473455682278702,182790,19826,162964
17274,1.447261780710895,182790,19826,162964
17275,1.447178002894356,182790,19826,162964
17276,1.4470942347765687,182790,19826,162964
17277,1.447010476355849,182790,19826,162964
17278,1.4469267276305129,182790,19826,162964
17279,1.4468429885988772,182790,19826,162964
17280,1.4467592592592593,182790,19826,162964
17281,1.4466755396099762,182790,19826,162964
17282,1.446591829649346,182790,19826,162964
17283,1.4465081293756872,182790,19826,162964
17284,1.4464244387873177,182790,19826,162964
17285,1.4463407578825571,182790,19826,162964
17286,1.4462570866597246,182790,19826,162964
17287,1.44617342511714,182790,19826,162964
17288,1.4460897732531235,182790,19826,162964
17289,1.4460061310659957,182790,19826,162964
17290,1.4459224985540775,182790,19826,162964
17291,1.4458388757156901,182790,19826,162964
17292,1.4457552625491557,182790,19826,162964
17293,1.4456716590527958,182790,19826,162964
17294,1.4455880652249335,182790,19826,162964
17295,1.4455044810638913,182790,19826,162964
17296,1.4454209065679926,182790,19826,162964
17297,1.445337341735561,182790,19826,162964
17298,1.4452537865649209,182790,19826,162964
17299,1.4451702410543963,182790,19826,162964
17300,1.4450867052023122,182790,19826,162964
17301,1.4450031790069937,182790,19826,162964
17302,1.4449196624667668,182790,19826,162964
17303,1.4448361555799571,182790,19826,162964
17304,1.4447526583448913,182790,19826,162964
17305,1.444669170759896,182790,19826,162964
17306,1.4445856928232983,182790,19826,162964
17307,1.4445022245334258,182790,19826,162964
17308,1.4444187658886065,182790,19826,162964
17309,1.4443353168871684,182790,19826,162964
17310,1.4442518775274409,182790,19826,162964
17311,1.4441684478077523,182790,19826,162964
17312,1.4440850277264325,182790,19826,162964
17313,1.4440016172818113,182790,19826,162964
17314,1.443918216472219,182790,19826,162964
17315,1.443834825295986,182790,19826,162964
17316,1.4437514437514438,182790,19826,162964
17317,1.4436680718369233,182790,19826,162964
17318,1.4435847095507564,182790,19826,162964
17319,1.4435013568912756,182790,19826,162964
17320,1.443418013856813,182790,19826,162964
17321,1.4433346804457017,182790,19826,162964
17322,1.4432513566562752,182790,19826,162964
17323,1.4431680424868671,182790,19826,162964
17324,1.4430847379358116,182790,19826,162964
17325,1.443001443001443,182790,19826,162964
17326,1.4429181576820962,182790,19826,162964
17327,1.4428348819761068,182790,19826,162964
17328,1.44275161588181,182790,19826,162964
17329,1.4426683593975418,182790,19826,162964
17330,1.4425851125216387,182790,19826,162964
17331,1.442501875252438,182790,19826,162964
17332,1.442418647588276,182790,19826,162964
17333,1.4423354295274908,182790,19826,162964
17334,1.4422522210684205,182790,19826,162964
17335,1.442169022209403,182790,19826,162964
17336,1.4420858329487771,182790,19826,162964
17337,1.442002653284882,182790,19826,162964
17338,1.4419194832160571,182790,19826,162964
17339,1.4418363227406426,182790,19826,162964
17340,1.441753171856978,182790,19826,162964
17341,1.4416700305634047,182790,19826,162964
17342,1.4415868988582632,182790,19826,162964
17343,1.441503776739895,182790,19826,162964
17344,1.441420664206642,182790,19826,162964
17345,1.4413375612568464,182790,19826,162964
17346,1.4412544678888504,182790,19826,162964
17347,1.4411713841009972,182790,19826,162964
17348,1.44108830989163,182790,19826,162964
17349,1.4410052452590927,182790,19826,162964
17350,1.440922190201729,182790,19826,162964
17351,1.4408391447178837,182790,19826,162964
17352,1.4407561088059013,182790,19826,162964
17353,1.4406730824641272,182790,19826,162964
17354,1.440590065690907,182790,19826,162964
17355,1.4405070584845865,182790,19826,162964
17356,1.4404240608435124,182790,19826,162964
17357,1.440341072766031,182790,19826,162964
17358,1.4402580942504897,182790,19826,162964
17359,1.440175125295236,182790,19826,162964
17360,1.4400921658986174,182790,19826,162964
17361,1.4400092160589828,182790,19826,162964
17362,1.4399262757746802,182790,19826,162964
17363,1.4398433450440593,182790,19826,162964
17364,1.4397604238654689,182790,19826,162964
17365,1.439677512237259,182790,19826,162964
17366,1.4395946101577797,182790,19826,162964
17367,1.4395117176253815,182790,19826,162964
17368,1.4394288346384154,182790,19826,162964
17369,1.4393459611952328,182790,19826,162964
17370,1.4392630972941853,182790,19826,162964
17371,1.439180242933625,182790,19826,162964
17372,1.4390973981119042,182790,19826,162964
17373,1.4390145628273758,182790,19826,162964
17374,1.438931737078393,182790,19826,162964
17375,1.4388489208633093,182784,19706,163078
17376,1.4387661141804788,182784,19706,163078
17377,1.4386833170282558,182784,19706,163078
17378,1.4386005294049948,182784,19706,163078
17379,1.4385177513090512,182784,19706,163078
17380,1.4384349827387801,182784,19706,163078
17381,1.438352223692538,182784,19706,163078
17382,1.4382694741686803,182784,19706,163078
17383,1.438186734165564,182784,19706,163078
17384,1.4381040036815462,182784,19706,163078
17385,1.438021282714984,182784,19706,163078
17386,1.4379385712642356,182784,19706,163078
17387,1.4378558693276586,182784,19706,163078
17388,1.4377731769036117,182784,19706,163078
17389,1.4376904939904538,182784,19706,163078
17390,1.437607820586544,182784,19706,163078
17391,1.437525156690242,182784,19706,163078
17392,1.437442502299908,182784,19706,163078
17393,1.4373598574139022,182784,19706,163078
17394,1.4372772220305852,182784,19706,163078
17395,1.4371945961483186,182784,19706,163078
17396,1.4371119797654632,182784,19706,163078
17397,1.4370293728803816,182784,19706,163078
17398,1.4369467754914358,182784,19706,163078
17399,1.4368641875969883,182784,19706,163078
17400,1.4367816091954022,182784,19706,163078
17401,1.436699040285041,182784,19706,163078
17402,1.4366164808642685,182784,19706,163078
17403,1.4365339309314487,182784,19706,163078
17404,1.436451390484946,182784,19706,163078
17405,1.4363688595231254,182784,19706,163078
17406,1.4362863380443525,182784,19706,163078
17407,1.4362038260469925,182784,19706,163078
17408,1.4361213235294117,182784,19706,163078
17409,1.4360388304899765,182784,19706,163078
17410,1.4359563469270533,182784,19706,163078
17411,1.43587387283901,182784,19706,163078
17412,1.4357914082242131,182784,19706,163078
17413,1.4357089530810314,182784,19706,163078
17414,1.4356265074078327,182784,19706,163078
17415,1.4355440712029859,182784,19706,163078
17416,1.4354616444648598,182784,19706,163078
17417,1.435379227191824,182784,19706,163078
17418,1.4352968193822482,182784,19706,163078
17419,1.4352144210345026,182784,19706,163078
17420,1.4351320321469576,182784,19706,163078
17421,1.4350496527179841,182784,19706,163078
17422,1.4349672827459534,182784,19706,163078
17423,1.4348849222292372,182784,19706,163078
17424,1.4348025711662076,182784,19706,163078
17425,1.4347202295552368,182784,19706,163078
17426,1.4346378973946976,182784,19706,163078
17427,1.4345555746829632,182784,19706,163078
17428,1.4344732614184073,182784,19706,163078
17429,1.4343909575994034,182784,19706,163078
17430,1.4343086632243258,182784,19706,163078
17431,1.4342263782915496,182784,19706,163078
17432,1.4341441027994493,182784,19706,163078
17433,1.4340618367464004,182784,19706,163078
17434,1.4339795801307789,182784,19706,163078
17435,1.4338973329509608,182784,19706,163078
17436,1.4338150952053224,182784,19706,163078
17437,1.4337328668922407,182784,19706,163078
17438,1.433650648010093,182784,19706,163078
17439,1.4335684385572567,182784,19706,163078
17440,1.43348623853211,182784,19706,163078
17441,1.4334040479330314,182784,19706,163078
17442,1.4333218667583993,182784,19706,163078
17443,1.4332396950065929,182784,19706,163078
17444,1.4331575326759918,182784,19706,163078
17445,1.4330753797649756,182784,19706,163078
17446,1.4329932362719249,182784,19706,163078
17447,1.4329111021952199,182784,19706,163078
17448,1.4328289775332417,182784,19706,163078
17449,1.4327468622843715,182784,19706,163078
17450,1.4326647564469914,182784,19706,163078
17451,1.432582660019483,182784,19706,163078
17452,1.4325005730002291,182784,19706,163078
17453,1.4324184953876125,182784,19706,163078
17454,1.432336427180016,182784,19706,163078
17455,1.4322543683758235,182784,19706,163078
17456,1.4321723189734188,182784,19706,163078
17457,1.4320902789711862,182784,19706,163078
17458,1.4320082483675105,182784,19706,163078
17459,1.4319262271607767,182784,19706,163078
17460,1.43184421534937,182784,19706,163078
17461,1.4317622129316763,182784,19706,163078
17462,1.4316802199060819,182784,19706,163078
17463,1.431598236270973,182784,19706,163078
17464,1.4315162620247366,182784,19706,163078
17465,1.43143429716576,182784,19706,163078
17466,1.431352341692431,182784,19706,163078
17467,1.4312703956031374,182784,19706,163078
17468,1.4311884588962676,182784,19706,163078
17469,1.43110653157021,182784,19706,163078
17470,1.4310246136233544,182784,19706,163078
17471,1.4309427050540897,182784,19706,163078
17472,1.4308608058608059,182784,19706,163078
17473,1.4307789160418931,182784,19706,163078
17474,1.4306970355957422,182784,19706,163078
17475,1.4306151645207439,182784,19706,163078
17476,1.4305333028152896,182784,19706,163078
17477,1.4304514504777708,182784,19706,163078
17478,1.4303696075065797,182784,19706,163078
17479,1.4302877739001087,182784,19706,163078
17480,1.4302059496567505,182784,19706,163078
17481,1.4301241347748985,182784,19706,163078
17482,1.4300423292529458,182784,19706,163078
17483,1.4299605330892868,182784,19706,163078
17484,1.4298787462823153,182784,19706,163078
17485,1.4297969688304262,182784,19706,163078
17486,1.4297152007320142,182784,19706,163078
17487,1.4296334419854748,182784,19706,163078
17488,1.429551692589204,182784,19706,163078
17489,1.4294699525415975,182784,19706,163078
17490,1.429388221841052,182784,19706,163078
17491,1.4293065004859642,182784,19706,163078
17492,1.4292247884747313,182784,19706,163078
17493,1.4291430858057508,182784,19706,163078
17494,1.429061392477421,182784,19706,163078
17495,1.4289797084881395,182784,19706,163078
17496,1.4288980338363055,182784,19706,163078
17497,1.4288163685203177,182784,19706,163078
17498,1.4287347125385759,182784,19706,163078
17499,1.4286530658894794,182784,19706,163078
17500,1.4285714285714286,182784,19706,163078
17501,1.428489800582824,182784,19706,163078
17502,1.428408181922066,182784,19706,163078
17503,1.4283265725875565,182784,19706,163078
17504,1.4282449725776964,182784,19706,163078
17505,1.4281633818908883,182784,19706,163078
17506,1.428081800525534,182784,19706,163078
17507,1.4280002284800366,182784,19706,163078
17508,1.4279186657527987,182784,19706,163078
17509,1.427837112342224,182784,19706,163078
17510,1.4277555682467162,182784,19706,163078
17511,1.4276740334646794,182784,19706,163078
17512,1.427592507994518,182784,19706,163078
17513,1.4275109918346371,182784,19706,163078
17514,1.427429484983442,182784,19706,163078
17515,1.4273479874393378,182784,19706,163078
17516,1.4272664992007307,182784,19706,163078
17517,1.4271850202660272,182784,19706,163078
17518,1.427103550633634,182784,19706,163078
17519,1.427022090301958,182784,19706,163078
17520,1.4269406392694064,182784,19706,163078
17521,1.4268591975343874,182784,19706,163078
17522,1.4267777650953088,182784,19706,163078
17523,1.4266963419505791,182784,19706,163078
17524,1.4266149280986076,182784,19706,163078
17525,1.4265335235378032,182784,19706,163078
17526,1.4264521282665754,182784,19706,163078
17527,1.4263707422833343,182784,19706,163078
17528,1.42628936558649,182784,19706,163078
17529,1.4262079981744538,182784,19706,163078
17530,1.426126640045636,182784,19706,163078
17531,1.4260452911984485,182784,19706,163078
17532,1.4259639516313027,182784,19706,163078
17533,1.425882621342611,182784,19706,163078
17534,1.425801300330786,182784,19706,163078
17535,1.42571998859424,182784,19706,163078
17536,1.4256386861313868,182784,19706,163078
17537,1.4255573929406398,182784,19706,163078
17538,1.4254761090204129,182784,19706,163078
17539,1.4253948343691203,182784,19706,163078
17540,1.4253135689851768,182784,19706,163078
17541,1.4252323128669973,182784,19706,163078
17542,1.4251510660129973,182784,19706,163078
17543,1.4250698284215926,182784,19706,163078
17544,1.4249886000911993,182784,19706,163078
17545,1.4249073810202337,182784,19706,163078
17546,1.4248261712071126,182784,19706,163078
17547,1.4247449706502535,182784,19706,163078
17548,1.4246637793480739,182784,19706,163078
17549,1.4245825972989914,182784,19706,163078
17550,1.4245014245014245,182784,19706,163078
17551,1.4244202609537917,182784,19706,163078
17552,1.4243391066545124,182784,19706,163078
17553,1.4242579616020055,182784,19706,163078
17554,1.4241768257946907,182784,19706,163078
17555,1.4240956992309883,182784,19706,163078
17556,1.4240145819093188,182784,19706,163078
17557,1.4239334738281026,182784,19706,163078
17558,1.4238523749857614,182784,19706,163078
17559,1.4237712853807165,182784,19706,163078
17560,1.4236902050113895,182784,19706,163078
17561,1.423609133876203,182784,19706,163078
17562,1.4235280719735792,182784,19706,163078
17563,1.4234470193019415,182784,19706,163078
17564,1.423365975859713,182784,19706,163078
17565,1.4232849416453175,182784,19706,163078
17566,1.4232039166571786,182784,19706,163078
17567,1.4231229008937212,182784,19706,163078
17568,1.4230418943533698,182784,19706,163078
17569,1.4229608970345495,182784,19706,163078
17570,1.4228799089356858,182784,19706,163078
17571,1.4227989300552046,182784,19706,163078
17572,1.422717960391532,182784,19706,163078
17573,1.4226369999430946,182784,19706,163078
17574,1.422556048708319,182784,19706,163078
17575,1.422475106685633,182784,19706,163078
17576,1.4223941738734638,182784,19706,163078
17577,1.4223132502702396,182784,19706,163078
17578,1.4222323358743885,182784,19706,163078
17579,1.4221514306843392,182784,19706,163078
17580,1.422070534698521,182784,19706,163078
17581,1.421989647915363,182784,19706,163078
17582,1.4219087703332953,182784,19706,163078
17583,1.4218279019507478,182784,19706,163078
17584,1.421747042766151,182784,19706,163078
17585,1.4216661927779357,182784,19706,163078
17586,1.4215853519845332,182784,19706,163078
17587,1.4215045203843748,182784,19706,163078
17588,1.4214236979758927,182784,19706,163078
17589,1.421342884757519,182784,19706,163078
17590,1.4212620807276861,182784,19706,163078
17591,1.4211812858848274,182784,19706,163078
17592,1.421100500227376,182784,19706,163078
17593,1.4210197237537656,182784,19706,163078
17594,1.4209389564624304,182784,19706,163078
17595,1.4208581983518045,182784,19706,163078
17596,1.4207774494203227,182784,19706,163078
17597,1.4206967096664205,182784,19706,163078
17598,1.4206159790885329,182784,19706,163078
17599,1.4205352576850958,182784,19706,163078
17600,1.4204545454545454,182784,19706,163078
17601,1.4203738423953185,182784,19706,163078
17602,1.4202931485058516,182784,19706,163078
17603,1.420212463784582,182784,19706,163078
17604,1.4201317882299478,182784,19706,163078
17605,1.4200511218403862,182784,19706,163078
17606,1.419970464614336,182784,19706,163078
17607,1.4198898165502356,182784,19706,163078
17608,1.4198091776465243,182784,19706,163078
17609,1.4197285479016413,182784,19706,163078
17610,1.4196479273140261,182784,19706,163078
17611,1.4195673158821192,182784,19706,163078
17612,1.4194867136043607,182784,19706,163078
17613,1.4194061204791915,182784,19706,163078
17614,1.4193255365050528,182784,19706,163078
17615,1.419244961680386,182784,19706,163078
17616,1.419164396003633,182784,19706,163078
17617,1.4190838394732361,182784,19706,163078
17618,1.4190032920876376,182784,19706,163078
17619,1.4189227538452807,182784,19706,163078
17620,1.4188422247446084,182784,19706,163078
17621,1.4187617047840644,182784,19706,163078
17622,1.418681193962093,182784,19706,163078
17623,1.418600692277138,182784,19706,163078
17624,1.4185201997276442,182784,19706,163078
17625,1.4184397163120568,182784,19706,163078
17626,1.4183592420288211,182784,19706,163078
17627,1.418278776876383,182784,19706,163078
17628,1.418198320853188,182784,19706,163078
17629,1.4181178739576834,182784,19706,163078
17630,1.4180374361883155,182784,19706,163078
17631,1.4179570075435313,182784,19706,163078
17632,1.4178765880217785,182784,19706,163078
17633,1.4177961776215051,182784,19706,163078
17634,1.4177157763411592,182784,19706,163078
17635,1.417635384179189,182784,19706,163078
17636,1.417555001134044,182784,19706,163078
17637,1.417474627204173,182784,19706,163078
17638,1.4173942623880258,182784,19706,163078
17639,1.4173139066840523,182784,19706,163078
17640,1.417233560090703,182784,19706,163078
17641,1.4171532226064283,182784,19706,163078
17642,1.417072894229679,182784,19706,163078
17643,1.4169925749589072,182784,19706,163078
17644,1.416912264792564,182784,19706,163078
17645,1.4168319637291018,182784,19706,163078
17646,1.4167516717669726,182784,19706,163078
17647,1.4166713889046296,182784,19706,163078
17648,1.416591115140526,182784,19706,163078
17649,1.4165108504731145,182784,19706,163078
17650,1.4164305949008498,182784,19706,163078
17651,1.4163503484221858,182784,19706,163078
17652,1.4162701110355767,182784,19706,163078
17653,1.4161898827394777,182784,19706,163078
17654,1.416109663532344,182784,19706,163078
17655,1.416029453412631,182784,19706,163078
17656,1.4159492523787947,182784,19706,163078
17657,1.4158690604292914,182784,19706,163078
17658,1.4157888775625778,182784,19706,163078
17659,1.4157087037771108,182784,19706,163078
17660,1.4156285390713477,182784,19706,163078
17661,1.4155483834437461,182784,19706,163078
17662,1.415468236892764,182784,19706,163078
17663,1.4153880994168602,182784,19706,163078
17664,1.4153079710144927,182784,19706,163078
17665,1.4152278516841212,182784,19706,163078
17666,1.4151477414242046,182784,19706,163078
17667,1.4150676402332032,182784,19706,163078
17668,1.4149875481095766,182784,19706,163078
17669,1.4149074650517857,182784,19706,163078
17670,1.414827391058291,182784,19706,163078
17671,1.4147473261275536,182784,19706,163078
17672,1.4146672702580354,182784,19706,163078
17673,1.4145872234481978,182784,19706,163078
17674,1.4145071856965032,182784,19706,163078
17675,1.4144271570014144,182784,19706,163078
17676,1.414347137361394,182784,19706,163078
17677,1.4142671267749052,182784,19706,163078
17678,1.414187125240412,182787,19706,163081
17679,1.4141071327563777,182787,19706,163081
17680,1.414027149321267,182787,19706,163081
17681,1.4139471749335444,182787,19706,163081
17682,1.4138672095916751,182787,19706,163081
17683,1.4137872532941242,182787,19706,163081
17684,1.4137073060393577,182787,19706,163081
17685,1.413627367825841,182787,19706,163081
17686,1.4135474386520412,182787,19706,163081
17687,1.4134675185164245,182787,19706,163081
17688,1.413387607417458,182787,19706,163081
17689,1.4133077053536096,182787,19706,163081
17690,1.4132278123233466,182787,19706,163081
17691,1.4131479283251371,182787,19706,163081
17692,1.4130680533574498,182475,19220,163255
17693,1.412988187418753,182475,19220,163255
17694,1.4129083305075167,182475,19220,163255
17695,1.4128284826222097,182475,19220,163255
17696,1.412748643761302,182475,19220,163255
17697,1.412668813923264,182475,19220,163255
17698,1.4125889931065656,182475,19220,163255
17699,1.4125091813096786,182475,19220,163255
17700,1.4124293785310735,182475,19220,163255
17701,1.412349584769222,182475,19220,163255
17702,1.4122698000225964,182475,19220,163255
17703,1.4121900242896683,182475,19220,163255
17704,1.412110257568911,182475,19220,163255
17705,1.412030499858797,182475,19220,163255
17706,1.4119507511577996,182475,19220,163255
17707,1.4118710114643926,182475,19220,163255
17708,1.4117912807770499,182475,19220,163255
17709,1.411711559094246,182475,19220,163255
17710,1.411631846414455,182475,19220,163255
17711,1.4115521427361526,182475,19220,163255
17712,1.411472448057814,182475,19220,163255
17713,1.4113927623779146,182475,19220,163255
17714,1.4113130856949305,182475,19220,163255
17715,1.4112334180073385,182475,19220,163255
17716,1.4111537593136148,182475,19220,163255
17717,1.4110741096122368,182475,19220,163255
17718,1.410994468901682,182475,19220,163255
17719,1.4109148371804279,182475,19220,163255
17720,1.4108352144469527,182475,19220,163255
17721,1.4107556006997348,182475,19220,163255
17722,1.4106759959372532,182475,19220,163255
17723,1.4105964001579867,182475,19220,163255
17724,1.4105168133604153,182475,19220,163255
17725,1.4104372355430184,182475,19220,163255
17726,1.4103576667042763,182475,19220,163255
17727,1.4102781068426693,182475,19220,163255
17728,1.4101985559566788,182475,19220,163255
17729,1.4101190140447855,182475,19220,163255
17730,1.410039481105471,182475,19220,163255
17731,1.4099599571372172,182475,19220,163255
17732,1.4098804421385067,182475,19220,163255
17733,1.4098009361078216,182475,19220,163255
17734,1.409721439043645,182475,19220,163255
17735,1.4096419509444602,182475,19220,163255
17736,1.4095624718087505,182475,19220,163255
17737,1.4094830016350002,182475,19220,163255
17738,1.4094035404216936,182475,19220,163255
17739,1.409324088167315,182475,19220,163255
17740,1.4092446448703495,182475,19220,163255
17741,1.4091652105292825,182475,19220,163255
17742,1.4090857851425995,182475,19220,163255
17743,1.4090063687087866,182475,19220,163255
17744,1.40892696122633,182475,19220,163255
17745,1.4088475626937165,182475,19220,163255
17746,1.408768173109433,182475,19220,163255
17747,1.408688792471967,182475,19220,163255
17748,1.408609420779806,182475,19220,163255
17749,1.4085300580314384,182475,19220,163255
17750,1.408450704225352,182475,19220,163255
17751,1.408371359360036,182475,19220,163255
17752,1.4082920234339793,182475,19220,163255
17753,1.4082126964456712,182475,19220,163255
17754,1.4081333783936014,182475,19220,163255
17755,1.4080540692762602,182475,19220,163255
17756,1.4079747690921378,182475,19220,163255
17757,1.4078954778397252,182475,19220,163255
17758,1.4078161955175132,182475,19220,163255
17759,1.4077369221239935,182475,19220,163255
17760,1.4076576576576576,182475,19220,163255
17761,1.407578402116998,182475,19220,163255
17762,1.4074991555005067,182475,19220,163255
17763,1.4074199178066769,182475,19220,163255
17764,1.4073406890340014,182475,19220,163255
17765,1.4072614691809737,182475,19220,163255
17766,1.407182258246088,182475,19220,163255
17767,1.4071030562278382,182475,19220,163255
17768,1.4070238631247185,182475,19220,163255
17769,1.4069446789352242,182475,19220,163255
17770,1.4068655036578503,182475,19220,163255
17771,1.4067863372910923,182475,19220,163255
17772,1.4067071798334458,182475,19220,163255
17773,1.4066280312834074,182475,19220,163255
17774,1.4065488916394735,182475,19220,163255
17775,1.4064697609001406,182475,19220,163255
17776,1.4063906390639065,182475,19220,163255
17777,1.4063115261292682,182475,19220,163255
17778,1.4062324220947238,182475,19220,163255
17779,1.4061533269587716,182475,19220,163255
17780,1.40607424071991,182475,19220,163255
17781,1.4059951633766379,182475,19220,163255
17782,1.4059160949274547,182475,19220,163255
17783,1.4058370353708598,182475,19220,163255
17784,1.4057579847053532,182475,19220,163255
17785,1.405678942929435,182475,19220,163255
17786,1.4055999100416057,182475,19220,163255
17787,1.4055208860403665,182475,19220,163255
17788,1.4054418709242187,182475,19220,163255
17789,1.4053628646916634,182475,19220,163255
17790,1.405283867341203,182475,19220,163255
17791,1.4052048788713394,182475,19220,163255
17792,1.4051258992805755,182475,19220,163255
17793,1.405046928567414,182475,19220,163255
17794,1.4049679667303585,182475,19220,163255
17795,1.4048890137679124,182475,19220,163255
17796,1.4048100696785795,182475,19220,163255
17797,1.4047311344608642,182475,19220,163255
17798,1.404652208113271,182475,19220,163255
17799,1.4045732906343054,182475,19220,163255
17800,1.404494382022472,182475,19220,163255
17801,1.4044154822762767,182475,19220,163255
17802,1.4043365913942254,182475,19220,163255
17803,1.4042577093748245,182475,19220,163255
17804,1.4041788362165806,182475,19220,163255
17805,1.4040999719180005,182475,19220,163255
17806,1.4040211164775918,182475,19220,163255
17807,1.403942269893862,182475,19220,163255
17808,1.403863432165319,182475,19220,163255
17809,1.403784603290471,182475,19220,163255
17810,1.403705783267827,182475,19220,163255
17811,1.4036269720958958,182475,19220,163255
17812,1.4035481697731866,182475,19220,163255
17813,1.4034693762982091,182475,19220,163255
17814,1.4033905916694736,182475,19220,163255
17815,1.4033118158854898,182475,19220,163255
17816,1.4032330489447689,182475,19220,163255
17817,1.4031542908458214,182475,19220,163255
17818,1.403075541587159,182475,19220,163255
17819,1.4029968011672933,182475,19220,163255
17820,1.4029180695847363,182475,19220,163255
17821,1.402839346838,182475,19220,163255
17822,1.4027606329255975,182475,19220,163255
17823,1.4026819278460416,182475,19220,163255
17824,1.4026032315978456,182464,19168,163296
17825,1.402524544179523,182464,19168,163296
17826,1.4024458655895882,182464,19168,163296
17827,1.4023671958265553,182464,19168,163296
17828,1.4022885348889387,182464,19168,163296
17829,1.4022098827752538,182464,19168,163296
17830,1.4021312394840157,182464,19168,163296
17831,1.40205260501374,182464,19168,163296
17832,1.401973979362943,182464,19168,163296
17833,1.4018953625301407,182464,19168,163296
17834,1.40181675451385,182464,19168,163296
17835,1.4017381553125876,182464,19168,163296
17836,1.401659564924871,182464,19168,163296
17837,1.4015809833492179,182464,19168,163296
17838,1.4015024105841463,182464,19168,163296
17839,1.4014238466281743,182464,19168,163296
17840,1.4013452914798206,182464,19168,163296
17841,1.4012667451376044,182464,19168,163296
17842,1.4011882076000448,182464,19168,163296
17843,1.4011096788656616,182464,19168,163296
17844,1.4010311589329747,182464,19168,163296
17845,1.4009526478005043,182464,19168,163296
17846,1.4008741454667712,182464,19168,163296
17847,1.4007956519302964,182464,19168,163296
17848,1.400717167189601,182464,19168,163296
17849,1.400638691243207,182464,19168,163296
17850,1.4005602240896358,182464,19168,163296
17851,1.4004817657274102,182464,19168,163296
17852,1.4004033161550526,182464,19168,163296
17853,1.4003248753710862,182464,19168,163296
17854,1.4002464433740338,182464,19168,163296
17855,1.4001680201624196,182464,19168,163296
17856,1.400089605734767,182464,19168,163296
17857,1.4000112000896008,182464,19168,163296
17858,1.3999328032254452,182464,19168,163296
17859,1.3998544151408254,182464,19168,163296
17860,1.3997760358342666,182464,19168,163296
17861,1.3996976653042943,182464,19168,163296
17862,1.3996193035494346,182464,19168,163296
17863,1.3995409505682137,182464,19168,163296
17864,1.399462606359158,182464,19168,163296
17865,1.3993842709207949,182464,19168,163296
17866,1.3993059442516511,182464,19168,163296
17867,1.3992276263502545,182464,19168,163296
17868,1.3991493172151332,182464,19168,163296
17869,1.399071016844815,182464,19168,163296
17870,1.3989927252378287,182464,19168,163296
17871,1.3989144423927034,182464,19168,163296
17872,1.3988361683079678,182464,19168,163296
17873,1.3987579029821517,182464,19168,163296
17874,1.3986796464137854,182464,19168,163296
17875,1.3986013986013985,182464,19168,163296
17876,1.3985231595435221,182464,19168,163296
17877,1.3984449292386867,182464,19168,163296
17878,1.3983667076854234,182464,19168,163296
17879,1.398288494882264,182464,19168,163296
17880,1.3982102908277405,182464,19168,163296
17881,1.3981320955203849,182464,19168,163296
17882,1.3980539089587294,182464,19168,163296
17883,1.3979757311413075,182464,19168,163296
17884,1.3978975620666518,182464,19168,163296
17885,1.397819401733296,182464,19168,163296
17886,1.3977412501397741,182464,19168,163296
17887,1.3976631072846202,182464,19168,163296
17888,1.3975849731663685,182464,19168,163296
17889,1.3975068477835542,182464,19168,163296
17890,1.3974287311347122,182464,19168,163296
17891,1.3973506232183779,182464,19168,163296
17892,1.3972725240330874,182464,19168,163296
17893,1.3971944335773767,182464,19168,163296
17894,1.397116351849782,182464,19168,163296
17895,1.3970382788488405,182464,19168,163296
17896,1.396960214573089,182464,19168,163296
17897,1.396882159021065,182464,19168,163296
17898,1.3968041121913064,182464,19168,163296
17899,1.396726074082351,182464,19168,163296
17900,1.3966480446927374,182464,19168,163296
17901,1.3965700240210044,182464,19168,163296
17902,1.396492012065691,182464,19168,163296
17903,1.3964140088253365,182464,19168,163296
17904,1.3963360142984809,182464,19168,163296
17905,1.3962580284836639,182464,19168,163296
17906,1.3961800513794258,182464,19168,163296
17907,1.3961020829843078,182464,19168,163296
17908,1.3960241232968507,182464,19168,163296
17909,1.3959461723155955,182464,19168,163296
17910,1.3958682300390843,182464,19168,163296
17911,1.395790296465859,182464,19168,163296
17912,1.3957123715944617,182464,19168,163296
17913,1.3956344554234354,182464,19168,163296
17914,1.395556547951323,182464,19168,163296
17915,1.3954786491766675,182464,19168,163296
17916,1.3954007590980129,182464,19168,163296
17917,1.395322877713903,182464,19168,163296
17918,1.395245005022882,182464,19168,163296
17919,1.3951671410234947,182464,19168,163296
17920,1.3950892857142858,182464,19168,163296
17921,1.3950114390938007,182464,19168,163296
17922,1.3949336011605848,182464,19168,163296
17923,1.3948557719131842,182464,19168,163296
17924,1.394777951350145,182464,19168,163296
17925,1.394700139470014,182464,19168,163296
17926,1.3946223362713377,182464,19168,163296
17927,1.3945445417526636,182464,19168,163296
17928,1.394466755912539,182464,19168,163296
17929,1.394388978749512,182464,19168,163296
17930,1.3943112102621305,182464,19168,163296
17931,1.394233450448943,182464,19168,163296
17932,1.3941556993084987,182464,19168,163296
17933,1.3940779568393464,182464,19168,163296
17934,1.3940002230400357,182464,19168,163296
17935,1.3939224979091163,182464,19168,163296
17936,1.3938447814451382,182464,19168,163296
17937,1.393767073646652,182464,19168,163296
17938,1.3936893745122088,182464,19168,163296
17939,1.393611684040359,182464,19168,163296
17940,1.3935340022296545,182464,19168,163296
17941,1.3934563290786466,182464,19168,163296
17942,1.3933786645858879,182464,19168,163296
17943,1.3933010087499302,182464,19168,163296
17944,1.3932233615693268,182464,19168,163296
17945,1.3931457230426303,182464,19168,163296
17946,1.393068093168394,182464,19168,163296
17947,1.392990471945172,182464,19168,163296
17948,1.3929128593715177,182464,19168,163296
17949,1.3928352554459857,182464,19168,163296
17950,1.392757660167131,182464,19168,163296
17951,1.3926800735335079,182464,19168,163296
17952,1.392602495543672,182464,19168,163296
17953,1.392524926196179,182464,19168,163296
17954,1.3924473654895846,182464,19168,163296
17955,1.392369813422445,182464,19168,163296
17956,1.392292269993317,182464,19168,163296
17957,1.3922147352007574,182464,19168,163296
17958,1.3921372090433233,182464,19168,163296
17959,1.3920596915195724,182464,19168,163296
17960,1.3919821826280623,182464,19168,163296
17961,1.3919046823673515,182464,19168,163296
17962,1.3918271907359983,182464,19168,163296
17963,1.3917497077325613,182464,19168,163296
17964,1.3916722333556002,182464,19168,163296
17965,1.3915947676036737,182464,19168,163296
17966,1.3915173104753422,182464,19168,163296
17967,1.3914398619691657,182464,19168,163296
17968,1.3913624220837044,182464,19168,163296
17969,1.391284990817519,182464,19168,163296
17970,1.391207568169171,182464,19168,163296
17971,1.3911301541372212,182464,19168,163296
17972,1.3910527487202315,182464,19168,163296
17973,1.390975351916764,182464,19168,163296
17974,1.390897963725381,182464,19168,163296
17975,1.3908205841446453,182464,19168,163296
17976,1.3907432131731197,182464,19168,163296
17977,1.3906658508093674,182464,19168,163296
17978,1.3905884970519524,182464,19168,163296
17979,1.3905111518994382,182464,19168,163296
17980,1.3904338153503892,182464,19168,163296
17981,1.3903564874033703,182464,19168,163296
17982,1.3902791680569457,182464,19168,163296
17983,1.3902018573096813,182464,19168,163296
17984,1.3901245551601424,182464,19168,163296
17985,1.3900472616068946,182464,19168,163296
17986,1.3899699766485043,182464,19168,163296
17987,1.3898927002835382,182464,19168,163296
17988,1.3898154325105625,182464,19168,163296
17989,1.389738173328145,182464,19168,163296
17990,1.3896609227348526,182464,19168,163296
17991,1.3895836807292534,182464,19168,163296
17992,1.3895064473099155,182464,19168,163296
17993,1.389429222475407,182464,19168,163296
17994,1.389352006224297,182464,19168,163296
17995,1.3892747985551541,182420,18892,163528
17996,1.3891975994665482,182420,18892,163528
17997,1.3891204089570484,182420,18892,163528
17998,1.389043227025225,182420,18892,163528
17999,1.3889660536696482,182420,18892,163528
18000,1.3888888888888888,182420,18892,163528
18001,1.3888117326815177,182420,18892,163528
18002,1.388734585046106,182420,18892,163528
18003,1.3886574459812253,182420,18892,163528
18004,1.3885803154854477,182420,18892,163528
18005,1.388503193557345,182420,18892,163528
18006,1.3884260801954904,182420,18892,163528
18007,1.3883489753984561,182420,18892,163528
18008,1.3882718791648156,182420,18892,163528
18009,1.3881947914931423,182420,18892,163528
18010,1.38811771238201,182420,18892,163528
18011,1.3880406418299929,182420,18892,163528
18012,1.387963579835665,182420,18892,163528
18013,1.3878865263976017,182420,18892,163528
18014,1.3878094815143778,182420,18892,163528
18015,1.3877324451845685,182420,18892,163528
18016,1.3876554174067495,182420,18892,163528
18017,1.3875783981794971,182420,18892,163528
18018,1.3875013875013875,182420,18892,163528
18019,1.3874243853709973,182420,18892,163528
18020,1.3873473917869035,182420,18892,163528
18021,1.3872704067476833,182420,18892,163528
18022,1.3871934302519142,182420,18892,163528
18023,1.3871164622981746,182420,18892,163528
18024,1.3870395028850422,182420,18892,163528
18025,1.3869625520110958,182420,18892,163528
18026,1.386885609674914,182420,18892,163528
18027,1.3868086758750762,182420,18892,163528
18028,1.386731750610162,182420,18892,163528
18029,1.386654833878751,182420,18892,163528
18030,1.3865779256794233,182420,18892,163528
18031,1.3865010260107593,182420,18892,163528
18032,1.3864241348713398,182420,18892,163528
18033,1.386347252259746,182420,18892,163528
18034,1.3862703781745591,182420,18892,163528
18035,1.386193512614361,182420,18892,163528
18036,1.3861166555777333,182420,18892,163528
18037,1.386039807063259,182420,18892,163528
18038,1.38596296706952,182420,18892,163528
18039,1.3858861355950995,182420,18892,163528
18040,1.3858093126385809,182420,18892,163528
18041,1.3857324981985477,182420,18892,163528
18042,1.3856556922735839,182420,18892,163528
18043,1.3855788948622734,182420,18892,163528
18044,1.3855021059632011,182420,18892,163528
18045,1.3854253255749516,182420,18892,163528
18046,1.3853485536961099,182420,18892,163528
18047,1.3852717903252618,182420,18892,163528
18048,1.385195035460993,182420,18892,163528
18049,1.3851182891018894,182420,18892,163528
18050,1.3850415512465375,182420,18892,163528
18051,1.384964821893524,182420,18892,163528
18052,1.3848881010414358,182420,18892,163528
18053,1.3848113886888607,182420,18892,163528
18054,1.3847346848343858,182420,18892,163528
18055,1.3846579894765993,182420,18892,163528
18056,1.3845813026140894,182420,18892,163528
18057,1.384504624245445,182420,18892,163528
18058,1.3844279543692546,182420,18892,163528
18059,1.3843512929841078,182420,18892,163528
18060,1.3842746400885935,182420,18892,163528
18061,1.3841979956813022,182420,18892,163528
18062,1.3841213597608237,182420,18892,163528
18063,1.3840447323257488,182420,18892,163528
18064,1.3839681133746677,182420,18892,163528
18065,1.3838915029061722,182420,18892,163528
18066,1.3838149009188532,182420,18892,163528
18067,1.3837383074113023,182420,18892,163528
18068,1.383661722382112,182420,18892,163528
18069,1.3835851458298745,182420,18892,163528
18070,1.3835085777531821,182420,18892,163528
18071,1.383432018150628,182420,18892,163528
18072,1.3833554670208057,182420,18892,163528
18073,1.3832789243623085,182420,18892,163528
18074,1.3832023901737303,182420,18892,163528
18075,1.3831258644536653,182420,18892,163528
18076,1.3830493472007082,182420,18892,163528
18077,1.3829728384134536,182420,18892,163528
18078,1.3828963380904968,182420,18892,163528
18079,1.382819846230433,182420,18892,163528
18080,1.3827433628318584,182420,18892,163528
18081,1.3826668878933688,182420,18892,163528
18082,1.3825904214135605,182420,18892,163528
18083,1.3825139633910302,182420,18892,163528
18084,1.3824375138243752,182420,18892,163528
18085,1.3823610727121924,182420,18892,163528
18086,1.3822846400530797,182420,18892,163528
18087,1.382208215845635,182420,18892,163528
18088,1.3821318000884564,182420,18892,163528
18089,1.3820553927801427,182420,18892,163528
18090,1.3819789939192924,182420,18892,163528
18091,1.381902603504505,182420,18892,163528
18092,1.3818262215343797,182420,18892,163528
18093,1.3817498480075168,182420,18892,163528
18094,1.3816734829225157,182420,18892,163528
18095,1.3815971262779774,182420,18892,163528
18096,1.3815207780725023,182420,18892,163528
18097,1.3814444383046913,182420,18892,163528
18098,1.3813681069731463,182420,18892,163528
18099,1.3812917840764682,182420,18892,163528
18100,1.3812154696132597,182420,18892,163528
18101,1.3811391635821226,182420,18892,163528
18102,1.3810628659816595,182420,18892,163528
18103,1.3809865768104734,182420,18892,163528
18104,1.3809102960671675,182420,18892,163528
18105,1.3808340237503451,182420,18892,163528
18106,1.3807577598586105,182420,18892,163528
18107,1.3806815043905671,182420,18892,163528
18108,1.38060525734482,182420,18892,163528
18109,1.3805290187199735,182420,18892,163528
18110,1.3804527885146327,182420,18892,163528
18111,1.3803765667274033,182420,18892,163528
18112,1.3803003533568905,182420,18892,163528
18113,1.3802241484017004,182420,18892,163528
18114,1.3801479518604394,182420,18892,163528
18115,1.3800717637317141,182420,18892,163528
18116,1.3799955840141311,182420,18892,163528
18117,1.379919412706298,182420,18892,163528
18118,1.379843249806822,182420,18892,163528
18119,1.3797670953143109,182420,18892,163528
18120,1.379690949227373,182420,18892,163528
18121,1.3796148115446167,182420,18892,163528
18122,1.3795386822646507,182420,18892,163528
18123,1.379462561386084,182420,18892,163528
18124,1.379386448907526,182420,18892,163528
18125,1.3793103448275863,182420,18892,163528
18126,1.3792342491448748,182420,18892,163528
18127,1.3791581618580018,182420,18892,163528
18128,1.379082082965578,182420,18892,163528
18129,1.3790060124662145,182420,18892,163528
18130,1.3789299503585217,182420,18892,163528
18131,1.378853896641112,182420,18892,163528
18132,1.3787778513125966,182420,18892,163528
18133,1.3787018143715877,182420,18892,163528
18134,1.378625785816698,182420,18892,163528
18135,1.3785497656465397,182420,18892,163528
18136,1.3784737538597265,182420,18892,163528
18137,1.3783977504548712,182420,18892,163528
18138,1.3783217554305878,182420,18892,163528
18139,1.3782457687854899,182420,18892,163528
18140,1.3781697905181918,182420,18892,163528
18141,1.3780938206273083,182420,18892,163528
18142,1.378017859111454,182420,18892,163528
18143,1.3779419059692444,182420,18892,163528
18144,1.3778659611992945,182420,18892,163528
18145,1.3777900248002204,182420,18892,163528
18146,1.377714096770638,182420,18892,163528
18147,1.3776381771091641,182420,18892,163528
18148,1.3775622658144149,182420,18892,163528
18149,1.3774863628850074,182420,18892,163528
18150,1.3774104683195592,182420,18892,163528
18151,1.3773345821166878,182420,18892,163528
18152,1.377258704275011,182420,18892,163528
18153,1.3771828347931472,182420,18892,163528
18154,1.3771069736697146,182420,18892,163528
18155,1.3770311209033324,182420,18892,163528
18156,1.3769552764926196,182420,18892,163528
18157,1.3768794404361955,182420,18892,163528
18158,1.3768036127326797,182420,18892,163528
18159,1.3767277933806927,182420,18892,163528
18160,1.3766519823788546,182420,18892,163528
18161,1.376576179725786,182420,18892,163528
18162,1.3765003854201079,182420,18892,163528
18163,1.3764245994604416,182420,18892,163528
18164,1.3763488218454085,182420,18892,163528
18165,1.3762730525736306,182420,18892,163528
18166,1.37619729164373,182420,18892,163528
18167,1.3761215390543293,182420,18892,163528
18168,1.376045794804051,182420,18892,163528
18169,1.3759700588915185,182420,18892,163528
18170,1.3758943313153549,182420,18892,163528
18171,1.3758186120741842,182420,18892,163528
18172,1.37574290116663,182420,18892,163528
18173,1.3756671985913167,182420,18892,163528
18174,1.3755915043468692,182420,18892,163528
18175,1.375515818431912,182420,18892,163528
18176,1.3754401408450705,182420,18892,163528
18177,1.37536447158497,182420,18892,163528
18178,1.3752888106502366,182420,18892,163528
18179,1.3752131580394962,182420,18892,163528
18180,1.375137513751375,182420,18892,163528
18181,1.3750618777845003,182420,18892,163528
18182,1.3749862501374985,182420,18892,163528
18183,1.3749106308089973,182420,18892,163528
18184,1.3748350197976242,182420,18892,163528
18185,1.3747594171020072,182420,18892,163528
18186,1.3746838227207743,182420,18892,163528
18187,1.374608236652554,182420,18892,163528
18188,1.3745326588959754,182420,18892,163528
18189,1.3744570894496675,182420,18892,163528
18190,1.3743815283122596,182420,18892,163528
18191,1.3743059754823814,182420,18892,163528
18192,1.374230430958663,182420,18892,163528
18193,1.374154894739735,182420,18892,163528
18194,1.3740793668242277,182420,18892,163528
18195,1.3740038472107723,182420,18892,163528
18196,1.3739283358979995,182420,18892,163528
18197,1.3738528328845414,182420,18892,163528
18198,1.3737773381690295,182420,18892,163528
18199,1.373701851750096,182420,18892,163528
18200,1.3736263736263736,182420,18892,163528
18201,1.3735509037964948,182420,18892,163528
18202,1.3734754422590925,182420,18892,163528
18203,1.3733999890128001,182420,18892,163528
18204,1.3733245440562514,182420,18892,163528
18205,1.3732491073880801,182420,18892,163528
18206,1.3731736790069209,182420,18892,163528
18207,1.3730982589114078,182420,18892,163528
18208,1.3730228471001757,182420,18892,163528
18209,1.37294744357186,182420,18892,163528
18210,1.372872048325096,182420,18892,163528
18211,1.3727966613585196,182420,18892,163528
18212,1.3727212826707664,182420,18892,163528
18213,1.3726459122604733,182420,18892,163528
18214,1.3725705501262766,182420,18892,163528
18215,1.372495196266813,182420,18892,163528
18216,1.3724198506807201,182420,18892,163528
18217,1.3723445133666357,182420,18892,163528
18218,1.3722691843231969,182420,18892,163528
18219,1.3721938635490423,182420,18892,163528
18220,1.37211855104281,182420,18892,163528
18221,1.3720432468031392,182420,18892,163528
18222,1.3719679508286686,182420,18892,163528
18223,1.3718926631180377,182420,18892,163528
18224,1.371817383669886,182420,18892,163528
18225,1.3717421124828533,182420,18892,163528
18226,1.37166684955558,182420,18892,163528
18227,1.3715915948867066,182420,18892,163528
18228,1.3715163484748738,182420,18892,163528
18229,1.371441110318723,182420,18892,163528
18230,1.3713658804168953,182420,18892,163528
18231,1.3712906587680325,182420,18892,163528
18232,1.3712154453707766,182420,18892,163528
18233,1.37114024022377,182420,18892,163528
18234,1.3710650433256553,182420,18892,163528
18235,1.3709898546750754,182420,18892,163528
18236,1.3709146742706735,182420,18892,163528
18237,1.3708395021110928,182420,18892,163528
18238,1.3707643381949774,182420,18892,163528
18239,1.3706891825209715,182420,18892,163528
18240,1.3706140350877194,182420,18892,163528
18241,1.3705388958938656,182420,18892,163528
18242,1.370463764938055,182420,18892,163528
18243,1.3703886422189333,182420,18892,163528
18244,1.3703135277351457,182420,18892,163528
18245,1.3702384214853385,182420,18892,163528
18246,1.3701633234681574,182420,18892,163528
18247,1.370088233682249,182420,18892,163528
18248,1.3700131521262604,182420,18892,163528
18249,1.3699380787988382,182420,18892,163528
18250,1.36986301369863,182420,18892,163528
18251,1.3697879568242837,182420,18892,163528
18252,1.3697129081744466,182420,18892,163528
18253,1.3696378677477674,182420,18892,163528
18254,1.3695628355428948,182420,18892,163528
18255,1.3694878115584772,182420,18892,163528
18256,1.3694127957931639,182420,18892,163528
18257,1.3693377882456044,182420,18892,163528
18258,1.3692627889144484,182420,18892,163528
18259,1.369187797798346,182420,18892,163528
18260,1.3691128148959475,182420,18892,163528
18261,1.3690378402059034,182420,18892,163528
18262,1.3689628737268644,182420,18892,163528
18263,1.3688879154574825,182420,18892,163528
18264,1.3688129653964083,182420,18892,163528
18265,1.368738023542294,182420,18892,163528
18266,1.3686630898937917,182420,18892,163528
18267,1.368588164449554,182420,18892,163528
18268,1.368513247208233,182420,18892,163528
18269,1.3684383381684821,182420,18892,163528
18270,1.3683634373289546,182420,18892,163528
18271,1.368288544688304,182420,18892,163528
18272,1.368213660245184,182420,18892,163528
18273,1.3681387839982488,182420,18892,163528
18274,1.368063915946153,182420,18892,163528
18275,1.3679890560875514,182420,18892,163528
18276,1.3679142044210988,182420,18892,163528
18277,1.3678393609454507,182420,18892,163528
18278,1.3677645256592625,182420,18892,163528
18279,1.3676896985611904,182420,18892,163528
18280,1.3676148796498906,182420,18892,163528
18281,1.3675400689240196,182420,18892,163528
18282,1.367465266382234,182420,18892,163528
18283,1.3673904720231909,182420,18892,163528
18284,1.367315685845548,182420,18892,163528
18285,1.3672409078479628,182420,18892,163528
18286,1.3671661380290934,182420,18892,163528
18287,1.3670913763875978,182420,18892,163528
18288,1.3670166229221348,182420,18892,163528
18289,1.366941877631363,182420,18892,163528
18290,1.366867140513942,182420,18892,163528
18291,1.366792411568531,182420,18892,163528
18292,1.3667176907937897,182420,18892,163528
18293,1.366642978188378,182420,18892,163528
18294,1.3665682737509566,182420,18892,163528
18295,1.3664935774801859,182420,18892,163528
18296,1.3664188893747267,182420,18892,163528
18297,1.3663442094332405,182420,18892,163528
18298,1.3662695376543885,182420,18892,163528
18299,1.3661948740368326,182420,18892,163528
18300,1.366120218579235,182420,18892,163528
18301,1.366045571280258,182420,18892,163528
18302,1.365970932138564,182420,18892,163528
18303,1.3658963011528165,182420,18892,163528
18304,1.3658216783216783,182420,18892,163528
18305,1.3657470636438132,182420,18892,163528
18306,1.3656724571178849,182420,18892,163528
18307,1.3655978587425575,182420,18892,163528
18308,1.3655232685164955,182420,18892,163528
18309,1.3654486864383637,182420,18892,163528
18310,1.3653741125068268,182420,18892,163528
18311,1.3652995467205504,182420,18892,163528
18312,1.3652249890782,182420,18892,163528
18313,1.3651504395784415,182420,18892,163528
18314,1.3650758982199411,182420,18892,163528
18315,1.365001365001365,182420,18892,163528
18316,1.3649268399213803,182420,18892,163528
18317,1.3648523229786538,182420,18892,163528
18318,1.3647778141718527,182420,18892,163528
18319,1.3647033134996451,182420,18892,163528
18320,1.3646288209606987,182420,18892,163528
18321,1.3645543365536816,182420,18892,163528
18322,1.3644798602772623,182420,18892,163528
18323,1.3644053921301098,182420,18892,163528
18324,1.3643309321108927,182420,18892,163528
18325,1.364256480218281,182420,18892,163528
18326,1.364182036450944,182420,18892,163528
18327,1.3641076008075517,182420,18892,163528
18328,1.3640331732867743,182420,18892,163528
18329,1.3639587538872824,182420,18892,163528
18330,1.363884342607747,182420,18892,163528
18331,1.3638099394468386,182420,18892,163528
18332,1.3637355444032293,182420,18892,163528
18333,1.3636611574755904,182408,18822,163586
18334,1.3635867786625941,182408,18822,163586
18335,1.3635124079629124,182408,18822,163586
18336,1.3634380453752182,182408,18822,163586
18337,1.363363690898184,182408,18822,163586
18338,1.3632893445304832,182408,18822,163586
18339,1.363215006270789,182408,18822,163586
18340,1.3631406761177753,182408,18822,163586
18341,1.3630663540701162,182408,18822,163586
18342,1.3629920401264857,182408,18822,163586
18343,1.3629177342855585,182408,18822,163586
18344,1.3628434365460096,182408,18822,163586
18345,1.362769146906514,182408,18822,163586
18346,1.3626948653657474,182408,18822,163586
18347,1.362620591922385,182408,18822,163586
18348,1.3625463265751037,182408,18822,163586
18349,1.362472069322579,182408,18822,163586
18350,1.3623978201634876,182408,18822,163586
18351,1.362323579096507,182408,18822,163586
18352,1.3622493461203138,182408,18822,163586
18353,1.3621751212335858,182408,18822,163586
18354,1.3621009044350005,182408,18822,163586
18355,1.362026695723236,182408,18822,163586
18356,1.361952495096971,182408,18822,163586
18357,1.3618783025548837,182408,18822,163586
18358,1.361804118095653,182408,18822,163586
18359,1.3617299417179585,182408,18822,163586
18360,1.3616557734204793,182408,18822,163586
18361,1.3615816132018954,182408,18822,163586
18362,1.3615074610608866,182408,18822,163586
18363,1.3614333169961335,182408,18822,163586
18364,1.3613591810063168,182408,18822,163586
18365,1.361285053090117,182408,18822,163586
18366,1.361210933246216,182408,18822,163586
18367,1.3611368214732944,182408,18822,163586
18368,1.3610627177700347,182408,18822,163586
18369,1.3609886221351188,182408,18822,163586
18370,1.360914534567229,182408,18822,163586
18371,1.3608404550650481,182408,18822,163586
18372,1.3607663836272588,182408,18822,163586
18373,1.3606923202525445,182408,18822,163586
18374,1.3606182649395886,182408,18822,163586
18375,1.3605442176870748,182408,18822,163586
18376,1.3604701784936875,182408,18822,163586
18377,1.3603961473581108,182408,18822,163586
18378,1.3603221242790293,182408,18822,163586
18379,1.3602481092551282,182408,18822,163586
18380,1.3601741022850924,182408,18822,163586
18381,1.360100103367608,182408,18822,163586
18382,1.36002611250136,182408,18822,163586
18383,1.359952129685035,182408,18822,163586
18384,1.3598781549173193,182408,18822,163586
18385,1.3598041881968996,182408,18822,163586
18386,1.3597302295224627,182408,18822,163586
18387,1.359656278892696,182408,18822,163586
18388,1.3595823363062867,182408,18822,163586
18389,1.3595084017619228,182408,18822,163586
18390,1.3594344752582925,182408,18822,163586
18391,1.359360556794084,182408,18822,163586
18392,1.359286646367986,182408,18822,163586
18393,1.3592127439786876,182408,18822,163586
18394,1.3591388496248777,182408,18822,163586
18395,1.359064963305246,182408,18822,163586
18396,1.3589910850184823,182408,18822,163586
18397,1.3589172147632766,182408,18822,163586
18398,1.3588433525383194,182408,18822,163586
18399,1.3587694983423013,182408,18822,163586
18400,1.358695652173913,182408,18822,163586
18401,1.358621814031846,182408,18822,163586
18402,1.3585479839147918,182408,18822,163586
18403,1.3584741618214422,182408,18822,163586
18404,1.3584003477504891,182408,18822,163586
18405,1.3583265417006247,182408,18822,163586
18406,1.3582527436705423,182408,18822,163586
18407,1.3581789536589342,182408,18822,163586
18408,1.3581051716644936,182408,18822,163586
18409,1.3580313976859144,182408,18822,163586
18410,1.3579576317218902,182408,18822,163586
18411,1.3578838737711152,182408,18822,163586
18412,1.3578101238322833,182408,18822,163586
18413,1.3577363819040895,182408,18822,163586
18414,1.3576626479852287,182408,18822,163586
18415,1.357588922074396,182408,18822,163586
18416,1.3575152041702867,182408,18822,163586
18417,1.3574414942715969,182408,18822,163586
18418,1.3573677923770224,182408,18822,163586
18419,1.3572940984852597,182408,18822,163586
18420,1.3572204125950054,182408,18822,163586
18421,1.3571467347049564,182408,18822,163586
18422,1.3570730648138096,182408,18822,163586
18423,1.3569994029202628,182408,18822,163586
18424,1.3569257490230135,182408,18822,163586
18425,1.3568521031207599,182408,18822,163586
18426,1.3567784652122001,182408,18822,163586
18427,1.356704835296033,182408,18822,163586
18428,1.3566312133709573,182408,18822,163586
18429,1.356557599435672,182408,18822,163586
18430,1.3564839934888768,182408,18822,163586
18431,1.3564103955292712,182408,18822,163586
18432,1.3563368055555556,182408,18822,163586
18433,1.3562632235664298,182408,18822,163586
18434,1.3561896495605945,182408,18822,163586
18435,1.3561160835367507,182408,18822,163586
18436,1.3560425254935995,182408,18822,163586
18437,1.355968975429842,182408,18822,163586
18438,1.3558954333441804,182408,18822,163586
18439,1.3558218992353164,182408,18822,163586
18440,1.3557483731019522,182408,18822,163586
18441,1.3556748549427906,182408,18822,163586
18442,1.355601344756534,182408,18822,163586
18443,1.3555278425418857,182408,18822,163586
18444,1.3554543482975494,182408,18822,163586
18445,1.3553808620222283,182408,18822,163586
18446,1.3553073837146266,182408,18822,163586
18447,1.3552339133734483,182408,18822,163586
18448,1.355160450997398,182408,18822,163586
18449,1.3550869965851808,182408,18822,163586
18450,1.3550135501355014,182408,18822,163586
18451,1.3549401116470652,182408,18822,163586
18452,1.3548666811185779,182408,18822,163586
18453,1.3547932585487454,182408,18822,163586
18454,1.354719843936274,182408,18822,163586
18455,1.3546464372798699,182408,18822,163586
18456,1.3545730385782402,182408,18822,163586
18457,1.3544996478300915,182408,18822,163586
18458,1.3544262650341314,182408,18822,163586
18459,1.3543528901890676,182408,18822,163586
18460,1.3542795232936078,182408,18822,163586
18461,1.35420616434646,182408,18822,163586
18462,1.354132813346333,182408,18822,163586
18463,1.3540594702919353,182408,18822,163586
18464,1.3539861351819757,182408,18822,163586
18465,1.353912808015164,182408,18822,163586
18466,1.353839488790209,182408,18822,163586
18467,1.3537661775058212,182408,18822,163586
18468,1.3536928741607104,182408,18822,163586
18469,1.3536195787535872,182408,18822,163586
18470,1.353546291283162,182408,18822,163586
18471,1.3534730117481457,182408,18822,163586
18472,1.35339974014725,182408,18822,163586
18473,1.353326476479186,182408,18822,163586
18474,1.3532532207426653,182408,18822,163586
18475,1.3531799729364005,182408,18822,163586
18476,1.3531067330591038,182408,18822,163586
18477,1.3530335011094874,182408,18822,163586
18478,1.3529602770862648,182408,18822,163586
18479,1.3528870609881487,182408,18822,163586
18480,1.352813852813853,182408,18822,163586
18481,1.3527406525620909,182408,18822,163586
18482,1.3526674602315767,182408,18822,163586
18483,1.3525942758210248,182408,18822,163586
18484,1.3525210993291494,182408,18822,163586
18485,1.352447930754666,182408,18822,163586
18486,1.3523747700962891,182408,18822,163586
18487,1.3523016173527345,182408,18822,163586
18488,1.3522284725227174,182408,18822,163586
18489,1.3521553356049543,182408,18822,163586
18490,1.3520822065981613,182408,18822,163586
18491,1.3520090855010545,182408,18822,163586
18492,1.3519359723123512,182408,18822,163586
18493,1.3518628670307684,182408,18822,163586
18494,1.3517897696550232,182408,18822,163586
18495,1.3517166801838334,182408,18822,163586
18496,1.351643598615917,182408,18822,163586
18497,1.3515705249499919,182408,18822,163586
18498,1.3514974591847768,182408,18822,163586
18499,1.3514244013189902,182408,18822,163586
18500,1.3513513513513513,182408,18822,163586
18501,1.3512783092805793,182408,18822,163586
18502,1.351205275105394,182408,18822,163586
18503,1.351132248824515,182408,18822,163586
18504,1.3510592304366624,182408,18822,163586
18505,1.3509862199405567,182408,18822,163586
18506,1.3509132173349183,182408,18822,163586
18507,1.3508402226184686,182408,18822,163586
18508,1.3507672357899287,182408,18822,163586
18509,1.3506942568480198,182408,18822,163586
18510,1.3506212857914641,182408,18822,163586
18511,1.3505483226189834,182408,18822,163586
18512,1.3504753673293,182408,18822,163586
18513,1.3504024199211364,182408,18822,163586
18514,1.350329480393216,182408,18822,163586
18515,1.3502565487442615,182408,18822,163586
18516,1.3501836249729964,182408,18822,163586
18517,1.3501107090781443,182408,18822,163586
18518,1.3500378010584297,182408,18822,163586
18519,1.3499649009125763,182408,18822,163586
18520,1.349892008639309,182408,18822,163586
18521,1.3498191242373523,182408,18822,163586
18522,1.3497462477054314,182408,18822,163586
18523,1.3496733790422717,182408,18822,163586
18524,1.349600518246599,182408,18822,163586
18525,1.349527665317139,182408,18822,163586
18526,1.349454820252618,182408,18822,163586
18527,1.3493819830517624,182408,18822,163586
18528,1.3493091537132988,182408,18822,163586
18529,1.3492363322359544,182408,18822,163586
18530,1.3491635186184565,182408,18822,163586
18531,1.3490907128595326,182408,18822,163586
18532,1.3490179149579107,182408,18822,163586
18533,1.3489451249123185,182408,18822,163586
18534,1.3488723427214848,182408,18822,163586
18535,1.348799568384138,182408,18822,163586
18536,1.3487268018990073,182408,18822,163586
18537,1.3486540432648217,182408,18822,163586
18538,1.3485812924803107,182408,18822,163586
18539,1.3485085495442042,182408,18822,163586
18540,1.348435814455232,182408,18822,163586
18541,1.3483630872121244,182408,18822,163586
18542,1.3482903678136124,182408,18822,163586
18543,1.3482176562584263,182408,18822,163586
18544,1.3481449525452978,182408,18822,163586
18545,1.3480722566729577,182408,18822,163586
18546,1.347999568640138,182408,18822,163586
18547,1.3479268884455706,182408,18822,163586
18548,1.3478542160879878,182408,18822,163586
18549,1.3477815515661222,182408,18822,163586
18550,1.3477088948787062,182408,18822,163586
18551,1.347636246024473,182408,18822,163586
18552,1.347563605002156,182408,18822,163586
18553,1.3474909718104888,182408,18822,163586
18554,1.3474183464482052,182408,18822,163586
18555,1.3473457289140394,182408,18822,163586
18556,1.3472731192067255,182408,18822,163586
18557,1.3472005173249986,182408,18822,163586
18558,1.3471279232675935,182408,18822,163586
18559,1.3470553370332454,182408,18822,163586
18560,1.3469827586206897,182408,18822,163586
18561,1.3469101880286622,182408,18822,163586
18562,1.3468376252558991,182408,18822,163586
18563,1.3467650703011367,182408,18822,163586
18564,1.3466925231631115,182408,18822,163586
18565,1.3466199838405601,182408,18822,163586
18566,1.3465474523322203,182408,18822,163586
18567,1.3464749286368287,182408,18822,163586
18568,1.3464024127531236,182408,18822,163586
18569,1.3463299046798427,182408,18822,163586
18570,1.3462574044157243,182408,18822,163586
18571,1.3461849119595068,182408,18822,163586
18572,1.346112427309929,182408,18822,163586
18573,1.3460399504657299,182408,18822,163586
18574,1.3459674814256488,182408,18822,163586
18575,1.3458950201884252,182408,18822,163586
18576,1.3458225667527992,182408,18822,163586
18577,1.345750121117511,182408,18822,163586
18578,1.3456776832813004,182408,18822,163586
18579,1.3456052532429086,182408,18822,163586
18580,1.3455328310010763,182408,18822,163586
18581,1.345460416554545,182408,18822,163586
18582,1.3453880099020556,182408,18822,163586
18583,1.3453156110423505,182408,18822,163586
18584,1.3452432199741713,182408,18822,163586
18585,1.3451708366962605,182408,18822,163586
18586,1.3450984612073604,182408,18822,163586
18587,1.345026093506214,182408,18822,163586
18588,1.3449537335915644,182408,18822,163586
18589,1.344881381462155,182408,18822,163586
18590,1.3448090371167294,182408,18822,163586
18591,1.3447367005540316,182408,18822,163586
18592,1.3446643717728055,182408,18822,163586
18593,1.3445920507717959,182408,18822,163586
18594,1.3445197375497473,182408,18822,163586
18595,1.3444474321054047,182408,18822,163586
18596,1.3443751344375134,182408,18822,163586
18597,1.344302844544819,182408,18822,163586
18598,1.3442305624260673,182408,18822,163586
18599,1.3441582880800043,182408,18822,163586
18600,1.3440860215053763,182408,18822,163586
18601,1.34401376270093,182408,18822,163586
18602,1.3439415116654123,182408,18822,163586
18603,1.3438692683975704,182408,18822,163586
18604,1.3437970328961513,182408,18822,163586
18605,1.3437248051599033,182408,18822,163586
18606,1.3436525851875738,182408,18822,163586
18607,1.3435803729779114,182408,18822,163586
18608,1.3435081685296646,182408,18822,163586
18609,1.343435971841582,182408,18822,163586
18610,1.3433637829124128,182408,18822,163586
18611,1.343291601740906,182408,18822,163586
18612,1.3432194283258112,182408,18822,163586
18613,1.3431472626658787,182408,18822,163586
18614,1.3430751047598581,182408,18822,163586
18615,1.3430029546065,182408,18822,163586
18616,1.3429308122045551,182408,18822,163586
18617,1.3428586775527744,182408,18822,163586
18618,1.3427865506499086,182408,18822,163586
18619,1.3427144314947097,182408,18822,163586
18620,1.3426423200859292,182408,18822,163586
18621,1.342570216422319,182408,18822,163586
18622,1.3424981205026314,182408,18822,163586
18623,1.342426032325619,182408,18822,163586
18624,1.3423539518900343,182408,18822,163586
18625,1.342281879194631,182408,18822,163586
18626,1.3422098142381618,182408,18822,163586
18627,1.3421377570193804,182408,18822,163586
18628,1.342065707537041,182408,18822,163586
18629,1.3419936657898974,182408,18822,163586
18630,1.3419216317767042,182408,18822,163586
18631,1.341849605496216,182408,18822,163586
18632,1.3417775869471877,182408,18822,163586
18633,1.3417055761283745,182408,18822,163586
18634,1.3416335730385318,182408,18822,163586
18635,1.3415615776764154,182408,18822,163586
18636,1.3414895900407813,182408,18822,163586
18637,1.3414176101303859,182408,18822,163586
18638,1.3413456379439854,182408,18822,163586
18639,1.341273673480337,182408,18822,163586
18640,1.3412017167381973,182408,18822,163586
18641,1.3411297677163243,182408,18822,163586
18642,1.341057826413475,182408,18822,163586
18643,1.3409858928284075,182408,18822,163586
18644,1.3409139669598797,182408,18822,163586
18645,1.3408420488066506,182408,18822,163586
18646,1.3407701383674784,182408,18822,163586
18647,1.340698235641122,182408,18822,163586
18648,1.3406263406263406,182408,18822,163586
18649,1.340554453321894,182408,18822,163586
18650,1.3404825737265416,182408,18822,163586
18651,1.3404107018390434,182408,18822,163586
18652,1.34033883765816,182408,18822,163586
18653,1.3402669811826515,182408,18822,163586
18654,1.340195132411279,182408,18822,163586
18655,1.3401232913428036,182408,18822,163586
18656,1.3400514579759863,182408,18822,163586
18657,1.339979632309589,182408,18822,163586
18658,1.3399078143423733,182408,18822,163586
18659,1.3398360040731014,182408,18822,163586
18660,1.339764201500536,182408,18822,163586
18661,1.3396924066234392,182408,18822,163586
18662,1.3396206194405744,182408,18822,163586
18663,1.3395488399507045,182408,18822,163586
18664,1.3394770681525932,182408,18822,163586
18665,1.339405304045004,182408,18822,163586
18666,1.339333547626701,182408,18822,163586
18667,1.3392617988964484,182408,18822,163586
18668,1.3391900578530105,182408,18822,163586
18669,1.3391183244951523,182408,18822,163586
18670,1.339046598821639,182408,18822,163586
18671,1.3389748808312356,182408,18822,163586
18672,1.338903170522708,182408,18822,163586
18673,1.3388314678948214,182408,18822,163586
18674,1.3387597729463425,182408,18822,163586
18675,1.3386880856760375,182408,18822,163586
18676,1.3386164060826728,182408,18822,163586
18677,1.3385447341650158,182408,18822,163586
18678,1.3384730699218332,182408,18822,163586
18679,1.3384014133518924,182408,18822,163586
18680,1.3383297644539613,182408,18822,163586
18681,1.338258123226808,182408,18822,163586
18682,1.3381864896692004,182408,18822,163586
18683,1.338114863779907,182408,18822,163586
18684,1.3380432455576965,182408,18822,163586
18685,1.337971635001338,182408,18822,163586
18686,1.3379000321096008,182408,18822,163586
18687,1.3378284368812543,182408,18822,163586
18688,1.3377568493150684,182408,18822,163586
18689,1.3376852694098134,182408,18822,163586
18690,1.337613697164259,182408,18822,163586
18691,1.3375421325771761,182408,18822,163586
18692,1.3374705756473357,182408,18822,163586
18693,1.3373990263735087,182408,18822,163586
18694,1.3373274847544667,182408,18822,163586
18695,1.337255950788981,182408,18822,163586
18696,1.3371844244758238,182408,18822,163586
18697,1.337112905813767,182408,18822,163586
18698,1.3370413948015831,182408,18822,163586
18699,1.3369698914380448,182408,18822,163586
18700,1.3368983957219251,182408,18822,163586
18701,1.3368269076519972,182408,18822,163586
18702,1.3367554272270346,182408,18822,163586
18703,1.336683954445811,182408,18822,163586
18704,1.3366124893071,182408,18822,163586
18705,1.3365410318096766,182408,18822,163586
18706,1.3364695819523147,182408,18822,163586
18707,1.3363981397337894,182408,18822,163586
18708,1.3363267051528758,182408,18822,163586
18709,1.336255278208349,182408,18822,163586
18710,1.3361838588989845,182408,18822,163586
18711,1.3361124472235584,182408,18822,163586
18712,1.3360410431808465,182408,18822,163586
18713,1.3359696467696254,182408,18822,163586
18714,1.3358982579886716,182408,18822,163586
18715,1.335826876836762,182408,18822,163586
18716,1.3357555033126736,182408,18822,163586
18717,1.335684137415184,182408,18822,163586
18718,1.3356127791430707,182408,18822,163586
18719,1.335541428495112,182408,18822,163586
18720,1.3354700854700854,182408,18822,163586
18721,1.33539875006677,182408,18822,163586
18722,1.335327422283944,182408,18822,163586
18723,1.3352561021203866,182408,18822,163586
18724,1.3351847895748772,182408,18822,163586
18725,1.335113484646195,182408,18822,163586
18726,1.3350421873331197,182408,18822,163586
18727,1.3349708976344317,182408,18822,163586
18728,1.3348996155489108,182408,18822,163586
18729,1.3348283410753377,182408,18822,163586
18730,1.3347570742124932,182408,18822,163586
18731,1.3346858149591587,182408,18822,163586
18732,1.3346145633141149,182408,18822,163586
18733,1.3345433192761438,182408,18822,163586
18734,1.3344720828440269,182408,18822,163586
18735,1.3344008540165466,182408,18822,163586
18736,1.334329632792485,182408,18822,163586
18737,1.334258419170625,182408,18822,163586
18738,1.3341872131497492,182408,18822,163586
18739,1.3341160147286408,182408,18822,163586
18740,1.3340448239060831,182408,18822,163586
18741,1.3339736406808602,182408,18822,163586
18742,1.3339024650517555,182408,18822,163586
18743,1.3338312970175532,182408,18822,163586
18744,1.333760136577038,182408,18822,163586
18745,1.3336889837289945,182408,18822,163586
18746,1.3336178384722075,182408,18822,163586
18747,1.3335467008054622,182408,18822,163586
18748,1.3334755707275443,182408,18822,163586
18749,1.3334044482372394,182408,18822,163586
18750,1.3333333333333333,182408,18822,163586
18751,1.3332622260146125,182408,18822,163586
18752,1.3331911262798635,182408,18822,163586
18753,1.3331200341278728,182408,18822,163586
18754,1.3330489495574278,182408,18822,163586
18755,1.3329778725673154,182408,18822,163586
18756,1.3329068031563234,182408,18822,163586
18757,1.3328357413232392,182408,18822,163586
18758,1.3327646870668515,182408,18822,163586
18759,1.3326936403859482,182408,18822,163586
18760,1.3326226012793176,182408,18822,163586
18761,1.332551569745749,182408,18822,163586
18762,1.3324805457840316,182408,18822,163586
18763,1.3324095293929543,182408,18822,163586
18764,1.3323385205713068,182408,18822,163586
18765,1.332267519317879,182408,18822,163586
18766,1.3321965256314612,182408,18822,163586
18767,1.3321255395108436,182408,18822,163586
18768,1.3320545609548167,182408,18822,163586
18769,1.3319835899621717,182408,18822,163586
18770,1.3319126265316996,182408,18822,163586
18771,1.3318416706621916,182408,18822,163586
18772,1.3317707223524398,182408,18822,163586
18773,1.331699781601236,182408,18822,163586
18774,1.331628848407372,182408,18822,163586
18775,1.3315579227696406,182408,18822,163586
18776,1.3314870046868343,182408,18822,163586
18777,1.3314160941577462,182408,18822,163586
18778,1.3313451911811696,182408,18822,163586
18779,1.3312742957558976,182408,18822,163586
18780,1.3312034078807242,182408,18822,163586
18781,1.3311325275544432,182408,18822,163586
18782,1.3310616547758491,182408,18822,163586
18783,1.3309907895437363,182408,18822,163586
18784,1.3309199318568994,182408,18822,163586
18785,1.3308490817141336,182408,18822,163586
18786,1.330778239114234,182408,18822,163586
18787,1.330707404055996,182408,18822,163586
18788,1.330636576538216,182408,18822,163586
18789,1.3305657565596891,182408,18822,163586
18790,1.3304949441192124,182408,18822,163586
18791,1.330424139215582,182408,18822,163586
18792,1.3303533418475948,182408,18822,163586
18793,1.3302825520140478,182408,18822,163586
18794,1.3302117697137383,182408,18822,163586
18795,1.3301409949454641,182408,18822,163586
18796,1.330070227708023,182408,18822,163586
18797,1.3299994680002127,182408,18822,163586
18798,1.329928715820832,182408,18822,163586
18799,1.329857971168679,182408,18822,163586
18800,1.3297872340425532,182408,18822,163586
18801,1.329716504441253,182408,18822,163586
18802,1.3296457823635783,182408,18822,163586
18803,1.3295750678083285,182408,18822,163586
18804,1.3295043607743033,182408,18822,163586
18805,1.329433661260303,182408,18822,163586
18806,1.329362969265128,182408,18822,163586
18807,1.329292284787579,182408,18822,163586
18808,1.329221607826457,182408,18822,163586
18809,1.3291509383805624,182408,18822,163586
18810,1.3290802764486975,182408,18822,163586
18811,1.3290096220296634,182408,18822,163586
18812,1.3289389751222624,182408,18822,163586
18813,1.3288683357252964,182408,18822,163586
18814,1.3287977038375678,182408,18822,163586
18815,1.3287270794578794,182408,18822,163586
18816,1.3286564625850341,182408,18822,163586
18817,1.328585853217835,182408,18822,163586
18818,1.3285152513550855,182408,18822,163586
18819,1.3284446569955897,182408,18822,163586
18820,1.328374070138151,182408,18822,163586
18821,1.3283034907815738,182408,18822,163586
18822,1.3282329189246627,182408,18822,163586
18823,1.3281623545662222,182408,18822,163586
18824,1.3280917977050575,182408,18822,163586
18825,1.3280212483399734,182408,18822,163586
18826,1.3279507064697758,182408,18822,163586
18827,1.3278801720932703,182408,18822,163586
18828,1.3278096452092627,182408,18822,163586
18829,1.3277391258165596,182408,18822,163586
18830,1.327668613913967,182408,18822,163586
18831,1.327598109500292,182408,18822,163586
18832,1.3275276125743416,182408,18822,163586
18833,1.3274571231349228,182408,18822,163586
18834,1.3273866411808433,182408,18822,163586
18835,1.3273161667109106,182408,18822,163586
18836,1.3272456997239328,182408,18822,163586
18837,1.3271752402187185,182408,18822,163586
18838,1.3271047881940758,182408,18822,163586
18839,1.3270343436488137,182408,18822,163586
18840,1.326963906581741,182408,18822,163586
18841,1.3268934769916672,182408,18822,163586
18842,1.3268230548774016,182408,18822,163586
18843,1.326752640237754,182408,18822,163586
18844,1.3266822330715347,182408,18822,163586
18845,1.3266118333775536,182408,18822,163586
18846,1.3265414411546217,182408,18822,163586
18847,1.3264710564015494,182408,18822,163586
18848,1.3264006791171477,182408,18822,163586
18849,1.326330309300228,182408,18822,163586
18850,1.3262599469496021,182408,18822,163586
18851,1.3261895920640814,182408,18822,163586
18852,1.3261192446424783,182408,18822,163586
18853,1.3260489046836048,182408,18822,163586
18854,1.3259785721862736,182408,18822,163586
18855,1.3259082471492973,182408,18822,163586
18856,1.3258379295714893,182408,18822,163586
18857,1.3257676194516625,182408,18822,163586
18858,1.3256973167886308,182408,18822,163586
18859,1.3256270215812078,182408,18822,163586
18860,1.325556733828208,182408,18822,163586
18861,1.325486453528445,182408,18822,163586
18862,1.3254161806807339,182408,18822,163586
18863,1.3253459152838891,182408,18822,163586
18864,1.3252756573367261,182408,18822,163586
18865,1.3252054068380599,182408,18822,163586
18866,1.3251351637867061,182408,18822,163586
18867,1.3250649281814808,182408,18822,163586
18868,1.3249947000212,182408,18822,163586
18869,1.3249244793046797,182408,18822,163586
18870,1.3248542660307365,182408,18822,163586
18871,1.3247840601981877,182408,18822,163586
18872,1.32471386180585,182408,18822,163586
18873,1.3246436708525406,182408,18822,163586
18874,1.3245734873370774,182408,18822,163586
18875,1.3245033112582782,182408,18822,163586
18876,1.3244331426149607,182408,18822,163586
18877,1.3243629814059437,182408,18822,163586
18878,1.3242928276300456,182408,18822,163586
18879,1.3242226812860851,182408,18822,163586
18880,1.3241525423728813,182408,18822,163586
18881,1.3240824108892537,182408,18822,163586
18882,1.3240122868340218,182408,18822,163586
18883,1.3239421702060055,182408,18822,163586
18884,1.3238720610040247,182408,18822,163586
18885,1.3238019592268997,182408,18822,163586
18886,1.3237318648734513,182408,18822,163586
18887,1.3236617779425002,182408,18822,163586
18888,1.3235916984328675,182408,18822,163586
18889,1.3235216263433744,182408,18822,163586
18890,1.3234515616728428,182408,18822,163586
18891,1.3233815044200943,182408,18822,163586
18892,1.3233114545839508,182408,18822,163586
18893,1.323241412163235,182408,18822,163586
18894,1.3231713771567692,182408,18822,163586
18895,1.3231013495633765,182408,18822,163586
18896,1.3230313293818798,182408,18822,163586
18897,1.3229613166111023,182408,18822,163586
18898,1.3228913112498677,182408,18822,163586
18899,1.322821313297,182408,18822,163586
18900,1.3227513227513228,182408,18822,163586
18901,1.3226813396116608,182408,18822,163586
18902,1.3226113638768384,182408,18822,163586
18903,1.3225413955456806,182408,18822,163586
18904,1.3224714346170123,182408,18822,163586
18905,1.3224014810896587,182408,18822,163586
18906,1.3223315349624458,182408,18822,163586
18907,1.322261596234199,182408,18822,163586
18908,1.3221916649037444,182408,18822,163586
18909,1.3221217409699084,182408,18822,163586
18910,1.3220518244315178,182408,18822,163586
18911,1.3219819152873988,182408,18822,163586
18912,1.321912013536379,182408,18822,163586
18913,1.3218421191772856,182408,18822,163586
18914,1.3217722322089458,182408,18822,163586
18915,1.3217023526301876,182408,18822,163586
18916,1.3216324804398394,182408,18822,163586
18917,1.3215626156367288,182408,18822,163586
18918,1.321492758219685,182408,18822,163586
18919,1.3214229081875364,182408,18822,163586
18920,1.3213530655391121,182408,18822,163586
18921,1.3212832302732413,182408,18822,163586
18922,1.3212134023887538,182408,18822,163586
18923,1.3211435818844792,182408,18822,163586
18924,1.3210737687592475,182408,18822,163586
18925,1.321003963011889,182408,18822,163586
18926,1.3209341646412343,182408,18822,163586
18927,1.320864373646114,182408,18822,163586
18928,1.3207945900253593,182408,18822,163586
18929,1.3207248137778012,182408,18822,163586
18930,1.3206550449022716,182408,18822,163586
18931,1.3205852833976017,182408,18822,163586
18932,1.320515529262624,182408,18822,163586
18933,1.3204457824961706,182408,18822,163586
18934,1.3203760430970741,182408,18822,163586
18935,1.3203063110641668,182408,18822,163586
18936,1.3202365863962822,182408,18822,163586
18937,1.3201668690922532,182408,18822,163586
18938,1.3200971591509134,182408,18822,163586
18939,1.3200274565710968,182408,18822,163586
18940,1.3199577613516367,182408,18822,163586
18941,1.3198880734913678,182408,18822,163586
18942,1.3198183929891247,182408,18822,163586
18943,1.3197487198437416,182408,18822,163586
18944,1.319679054054054,182408,18822,163586
18945,1.3196093956188968,182408,18822,163586
18946,1.3195397445371055,182408,18822,163586
18947,1.3194701008075158,182408,18822,163586
18948,1.3194004644289634,182408,18822,163586
18949,1.319330835400285,182408,18822,163586
18950,1.3192612137203166,182408,18822,163586
18951,1.319191599387895,182408,18822,163586
18952,1.3191219924018573,182408,18822,163586
18953,1.3190523927610405,182408,18822,163586
18954,1.3189828004642818,182408,18822,163586
18955,1.3189132155104195,182408,18822,163586
18956,1.3188436378982908,182408,18822,163586
18957,1.318774067626734,182408,18822,163586
18958,1.318704504694588,182408,18822,163586
18959,1.318634949100691,182408,18822,163586
18960,1.3185654008438819,182408,18822,163586
18961,1.318495859923,182408,18822,163586
18962,1.3184263263368843,182408,18822,163586
18963,1.3183568000843748,182408,18822,163586
18964,1.3182872811643114,182408,18822,163586
18965,1.318217769575534,182408,18822,163586
18966,1.3181482653168828,182408,18822,163586
18967,1.3180787683871988,182408,18822,163586
18968,1.3180092787853226,182408,18822,163586
18969,1.3179397965100954,182408,18822,163586
18970,1.3178703215603584,182408,18822,163586
18971,1.3178008539349533,182408,18822,163586
18972,1.317731393632722,182408,18822,163586
18973,1.3176619406525063,182408,18822,163586
18974,1.3175924949931486,182408,18822,163586
18975,1.3175230566534915,182408,18822,163586
18976,1.3174536256323777,182408,18822,163586
18977,1.3173842019286506,182408,18822,163586
18978,1.3173147855411529,182408,18822,163586
18979,1.3172453764687286,182408,18822,163586
18980,1.3171759747102212,182408,18822,163586
18981,1.317106580264475,182408,18822,163586
18982,1.317037193130334,182408,18822,163586
18983,1.3169678133066427,182408,18822,163586
18984,1.3168984407922462,182408,18822,163586
18985,1.3168290755859888,182408,18822,163586
18986,1.3167597176867165,182408,18822,163586
18987,1.3166903670932744,182408,18822,163586
18988,1.3166210238045082,182408,18822,163586
18989,1.3165516878192638,182408,18822,163586
18990,1.3164823591363877,182408,18822,163586
18991,1.3164130377547258,182408,18822,163586
18992,1.3163437236731255,182408,18822,163586
18993,1.3162744168904332,182408,18822,163586
18994,1.3162051174054965,182408,18822,163586
18995,1.3161358252171624,182408,18822,163586
18996,1.3160665403242788,182408,18822,163586
18997,1.3159972627256935,182408,18822,163586
18998,1.3159279924202547,182408,18822,163586
18999,1.315858729406811,182408,18822,163586
19000,1.3157894736842106,182408,18822,163586
19001,1.3157202252513025,182408,18822,163586
19002,1.3156509841069361,182408,18822,163586
19003,1.3155817502499605,182408,18822,163586
19004,1.3155125236792253,182408,18822,163586
19005,1.3154433043935807,182408,18822,163586
19006,1.3153740923918762,182408,18822,163586
19007,1.3153048876729625,182408,18822,163586
19008,1.3152356902356903,182408,18822,163586
19009,1.31516650007891,182408,18822,163586
19010,1.3150973172014728,182408,18822,163586
19011,1.3150281416022302,182408,18822,163586
19012,1.3149589732800337,182408,18822,163586
19013,1.314889812233735,182408,18822,163586
19014,1.3148206584621858,182408,18822,163586
19015,1.3147515119642388,182408,18822,163586
19016,1.3146823727387462,182408,18822,163586
19017,1.3146132407845612,182408,18822,163586
19018,1.3145441161005362,182408,18822,163586
19019,1.314474998685525,182408,18822,163586
19020,1.3144058885383807,182408,18822,163586
19021,1.314336785657957,182408,18822,163586
19022,1.314267690043108,182408,18822,163586
19023,1.3141986016926879,182408,18822,163586
19024,1.314129520605551,182408,18822,163586
19025,1.314060446780552,182408,18822,163586
19026,1.3139913802165457,182408,18822,163586
19027,1.3139223209123876,182408,18822,163586
19028,1.3138532688669329,182408,18822,163586
19029,1.3137842240790372,182408,18822,163586
19030,1.3137151865475565,182408,18822,163586
19031,1.3136461562713468,182408,18822,163586
19032,1.3135771332492645,182408,18822,163586
19033,1.313508117480166,182408,18822,163586
19034,1.3134391089629085,182408,18822,163586
19035,1.3133701076963489,182408,18822,163586
19036,1.3133011136793444,182408,18822,163586
19037,1.3132321269107528,182408,18822,163586
19038,1.3131631473894316,182408,18822,163586
19039,1.313094175114239,182408,18822,163586
19040,1.3130252100840336,182408,18822,163586
19041,1.3129562522976734,182408,18822,163586
19042,1.3128873017540175,182408,18822,163586
19043,1.3128183584519246,182408,18822,163586
19044,1.312749422390254,182408,18822,163586
19045,1.3126804935678655,182408,18822,163586
19046,1.3126115719836187,182408,18822,163586
19047,1.3125426576363732,182408,18822,163586
19048,1.3124737505249895,182408,18822,163586
19049,1.312404850648328,182408,18822,163586
19050,1.3123359580052494,182408,18822,163586
19051,1.3122670725946144,182408,18822,163586
19052,1.3121981944152845,182408,18822,163586
19053,1.3121293234661209,182408,18822,163586
19054,1.312060459745985,182408,18822,163586
19055,1.311991603253739,182408,18822,163586
19056,1.3119227539882452,182408,18822,163586
19057,1.3118539119483654,182408,18822,163586
19058,1.3117850771329624,182408,18822,163586
19059,1.3117162495408994,182408,18822,163586
19060,1.3116474291710387,182408,18822,163586
19061,1.3115786160222445,182408,18822,163586
19062,1.3115098100933795,182408,18822,163586
19063,1.311441011383308,182408,18822,163586
19064,1.311372219890894,182408,18822,163586
19065,1.3113034356150013,182408,18822,163586
19066,1.311234658554495,182408,18822,163586
19067,1.3111658887082394,182408,18822,163586
19068,1.3110971260750997,182408,18822,163586
19069,1.311028370653941,182408,18822,163586
19070,1.3109596224436288,182408,18822,163586
19071,1.3108908814430287,182408,18822,163586
19072,1.3108221476510067,182408,18822,163586
19073,1.310753421066429,182408,18822,163586
19074,1.310684701688162,182408,18822,163586
19075,1.3106159895150722,182408,18822,163586
19076,1.3105472845460264,182408,18822,163586
19077,1.310478586779892,182408,18822,163586
19078,1.3104098962155362,182408,18822,163586
19079,1.3103412128518266,182408,18822,163586
19080,1.310272536687631,182408,18822,163586
19081,1.3102038677218175,182408,18822,163586
19082,1.3101352059532543,182408,18822,163586
19083,1.31006655138081,182408,18822,163586
19084,1.3099979040033536,182408,18822,163586
19085,1.3099292638197537,182408,18822,163586
19086,1.3098606308288798,182408,18822,163586
19087,1.3097920050296012,182408,18822,163586
19088,1.309723386420788,182408,18822,163586
19089,1.3096547750013097,182408,18822,163586
19090,1.3095861707700367,182408,18822,163586
19091,1.3095175737258393,182408,18822,163586
19092,1.3094489838675885,182408,18822,163586
19093,1.309380401194155,182408,18822,163586
19094,1.3093118257044098,182408,18822,163586
19095,1.3092432573972244,182408,18822,163586
19096,1.3091746962714705,182408,18822,163586
19097,1.3091061423260197,182408,18822,163586
19098,1.3090375955597444,182408,18822,163586
19099,1.3089690559715168,182408,18822,163586
19100,1.3089005235602094,182408,18822,163586
19101,1.308831998324695,182408,18822,163586
19102,1.3087634802638468,182408,18822,163586
19103,1.3086949693765377,182408,18822,163586
19104,1.3086264656616415,182408,18822,163586
19105,1.308557969118032,182408,18822,163586
19106,1.308489479744583,182408,18822,163586
19107,1.3084209975401686,182408,18822,163586
19108,1.3083525225036634,182408,18822,163586
19109,1.308284054633942,182408,18822,163586
19110,1.3082155939298796,182408,18822,163586
19111,1.308147140390351,182408,18822,163586
19112,1.308078694014232,182408,18822,163586
19113,1.3080102548003976,182408,18822,163586
19114,1.3079418227477242,182408,18822,163586
19115,1.3078733978550876,182408,18822,163586
19116,1.3078049801213643,182408,18822,163586
19117,1.3077365695454308,182408,18822,163586
19118,1.3076681661261638,182408,18822,163586
19119,1.3075997698624404,182408,18822,163586
19120,1.3075313807531381,182408,18822,163586
19121,1.307462998797134,182408,18822,163586
19122,1.307394623993306,182408,18822,163586
19123,1.3073262563405323,182408,18822,163586
19124,1.3072578958376908,182408,18822,163586
19125,1.3071895424836601,182408,18822,163586
19126,1.3071211962773188,182408,18822,163586
19127,1.307052857217546,182408,18822,163586
19128,1.3069845253032204,182408,18822,163586
19129,1.3069162005332218,182408,18822,163586
19130,1.3068478829064296,182408,18822,163586
19131,1.306779572421724,182408,18822,163586
19132,1.3067112690779845,182408,18822,163586
19133,1.3066429728740918,182408,18822,163586
19134,1.3065746838089265,182408,18822,163586
19135,1.3065064018813692,182408,18822,163586
19136,1.306438127090301,182408,18822,163586
19137,1.3063698594346032,182408,18822,163586
19138,1.306301598913157,182408,18822,163586
19139,1.3062333455248445,182408,18822,163586
19140,1.3061650992685476,182408,18822,163586
19141,1.3060968601431482,182408,18822,163586
19142,1.306028628147529,182408,18822,163586
19143,1.3059604032805725,182408,18822,163586
19144,1.3058921855411618,182408,18822,163586
19145,1.3058239749281797,182408,18822,163586
19146,1.3057557714405097,182408,18822,163586
19147,1.3056875750770356,182408,18822,163586
19148,1.305619385836641,182408,18822,163586
19149,1.3055512037182098,182408,18822,163586
19150,1.3054830287206267,182408,18822,163586
19151,1.3054148608427758,182408,18822,163586
19152,1.3053467000835421,182408,18822,163586
19153,1.3052785464418106,182408,18822,163586
19154,1.3052103999164666,182408,18822,163586
19155,1.3051422605063951,182408,18822,163586
19156,1.3050741282104823,182408,18822,163586
19157,1.3050060030276138,182408,18822,163586
19158,1.304937884956676,182408,18822,163586
19159,1.3048697739965551,182408,18822,163586
19160,1.3048016701461378,182408,18822,163586
19161,1.3047335734043108,182408,18822,163586
19162,1.3046654837699614,182408,18822,163586
19163,1.3045974012419768,182408,18822,163586
19164,1.3045293258192445,182408,18822,163586
19165,1.3044612575006522,182408,18822,163586
19166,1.304393196285088,182408,18822,163586
19167,1.3043251421714406,182408,18822,163586
19168,1.3042570951585977,182408,18822,163586
19169,1.3041890552454485,182408,18822,163586
19170,1.3041210224308817,182408,18822,163586
19171,1.3040529967137864,182408,18822,163586
19172,1.3039849780930524,182408,18822,163586
19173,1.303916966567569,182408,18822,163586
19174,1.3038489621362261,182408,18822,163586
19175,1.303780964797914,182408,18822,163586
19176,1.3037129745515228,182408,18822,163586
19177,1.3036449913959431,182408,18822,163586
19178,1.3035770153300656,182408,18822,163586
19179,1.3035090463527816,182408,18822,163586
19180,1.3034410844629822,182408,18822,163586
19181,1.303373129659559,182408,18822,163586
19182,1.3033051819414034,182408,18822,163586
19183,1.3032372413074076,182408,18822,163586
19184,1.3031693077564637,182408,18822,163586
19185,1.3031013812874641,182408,18822,163586
19186,1.3030334618993016,182408,18822,163586
19187,1.3029655495908687,182408,18822,163586
19188,1.302897644361059,182408,18822,163586
19189,1.3028297462087655,182408,18822,163586
19190,1.3027618551328817,182408,18822,163586
19191,1.3026939711323016,182408,18822,163586
19192,1.3026260942059191,182408,18822,163586
19193,1.3025582243526286,182408,18822,163586
19194,1.3024903615713244,182408,18822,163586
19195,1.3024225058609014,182408,18822,163586
19196,1.3023546572202542,182408,18822,163586
19197,1.3022868156482783,182408,18822,163586
19198,1.3022189811438691,182408,18822,163586
19199,1.3021511537059223,182408,18822,163586
19200,1.3020833333333333,182408,18822,163586
19201,1.3020155200249988,182408,18822,163586
19202,1.3019477137798146,182408,18822,163586
19203,1.3018799145966775,182408,18822,163586
19204,1.3018121224744845,182408,18822,163586
19205,1.3017443374121322,182408,18822,163586
19206,1.3016765594085182,182408,18822,163586
19207,1.3016087884625398,182408,18822,163586
19208,1.3015410245730945,182408,18822,163586
19209,1.3014732677390806,182408,18822,163586
19210,1.3014055179593962,182408,18822,163586
19211,1.3013377752329394,182408,18822,163586
19212,1.3012700395586092,182408,18822,163586
19213,1.3012023109353041,182408,18822,163586
19214,1.3011345893619235,182408,18822,163586
19215,1.3010668748373666,182408,18822,163586
19216,1.3009991673605328,182408,18822,163586
19217,1.300931466930322,182408,18822,163586
19218,1.3008637735456343,182408,18822,163586
19219,1.3007960872053697,182408,18822,163586
19220,1.3007284079084287,182408,18822,163586
19221,1.300660735653712,182408,18822,163586
19222,1.3005930704401207,182408,18822,163586
19223,1.3005254122665557,182408,18822,163586
19224,1.3004577611319184,182408,18822,163586
19225,1.3003901170351104,182408,18822,163586
19226,1.300322479975034,182408,18822,163586
19227,1.3002548499505904,182408,18822,163586
19228,1.3001872269606822,182408,18822,163586
19229,1.3001196110042124,182408,18822,163586
19230,1.3000520020800832,182408,18822,163586
19231,1.2999844001871979,182408,18822,163586
19232,1.2999168053244592,182408,18822,163586
19233,1.299849217490771,182408,18822,163586
19234,1.299781636685037,182408,18822,163586
19235,1.2997140629061605,182408,18822,163586
19236,1.2996464961530463,182408,18822,163586
19237,1.2995789364245984,182408,18822,163586
19238,1.2995113837197214,182408,18822,163586
19239,1.29944383803732,182408,18822,163586
19240,1.2993762993762994,182408,18822,163586
19241,1.2993087677355646,182408,18822,163586
19242,1.2992412431140214,182408,18822,163586
19243,1.2991737255105753,182408,18822,163586
19244,1.2991062149241321,182408,18822,163586
19245,1.2990387113535984,182408,18822,163586
19246,1.29897121479788,182408,18822,163586
19247,1.298903725255884,182408,18822,163586
19248,1.298836242726517,182408,18822,163586
19249,1.298768767208686,182408,18822,163586
19250,1.2987012987012987,182408,18822,163586
19251,1.2986338372032622,182408,18822,163586
19252,1.2985663827134843,182408,18822,163586
19253,1.2984989352308731,182408,18822,163586
19254,1.2984314947543367,182408,18822,163586
19255,1.2983640612827836,182408,18822,163586
19256,1.2982966348151226,182408,18822,163586
19257,1.2982292153502621,182408,18822,163586
19258,1.2981618028871118,182408,18822,163586
19259,1.2980943974245807,182408,18822,163586
19260,1.2980269989615785,182408,18822,163586
19261,1.2979596074970148,182408,18822,163586
19262,1.2978922230297996,182408,18822,163586
19263,1.2978248455588435,182408,18822,163586
19264,1.2977574750830565,182408,18822,163586
19265,1.2976901116013495,182408,18822,163586
19266,1.2976227551126336,182408,18822,163586
19267,1.2975554056158198,182408,18822,163586
19268,1.2974880631098193,182408,18822,163586
19269,1.297420727593544,182408,18822,163586
19270,1.2973533990659056,182408,18822,163586
19271,1.297286077525816,182408,18822,163586
19272,1.2972187629721876,182408,18822,163586
19273,1.297151455403933,182408,18822,163586
19274,1.2970841548199648,182408,18822,163586
19275,1.297016861219196,182408,18822,163586
19276,1.2969495746005395,182408,18822,163586
19277,1.296882294962909,182408,18822,163586
19278,1.2968150223052184,182408,18822,163586
19279,1.296747756626381,182408,18822,163586
19280,1.2966804979253113,182408,18822,163586
19281,1.2966132462009232,182408,18822,163586
19282,1.2965460014521315,182408,18822,163586
19283,1.296478763677851,182408,18822,163586
19284,1.2964115328769965,182408,18822,163586
19285,1.2963443090484832,182408,18822,163586
19286,1.2962770921912268,182408,18822,163586
19287,1.2962098823041426,182408,18822,163586
19288,1.2961426793861468,182408,18822,163586
19289,1.2960754834361554,182408,18822,163586
19290,1.2960082944530844,182408,18822,163586
19291,1.2959411124358509,182408,18822,163586
19292,1.2958739373833714,182408,18822,163586
19293,1.2958067692945627,182408,18822,163586
19294,1.2957396081683425,182408,18822,163586
19295,1.295672454003628,182408,18822,163586
19296,1.2956053067993367,182408,18822,163586
19297,1.2955381665543866,182408,18822,163586
19298,1.2954710332676962,182408,18822,163586
19299,1.2954039069381833,182408,18822,163586
19300,1.2953367875647668,182408,18822,163586
19301,1.2952696751463655,182408,18822,163586
19302,1.2952025696818983,182408,18822,163586
19303,1.2951354711702845,182408,18822,163586
19304,1.2950683796104434,182408,18822,163586
19305,1.295001295001295,182408,18822,163586
19306,1.294934217341759,182408,18822,163586
19307,1.2948671466307557,182408,18822,163586
19308,1.2948000828672053,182408,18822,163586
19309,1.2947330260500285,182408,18822,163586
19310,1.294665976178146,182408,18822,163586
19311,1.294598933250479,182408,18822,163586
19312,1.2945318972659485,182408,18822,163586
19313,1.2944648682234765,182408,18822,163586
19314,1.294397846121984,182408,18822,163586
19315,1.2943308309603936,182408,18822,163586
19316,1.2942638227376269,182408,18822,163586
19317,1.2941968214526065,182408,18822,163586
19318,1.2941298271042552,182408,18822,163586
19319,1.2940628396914955,182408,18822,163586
19320,1.2939958592132506,182408,18822,163586
19321,1.2939288856684437,182408,18822,163586
19322,1.2938619190559983,182408,18822,163586
19323,1.2937949593748383,182408,18822,163586
19324,1.2937280066238874,182408,18822,163586
19325,1.2936610608020698,182408,18822,163586
19326,1.29359412190831,182408,18822,163586
19327,1.2935271899415326,182408,18822,163586
19328,1.2934602649006623,182408,18822,163586
19329,1.2933933467846241,182408,18822,163586
19330,1.2933264355923435,182408,18822,163586
19331,1.293259531322746,182408,18822,163586
19332,1.2931926339747568,182408,18822,163586
19333,1.2931257435473025,182408,18822,163586
19334,1.293058860039309,182408,18822,163586
19335,1.2929919834497026,182408,18822,163586
19336,1.29292511377741,182408,18822,163586
19337,1.292858251021358,182408,18822,163586
19338,1.2927913951804737,182408,18822,163586
19339,1.2927245462536843,182408,18822,163586
19340,1.2926577042399172,182408,18822,163586
19341,1.2925908691381005,182408,18822,163586
19342,1.2925240409471617,182408,18822,163586
19343,1.2924572196660291,182408,18822,163586
19344,1.292390405293631,182408,18822,163586
19345,1.2923235978288963,182408,18822,163586
19346,1.2922567972707537,182408,18822,163586
19347,1.292190003618132,182408,18822,163586
19348,1.2921232168699608,182408,18822,163586
19349,1.2920564370251693,182408,18822,163586
19350,1.2919896640826873,182408,18822,163586
19351,1.2919228980414448,182408,18822,163586
19352,1.291856138900372,182408,18822,163586
19353,1.2917893866583992,182408,18822,163586
19354,1.291722641314457,182408,18822,163586
19355,1.2916559028674761,182408,18822,163586
19356,1.2915891713163876,182408,18822,163586
19357,1.291522446660123,182408,18822,163586
19358,1.2914557288976134,182408,18822,163586
19359,1.2913890180277907,182408,18822,163586
19360,1.2913223140495869,182408,18822,163586
19361,1.2912556169619338,182408,18822,163586
19362,1.2911889267637642,182408,18822,163586
19363,1.2911222434540102,182408,18822,163586
19364,1.291055567031605,182408,18822,163586
19365,1.2909888974954815,182408,18822,163586
19366,1.290922234844573,182408,18822,163586
19367,1.2908555790778127,182408,18822,163586
19368,1.2907889301941347,182408,18822,163586
19369,1.2907222881924725,182408,18822,163586
19370,1.2906556530717606,182408,18822,163586
19371,1.2905890248309329,182408,18822,163586
19372,1.2905224034689242,182408,18822,163586
19373,1.2904557889846693,182408,18822,163586
19374,1.2903891813771033,182408,18822,163586
19375,1.2903225806451613,182408,18822,163586
19376,1.2902559867877788,182408,18822,163586
19377,1.2901893998038911,182408,18822,163586
19378,1.2901228196924348,182408,18822,163586
19379,1.2900562464523453,182408,18822,163586
19380,1.2899896800825594,182408,18822,163586
19381,1.2899231205820134,182408,18822,163586
19382,1.289856567949644,182408,18822,163586
19383,1.2897900221843883,182408,18822,163586
19384,1.2897234832851836,182408,18822,163586
19385,1.2896569512509672,182408,18822,163586
19386,1.2895904260806768,182408,18822,163586
19387,1.28952390777325,182408,18822,163586
19388,1.2894573963276252,182408,18822,163586
19389,1.2893908917427408,182408,18822,163586
19390,1.2893243940175347,182408,18822,163586
19391,1.2892579031509463,182408,18822,163586
19392,1.2891914191419143,182408,18822,163586
19393,1.2891249419893775,182408,18822,163586
19394,1.289058471692276,182408,18822,163586
19395,1.288992008249549,182408,18822,163586
19396,1.2889255516601361,182408,18822,163586
19397,1.2888591019229778,182408,18822,163586
19398,1.2887926590370142,182408,18822,163586
19399,1.2887262230011856,182408,18822,163586
19400,1.288659793814433,182408,18822,163586
19401,1.2885933714756972,182408,18822,163586
19402,1.2885269559839192,182408,18822,163586
19403,1.2884605473380406,182408,18822,163586
19404,1.2883941455370027,182408,18822,163586
19405,1.2883277505797475,182408,18822,163586
19406,1.288261362465217,182408,18822,163586
19407,1.2881949811923532,182408,18822,163586
19408,1.288128606760099,182408,18822,163586
19409,1.2880622391673966,182408,18822,163586
19410,1.287995878413189,182408,18822,163586
19411,1.2879295244964195,182408,18822,163586
19412,1.2878631774160314,182408,18822,163586
19413,1.2877968371709678,182408,18822,163586
19414,1.2877305037601732,182408,18822,163586
19415,1.2876641771825907,182408,18822,163586
19416,1.2875978574371651,182408,18822,163586
19417,1.2875315445228408,182408,18822,163586
19418,1.287465238438562,182408,18822,163586
19419,1.287398939183274,182408,18822,163586
19420,1.2873326467559216,182408,18822,163586
19421,1.2872663611554502,182408,18822,163586
19422,1.2872000823808052,182408,18822,163586
19423,1.2871338104309324,182408,18822,163586
19424,1.2870675453047775,182408,18822,163586
19425,1.287001287001287,182408,18822,163586
19426,1.286935035519407,182408,18822,163586
19427,1.286868790858084,182408,18822,163586
19428,1.2868025530162652,182408,18822,163586
19429,1.2867363219928971,182408,18822,163586
19430,1.2866700977869274,182408,18822,163586
19431,1.2866038803973032,182408,18822,163586
19432,1.2865376698229725,182408,18822,163586
19433,1.2864714660628827,182408,18822,163586
19434,1.2864052691159824,182408,18822,163586
19435,1.2863390789812195,182408,18822,163586
19436,1.2862728956575427,182408,18822,163586
19437,1.2862067191439008,182408,18822,163586
19438,1.2861405494392428,182408,18822,163586
19439,1.2860743865425177,182408,18822,163586
19440,1.286008230452675,182408,18822,163586
19441,1.2859420811686642,182408,18822,163586
19442,1.2858759386894352,182408,18822,163586
19443,1.2858098030139382,182408,18822,163586
19444,1.2857436741411232,182408,18822,163586
19445,1.2856775520699408,182408,18822,163586
19446,1.2856114367993419,182408,18822,163586
19447,1.285545328328277,182408,18822,163586
19448,1.2854792266556971,182408,18822,163586
19449,1.2854131317805542,182408,18822,163586
19450,1.2853470437017995,182408,18822,163586
19451,1.2852809624183847,182408,18822,163586
19452,1.2852148879292618,182408,18822,163586
19453,1.285148820233383,182408,18822,163586
19454,1.2850827593297007,182408,18822,163586
19455,1.285016705217168,182408,18822,163586
19456,1.284950657894737,182408,18822,163586
19457,1.284884617361361,182408,18822,163586
19458,1.2848185836159933,182408,18822,163586
19459,1.2847525566575877,182408,18822,163586
19460,1.2846865364850977,182408,18822,163586
19461,1.284620523097477,182408,18822,163586
19462,1.28455451649368,182408,18822,163586
19463,1.284488516672661,182408,18822,163586
19464,1.2844225236333744,182408,18822,163586
19465,1.2843565373747752,182408,18822,163586
19466,1.2842905578958184,182408,18822,163586
19467,1.284224585195459,182408,18822,163586
19468,1.2841586192726526,182408,18822,163586
19469,1.2840926601263547,182408,18822,163586
19470,1.2840267077555214,182408,18822,163586
19471,1.2839607621591085,182408,18822,163586
19472,1.2838948233360723,182408,18822,163586
19473,1.2838288912853695,182408,18822,163586
19474,1.2837629660059566,182408,18822,163586
19475,1.2836970474967908,182408,18822,163586
19476,1.2836311357568289,182408,18822,163586
19477,1.2835652307850285,182408,18822,163586
19478,1.283499332580347,182408,18822,163586
19479,1.2834334411417423,182408,18822,163586
19480,1.2833675564681726,182408,18822,163586
19481,1.2833016785585956,182408,18822,163586
19482,1.28323580741197,182408,18822,163586
19483,1.2831699430272545,182408,18822,163586
19484,1.283104085403408,182408,18822,163586
19485,1.2830382345393894,182408,18822,163586
19486,1.282972390434158,182408,18822,163586
19487,1.2829065530866732,182408,18822,163586
19488,1.2828407224958949,182408,18822,163586
19489,1.282774898660783,182408,18822,163586
19490,1.2827090815802975,182408,18822,163586
19491,1.282643271253399,182408,18822,163586
19492,1.2825774676790478,182408,18822,163586
19493,1.2825116708562048,182408,18822,163586
19494,1.2824458807838308,182408,18822,163586
19495,1.2823800974608874,182408,18822,163586
19496,1.2823143208863357,182408,18822,163586
19497,1.2822485510591373,182408,18822,163586
19498,1.2821827879782541,182408,18822,163586
19499,1.2821170316426482,182408,18822,163586
19500,1.2820512820512822,182408,18822,163586
19501,1.2819855392031179,182408,18822,163586
19502,1.2819198030971182,182408,18822,163586
19503,1.2818540737322464,182408,18822,163586
19504,1.281788351107465,182408,18822,163586
19505,1.2817226352217381,182408,18822,163586
19506,1.2816569260740285,182408,18822,163586
19507,1.2815912236633002,182408,18822,163586
19508,1.2815255279885176,182408,18822,163586
19509,1.2814598390486442,182408,18822,163586
19510,1.2813941568426448,182408,18822,163586
19511,1.2813284813694839,182408,18822,163586
19512,1.2812628126281262,182408,18822,163586
19513,1.281197150617537,182408,18822,163586
19514,1.2811314953366812,182408,18822,163586
19515,1.2810658467845246,182408,18822,163586
19516,1.2810002049600329,182408,18822,163586
19517,1.2809345698621715,182408,18822,163586
19518,1.2808689414899068,182408,18822,163586
19519,1.280803319842205,182408,18822,163586
19520,1.2807377049180328,182408,18822,163586
19521,1.2806720967163567,182408,18822,163586
19522,1.2806064952361438,182408,18822,163586
19523,1.2805409004763613,182408,18822,163586
19524,1.2804753124359762,182408,18822,163586
19525,1.2804097311139564,182408,18822,163586
19526,1.2803441565092697,182408,18822,163586
19527,1.2802785886208838,182408,18822,163586
19528,1.2802130274477672,182408,18822,163586
19529,1.2801474729888884,182408,18822,163586
19530,1.2800819252432156,182408,18822,163586
19531,1.2800163842097179,182408,18822,163586
19532,1.2799508498873644,182408,18822,163586
19533,1.279885322275124,182408,18822,163586
19534,1.2798198013719668,182408,18822,163586
19535,1.2797542871768621,182408,18822,163586
19536,1.2796887796887797,182408,18822,163586
19537,1.27962327890669,182408,18822,163586
19538,1.279557784829563,182408,18822,163586
19539,1.2794922974563694,182408,18822,163586
19540,1.2794268167860798,182408,18822,163586
19541,1.2793613428176653,182408,18822,163586
19542,1.2792958755500972,182408,18822,163586
19543,1.2792304149823466,182408,18822,163586
19544,1.2791649611133853,182408,18822,163586
19545,1.2790995139421848,182408,18822,163586
19546,1.2790340734677172,182408,18822,163586
19547,1.2789686396889548,182408,18822,163586
19548,1.27890321260487,182408,18822,163586
19549,1.2788377922144356,182408,18822,163586
19550,1.278772378516624,182408,18822,163586
19551,1.2787069715104087,182408,18822,163586
19552,1.2786415711947627,182408,18822,163586
19553,1.2785761775686595,182408,18822,163586
19554,1.2785107906310729,182408,18822,163586
19555,1.2784454103809768,182408,18822,163586
19556,1.278380036817345,182408,18822,163586
19557,1.2783146699391523,182408,18822,163586
19558,1.2782493097453727,182408,18822,163586
19559,1.2781839562349813,182408,18822,163586
19560,1.278118609406953,182408,18822,163586
19561,1.2780532692602629,182408,18822,163586
19562,1.2779879357938861,182408,18822,163586
19563,1.2779226090067985,182408,18822,163586
19564,1.2778572888979758,182408,18822,163586
19565,1.277791975466394,182408,18822,163586
19566,1.2777266687110294,182408,18822,163586
19567,1.277661368630858,182408,18822,163586
19568,1.277596075224857,182408,18822,163586
19569,1.2775307884920026,182408,18822,163586
19570,1.2774655084312723,182408,18822,163586
19571,1.2774002350416434,182408,18822,163586
19572,1.2773349683220927,182408,18822,163586
19573,1.2772697082715987,182408,18822,163586
19574,1.2772044548891386,182408,18822,163586
19575,1.277139208173691,182408,18822,163586
19576,1.2770739681242338,182408,18822,163586
19577,1.2770087347397456,182408,18822,163586
19578,1.2769435080192053,182408,18822,163586
19579,1.2768782879615914,182408,18822,163586
19580,1.2768130745658837,182408,18822,163586
19581,1.2767478678310606,182408,18822,163586
19582,1.2766826677561025,182408,18822,163586
19583,1.2766174743399887,182408,18822,163586
19584,1.2765522875816993,182408,18822,163586
19585,1.2764871074802144,182408,18822,163586
19586,1.2764219340345144,182408,18822,163586
19587,1.2763567672435798,182408,18822,163586
19588,1.2762916071063917,182408,18822,163586
19589,1.2762264536219308,182408,18822,163586
19590,1.2761613067891782,182408,18822,163586
19591,1.2760961666071156,182408,18822,163586
19592,1.2760310330747244,182408,18822,163586
19593,1.2759659061909865,182408,18822,163586
19594,1.275900785954884,182408,18822,163586
19595,1.2758356723653994,182408,18822,163586
19596,1.2757705654215146,182408,18822,163586
19597,1.2757054651222126,182408,18822,163586
19598,1.2756403714664761,182408,18822,163586
19599,1.2755752844532884,182408,18822,163586
19600,1.2755102040816326,182408,18822,163586
19601,1.2754451303504923,182408,18822,163586
19602,1.2753800632588512,182408,18822,163586
19603,1.275315002805693,182408,18822,163586
19604,1.275249948990002,182408,18822,163586
19605,1.2751849018107626,182408,18822,163586
19606,1.2751198612669592,182408,18822,163586
19607,1.2750548273575764,182408,18822,163586
19608,1.2749898000815993,182408,18822,163586
19609,1.2749247794380132,182408,18822,163586
19610,1.2748597654258031,182408,18822,163586
19611,1.274794758043955,182408,18822,163586
19612,1.2747297572914542,182408,18822,163586
19613,1.274664763167287,182408,18822,163586
19614,1.2745997756704395,182408,18822,163586
19615,1.274534794799898,182408,18822,163586
19616,1.2744698205546492,182408,18822,163586
19617,1.27440485293368,182408,18822,163586
19618,1.2743398919359772,182408,18822,163586
19619,1.274274937560528,182408,18822,163586
19620,1.2742099898063202,182408,18822,163586
19621,1.274145048672341,182408,18822,163586
19622,1.2740801141575782,182408,18822,163586
19623,1.2740151862610203,182408,18822,163586
19624,1.2739502649816552,182408,18822,163586
19625,1.2738853503184713,182408,18822,163586
19626,1.2738204422704575,182408,18822,163586
19627,1.2737555408366026,182408,18822,163586
19628,1.2736906460158957,182408,18822,163586
19629,1.2736257578073258,182408,18822,163586
19630,1.273560876209883,182408,18822,163586
19631,1.2734960012225562,182408,18822,163586
19632,1.2734311328443357,182408,18822,163586
19633,1.2733662710742117,182408,18822,163586
19634,1.2733014159111744,182408,18822,163586
19635,1.2732365673542143,182408,18822,163586
19636,1.2731717254023223,182408,18822,163586
19637,1.273106890054489,182408,18822,163586
19638,1.2730420613097058,182408,18822,163586
19639,1.2729772391669636,182408,18822,163586
19640,1.2729124236252545,182408,18822,163586
19641,1.27284761468357,182408,18822,163586
19642,1.2727828123409022,182408,18822,163586
19643,1.2727180165962428,182408,18822,163586
19644,1.272653227448585,182408,18822,163586
19645,1.2725884448969202,182408,18822,163586
19646,1.2725236689402424,182408,18822,163586
19647,1.2724588995775437,182408,18822,163586
19648,1.2723941368078175,182408,18822,163586
19649,1.2723293806300575,182408,18822,163586
19650,1.272264631043257,182408,18822,163586
19651,1.2721998880464098,182408,18822,163586
19652,1.27213515163851,182408,18822,163586
19653,1.272070421818552,182408,18822,163586
19654,1.2720056985855297,182408,18822,163586
19655,1.271940981938438,182408,18822,163586
19656,1.271876271876272,182408,18822,163586
19657,1.2718115683980262,182408,18822,163586
19658,1.271746871502696,182408,18822,163586
19659,1.2716821811892771,182408,18822,163586
19660,1.2716174974567651,182408,18822,163586
19661,1.2715528203041555,182408,18822,163586
19662,1.2714881497304444,182408,18822,163586
19663,1.2714234857346285,182408,18822,163586
19664,1.2713588283157038,182408,18822,163586
19665,1.2712941774726672,182408,18822,163586
19666,1.2712295332045154,182408,18822,163586
19667,1.2711648955102457,182408,18822,163586
19668,1.271100264388855,182408,18822,163586
19669,1.2710356398393412,182408,18822,163586
19670,1.2709710218607015,182408,18822,163586
19671,1.2709064104519343,182408,18822,163586
19672,1.2708418056120374,182408,18822,163586
19673,1.2707772073400092,182408,18822,163586
19674,1.270712615634848,182408,18822,163586
19675,1.2706480304955527,182408,18822,163586
19676,1.270583451921122,182408,18822,163586
19677,1.2705188799105556,182408,18822,163586
19678,1.270454314462852,182408,18822,163586
19679,1.270389755577011,182408,18822,163586
19680,1.2703252032520325,182408,18822,163586
19681,1.2702606574869164,182408,18822,163586
19682,1.2701961182806625,182408,18822,163586
19683,1.2701315856322715,182408,18822,163586
19684,1.2700670595407437,182408,18822,163586
19685,1.27000254000508,182408,18822,163586
19686,1.2699380270242813,182408,18822,163586
19687,1.2698735205973486,182408,18822,163586
19688,1.2698090207232833,182408,18822,163586
19689,1.269744527401087,182408,18822,163586
19690,1.2696800406297613,182408,18822,163586
19691,1.2696155604083084,182408,18822,163586
19692,1.2695510867357302,182408,18822,163586
19693,1.2694866196110293,182408,18822,163586
19694,1.269422159033208,182408,18822,163586
19695,1.2693577050012694,182408,18822,163586
19696,1.2692932575142162,182408,18822,163586
19697,1.2692288165710515,182408,18822,163586
19698,1.2691643821707788,182408,18822,163586
19699,1.2690999543124017,182408,18822,163586
19700,1.2690355329949239,182408,18822,163586
19701,1.2689711182173493,182408,18822,163586
19702,1.2689067099786824,182408,18822,163586
19703,1.2688423082779272,182408,18822,163586
19704,1.2687779131140886,182408,18822,163586
19705,1.268713524486171,182408,18822,163586
19706,1.2686491423931798,182408,18822,163586
19707,1.26858476683412,182408,18822,163586
19708,1.2685203978079969,182408,18822,163586
19709,1.2684560353138161,182408,18822,163586
19710,1.2683916793505834,182408,18822,163586
19711,1.268327329917305,182408,18822,163586
19712,1.2682629870129871,182408,18822,163586
19713,1.2681986506366356,182408,18822,163586
19714,1.2681343207872577,182408,18822,163586
19715,1.26806999746386,182408,18822,163586
19716,1.2680056806654494,182408,18822,163586
19717,1.2679413703910332,182408,18822,163586
19718,1.2678770666396186,182408,18822,163586
19719,1.2678127694102135,182408,18822,163586
19720,1.2677484787018256,182408,18822,163586
19721,1.2676841945134627,182408,18822,163586
19722,1.2676199168441336,182408,18822,163586
19723,1.2675556456928458,182408,18822,163586
19724,1.2674913810586088,182408,18822,163586
19725,1.267427122940431,182408,18822,163586
19726,1.2673628713373213,182408,18822,163586
19727,1.267298626248289,182408,18822,163586
19728,1.267234387672344,182408,18822,163586
19729,1.267170155608495,182408,18822,163586
19730,1.2671059300557526,182408,18822,163586
19731,1.2670417110131265,182408,18822,163586
19732,1.266977498479627,182408,18822,163586
19733,1.2669132924542645,182408,18822,163586
19734,1.2668490929360494,182408,18822,163586
19735,1.266784899923993,182408,18822,163586
19736,1.266720713417106,182408,18822,163586
19737,1.2666565334143993,182408,18822,163586
19738,1.266592359914885,182408,18822,163586
19739,1.2665281929175742,182408,18822,163586
19740,1.2664640324214793,182408,18822,163586
19741,1.2663998784256116,182408,18822,163586
19742,1.266335730928984,182408,18822,163586
19743,1.2662715899306083,182408,18822,163586
19744,1.2662074554294975,182408,18822,163586
19745,1.2661433274246645,182408,18822,163586
19746,1.266079205915122,182408,18822,163586
19747,1.2660150908998835,182408,18822,163586
19748,1.2659509823779622,182408,18822,163586
19749,1.265886880348372,182408,18822,163586
19750,1.2658227848101267,182408,18822,163586
19751,1.26575869576224,182408,18822,163586
19752,1.2656946132037261,182408,18822,163586
19753,1.2656305371335999,182408,18822,163586
19754,1.2655664675508758,182408,18822,163586
19755,1.2655024044545684,182408,18822,163586
19756,1.265438347843693,182408,18822,163586
19757,1.2653742977172648,182408,18822,163586
19758,1.265310254074299,182408,18822,163586
19759,1.2652462169138115,182408,18822,163586
19760,1.2651821862348178,182408,18822,163586
19761,1.265118162036334,182408,18822,163586
19762,1.2650541443173768,182408,18822,163586
19763,1.264990133076962,182408,18822,163586
19764,1.2649261283141064,182408,18822,163586
19765,1.2648621300278269,182408,18822,163586
19766,1.2647981382171405,182408,18822,163586
19767,1.2647341528810645,182408,18822,163586
19768,1.264670174018616,182408,18822,163586
19769,1.2646062016288129,182408,18822,163586
19770,1.2645422357106728,182408,18822,163586
19771,1.2644782762632139,182408,18822,163586
19772,1.2644143232854541,182408,18822,163586
19773,1.2643503767764124,182408,18822,163586
19774,1.2642864367351068,182408,18822,163586
19775,1.2642225031605563,182408,18822,163586
19776,1.26415857605178,182408,18822,163586
19777,1.264094655407797,182408,18822,163586
19778,1.2640307412276266,182408,18822,163586
19779,1.2639668335102887,182408,18822,163586
19780,1.2639029322548028,182408,18822,163586
19781,1.263839037460189,182408,18822,163586
19782,1.2637751491254676,182408,18822,163586
19783,1.2637112672496589,182408,18822,163586
19784,1.2636473918317832,182408,18822,163586
19785,1.2635835228708618,182408,18822,163586
19786,1.2635196603659153,182408,18822,163586
19787,1.263455804315965,182408,18822,163586
19788,1.2633919547200323,182408,18822,163586
19789,1.2633281115771389,182408,18822,163586
19790,1.263264274886306,182408,18822,163586
19791,1.2632004446465566,182408,18822,163586
19792,1.263136620856912,182408,18822,163586
19793,1.2630728035163947,182408,18822,163586
19794,1.2630089926240275,182408,18822,163586
19795,1.262945188178833,182408,18822,163586
19796,1.2628813901798344,182408,18822,163586
19797,1.2628175986260544,182409,18822,163587
19798,1.2627538135165168,182409,18822,163587
19799,1.262690034850245,182409,18822,163587
19800,1.2626262626262625,182409,18822,163587
19801,1.2625624968435938,182409,18822,163587
19802,1.2624987375012624,182409,18822,163587
19803,1.2624349845982932,182409,18822,163587
19804,1.2623712381337104,182409,18822,163587
19805,1.2623074981065388,182409,18822,163587
19806,1.2622437645158033,182409,18822,163587
19807,1.2621800373605292,182409,18822,163587
19808,1.2621163166397416,182409,18822,163587
19809,1.262052602352466,182409,18822,163587
19810,1.2619888944977284,182409,18822,163587
19811,1.2619251930745545,182409,18822,163587
19812,1.2618614980819705,182409,18822,163587
19813,1.2617978095190028,182409,18822,163587
19814,1.2617341273846776,182409,18822,163587
19815,1.2616704516780217,182409,18822,163587
19816,1.2616067823980621,182409,18822,163587
19817,1.261543119543826,182409,18822,163587
19818,1.2614794631143404,182409,18822,163587
19819,1.261415813108633,182409,18822,163587
19820,1.2613521695257315,182409,18822,163587
19821,1.2612885323646637,182409,18822,163587
19822,1.2612249016244577,182409,18822,163587
19823,1.2611612773041416,182409,18822,163587
19824,1.261097659402744,182409,18822,163587
19825,1.2610340479192939,182409,18822,163587
19826,1.2609704428528195,182409,18822,163587
19827,1.2609068442023503,182409,18822,163587
19828,1.2608432519669155,182409,18822,163587
19829,1.2607796661455444,182409,18822,163587
19830,1.2607160867372669,182409,18822,163587
19831,1.2606525137411124,182409,18822,163587
19832,1.2605889471561114,182409,18822,163587
19833,1.2605253869812938,182409,18822,163587
19834,1.2604618332156903,182409,18822,163587
19835,1.2603982858583311,182409,18822,163587
19836,1.2603347449082476,182409,18822,163587
19837,1.2602712103644704,182409,18822,163587
19838,1.2602076822260309,182409,18822,163587
19839,1.2601441604919603,182409,18822,163587
19840,1.2600806451612903,182409,18822,163587
19841,1.2600171362330528,182409,18822,163587
19842,1.2599536337062796,182409,18822,163587
19843,1.2598901375800031,182409,18822,163587
19844,1.2598266478532554,182409,18822,163587
19845,1.2597631645250693,182409,18822,163587
19846,1.2596996875944775,182409,18822,163587
19847,1.2596362170605129,182409,18822,163587
19848,1.2595727529222087,182409,18822,163587
19849,1.2595092951785984,182409,18822,163587
19850,1.2594458438287153,182409,18822,163587
19851,1.2593823988715933,182409,18822,163587
19852,1.2593189603062664,182409,18822,163587
19853,1.2592555281317686,182409,18822,163587
19854,1.259192102347134,182409,18822,163587
19855,1.2591286829513977,182409,18822,163587
19856,1.2590652699435938,182409,18822,163587
19857,1.2590018633227578,182409,18822,163587
19858,1.2589384630879243,182409,18822,163587
19859,1.2588750692381288,182409,18822,163587
19860,1.2588116817724069,182409,18822,163587
19861,1.2587483006897942,182409,18822,163587
19862,1.2586849259893262,182409,18822,163587
19863,1.2586215576700397,182409,18822,163587
19864,1.2585581957309706,182409,18822,163587
19865,1.2584948401711553,182409,18822,163587
19866,1.2584314909896306,182409,18822,163587
19867,1.2583681481854332,182409,18822,163587
19868,1.2583048117576001,182409,18822,163587
19869,1.2582414817051688,182409,18822,163587
19870,1.2581781580271767,182409,18822,163587
19871,1.2581148407226612,182409,18822,163587
19872,1.2580515297906603,182409,18822,163587
19873,1.257988225230212,182409,18822,163587
19874,1.2579249270403543,182409,18822,163587
19875,1.2578616352201257,182409,18822,163587
19876,1.2577983497685652,182409,18822,163587
19877,1.257735070684711,182409,18822,163587
19878,1.2576717979676024,182409,18822,163587
19879,1.2576085316162784,182409,18822,163587
19880,1.2575452716297786,182409,18822,163587
19881,1.2574820180071424,182409,18822,163587
19882,1.2574187707474098,182409,18822,163587
19883,1.2573555298496202,182409,18822,163587
19884,1.2572922953128143,182409,18822,163587
19885,1.2572290671360322,182409,18822,163587
19886,1.2571658453183143,182409,18822,163587
19887,1.2571026298587016,182409,18822,163587
19888,1.257039420756235,182409,18822,163587
19889,1.2569762180099553,182409,18822,163587
19890,1.256913021618904,182409,18822,163587
19891,1.2568498315821226,182409,18822,163587
19892,1.2567866478986527,182409,18822,163587
19893,1.2567234705675363,182409,18822,163587
19894,1.2566602995878153,182409,18822,163587
19895,1.2565971349585323,182409,18822,163587
19896,1.2565339766787293,182409,18822,163587
19897,1.2564708247474494,182409,18822,163587
19898,1.256407679163735,182409,18822,163587
19899,1.2563445399266295,182409,18822,163587
19900,1.256281407035176,182409,18822,163587
19901,1.2562182804884177,182409,18822,163587
19902,1.2561551602853984,182409,18822,163587
19903,1.2560920464251621,182409,18822,163587
19904,1.2560289389067525,182409,18822,163587
19905,1.2559658377292138,182409,18822,163587
19906,1.2559027428915905,182409,18822,163587
19907,1.255839654392927,182409,18822,163587
19908,1.2557765722322685,182409,18822,163587
19909,1.2557134964086594,182409,18822,163587
19910,1.2556504269211453,182409,18822,163587
19911,1.2555873637687711,182409,18822,163587
19912,1.2555243069505826,182409,18822,163587
19913,1.2554612564656256,182409,18822,163587
19914,1.2553982123129457,182409,18822,163587
19915,1.2553351744915893,182409,18822,163587
19916,1.2552721430006026,182409,18822,163587
19917,1.2552091178390319,182409,18822,163587
19918,1.2551460990059242,182409,18822,163587
19919,1.2550830865003264,182409,18822,163587
19920,1.2550200803212852,182409,18822,163587
19921,1.254957080467848,182409,18822,163587
19922,1.2548940869390623,182409,18822,163587
19923,1.2548310997339758,182409,18822,163587
19924,1.2547681188516362,182409,18822,163587
19925,1.2547051442910917,182409,18822,163587
19926,1.2546421760513902,182409,18822,163587
19927,1.2545792141315804,182409,18822,163587
19928,1.2545162585307106,182409,18822,163587
19929,1.2544533092478298,182409,18822,163587
19930,1.2543903662819869,182409,18822,163587
19931,1.254327429632231,182409,18822,163587
19932,1.254264499297612,182409,18822,163587
19933,1.2542015752771785,182409,18822,163587
19934,1.2541386575699809,182409,18822,163587
19935,1.254075746175069,182409,18822,163587
19936,1.2540128410914928,182409,18822,163587
19937,1.2539499423183027,182409,18822,163587
19938,1.2538870498545491,182409,18822,163587
19939,1.2538241636992828,182409,18822,163587
19940,1.2537612838515546,182409,18822,163587
19941,1.2536984103104156,182409,18822,163587
19942,1.2536355430749173,182409,18822,163587
19943,1.2535726821441107,182409,18822,163587
19944,1.2535098275170478,182409,18822,163587
19945,1.2534469791927803,182409,18822,163587
19946,1.25338413717036,182409,18822,163587
19947,1.2533213014488394,182409,18822,163587
19948,1.2532584720272708,182409,18822,163587
19949,1.253195648904707,182409,18822,163587
19950,1.2531328320802004,182409,18822,163587
19951,1.2530700215528043,182409,18822,163587
19952,1.2530072173215718,182409,18822,163587
19953,1.2529444193855561,182409,18822,163587
19954,1.2528816277438108,182409,18822,163587
19955,1.2528188423953897,182409,18822,163587
19956,1.2527560633393466,182409,18822,163587
19957,1.2526932905747357,182409,18822,163587
19958,1.2526305241006113,182409,18822,163587
19959,1.2525677639160278,182409,18822,163587
19960,1.25250501002004,182409,18822,163587
19961,1.2524422624117029,182409,18822,163587
19962,1.2523795210900712,182409,18822,163587
19963,1.2523167860542002,182409,18822,163587
19964,1.2522540573031458,182409,18822,163587
19965,1.252191334835963,182409,18822,163587
19966,1.252128618651708,182409,18822,163587
19967,1.2520659087494366,182409,18822,163587
19968,1.252003205128205,182409,18822,163587
19969,1.25194050778707,182409,18822,163587
19970,1.2518778167250877,182409,18822,163587
19971,1.2518151319413149,182409,18822,163587
19972,1.2517524534348088,182409,18822,163587
19973,1.2516897812046262,182409,18822,163587
19974,1.2516271152498248,182409,18822,163587
19975,1.2515644555694618,182409,18822,163587
19976,1.2515018021625952,182409,18822,163587
19977,1.2514391550282826,182409,18822,163587
19978,1.2513765141655822,182409,18822,163587
19979,1.2513138795735523,182409,18822,163587
19980,1.2512512512512513,182409,18822,163587
19981,1.2511886291977379,182409,18822,163587
19982,1.251126013412071,182409,18822,163587
19983,1.2510634038933093,182409,18822,163587
19984,1.2510008006405124,182409,18822,163587
19985,1.2509382036527394,182409,18822,163587
19986,1.2508756129290504,182409,18822,163587
19987,1.2508130284685046,182409,18822,163587
19988,1.250750450270162,182409,18822,163587
19989,1.2506878783330833,182409,18822,163587
19990,1.2506253126563283,182409,18822,163587
19991,1.2505627532389576,182409,18822,163587
19992,1.250500200080032,182409,18822,163587
19993,1.2504376531786126,182409,18822,163587
19994,1.25037511253376,182409,18822,163587
19995,1.2503125781445361,182409,18822,163587
19996,1.250250050010002,182409,18822,163587
19997,1.2501875281292194,182409,18822,163587
19998,1.2501250125012502,182409,18822,163587
19999,1.2500625031251562,182409,18822,163587
20000,1.25,182409,18822,163587
20001,1.2499375031248439,182409,18822,163587
20002,1.24987501249875,182409,18822,163587
20003,1.249812528120782,182409,18822,163587
20004,1.249750049990002,182409,18822,163587
20005,1.2496875781054737,182409,18822,163587
20006,1.24962511246626,182409,18822,163587
20007,1.249562653071425,182409,18822,163587
20008,1.249500199920032,182409,18822,163587
20009,1.249437753011145,182409,18822,163587
20010,1.249375312343828,182409,18822,163587
20011,1.2493128779171456,182409,18822,163587
20012,1.249250449730162,182409,18822,163587
20013,1.2491880277819418,182409,18822,163587
20014,1.24912561207155,182409,18822,163587
20015,1.2490632025980515,182409,18822,163587
20016,1.2490007993605117,182409,18822,163587
20017,1.2489384023579957,182409,18822,163587
20018,1.2488760115895694,182409,18822,163587
20019,1.2488136270542984,182409,18822,163587
20020,1.2487512487512487,182409,18822,163587
20021,1.2486888766794866,182409,18822,163587
20022,1.248626510838078,182409,18822,163587
20023,1.24856415122609,182409,18822,163587
20024,1.248501797842589,182409,18822,163587
20025,1.2484394506866416,182409,18822,163587
20026,1.2483771097573155,182409,18822,163587
20027,1.2483147750536776,182409,18822,163587
20028,1.2482524465747953,182409,18822,163587
20029,1.2481901243197364,182409,18822,163587
20030,1.2481278082875686,182409,18822,163587
20031,1.24806549847736,182409,18822,163587
20032,1.248003194888179,182409,18822,163587
20033,1.2479408975190935,182409,18822,163587
20034,1.2478786063691725,182409,18822,163587
20035,1.2478163214374844,182409,18822,163587
20036,1.2477540427230984,182409,18822,163587
20037,1.2476917702250836,182409,18822,163587
20038,1.2476295039425092,182409,18822,163587
20039,1.2475672438744447,182409,18822,163587
20040,1.2475049900199602,182409,18822,163587
20041,1.247442742378125,182409,18822,163587
20042,1.2473805009480092,182409,18822,163587
20043,1.2473182657286834,182409,18822,163587
20044,1.2472560367192178,182409,18822,163587
20045,1.247193813918683,182409,18822,163587
20046,1.2471315973261499,182409,18822,163587
20047,1.2470693869406895,182409,18822,163587
20048,1.2470071827613727,182389,19477,162912
20049,1.2469449847872711,182389,19477,162912
20050,1.2468827930174564,182389,19477,162912
20051,1.246820607451,182389,19477,162912
20052,1.246758428086974,182389,19477,162912
20053,1.2466962549244502,182370,19441,162929
20054,1.2466340879625013,182370,19441,162929
20055,1.2465719272001994,182370,19441,162929
20056,1.2465097726366174,182370,19441,162929
20057,1.2464476242708282,182370,19441,162929
20058,1.2463854821019045,182370,19441,162929
20059,1.2463233461289196,182370,19441,162929
20060,1.2462612163509472,182370,19441,162929
20061,1.2461990927670605,182370,19441,162929
20062,1.2461369753763334,182370,19441,162929
20063,1.2460748641778399,182370,19441,162929
20064,1.246012759170654,182370,19441,162929
20065,1.24595066035385,182370,19441,162929
20066,1.2458885677265026,182370,19441,162929
20067,1.2458264812876862,182370,19441,162929
20068,1.245764401036476,182370,19441,162929
20069,1.2457023269719467,182370,19441,162929
20070,1.2456402590931739,182370,19441,162929
20071,1.2455781973992328,182370,19441,162929
20072,1.245516141889199,182370,19441,162929
20073,1.2454540925621482,182370,19441,162929
20074,1.2453920494171564,182370,19441,162929
20075,1.2453300124533002,182370,19441,162929
20076,1.2452679816696552,182370,19441,162929
20077,1.2452059570652987,182370,19441,162929
20078,1.2451439386393066,182370,19441,162929
20079,1.2450819263907564,182370,19441,162929
20080,1.245019920318725,182370,19441,162929
20081,1.2449579204222898,182370,19441,162929
20082,1.2448959267005277,182370,19441,162929
20083,1.244833939152517,182370,19441,162929
20084,1.2447719577773353,182370,19441,162929
20085,1.2447099825740602,182370,19441,162929
20086,1.2446480135417703,182370,19441,162929
20087,1.244586050679544,182370,19441,162929
20088,1.2445240939864595,182370,19441,162929
20089,1.244462143461596,182370,19441,162929
20090,1.2444001991040319,182370,19441,162929
20091,1.2443382609128466,182370,19441,162929
20092,1.2442763288871193,182370,19441,162929
20093,1.2442144030259294,182370,19441,162929
20094,1.2441524833283568,182370,19441,162929
20095,1.244090569793481,182370,19441,162929
20096,1.2440286624203822,182370,19441,162929
20097,1.2439667612081404,182370,19441,162929
20098,1.2439048661558365,182370,19441,162929
20099,1.2438429772625503,182370,19441,162929
20100,1.243781094527363,182370,19441,162929
20101,1.2437192179493557,182370,19441,162929
20102,1.2436573475276091,182370,19441,162929
20103,1.2435954832612048,182370,19441,162929
20104,1.243533625149224,182370,19441,162929
20105,1.2434717731907485,182370,19441,162929
20106,1.2434099273848602,182370,19441,162929
20107,1.243348087730641,182370,19441,162929
20108,1.2432862542271732,182370,19441,162929
20109,1.2432244268735393,182370,19441,162929
20110,1.2431626056688214,182370,19441,162929
20111,1.2431007906121028,182370,19441,162929
20112,1.2430389817024663,182370,19441,162929
20113,1.2429771789389947,182348,19441,162907
20114,1.2429153823207717,182348,19441,162907
20115,1.2428535918468804,182348,19441,162907
20116,1.2427918075164048,182284,19493,162791
20117,1.2427300293284287,182284,19493,162791
20118,1.242668257282036,182280,19624,162656
20119,1.2426064913763109,182280,19624,162656
20120,1.242544731610338,182240,19624,162616
20121,1.2424829779832016,182240,19624,162616
20122,1.2424212304939868,182240,19624,162616
20123,1.242359489141778,182240,19624,162616
20124,1.242297753925661,182240,19624,162616
20125,1.2422360248447204,182240,19624,162616
20126,1.2421743018980422,182240,19624,162616
20127,1.2421125850847121,182240,19624,162616
20128,1.2420508744038157,182240,19624,162616
20129,1.241989169854439,182240,19624,162616
20130,1.241927471435668,182240,19624,162616
20131,1.24186577914659,182240,19624,162616
20132,1.2418040929862906,182240,19624,162616
20133,1.2417424129538568,182240,19624,162616
20134,1.241680739048376,182240,19624,162616
20135,1.2416190712689348,182240,19624,162616
20136,1.2415574096146207,182240,19624,162616
20137,1.241495754084521,182240,19624,162616
20138,1.2414341046777237,182240,19624,162616
20139,1.2413724613933164,182240,19624,162616
20140,1.2413108242303872,182240,19624,162616
20141,1.2412491931880245,182240,19624,162616
20142,1.2411875682653162,182240,19624,162616
20143,1.2411259494613514,182240,19624,162616
20144,1.2410643367752183,182240,19624,162616
20145,1.2410027302060065,182240,19624,162616
20146,1.2409411297528046,182240,19624,162616
20147,1.240879535414702,182240,19624,162616
20148,1.240817947190788,182240,19624,162616
20149,1.240756365080153,182240,19624,162616
20150,1.2406947890818858,182240,19624,162616
20151,1.240633219195077,182240,19624,162616
20152,1.240571655418817,182240,19624,162616
20153,1.2405100977521957,182240,19624,162616
20154,1.2404485461943038,182240,19624,162616
20155,1.2403870007442321,182240,19624,162616
20156,1.2403254614010717,182240,19624,162616
20157,1.2402639281639132,182240,19624,162616
20158,1.2402024010318484,182240,19624,162616
20159,1.2401408800039684,182240,19624,162616
20160,1.2400793650793651,182240,19624,162616
20161,1.24001785625713,182240,19624,162616
20162,1.2399563535363556,182240,19624,162616
20163,1.2398948569161334,182240,19624,162616
20164,1.2398333663955565,182240,19624,162616
20165,1.239771881973717,182240,19624,162616
20166,1.2397104036497075,182240,19624,162616
20167,1.2396489314226211,182240,19624,162616
20168,1.239587465291551,182240,19624,162616
20169,1.2395260052555903,182240,19624,162616
20170,1.2394645513138325,182240,19624,162616
20171,1.239403103465371,182240,19624,162616
20172,1.2393416617093,182240,19624,162616
20173,1.2392802260447133,182240,19624,162616
20174,1.2392187964707049,182240,19624,162616
20175,1.2391573729863692,182240,19624,162616
20176,1.239095955590801,182240,19624,162616
20177,1.2390345442830946,182240,19624,162616
20178,1.238973139062345,182240,19624,162616
20179,1.2389117399276475,182240,19624,162616
20180,1.2388503468780971,182240,19624,162616
20181,1.2387889599127893,182240,19624,162616
20182,1.2387275790308196,182240,19624,162616
20183,1.2386662042312837,182240,19624,162616
20184,1.238604835513278,182240,19624,162616
20185,1.238543472875898,182240,19624,162616
20186,1.2384821163182405,182240,19624,162616
20187,1.2384207658394015,182240,19624,162616
20188,1.2383594214384783,182240,19624,162616
20189,1.2382980831145673,182240,19624,162616
20190,1.2382367508667658,182240,19624,162616
20191,1.2381754246941707,182240,19624,162616
20192,1.2381141045958794,182240,19624,162616
20193,1.23805279057099,182240,19624,162616
20194,1.2379914826185996,182240,19624,162616
20195,1.2379301807378065,182240,19624,162616
20196,1.2378688849277084,182240,19624,162616
20197,1.2378075951874041,182240,19624,162616
20198,1.2377463115159917,182240,19624,162616
20199,1.23768503391257,182240,19624,162616
20200,1.2376237623762376,182240,19624,162616
20201,1.2375624969060937,182240,19624,162616
20202,1.2375012375012375,182240,19624,162616
20203,1.2374399841607682,182240,19624,162616
20204,1.2373787368837854,182240,19624,162616
20205,1.2373174956693889,182240,19624,162616
20206,1.2372562605166781,182240,19624,162616
20207,1.2371950314247537,182240,19624,162616
20208,1.2371338083927157,182240,19624,162616
20209,1.2370725914196645,182240,19624,162616
20210,1.2370113805047007,182240,19624,162616
20211,1.236950175646925,182240,19624,162616
20212,1.2368889768454383,182240,19624,162616
20213,1.236827784099342,182240,19624,162616
20214,1.2367665974077373,182240,19624,162616
20215,1.2367054167697253,182240,19624,162616
20216,1.2366442421844084,182240,19624,162616
20217,1.2365830736508878,182240,19624,162616
20218,1.236521911168266,182240,19624,162616
20219,1.2364607547356448,182240,19624,162616
20220,1.2363996043521266,182240,19624,162616
20221,1.2363384600168141,182240,19624,162616
20222,1.23627732172881,182240,19624,162616
20223,1.2362161894872175,182240,19624,162616
20224,1.2361550632911393,182240,19624,162616
20225,1.2360939431396787,182240,19624,162616
20226,1.2360328290319391,182240,19624,162616
20227,1.2359717209670242,182240,19624,162616
20228,1.2359106189440379,182240,19624,162616
20229,1.235849522962084,182240,19624,162616
20230,1.2357884330202669,182240,19624,162616
20231,1.2357273491176908,182240,19624,162616
20232,1.2356662712534598,182240,19624,162616
20233,1.2356051994266792,182240,19624,162616
20234,1.2355441336364534,182240,19624,162616
20235,1.2354830738818878,182240,19624,162616
20236,1.2354220201620874,182240,19624,162616
20237,1.2353609724761576,182240,19624,162616
20238,1.2352999308232038,182237,19624,162613
20239,1.235238895202332,182237,19624,162613
20240,1.2351778656126482,182237,19624,162613
20241,1.2351168420532583,182237,19624,162613
20242,1.2350558245232683,182237,19624,162613
20243,1.2349948130217854,182237,19624,162613
20244,1.2349338075479155,182237,19624,162613
20245,1.2348728081007656,182237,19624,162613
20246,1.234811814679443,182237,19624,162613
20247,1.2347508272830543,182237,19624,162613
20248,1.2346898459107072,182237,19624,162613
20249,1.2346288705615092,182237,19624,162613
20250,1.2345679012345678,182237,19624,162613
20251,1.2345069379289912,182237,19624,162613
20252,1.234445980643887,182237,19624,162613
20253,1.2343850293783638,182237,19624,162613
20254,1.2343240841315295,182237,19624,162613
20255,1.2342631449024932,182237,19624,162613
20256,1.2342022116903633,182237,19624,162613
20257,1.234141284494249,182237,19624,162613
20258,1.2340803633132589,182237,19624,162613
20259,1.2340194481465028,182237,19624,162613
20260,1.2339585389930898,182237,19624,162613
20261,1.2338976358521296,182237,19624,162613
20262,1.2338367387227323,182237,19624,162613
20263,1.2337758476040073,182237,19624,162613
20264,1.2337149624950652,182237,19624,162613
20265,1.233654083395016,182237,19624,162613
20266,1.2335932103029705,182237,19624,162613
20267,1.2335323432180392,182237,19624,162613
20268,1.2334714821393329,182237,19624,162613
20269,1.2334106270659628,182237,19624,162613
20270,1.23334977799704,182237,19624,162613
20271,1.2332889349316758,182237,19624,162613
20272,1.2332280978689818,182237,19624,162613
20273,1.2331672668080698,182237,19624,162613
20274,1.2331064417480517,182237,19624,162613
20275,1.2330456226880395,182237,19624,162613
20276,1.2329848096271454,182237,19624,162613
20277,1.2329240025644819,182237,19624,162613
20278,1.2328632014991616,182237,19624,162613
20279,1.2328024064302974,182237,19624,162613
20280,1.232741617357002,182237,19624,162613
20281,1.2326808342783886,182237,19624,162613
20282,1.2326200571935706,182237,19624,162613
20283,1.2325592861016614,182237,19624,162613
20284,1.2324985210017747,182237,19624,162613
20285,1.2324377618930245,182237,19624,162613
20286,1.2323770087745243,182237,19624,162613
20287,1.2323162616453887,182237,19624,162613
20288,1.2322555205047319,182237,19624,162613
20289,1.2321947853516684,182237,19624,162613
20290,1.232134056185313,182237,19624,162613
20291,1.2320733330047804,182237,19624,162613
20292,1.232012615809186,182237,19624,162613
20293,1.2319519045976446,182237,19624,162613
20294,1.2318911993692716,182237,19624,162613
20295,1.231830500123183,182237,19624,162613
20296,1.2317698068584944,182237,19624,162613
20297,1.2317091195743213,182237,19624,162613
20298,1.2316484382697803,182237,19624,162613
20299,1.2315877629439873,182237,19624,162613
20300,1.2315270935960592,182237,19624,162613
20301,1.2314664302251122,182237,19624,162613
20302,1.231405772830263,182237,19624,162613
20303,1.231345121410629,182237,19624,162613
20304,1.231284475965327,182237,19624,162613
20305,1.2312238364934744,182237,19624,162613
20306,1.2311632029941888,182237,19624,162613
20307,1.2311025754665879,182237,19624,162613
20308,1.2310419539097892,182237,19624,162613
20309,1.2309813383229111,182237,19624,162613
20310,1.2309207287050714,182237,19624,162613
20311,1.2308601250553888,182237,19624,162613
20312,1.2307995273729815,182237,19624,162613
20313,1.2307389356569685,182237,19624,162613
20314,1.2306783499064684,182237,19624,162613
20315,1.2306177701206005,182237,19624,162613
20316,1.230557196298484,182237,19624,162613
20317,1.230496628439238,182237,19624,162613
20318,1.2304360665419825,182237,19624,162613
20319,1.230375510605837,182237,19624,162613
20320,1.2303149606299213,182237,19624,162613
20321,1.2302544166133556,182237,19624,162613
20322,1.2301938785552604,182237,19624,162613
20323,1.2301333464547557,182237,19624,162613
20324,1.2300728203109623,182237,19624,162613
20325,1.2300123001230012,182237,19624,162613
20326,1.229951785889993,182237,19624,162613
20327,1.229891277611059,182237,19624,162613
20328,1.2298307752853208,182237,19624,162613
20329,1.2297702789118992,182237,19624,162613
20330,1.2297097884899164,182237,19624,162613
20331,1.229649304018494,182237,19624,162613
20332,1.229588825496754,182237,19624,162613
20333,1.2295283529238183,182237,19624,162613
20334,1.2294678862988098,182237,19624,162613
20335,1.2294074256208507,182237,19624,162613
20336,1.2293469708890636,182237,19624,162613
20337,1.2292865221025717,182237,19624,162613
20338,1.2292260792604977,182237,19624,162613
20339,1.2291656423619648,182237,19624,162613
20340,1.2291052114060963,182237,19624,162613
20341,1.2290447863920162,182237,19624,162613
20342,1.2289843673188476,182237,19624,162613
20343,1.228923954185715,182237,19624,162613
20344,1.228863546991742,182237,19624,162613
20345,1.228803145736053,182237,19624,162613
20346,1.2287427504177726,182237,19624,162613
20347,1.228682361036025,182237,19624,162613
20348,1.2286219775899352,182237,19624,162613
20349,1.228561600078628,182237,19624,162613
20350,1.2285012285012284,182237,19624,162613
20351,1.2284408628568622,182237,19624,162613
20352,1.2283805031446542,182237,19624,162613
20353,1.2283201493637301,182237,19624,162613
20354,1.228259801513216,182237,19624,162613
20355,1.2281994595922379,182237,19624,162613
20356,1.2281391235999215,182237,19624,162613
20357,1.2280787935353932,182237,19624,162613
20358,1.2280184693977798,182237,19624,162613
20359,1.2279581511862077,182237,19624,162613
20360,1.2278978388998036,182237,19624,162613
20361,1.2278375325376947,182237,19624,162613
20362,1.227777232099008,182237,19624,162613
20363,1.227716937582871,182237,19624,162613
20364,1.2276566489884109,182237,19624,162613
20365,1.2275963663147558,182237,19624,162613
20366,1.227536089561033,182221,19624,162597
20367,1.227475818726371,182221,19624,162597
20368,1.2274155538098979,182221,19624,162597
20369,1.2273552948107418,182221,19624,162597
20370,1.2272950417280315,182221,19624,162597
20371,1.2272347945608955,182221,19624,162597
20372,1.2271745533084626,182221,19624,162597
20373,1.227114317969862,182221,19624,162597
20374,1.227054088544223,182221,19624,162597
20375,1.2269938650306749,182221,19624,162597
20376,1.226933647428347,182221,19624,162597
20377,1.2268734357363695,182221,19624,162597
20378,1.2268132299538719,182221,19624,162597
20379,1.2267530300799843,182221,19624,162597
20380,1.2266928361138372,182221,19624,162597
20381,1.2266326480545606,182221,19624,162597
20382,1.2265724659012855,182221,19624,162597
20383,1.2265122896531424,182221,19624,162597
20384,1.2264521193092621,182221,19624,162597
20385,1.226391954868776,182221,19624,162597
20386,1.2263317963308153,182221,19624,162597
20387,1.2262716436945111,182221,19624,162597
20388,1.2262114969589955,182221,19624,162597
20389,1.2261513561233999,182221,19624,162597
20390,1.2260912211868562,182221,19624,162597
20391,1.226031092148497,182221,19624,162597
20392,1.2259709690074538,182221,19624,162597
20393,1.2259108517628599,182221,19624,162597
20394,1.2258507404138472,182221,19624,162597
20395,1.2257906349595489,182221,19624,162597
20396,1.225730535399098,182221,19624,162597
20397,1.225670441731627,182221,19624,162597
20398,1.2256103539562702,182221,19624,162597
20399,1.2255502720721605,182221,19624,162597
20400,1.2254901960784315,182221,19624,162597
20401,1.2254301259742169,182221,19624,162597
20402,1.2253700617586512,182221,19624,162597
20403,1.225310003430868,182221,19624,162597
20404,1.225249950990002,182221,19624,162597
20405,1.2251899044351875,182221,19624,162597
20406,1.2251298637655592,182221,19624,162597
20407,1.225069828980252,182221,19624,162597
20408,1.2250098000784007,182221,19624,162597
20409,1.2249497770591407,182221,19624,162597
20410,1.224889759921607,182221,19624,162597
20411,1.2248297486649355,182221,19624,162597
20412,1.2247697432882618,182221,19624,162597
20413,1.2247097437907215,182221,19624,162597
20414,1.224649750171451,182221,19624,162597
20415,1.224589762429586,182221,19624,162597
20416,1.2245297805642634,182221,19624,162597
20417,1.2244698045746192,182221,19624,162597
20418,1.2244098344597905,182221,19624,162597
20419,1.2243498702189137,182221,19624,162597
20420,1.2242899118511263,182221,19624,162597
20421,1.2242299593555654,182221,19624,162597
20422,1.2241700127313682,182221,19624,162597
20423,1.2241100719776723,182221,19624,162597
20424,1.2240501370936154,182221,19624,162597
20425,1.2239902080783354,182221,19624,162597
20426,1.2239302849309703,182221,19624,162597
20427,1.2238703676506584,182221,19624,162597
20428,1.2238104562365382,182221,19624,162597
20429,1.2237505506877477,182221,19624,162597
20430,1.2236906510034264,182221,19624,162597
20431,1.2236307571827125,182221,19624,162597
20432,1.2235708692247456,182221,19624,162597
20433,1.2235109871286645,182221,19624,162597
20434,1.2234511108936086,182221,19624,162597
20435,1.223391240518718,182221,19624,162597
20436,1.2233313760031317,182221,19624,162597
20437,1.22327151734599,182221,19624,162597
20438,1.223211664546433,182221,19624,162597
20439,1.223151817603601,182221,19624,162597
20440,1.2230919765166341,182221,19624,162597
20441,1.223032141284673,182221,19624,162597
20442,1.2229723119068585,182221,19624,162597
20443,1.2229124883823315,182221,19624,162597
20444,1.2228526707102327,182221,19624,162597
20445,1.2227928588897041,182221,19624,162597
20446,1.2227330529198865,182221,19624,162597
20447,1.2226732527999218,182221,19624,162597
20448,1.2226134585289514,182221,19624,162597
20449,1.2225536701061177,182221,19624,162597
20450,1.2224938875305624,182221,19624,162597
20451,1.2224341108014278,182221,19624,162597
20452,1.2223743399178564,182221,19624,162597
20453,1.2223145748789908,182221,19624,162597
20454,1.2222548156839739,182221,19624,162597
20455,1.2221950623319482,182221,19624,162597
20456,1.222135314822057,182221,19624,162597
20457,1.2220755731534438,182221,19624,162597
20458,1.2220158373252517,182221,19624,162597
20459,1.2219561073366245,182221,19624,162597
20460,1.2218963831867058,182221,19624,162597
20461,1.2218366648746395,182221,19624,162597
20462,1.2217769523995698,182221,19624,162597
20463,1.2217172457606411,182221,19624,162597
20464,1.2216575449569977,182221,19624,162597
20465,1.221597849987784,182221,19624,162597
20466,1.221538160852145,182221,19624,162597
20467,1.2214784775492256,182221,19624,162597
20468,1.2214188000781707,182221,19624,162597
20469,1.221359128438126,182221,19624,162597
20470,1.2212994626282365,182221,19624,162597
20471,1.2212398026476479,182221,19624,162597
20472,1.221180148495506,182221,19624,162597
20473,1.2211205001709569,182221,19624,162597
20474,1.2210608576731465,182221,19624,162597
20475,1.221001221001221,182221,19624,162597
20476,1.220941590154327,182221,19624,162597
20477,1.2208819651316112,182221,19624,162597
20478,1.22082234593222,182221,19624,162597
20479,1.2207627325553005,182221,19624,162597
20480,1.220703125,182221,19624,162597
20481,1.2206435232654655,182221,19624,162597
20482,1.2205839273508445,182221,19624,162597
20483,1.220524337255285,182221,19624,162597
20484,1.220464752977934,182221,19624,162597
20485,1.22040517451794,182221,19624,162597
20486,1.2203456018744507,182221,19624,162597
20487,1.220286035046615,182078,19620,162458
20488,1.2202264740335806,182078,19620,162458
20489,1.2201669188344966,182078,19620,162458
20490,1.2201073694485114,182078,19620,162458
20491,1.2200478258747742,182078,19620,162458
20492,1.2199882881124342,182078,19620,162458
20493,1.2199287561606402,182078,19620,162458
20494,1.219869230018542,181256,18306,162950
20495,1.2198097096852891,181256,18306,162950
20496,1.2197501951600311,181256,18306,162950
20497,1.2196906864419184,181256,18306,162950
20498,1.2196311835301006,181256,18306,162950
20499,1.219571686423728,181256,18306,162950
20500,1.2195121951219512,181256,18306,162950
20501,1.2194527096239207,181256,18306,162950
20502,1.2193932299287875,181256,18306,162950
20503,1.219333756035702,181256,18306,162950
20504,1.2192742879438159,181256,18306,162950
20505,1.21921482565228,181256,18306,162950
20506,1.2191553691602457,181256,18306,162950
20507,1.219095918466865,181256,18306,162950
20508,1.2190364735712893,181256,18306,162950
20509,1.2189770344726705,181213,18306,162907
20510,1.2189176011701608,181213,18306,162907
20511,1.2188581736629125,181213,18306,162907
20512,1.218798751950078,181213,18306,162907
20513,1.2187393360308096,181213,18306,162907
20514,1.2186799259042604,181213,18306,162907
20515,1.2186205215695833,181213,18306,162907
20516,1.218561123025931,181213,18306,162907
20517,1.218501730272457,181213,18306,162907
20518,1.2184423433083147,181213,18306,162907
20519,1.2183829621326576,181213,18306,162907
20520,1.2183235867446394,181213,18306,162907
20521,1.2182642171434142,181213,18306,162907
20522,1.2182048533281356,181213,18306,162907
20523,1.2181454952979585,181213,18306,162907
20524,1.2180861430520367,181213,18306,162907
20525,1.218026796589525,181213,18306,162907
20526,1.2179674559095781,181213,18306,162907
20527,1.217908121011351,181213,18306,162907
20528,1.2178487918939984,181213,18306,162907
20529,1.217789468556676,181213,18306,162907
20530,1.2177301509985388,181213,18306,162907
20531,1.2176708392187423,181213,18306,162907
20532,1.2176115332164426,181213,18306,162907
20533,1.2175522329907953,181213,18306,162907
20534,1.2174929385409565,181213,18306,162907
20535,1.2174336498660823,181213,18306,162907
20536,1.2173743669653292,181213,18306,162907
20537,1.2173150898378535,181213,18306,162907
20538,1.2172558184828124,181213,18306,162907
20539,1.2171965528993622,181213,18306,162907
20540,1.2171372930866602,181213,18306,162907
20541,1.2170780390438636,181213,18306,162907
20542,1.2170187907701295,181213,18306,162907
20543,1.2169595482646156,181213,18306,162907
20544,1.2169003115264798,181213,18306,162907
20545,1.2168410805548795,181213,18306,162907
20546,1.216781855348973,181213,18306,162907
20547,1.2167226359079184,181213,18306,162907
20548,1.216663422230874,181213,18306,162907
20549,1.2166042143169984,181213,18306,162907
20550,1.2165450121654502,181213,18306,162907
20551,1.2164858157753882,181213,18306,162907
20552,1.2164266251459712,181213,18306,162907
20553,1.2163674402763587,181213,18306,162907
20554,1.21630826116571,181213,18306,162907
20555,1.2162490878131842,181213,18306,162907
20556,1.2161899202179411,181213,18306,162907
20557,1.216130758379141,181213,18306,162907
20558,1.2160716022959432,181213,18306,162907
20559,1.2160124519675082,181213,18306,162907
20560,1.215953307392996,181213,18306,162907
20561,1.2158941685715676,181213,18306,162907
20562,1.215835035502383,181213,18306,162907
20563,1.2157759081846033,181213,18306,162907
20564,1.2157167866173897,181213,18306,162907
20565,1.2156576707999027,181213,18306,162907
20566,1.215598560731304,181213,18306,162907
20567,1.2155394564107551,181213,18306,162907
20568,1.2154803578374174,181213,18306,162907
20569,1.2154212650104526,181213,18306,162907
20570,1.215362177929023,181213,18306,162907
20571,1.2153030965922902,181213,18306,162907
20572,1.2152440209994166,181213,18306,162907
20573,1.215184951149565,181213,18306,162907
20574,1.2151258870418975,181213,18306,162907
20575,1.2150668286755772,181213,18306,162907
20576,1.2150077760497666,181213,18306,162907
20577,1.2149487291636294,181213,18306,162907
20578,1.214889688016328,181213,18306,162907
20579,1.2148306526070265,181213,18306,162907
20580,1.2147716229348882,181213,18306,162907
20581,1.2147125989990768,181213,18306,162907
20582,1.2146535807987562,181213,18306,162907
20583,1.2145945683330903,181213,18306,162907
20584,1.2145355616012437,181213,18306,162907
20585,1.2144765606023804,181213,18306,162907
20586,1.214417565335665,181213,18306,162907
20587,1.2143585758002624,181213,18306,162907
20588,1.214299591995337,181213,18306,162907
20589,1.2142406139200543,181213,18306,162907
20590,1.2141816415735793,181213,18306,162907
20591,1.2141226749550775,181213,18306,162907
20592,1.214063714063714,181213,18306,162907
20593,1.214004758898655,181213,18306,162907
20594,1.2139458094590658,181213,18306,162907
20595,1.2138868657441126,181213,18306,162907
20596,1.2138279277529618,181213,18306,162907
20597,1.2137689954847792,181213,18306,162907
20598,1.213710068938732,181213,18306,162907
20599,1.2136511481139862,181213,18306,162907
20600,1.2135922330097086,181213,18306,162907
20601,1.2135333236250667,181213,18306,162907
20602,1.2134744199592273,181213,18306,162907
20603,1.2134155220113576,181213,18306,162907
20604,1.213356629780625,181213,18306,162907
20605,1.2132977432661975,181213,18306,162907
20606,1.2132388624672426,181213,18306,162907
20607,1.213179987382928,181213,18306,162907
20608,1.2131211180124224,181213,18306,162907
20609,1.2130622543548935,181213,18306,162907
20610,1.21300339640951,181213,18306,162907
20611,1.2129445441754403,181213,18306,162907
20612,1.2128856976518534,181213,18306,162907
20613,1.212826856837918,181213,18306,162907
20614,1.212768021732803,181177,18303,162874
20615,1.2127091923356779,181177,18303,162874
20616,1.212650368645712,181177,18303,162874
20617,1.212591550662075,181177,18303,162874
20618,1.2125327383839364,181177,18303,162874
20619,1.212473931810466,181177,18303,162874
20620,1.2124151309408342,181177,18303,162874
20621,1.2123563357742106,181177,18303,162874
20622,1.2122975463097663,181177,18303,162874
20623,1.2122387625466713,181177,18303,162874
20624,1.2121799844840961,181177,18303,162874
20625,1.2121212121212122,181177,18303,162874
20626,1.21206244545719,181177,18303,162874
20627,1.2120036844912008,181177,18303,162874
20628,1.211944929222416,181177,18303,162874
20629,1.2118861796500073,181177,18303,162874
20630,1.211827435773146,181177,18303,162874
20631,1.2117686975910038,181177,18303,162874
20632,1.211709965102753,181177,18303,162874
20633,1.2116512383075655,181177,18303,162874
20634,1.2115925172046138,181177,18303,162874
20635,1.2115338017930701,181177,18303,162874
20636,1.211475092072107,181177,18303,162874
20637,1.2114163880408975,181177,18303,162874
20638,1.2113576896986142,181177,18303,162874
20639,1.2112989970444303,181177,18303,162874
20640,1.2112403100775193,181177,18303,162874
20641,1.2111816287970545,181177,18303,162874
20642,1.2111229532022092,181177,18303,162874
20643,1.2110642832921572,181177,18303,162874
20644,1.2110056190660725,181177,18303,162874
20645,1.2109469605231291,181177,18303,162874
20646,1.2108883076625012,181177,18303,162874
20647,1.2108296604833633,181177,18303,162874
20648,1.2107710189848895,181177,18303,162874
20649,1.210712383166255,181177,18303,162874
20650,1.2106537530266344,181177,18303,162874
20651,1.2105951285652026,181177,18303,162874
20652,1.210536509781135,181177,18303,162874
20653,1.2104778966736067,181177,18303,162874
20654,1.2104192892417933,181177,18303,162874
20655,1.2103606874848705,181177,18303,162874
20656,1.210302091402014,181177,18303,162874
20657,1.2102435009923997,181177,18303,162874
20658,1.2101849162552039,181177,18303,162874
20659,1.2101263371896025,181177,18303,162874
20660,1.2100677637947725,181177,18303,162874
20661,1.2100091960698902,181177,18303,162874
20662,1.2099506340141322,181177,18303,162874
20663,1.2098920776266757,181177,18303,162874
20664,1.2098335269066975,181177,18303,162874
20665,1.2097749818533752,181177,18303,162874
20666,1.209716442465886,181177,18303,162874
20667,1.2096579087434074,181177,18303,162874
20668,1.209599380685117,181177,18303,162874
20669,1.209540858290193,181177,18303,162874
20670,1.2094823415578133,181177,18303,162874
20671,1.2094238304871558,181177,18303,162874
20672,1.2093653250773995,181177,18303,162874
20673,1.2093068253277222,181177,18303,162874
20674,1.2092483312373028,181177,18303,162874
20675,1.2091898428053205,181177,18303,162874
20676,1.2091313600309537,181177,18303,162874
20677,1.209072882913382,181177,18303,162874
20678,1.2090144114517845,181177,18303,162874
20679,1.2089559456453407,181177,18303,162874
20680,1.2088974854932302,181177,18303,162874
20681,1.2088390309946329,181177,18303,162874
20682,1.2087805821487283,181177,18303,162874
20683,1.2087221389546972,181177,18303,162874
20684,1.2086637014117192,181177,18303,162874
20685,1.208605269518975,181177,18303,162874
20686,1.2085468432756454,181177,18303,162874
20687,1.2084884226809107,181177,18303,162874
20688,1.208430007733952,181177,18303,162874
20689,1.2083715984339505,181177,18303,162874
20690,1.208313194780087,181177,18303,162874
20691,1.2082547967715431,181177,18303,162874
20692,1.2081964044075004,181177,18303,162874
20693,1.2081380176871406,181177,18303,162874
20694,1.2080796366096453,181177,18303,162874
20695,1.2080212611741967,181177,18303,162874
20696,1.2079628913799767,181177,18303,162874
20697,1.2079045272261681,181177,18303,162874
20698,1.2078461687119528,181177,18303,162874
20699,1.2077878158365138,181177,18303,162874
20700,1.2077294685990339,181177,18303,162874
20701,1.2076711269986957,181177,18303,162874
20702,1.2076127910346826,181177,18303,162874
20703,1.207554460706178,181177,18303,162874
20704,1.2074961360123648,181177,18303,162874
20705,1.207437816952427,181177,18303,162874
20706,1.2073795035255481,181177,18303,162874
20707,1.2073211957309122,181177,18303,162874
20708,1.2072628935677032,181177,18303,162874
20709,1.2072045970351055,181177,18303,162874
20710,1.2071463061323033,181177,18303,162874
20711,1.207088020858481,181177,18303,162874
20712,1.2070297412128235,181177,18303,162874
20713,1.2069714671945155,181177,18303,162874
20714,1.2069131988027422,181177,18303,162874
20715,1.2068549360366885,181177,18303,162874
20716,1.2067966788955398,181177,18303,162874
20717,1.2067384273784814,181177,18303,162874
20718,1.2066801814846992,181177,18303,162874
20719,1.206621941213379,181177,18303,162874
20720,1.2065637065637065,181177,18303,162874
20721,1.206505477534868,181177,18303,162874
20722,1.2064472541260496,181177,18303,162874
20723,1.2063890363364378,181177,18303,162874
20724,1.206330824165219,181177,18303,162874
20725,1.2062726176115801,181177,18303,162874
20726,1.2062144166747082,181177,18303,162874
20727,1.2061562213537897,181177,18303,162874
20728,1.2060980316480123,181177,18303,162874
20729,1.2060398475565632,181177,18303,162874
20730,1.20598166907863,181177,18303,162874
20731,1.2059234962134002,181177,18303,162874
20732,1.2058653289600618,181177,18303,162874
20733,1.2058071673178026,180985,18207,162778
20734,1.2057490112858107,180985,18207,162778
20735,1.2056908608632746,180985,18207,162778
20736,1.2056327160493827,180985,18207,162778
20737,1.2055745768433235,180985,18207,162778
20738,1.2055164432442858,180985,18207,162778
20739,1.2054583152514586,180985,18207,162778
20740,1.2054001928640308,180985,18207,162778
20741,1.205342076081192,180985,18207,162778
20742,1.205283964902131,180985,18207,162778
20743,1.2052258593260377,180985,18207,162778
20744,1.2051677593521017,180985,18207,162778
20745,1.2051096649795132,180985,18207,162778
20746,1.2050515762074616,180985,18207,162778
20747,1.2049934930351376,180985,18207,162778
20748,1.2049354154617313,180985,18207,162778
20749,1.204877343486433,180985,18207,162778
20750,1.2048192771084338,180985,18207,162778
20751,1.204761216326924,180985,18207,162778
20752,1.2047031611410948,180985,18207,162778
20753,1.2046451115501373,180985,18207,162778
20754,1.2045870675532429,180985,18207,162778
20755,1.2045290291496025,180985,18207,162778
20756,1.2044709963384082,180985,18207,162778
20757,1.2044129691188514,180985,18207,162778
20758,1.2043549474901243,180985,18207,162778
20759,1.2042969314514187,180985,18207,162778
20760,1.2042389210019269,180985,18207,162778
20761,1.204180916140841,180985,18207,162778
20762,1.2041229168673537,180985,18207,162778
20763,1.204064923180658,180985,18207,162778
20764,1.204006935079946,180985,18207,162778
20765,1.2039489525644114,180985,18207,162778
20766,1.2038909756332468,180985,18207,162778
20767,1.2038330042856455,180985,18207,162778
20768,1.2037750385208013,180985,18207,162778
20769,1.2037170783379074,180985,18207,162778
20770,1.203659123736158,180985,18207,162778
20771,1.2036011747147466,180985,18207,162778
20772,1.2035432312728673,180985,18207,162778
20773,1.2034852934097144,180985,18207,162778
20774,1.2034273611244826,180985,18207,162778
20775,1.203369434416366,180985,18207,162778
20776,1.203311513284559,180985,18207,162778
20777,1.2032535977282572,180985,18207,162778
20778,1.2031956877466552,180985,18207,162778
20779,1.203137783338948,180985,18207,162778
20780,1.2030798845043311,180985,18207,162778
20781,1.203021991242,180985,18207,162778
20782,1.20296410355115,180985,18207,162778
20783,1.2029062214309771,180985,18207,162778
20784,1.2028483448806775,180985,18207,162778
20785,1.2027904738994468,180985,18207,162778
20786,1.2027326084864813,180985,18207,162778
20787,1.2026747486409775,180985,18207,162778
20788,1.202616894362132,180985,18207,162778
20789,1.2025590456491413,180985,18207,162778
20790,1.2025012025012025,180985,18207,162778
20791,1.2024433649175124,180985,18207,162778
20792,1.2023855328972681,180985,18207,162778
20793,1.2023277064396671,180985,18207,162778
20794,1.202269885543907,180985,18207,162778
20795,1.202212070209185,180985,18207,162778
20796,1.202154260434699,180985,18207,162778
20797,1.202096456219647,180985,18207,162778
20798,1.2020386575632271,180985,18207,162778
20799,1.2019808644646377,180985,18207,162778
20800,1.2019230769230769,180985,18207,162778
20801,1.2018652949377433,180985,18207,162778
20802,1.2018075185078358,180985,18207,162778
20803,1.201749747632553,180985,18207,162778
20804,1.201691982311094,180985,18207,162778
20805,1.201634222542658,180985,18207,162778
20806,1.2015764683264443,180985,18207,162778
20807,1.2015187196616524,180985,18207,162778
20808,1.2014609765474817,180985,18207,162778
20809,1.2014032389831324,180985,18207,162778
20810,1.2013455069678038,180985,18207,162778
20811,1.2012877805006967,180985,18207,162778
20812,1.201230059581011,180985,18207,162778
20813,1.201172344207947,180985,18207,162778
20814,1.2011146343807053,180985,18207,162778
20815,1.2010569300984866,180985,18207,162778
20816,1.200999231360492,180985,18207,162778
20817,1.200941538165922,180985,18207,162778
20818,1.2008838505139783,180985,18207,162778
20819,1.200826168403862,180985,18207,162778
20820,1.2007684918347743,180985,18207,162778
20821,1.2007108208059172,180985,18207,162778
20822,1.200653155316492,180985,18207,162778
20823,1.2005954953657014,180985,18207,162778
20824,1.2005378409527467,180985,18207,162778
20825,1.2004801920768307,180985,18207,162778
20826,1.2004225487371554,180985,18207,162778
20827,1.2003649109329235,180985,18207,162778
20828,1.2003072786633378,180985,18207,162778
20829,1.200249651927601,180985,18207,162778
20830,1.200192030724916,180985,18207,162778
20831,1.2001344150544861,180985,18207,162778
20832,1.2000768049155146,180985,18207,162778
20833,1.200019200307205,180985,18207,162778
20834,1.1999616012287606,180985,18207,162778
20835,1.1999040076793857,180985,18207,162778
20836,1.1998464196582836,180985,18207,162778
20837,1.199788837164659,180985,18207,162778
20838,1.1997312601977157,180985,18207,162778
20839,1.1996736887566581,180985,18207,162778
20840,1.199616122840691,180985,18207,162778
20841,1.1995585624490188,180985,18207,162778
20842,1.1995010075808463,180985,18207,162778
20843,1.1994434582353788,180985,18207,162778
20844,1.199385914411821,180985,18207,162778
20845,1.1993283761093787,180985,18207,162778
20846,1.199270843327257,180985,18207,162778
20847,1.1992133160646616,180985,18207,162778
20848,1.1991557943207982,180985,18207,162778
20849,1.1990982780948727,180985,18207,162778
20850,1.1990407673860912,180985,18207,162778
20851,1.1989832621936598,180985,18207,162778
20852,1.198925762516785,180985,18207,162778
20853,1.1988682683546732,180985,18207,162778
20854,1.198810779706531,180985,18207,162778
20855,1.1987532965715655,180985,18207,162778
20856,1.1986958189489836,180985,18207,162778
20857,1.198638346837992,180985,18207,162778
20858,1.1985808802377984,180985,18207,162778
20859,1.1985234191476102,180985,18207,162778
20860,1.1984659635666348,180985,18207,162778
20861,1.1984085134940798,180985,18207,162778
20862,1.1983510689291534,180985,18207,162778
20863,1.1982936298710636,180985,18207,162778
20864,1.1982361963190185,180985,18207,162778
20865,1.1981787682722262,180985,18207,162778
20866,1.1981213457298956,180985,18207,162778
20867,1.198063928691235,180985,18207,162778
20868,1.1980065171554533,180985,18207,162778
20869,1.1979491111217595,180985,18207,162778
20870,1.1978917105893627,180985,18207,162778
20871,1.197834315557472,180985,18207,162778
20872,1.197776926025297,180985,18207,162778
20873,1.1977195419920472,180985,18207,162778
20874,1.197662163456932,180985,18207,162778
20875,1.1976047904191616,180985,18207,162778
20876,1.197547422877946,180985,18207,162778
20877,1.197490060832495,180985,18207,162778
20878,1.1974327042820194,180985,18207,162778
20879,1.1973753532257292,180985,18207,162778
20880,1.1973180076628354,180985,18207,162778
20881,1.1972606675925483,180985,18207,162778
20882,1.1972033330140792,180985,18207,162778
20883,1.1971460039266388,180985,18207,162778
20884,1.1970886803294387,180985,18207,162778
20885,1.1970313622216902,180985,18207,162778
20886,1.1969740496026047,180985,18207,162778
20887,1.1969167424713938,180985,18207,162778
20888,1.1968594408272692,180985,18207,162778
20889,1.1968021446694432,180985,18207,162778
20890,1.1967448539971277,180985,18207,162778
20891,1.1966875688095353,180985,18207,162778
20892,1.1966302891058778,180985,18207,162778
20893,1.1965730148853684,180985,18207,162778
20894,1.1965157461472193,180985,18207,162778
20895,1.1964584828906437,180945,18167,162778
20896,1.1964012251148546,180945,18167,162778
20897,1.196343972819065,180945,18167,162778
20898,1.1962867260024883,180945,18167,162778
20899,1.196229484664338,180945,18167,162778
20900,1.1961722488038278,180945,18167,162778
20901,1.1961150184201712,180945,18167,162778
20902,1.1960577935125825,180945,18167,162778
20903,1.1960005740802755,180945,18167,162778
20904,1.1959433601224645,180945,18167,162778
20905,1.195886151638364,180945,18167,162778
20906,1.1958289486271885,180945,18167,162778
20907,1.1957717510881523,180945,18167,162778
20908,1.1957145590204705,180945,18167,162778
20909,1.1956573724233583,180945,18167,162778
20910,1.1956001912960306,180945,18167,162778
20911,1.1955430156377027,180945,18167,162778
20912,1.1954858454475898,180945,18167,162778
20913,1.195428680724908,180945,18167,162778
20914,1.1953715214688725,180945,18167,162778
20915,1.1953143676786995,180945,18167,162778
20916,1.1952572193536048,180945,18167,162778
20917,1.1952000764928048,180945,18167,162778
20918,1.1951429390955157,180945,18167,162778
20919,1.1950858071609542,180945,18167,162778
20920,1.1950286806883366,180945,18167,162778
20921,1.1949715596768797,180945,18167,162778
20922,1.1949144441258006,180936,18071,162865
20923,1.1948573340343163,180936,18071,162865
20924,1.194800229401644,180936,18071,162865
20925,1.1947431302270013,180936,18071,162865
20926,1.1946860365096053,180936,18071,162865
20927,1.194628948248674,180936,18071,162865
20928,1.194571865443425,180936,18071,162865
20929,1.1945147880930767,180936,18071,162865
20930,1.1944577161968466,180936,18071,162865
20931,1.1944006497539534,180936,18071,162865
20932,1.1943435887636156,180936,18071,162865
20933,1.1942865332250514,180936,18071,162865
20934,1.1942294831374798,180936,18071,162865
20935,1.1941724385001193,180936,18071,162865
20936,1.1941153993121896,180936,18071,162865
20937,1.1940583655729091,180936,18071,162865
20938,1.1940013372814977,180936,18071,162865
20939,1.1939443144371746,180936,18071,162865
20940,1.1938872970391594,180936,18071,162865
20941,1.193830285086672,180936,18071,162865
20942,1.1937732785789323,180936,18071,162865
20943,1.1937162775151602,180936,18071,162865
20944,1.193659281894576,180936,18071,162865
20945,1.1936022917164002,180936,18071,162865
20946,1.193545306979853,180936,18071,162865
20947,1.1934883276841552,180936,18071,162865
20948,1.1934313538285277,180936,18071,162865
20949,1.1933743854121914,180936,18071,162865
20950,1.1933174224343674,180936,18071,162865
20951,1.193260464894277,180936,18071,162865
20952,1.1932035127911416,180936,18071,162865
20953,1.1931465661241827,180936,18071,162865
20954,1.193089624892622,180936,18071,162865
20955,1.1930326890956813,180936,18071,162865
20956,1.1929757587325827,180936,18071,162865
20957,1.192918833802548,180936,18071,162865
20958,1.1928619143048,180936,18071,162865
20959,1.192805000238561,180936,18071,162865
20960,1.1927480916030535,180936,18071,162865
20961,1.1926911883975002,180936,18071,162865
20962,1.192634290621124,180936,18071,162865
20963,1.192577398273148,180936,18071,162865
20964,1.1925205113527952,180936,18071,162865
20965,1.1924636298592892,180936,18071,162865
20966,1.1924067537918535,180936,18071,162865
20967,1.1923498831497115,180936,18071,162865
20968,1.192293017932087,180936,18071,162865
20969,1.192236158138204,180936,18071,162865
20970,1.1921793037672865,180936,18071,162865
20971,1.192122454818559,180936,18071,162865
20972,1.1920656112912456,180936,18071,162865
20973,1.1920087731845705,180936,18071,162865
20974,1.1919519404977592,180936,18071,162865
20975,1.1918951132300357,180936,18071,162865
20976,1.1918382913806256,180936,18071,162865
20977,1.1917814749487534,180936,18071,162865
20978,1.1917246639336447,180936,18071,162865
20979,1.191667858334525,180936,18071,162865
20980,1.1916110581506196,180936,18071,162865
20981,1.1915542633811544,180936,18071,162865
20982,1.191497474025355,180936,18071,162865
20983,1.1914406900824477,180936,18071,162865
20984,1.1913839115516585,180936,18071,162865
20985,1.1913271384322135,180936,18071,162865
20986,1.1912703707233394,180936,18071,162865
20987,1.1912136084242626,180936,18071,162865
20988,1.19115685153421,180936,18071,162865
20989,1.1911001000524084,180936,18071,162865
20990,1.1910433539780847,180936,18071,162865
20991,1.1909866133104663,180936,18071,162865
20992,1.1909298780487805,180936,18071,162865
20993,1.1908731481922545,180936,18071,162865
20994,1.1908164237401162,180936,18071,162865
20995,1.1907597046915932,180936,18071,162865
20996,1.1907029910459135,180936,18071,162865
20997,1.190646282802305,180936,18071,162865
20998,1.1905895799599961,180936,18071,162865
20999,1.190532882518215,180936,18071,162865
21000,1.1904761904761905,180936,18071,162865
21001,1.1904195038331509,180936,18071,162865
21002,1.190362822588325,180936,18071,162865
21003,1.1903061467409417,180936,18071,162865
21004,1.1902494762902305,180936,18071,162865
21005,1.19019281123542,180936,18071,162865
21006,1.1901361515757403,180936,18071,162865
21007,1.1900794973104203,180936,18071,162865
21008,1.19002284843869,180936,18071,162865
21009,1.1899662049597792,180936,18071,162865
21010,1.1899095668729176,180936,18071,162865
21011,1.1898529341773356,180936,18071,162865
21012,1.1897963068722635,180936,18071,162865
21013,1.1897396849569315,180936,18071,162865
21014,1.1896830684305701,180936,18071,162865
21015,1.1896264572924102,180936,18071,162865
21016,1.1895698515416826,180936,18071,162865
21017,1.189513251177618,180936,18071,162865
21018,1.1894566561994482,180936,18071,162865
21019,1.1894000666064037,180936,18071,162865
21020,1.1893434823977165,180936,18071,162865
21021,1.189286903572618,180936,18071,162865
21022,1.1892303301303397,180936,18071,162865
21023,1.1891737620701137,180936,18071,162865
21024,1.189117199391172,180936,18071,162865
21025,1.1890606420927468,180936,18071,162865
21026,1.1890040901740702,180936,18071,162865
21027,1.1889475436343748,180936,18071,162865
21028,1.1888910024728934,180936,18071,162865
21029,1.1888344666888582,180936,18071,162865
21030,1.1887779362815025,180936,18071,162865
21031,1.1887214112500595,180936,18071,162865
21032,1.1886648915937619,180936,18071,162865
21033,1.1886083773118432,180936,18071,162865
21034,1.1885518684035372,180936,18071,162865
21035,1.188495364868077,180936,18071,162865
21036,1.1884388667046968,180936,18071,162865
21037,1.18838237391263,180936,18071,162865
21038,1.1883258864911113,180936,18071,162865
21039,1.1882694044393745,180936,18071,162865
21040,1.188212927756654,180936,18071,162865
21041,1.1881564564421843,180936,18071,162865
21042,1.1880999904952,180936,18071,162865
21043,1.1880435299149361,180936,18071,162865
21044,1.1879870747006274,180936,18071,162865
21045,1.1879306248515087,180936,18071,162865
21046,1.1878741803668156,180936,18071,162865
21047,1.1878177412457833,180936,18071,162865
21048,1.1877613074876472,180936,18071,162865
21049,1.1877048790916434,180936,18071,162865
21050,1.187648456057007,180936,18071,162865
21051,1.1875920383829748,180936,18071,162865
21052,1.1875356260687822,180936,18071,162865
21053,1.1874792191136656,180936,18071,162865
21054,1.1874228175168613,180936,18071,162865
21055,1.1873664212776063,180936,18071,162865
21056,1.1873100303951367,180936,18071,162865
21057,1.1872536448686897,180936,18071,162865
21058,1.1871972646975022,180936,18071,162865
21059,1.1871408898808111,180936,18071,162865
21060,1.1870845204178537,180936,18071,162865
21061,1.1870281563078677,180936,18071,162865
21062,1.1869717975500902,180936,18071,162865
21063,1.1869154441437593,180936,18071,162865
21064,1.1868590960881125,180936,18071,162865
21065,1.186802753382388,180936,18071,162865
21066,1.1867464160258236,180936,18071,162865
21067,1.186690084017658,180936,18071,162865
21068,1.1866337573571293,180936,18071,162865
21069,1.1865774360434762,180936,18071,162865
21070,1.1865211200759374,180936,18071,162865
21071,1.1864648094537515,180936,18071,162865
21072,1.1864085041761578,180936,18071,162865
21073,1.1863522042423955,180936,18071,162865
21074,1.1862959096517036,180936,18071,162865
21075,1.1862396204033214,180936,18071,162865
21076,1.1861833364964889,180936,18071,162865
21077,1.1861270579304455,180936,18071,162865
21078,1.1860707847044312,180936,18071,162865
21079,1.1860145168176859,180936,18071,162865
21080,1.1859582542694498,180936,18071,162865
21081,1.185901997058963,180936,18071,162865
21082,1.1858457451854663,180936,18071,162865
21083,1.1857894986482,180936,18071,162865
21084,1.1857332574464048,180936,18071,162865
21085,1.1856770215793218,180936,18071,162865
21086,1.1856207910461918,180936,18071,162865
21087,1.185564565846256,180936,18071,162865
21088,1.1855083459787557,180936,18071,162865
21089,1.1854521314429323,180936,18071,162865
21090,1.1853959222380275,180936,18071,162865
21091,1.185339718363283,180936,18071,162865
21092,1.1852835198179406,180936,18071,162865
21093,1.185227326601242,180936,18071,162865
21094,1.1851711387124302,180936,18071,162865
21095,1.1851149561507466,180936,18071,162865
21096,1.185058778915434,180936,18071,162865
21097,1.1850026070057353,180936,18071,162865
21098,1.184946440420893,180936,18071,162865
21099,1.1848902791601497,180936,18071,162865
21100,1.1848341232227488,180936,18071,162865
21101,1.1847779726079333,180936,18071,162865
21102,1.1847218273149465,180936,18071,162865
21103,1.184665687343032,180936,18071,162865
21104,1.1846095526914329,180936,18071,162865
21105,1.1845534233593935,180936,18071,162865
21106,1.1844972993461576,180936,18071,162865
21107,1.184441180650969,180936,18071,162865
21108,1.1843850672730718,180936,18071,162865
21109,1.1843289592117106,180936,18071,162865
21110,1.1842728564661298,180936,18071,162865
21111,1.1842167590355739,180936,18071,162865
21112,1.1841606669192877,180936,18071,162865
21113,1.184104580116516,180936,18071,162865
21114,1.1840484986265036,180936,18071,162865
21115,1.1839924224484963,180936,18071,162865
21116,1.183936351581739,180936,18071,162865
21117,1.1838802860254771,180936,18071,162865
21118,1.1838242257789564,180936,18071,162865
21119,1.1837681708414225,180936,18071,162865
21120,1.183712121212121,180936,18071,162865
21121,1.1836560768902988,180936,18071,162865
21122,1.1836000378752012,180936,18071,162865
21123,1.183544004166075,180936,18071,162865
21124,1.1834879757621664,180936,18071,162865
21125,1.183431952662722,180936,18071,162865
21126,1.1833759348669886,180936,18071,162865
21127,1.183319922374213,180936,18071,162865
21128,1.1832639151836426,180936,18071,162865
21129,1.1832079132945241,180936,18071,162865
21130,1.183151916706105,180936,18071,162865
21131,1.1830959254176328,180936,18071,162865
21132,1.183039939428355,180936,18071,162865
21133,1.1829839587375195,180936,18071,162865
21134,1.182927983344374,180936,18071,162865
21135,1.1828720132481665,180936,18071,162865
21136,1.1828160484481454,180936,18071,162865
21137,1.1827600889435588,180936,18071,162865
21138,1.182704134733655,180936,18071,162865
21139,1.182648185817683,180936,18071,162865
21140,1.1825922421948911,180936,18071,162865
21141,1.1825363038645287,180936,18071,162865
21142,1.1824803708258442,180936,18071,162865
21143,1.1824244430780873,180936,18071,162865
21144,1.182368520620507,180936,18071,162865
21145,1.1823126034523528,180936,18071,162865
21146,1.1822566915728743,180936,18071,162865
21147,1.1822007849813212,180936,18071,162865
21148,1.1821448836769435,180936,18071,162865
21149,1.182088987658991,180936,18071,162865
21150,1.1820330969267139,180936,18071,162865
21151,1.1819772114793627,180936,18071,162865
21152,1.1819213313161876,180936,18071,162865
21153,1.1818654564364393,180936,18071,162865
21154,1.1818095868393685,180936,18071,162865
21155,1.181753722524226,180936,18071,162865
21156,1.1816978634902628,180936,18071,162865
21157,1.1816420097367302,180936,18071,162865
21158,1.1815861612628793,180936,18071,162865
21159,1.1815303180679617,180936,18071,162865
21160,1.1814744801512287,180936,18071,162865
21161,1.1814186475119324,180936,18071,162865
21162,1.1813628201493243,180936,18071,162865
21163,1.1813069980626565,180936,18071,162865
21164,1.1812511812511812,180936,18071,162865
21165,1.1811953697141506,180936,18071,162865
21166,1.1811395634508173,180936,18071,162865
21167,1.1810837624604338,180936,18071,162865
21168,1.1810279667422525,180936,18071,162865
21169,1.1809721762955265,180936,18071,162865
21170,1.1809163911195086,180936,18071,162865
21171,1.1808606112134523,180936,18071,162865
21172,1.1808048365766106,180936,18071,162865
21173,1.1807490672082368,180936,18071,162865
21174,1.1806933031075848,180936,18071,162865
21175,1.1806375442739079,180936,18071,162865
21176,1.1805817907064602,180936,18071,162865
21177,1.1805260424044954,180936,18071,162865
21178,1.180470299367268,180936,18071,162865
21179,1.1804145615940318,180936,18071,162865
21180,1.1803588290840414,180936,18071,162865
21181,1.1803031018365515,180936,18071,162865
21182,1.1802473798508166,180936,18071,162865
21183,1.1801916631260916,180936,18071,162865
21184,1.1801359516616314,180936,18071,162865
21185,1.180080245456691,180936,18071,162865
21186,1.1800245445105257,180936,18071,162865
21187,1.1799688488223912,180936,18071,162865
21188,1.1799131583915423,180936,18071,162865
21189,1.1798574732172353,180936,18071,162865
21190,1.179801793298726,180936,18071,162865
21191,1.1797461186352698,180936,18071,162865
21192,1.179690449226123,180936,18071,162865
21193,1.1796347850705422,180936,18071,162865
21194,1.1795791261677833,180936,18071,162865
21195,1.179523472517103,180936,18071,162865
21196,1.179467824117758,180936,18071,162865
21197,1.179412180969005,180936,18071,162865
21198,1.179356543070101,180936,18071,162865
21199,1.179300910420303,180936,18071,162865
21200,1.179245283018868,180936,18071,162865
21201,1.1791896608650536,180936,18071,162865
21202,1.179134043958117,180936,18071,162865
21203,1.1790784322973165,180936,18071,162865
21204,1.179022825881909,180936,18071,162865
21205,1.1789672247111531,180936,18071,162865
21206,1.1789116287843062,180936,18071,162865
21207,1.1788560381006272,180936,18071,162865
21208,1.1788004526593738,180936,18071,162865
21209,1.1787448724598049,180936,18071,162865
21210,1.1786892975011787,180936,18071,162865
21211,1.1786337277827543,180936,18071,162865
21212,1.1785781633037904,180936,18071,162865
21213,1.178522604063546,180936,18071,162865
21214,1.1784670500612804,180936,18071,162865
21215,1.1784115012962526,180936,18071,162865
21216,1.1783559577677225,180936,18071,162865
21217,1.1783004194749493,180936,18071,162865
21218,1.178244886417193,180936,18071,162865
21219,1.178189358593713,180936,18071,162865
21220,1.17813383600377,180936,18071,162865
21221,1.1780783186466237,180936,18071,162865
21222,1.1780228065215343,180936,18071,162865
21223,1.1779672996277624,180936,18071,162865
21224,1.1779117979645684,180936,18071,162865
21225,1.1778563015312131,180936,18071,162865
21226,1.1778008103269575,180936,18071,162865
21227,1.1777453243510623,180936,18071,162865
21228,1.1776898436027887,180936,18071,162865
21229,1.177634368081398,180936,18071,162865
21230,1.1775788977861517,180936,18071,162865
21231,1.177523432716311,180936,18071,162865
21232,1.177467972871138,180936,18071,162865
21233,1.177412518249894,180936,18071,162865
21234,1.1773570688518413,180936,18071,162865
21235,1.177301624676242,180936,18071,162865
21236,1.1772461857223582,180936,18071,162865
21237,1.1771907519894524,180936,18071,162865
21238,1.177135323476787,180936,18071,162865
21239,1.1770799001836245,180936,18071,162865
21240,1.177024482109228,180936,18071,162865
21241,1.17696906925286,180936,18071,162865
21242,1.176913661613784,180936,18071,162865
21243,1.176858259191263,180936,18071,162865
21244,1.1768028619845603,180936,18071,162865
21245,1.1767474699929394,180936,18071,162865
21246,1.1766920832156642,180936,18071,162865
21247,1.1766367016519979,180936,18071,162865
21248,1.1765813253012047,180936,18071,162865
21249,1.1765259541625488,180936,18071,162865
21250,1.1764705882352942,180936,18071,162865
21251,1.176415227518705,180936,18071,162865
21252,1.1763598720120458,180936,18071,162865
21253,1.1763045217145816,180936,18071,162865
21254,1.1762491766255763,180936,18071,162865
21255,1.1761938367442955,180936,18071,162865
21256,1.1761385020700037,180936,18071,162865
21257,1.1760831726019665,180936,18071,162865
21258,1.1760278483394486,180936,18071,162865
21259,1.175972529281716,180936,18071,162865
21260,1.175917215428034,180936,18071,162865
21261,1.175861906777668,180936,18071,162865
21262,1.1758066033298844,180936,18071,162865
21263,1.1757513050839485,180936,18071,162865
21264,1.175696012039127,180936,18071,162865
21265,1.175640724194686,180936,18071,162865
21266,1.1755854415498919,180936,18071,162865
21267,1.175530164104011,180936,18071,162865
21268,1.17547489185631,180936,18071,162865
21269,1.1754196248060558,180936,18071,162865
21270,1.1753643629525152,180936,18071,162865
21271,1.1753091062949557,180936,18071,162865
21272,1.1752538548326439,180936,18071,162865
21273,1.1751986085648474,180936,18071,162865
21274,1.1751433674908338,180936,18071,162865
21275,1.1750881316098707,180936,18071,162865
21276,1.1750329009212257,180936,18071,162865
21277,1.174977675424167,180936,18071,162865
21278,1.1749224551179622,180936,18071,162865
21279,1.1748672400018798,180936,18071,162865
21280,1.1748120300751879,180936,18071,162865
21281,1.1747568253371552,180936,18071,162865
21282,1.1747016257870502,180936,18071,162865
21283,1.1746464314241414,180936,18071,162865
21284,1.1745912422476978,180936,18071,162865
21285,1.1745360582569886,180936,18071,162865
21286,1.1744808794512824,180936,18071,162865
21287,1.1744257058298493,180936,18071,162865
21288,1.174370537391958,180936,18071,162865
21289,1.1743153741368781,180936,18071,162865
21290,1.1742602160638798,180936,18071,162865
21291,1.1742050631722325,180936,18071,162865
21292,1.174149915461206,180936,18071,162865
21293,1.1740947729300708,180936,18071,162865
21294,1.174039635578097,180936,18071,162865
21295,1.173984503404555,180936,18071,162865
21296,1.1739293764087153,180936,18071,162865
21297,1.1738742545898484,180936,18071,162865
21298,1.1738191379472251,180936,18071,162865
21299,1.1737640264801164,180936,18071,162865
21300,1.1737089201877935,180936,18071,162865
21301,1.1736538190695271,180936,18071,162865
21302,1.1735987231245892,180936,18071,162865
21303,1.1735436323522508,180936,18071,162865
21304,1.1734885467517837,180936,18071,162865
21305,1.1734334663224595,180936,18071,162865
21306,1.1733783910635502,180936,18071,162865
21307,1.1733233209743277,180936,18071,162865
21308,1.1732682560540642,180936,18071,162865
21309,1.173213196302032,180936,18071,162865
21310,1.1731581417175034,180936,18071,162865
21311,1.1731030922997514,180936,18071,162865
21312,1.173048048048048,180936,18071,162865
21313,1.1729930089616667,180936,18071,162865
21314,1.1729379750398798,180936,18071,162865
21315,1.172882946281961,180936,18071,162865
21316,1.1728279226871834,180936,18071,162865
21317,1.17277290425482,180936,18071,162865
21318,1.172717890984145,180936,18071,162865
21319,1.1726628828744312,180936,18071,162865
21320,1.172607879924953,180936,18071,162865
21321,1.1725528821349842,180936,18071,162865
21322,1.172497889503799,180936,18071,162865
21323,1.172442902030671,180936,18071,162865
21324,1.1723879197148752,180936,18071,162865
21325,1.1723329425556859,180936,18071,162865
21326,1.1722779705523774,180936,18071,162865
21327,1.1722230037042247,180936,18071,162865
21328,1.1721680420105027,180936,18071,162865
21329,1.1721130854704862,180936,18071,162865
21330,1.1720581340834506,180936,18071,162865
21331,1.172003187848671,180936,18071,162865
21332,1.1719482467654228,180936,18071,162865
21333,1.1718933108329819,180936,18071,162865
21334,1.1718383800506234,180936,18071,162865
21335,1.1717834544176235,180936,18071,162865
21336,1.1717285339332584,180936,18071,162865
21337,1.1716736185968037,180936,18071,162865
21338,1.1716187084075358,180936,18071,162865
21339,1.1715638033647313,180936,18071,162865
21340,1.1715089034676665,180936,18071,162865
21341,1.1714540087156178,180936,18071,162865
21342,1.1713991191078625,180936,18071,162865
21343,1.171344234643677,180936,18071,162865
21344,1.171289355322339,180936,18071,162865
21345,1.1712344811431248,180936,18071,162865
21346,1.1711796121053124,180936,18071,162865
21347,1.1711247482081792,180936,18071,162865
21348,1.1710698894510025,180936,18071,162865
21349,1.17101503583306,180936,18071,162865
21350,1.17096018735363,180936,18071,162865
21351,1.17090534401199,180936,18071,162865
21352,1.1708505058074186,180936,18071,162865
21353,1.1707956727391935,180936,18071,162865
21354,1.1707408448065937,180936,18071,162865
21355,1.1706860220088973,180936,18071,162865
21356,1.170631204345383,180936,18071,162865
21357,1.1705763918153298,180936,18071,162865
21358,1.1705215844180166,180936,18071,162865
21359,1.1704667821527226,180936,18071,162865
21360,1.1704119850187267,180936,18071,162865
21361,1.1703571930153083,180936,18071,162865
21362,1.170302406141747,180936,18071,162865
21363,1.1702476243973226,180936,18071,162865
21364,1.1701928477813144,180936,18071,162865
21365,1.1701380762930025,180936,18071,162865
21366,1.1700833099316672,180936,18071,162865
21367,1.1700285486965882,180936,18071,162865
21368,1.1699737925870461,180936,18071,162865
21369,1.169919041602321,180936,18071,162865
21370,1.169864295741694,180936,18071,162865
21371,1.1698095550044452,180936,18071,162865
21372,1.169754819389856,180936,18071,162865
21373,1.1697000888972067,180936,18071,162865
21374,1.169645363525779,180936,18071,162865
21375,1.1695906432748537,180936,18071,162865
21376,1.1695359281437125,180936,18071,162865
21377,1.1694812181316367,180936,18071,162865
21378,1.169426513237908,180936,18071,162865
21379,1.1693718134618083,180936,18071,162865
21380,1.1693171188026192,180936,18071,162865
21381,1.169262429259623,180936,18071,162865
21382,1.1692077448321017,180936,18071,162865
21383,1.1691530655193378,180936,18071,162865
21384,1.1690983913206134,180936,18071,162865
21385,1.1690437222352117,180936,18071,162865
21386,1.1689890582624147,180936,18071,162865
21387,1.1689343994015056,180936,18071,162865
21388,1.1688797456517674,180936,18071,162865
21389,1.1688250970124832,180936,18071,162865
21390,1.168770453482936,180936,18071,162865
21391,1.1687158150624095,180936,18071,162865
21392,1.168661181750187,180936,18071,162865
21393,1.1686065535455523,180936,18071,162865
21394,1.1685519304477892,180936,18071,162865
21395,1.1684973124561813,180936,18071,162865
21396,1.168442699570013,180936,18071,162865
21397,1.1683880917885685,180936,18071,162865
21398,1.1683334891111319,180936,18071,162865
21399,1.1682788915369877,180936,18071,162865
21400,1.1682242990654206,180936,18071,162865
21401,1.1681697116957153,180936,18071,162865
21402,1.1681151294271563,180936,18071,162865
21403,1.168060552259029,180936,18071,162865
21404,1.1680059801906186,180936,18071,162865
21405,1.16795141322121,180936,18071,162865
21406,1.1678968513500887,180936,18071,162865
21407,1.1678422945765403,180936,18071,162865
21408,1.1677877428998504,180936,18071,162865
21409,1.167733196319305,180936,18071,162865
21410,1.1676786548341895,180936,18071,162865
21411,1.1676241184437905,180936,18071,162865
21412,1.167569587147394,180936,18071,162865
21413,1.1675150609442861,180936,18071,162865
21414,1.1674605398337536,180936,18071,162865
21415,1.167406023815083,180936,18071,162865
21416,1.1673515128875607,180936,18071,162865
21417,1.167297007050474,180936,18071,162865
21418,1.1672425063031096,180936,18071,162865
21419,1.1671880106447547,180936,18071,162865
21420,1.1671335200746966,180936,18071,162865
21421,1.1670790345922226,180936,18071,162865
21422,1.1670245541966202,180936,18071,162865
21423,1.1669700788871773,180936,18071,162865
21424,1.1669156086631816,180936,18071,162865
21425,1.1668611435239207,180936,18071,162865
21426,1.166806683468683,180936,18071,162865
21427,1.1667522284967564,180936,18071,162865
21428,1.1666977786074295,180936,18071,162865
21429,1.1666433337999906,180936,18071,162865
21430,1.1665888940737283,180936,18071,162865
21431,1.1665344594279314,180936,18071,162865
21432,1.1664800298618887,180936,18071,162865
21433,1.1664256053748892,180936,18071,162865
21434,1.1663711859662218,180936,18071,162865
21435,1.166316771635176,180936,18071,162865
21436,1.1662623623810413,180936,18071,162865
21437,1.1662079582031069,180936,18071,162865
21438,1.1661535591006624,180936,18071,162865
21439,1.1660991650729977,180936,18071,162865
21440,1.166044776119403,180936,18071,162865
21441,1.165990392239168,180936,18071,162865
21442,1.1659360134315828,180936,18071,162865
21443,1.1658816396959382,180936,18071,162865
21444,1.165827271031524,180936,18071,162865
21445,1.165772907437631,180936,18071,162865
21446,1.1657185489135504,180936,18071,162865
21447,1.1656641954585722,180936,18071,162865
21448,1.165609847071988,180936,18071,162865
21449,1.1655555037530887,180936,18071,162865
21450,1.1655011655011656,180936,18071,162865
21451,1.1654468323155098,180936,18071,162865
21452,1.165392504195413,180936,18071,162865
21453,1.1653381811401669,180936,18071,162865
21454,1.1652838631490632,180936,18071,162865
21455,1.1652295502213936,180936,18071,162865
21456,1.1651752423564503,180936,18071,162865
21457,1.1651209395535256,180936,18071,162865
21458,1.1650666418119116,180936,18071,162865
21459,1.1650123491309008,180936,18071,162865
21460,1.1649580615097856,180936,18071,162865
21461,1.164903778947859,180936,18071,162865
21462,1.1648495014444133,180936,18071,162865
21463,1.164795228998742,180936,18071,162865
21464,1.1647409616101378,180936,18071,162865
21465,1.1646866992778941,180936,18071,162865
21466,1.1646324420013043,180936,18071,162865
21467,1.1645781897796619,180936,18071,162865
21468,1.16452394261226,180936,18071,162865
21469,1.164469700498393,180936,18071,162865
21470,1.1644154634373545,180936,18071,162865
21471,1.1643612314284384,180936,18071,162865
21472,1.164307004470939,180936,18071,162865
21473,1.1642527825641504,180936,18071,162865
21474,1.164198565707367,180936,18071,162865
21475,1.1641443538998837,180936,18071,162865
21476,1.1640901471409946,180936,18071,162865
21477,1.164035945429995,180936,18071,162865
21478,1.1639817487661794,180936,18071,162865
21479,1.163927557148843,180936,18071,162865
21480,1.1638733705772812,180936,18071,162865
21481,1.163819189050789,180936,18071,162865
21482,1.163765012568662,180936,18071,162865
21483,1.163710841130196,180936,18071,162865
21484,1.1636566747346864,180936,18071,162865
21485,1.163602513381429,180936,18071,162865
21486,1.1635483570697198,180936,18071,162865
21487,1.163494205798855,180936,18071,162865
21488,1.1634400595681311,180936,18071,162865
21489,1.163385918376844,180936,18071,162865
21490,1.1633317822242903,180936,18071,162865
21491,1.1632776511097669,180936,18071,162865
21492,1.1632235250325702,180936,18071,162865
21493,1.1631694039919973,180936,18071,162865
21494,1.1631152879873452,180936,18071,162865
21495,1.1630611770179111,180936,18071,162865
21496,1.1630070710829923,180936,18071,162865
21497,1.162952970181886,180936,18071,162865
21498,1.1628988743138897,180936,18071,162865
21499,1.1628447834783013,180936,18071,162865
21500,1.1627906976744187,180936,18071,162865
21501,1.1627366169015394,180936,18071,162865
21502,1.1626825411589619,180936,18071,162865
21503,1.1626284704459844,180936,18071,162865
21504,1.1625744047619047,180936,18071,162865
21505,1.162520344106022,180936,18071,162865
21506,1.1624662884776342,180936,18071,162865
21507,1.1624122378760404,180936,18071,162865
21508,1.1623581923005393,180936,18071,162865
21509,1.16230415175043,180936,18071,162865
21510,1.1622501162250116,180936,18071,162865
21511,1.1621960857235833,180936,18071,162865
21512,1.1621420602454444,180936,18071,162865
21513,1.1620880397898945,180936,18071,162865
21514,1.162034024356233,180936,18071,162865
21515,1.1619800139437602,180936,18071,162865
21516,1.1619260085517755,180936,18071,162865
21517,1.161872008179579,180936,18071,162865
21518,1.1618180128264708,180936,18071,162865
21519,1.1617640224917514,180936,18071,162865
21520,1.161710037174721,180936,18071,162865
21521,1.1616560568746805,180936,18071,162865
21522,1.1616020815909303,180936,18071,162865
21523,1.161548111322771,180936,18071,162865
21524,1.1614941460695039,180936,18071,162865
21525,1.1614401858304297,180936,18071,162865
21526,1.16138623060485,180936,18071,162865
21527,1.1613322803920658,180936,18071,162865
21528,1.1612783351913787,180936,18071,162865
21529,1.1612243950020902,180936,18071,162865
21530,1.1611704598235022,180936,18071,162865
21531,1.1611165296549162,180936,18071,162865
21532,1.1610626044956345,180936,18071,162865
21533,1.161008684344959,180936,18071,162865
21534,1.160954769202192,180936,18071,162865
21535,1.1609008590666356,180936,18071,162865
21536,1.160846953937593,180936,18071,162865
21537,1.160793053814366,180936,18071,162865
21538,1.1607391586962579,180936,18071,162865
21539,1.160685268582571,180936,18071,162865
21540,1.1606313834726092,180936,18071,162865
21541,1.1605775033656747,180936,18071,162865
21542,1.1605236282610714,180936,18071,162865
21543,1.1604697581581025,180936,18071,162865
21544,1.1604158930560713,180936,18071,162865
21545,1.1603620329542816,180936,18071,162865
21546,1.1603081778520374,180936,18071,162865
21547,1.1602543277486426,180936,18071,162865
21548,1.1602004826434007,180936,18071,162865
21549,1.1601466425356166,180936,18071,162865
21550,1.160092807424594,180936,18071,162865
21551,1.1600389773096376,180936,18071,162865
21552,1.159985152190052,180936,18071,162865
21553,1.1599313320651417,180936,18071,162865
21554,1.1598775169342117,180936,18071,162865
21555,1.1598237067965669,180936,18071,162865
21556,1.1597699016515124,180936,18071,162865
21557,1.1597161014983532,180936,18071,162865
21558,1.1596623063363949,180936,18071,162865
21559,1.1596085161649428,180936,18071,162865
21560,1.1595547309833023,180936,18071,162865
21561,1.1595009507907796,180936,18071,162865
21562,1.1594471755866802,180936,18071,162865
21563,1.1593934053703103,180936,18071,162865
21564,1.1593396401409757,180936,18071,162865
21565,1.1592858798979828,180936,18071,162865
21566,1.159232124640638,180936,18071,162865
21567,1.1591783743682478,180936,18071,162865
21568,1.1591246290801187,180936,18071,162865
21569,1.1590708887755574,180936,18071,162865
21570,1.1590171534538711,180936,18071,162865
21571,1.1589634231143666,180936,18071,162865
21572,1.1589096977563509,180936,18071,162865
21573,1.1588559773791314,180936,18071,162865
21574,1.1588022619820153,180936,18071,162865
21575,1.1587485515643106,180936,18071,162865
21576,1.1586948461253244,180936,18071,162865
21577,1.1586411456643648,180936,18071,162865
21578,1.1585874501807396,180936,18071,162865
21579,1.1585337596737568,180936,18071,162865
21580,1.1584800741427248,180936,18071,162865
21581,1.1584263935869514,180936,18071,162865
21582,1.1583727180057455,180936,18071,162865
21583,1.1583190473984155,180936,18071,162865
21584,1.1582653817642699,180936,18071,162865
21585,1.1582117211026175,180936,18071,162865
21586,1.1581580654127674,180936,18071,162865
21587,1.158104414694029,180936,18071,162865
21588,1.1580507689457107,180936,18071,162865
21589,1.1579971281671222,180936,18071,162865
21590,1.1579434923575729,180936,18071,162865
21591,1.1578898615163726,180936,18071,162865
21592,1.1578362356428307,180936,18071,162865
21593,1.157782614736257,180936,18071,162865
21594,1.1577289987959618,180936,18071,162865
21595,1.157675387821255,180936,18071,162865
21596,1.1576217818114465,180936,18071,162865
21597,1.157568180765847,180936,18071,162865
21598,1.1575145846837671,180936,18071,162865
21599,1.1574609935645168,180936,18071,162865
21600,1.1574074074074074,180936,18071,162865
21601,1.1573538262117495,180936,18071,162865
21602,1.157300249976854,180936,18071,162865
21603,1.1572466787020321,180936,18071,162865
21604,1.157193112386595,180936,18071,162865
21605,1.157139551029854,180936,18071,162865
21606,1.157085994631121,180936,18071,162865
21607,1.157032443189707,180936,18071,162865
21608,1.1569788967049242,180936,18071,162865
21609,1.156925355176084,180936,18071,162865
21610,1.1568718186024989,180936,18071,162865
21611,1.1568182869834807,180936,18071,162865
21612,1.1567647603183417,180936,18071,162865
21613,1.1567112386063942,180936,18071,162865
21614,1.1566577218469511,180936,18071,162865
21615,1.1566042100393246,180936,18071,162865
21616,1.1565507031828275,180936,18071,162865
21617,1.156497201276773,180936,18071,162865
21618,1.1564437043204736,180936,18071,162865
21619,1.156390212313243,180936,18071,162865
21620,1.1563367252543941,180936,18071,162865
21621,1.1562832431432404,180936,18071,162865
21622,1.1562297659790954,180936,18071,162865
21623,1.1561762937612727,180936,18071,162865
21624,1.1561228264890862,180936,18071,162865
21625,1.1560693641618498,180936,18071,162865
21626,1.1560159067788773,180936,18071,162865
21627,1.155962454339483,180936,18071,162865
21628,1.1559090068429814,180936,18071,162865
21629,1.1558555642886865,180936,18071,162865
21630,1.155802126675913,180936,18071,162865
21631,1.1557486940039758,180936,18071,162865
21632,1.1556952662721893,180936,18071,162865
21633,1.1556418434798688,180936,18071,162865
21634,1.155588425626329,180936,18071,162865
21635,1.1555350127108852,180936,18071,162865
21636,1.1554816047328527,180936,18071,162865
21637,1.155428201691547,180936,18071,162865
21638,1.1553748035862834,180936,18071,162865
21639,1.1553214104163778,180936,18071,162865
21640,1.155268022181146,180936,18071,162865
21641,1.1552146388799038,180936,18071,162865
21642,1.1551612605119674,180936,18071,162865
21643,1.155107887076653,180936,18071,162865
21644,1.1550545185732766,180936,18071,162865
21645,1.155001155001155,180936,18071,162865
21646,1.1549477963596047,180936,18071,162865
21647,1.154894442647942,180936,18071,162865
21648,1.154841093865484,180936,18071,162865
21649,1.154787750011548,180936,18071,162865
21650,1.1547344110854503,180936,18071,162865
21651,1.1546810770865088,180936,18071,162865
21652,1.1546277480140403,180936,18071,162865
21653,1.1545744238673625,180936,18071,162865
21654,1.1545211046457928,180936,18071,162865
21655,1.1544677903486493,180936,18071,162865
21656,1.1544144809752495,180936,18071,162865
21657,1.154361176524911,180936,18071,162865
21658,1.1543078769969526,180936,18071,162865
21659,1.154254582390692,180936,18071,162865
21660,1.154201292705448,180936,18071,162865
21661,1.1541480079405384,180936,18071,162865
21662,1.154094728095282,180936,18071,162865
21663,1.1540414531689978,180936,18071,162865
21664,1.1539881831610044,180936,18071,162865
21665,1.1539349180706209,180936,18071,162865
21666,1.153881657897166,180936,18071,162865
21667,1.1538284026399594,180936,18071,162865
21668,1.1537751522983202,180936,18071,162865
21669,1.1537219068715676,180936,18071,162865
21670,1.1536686663590217,180936,18071,162865
21671,1.153615430760002,180936,18071,162865
21672,1.153562200073828,180936,18071,162865
21673,1.1535089742998201,180936,18071,162865
21674,1.1534557534372982,180936,18071,162865
21675,1.1534025374855825,180936,18071,162865
21676,1.1533493264439934,180936,18071,162865
21677,1.1532961203118512,180936,18071,162865
21678,1.1532429190884768,180936,18071,162865
21679,1.1531897227731907,180936,18071,162865
21680,1.1531365313653137,180936,18071,162865
21681,1.1530833448641669,180936,18071,162865
21682,1.1530301632690712,180936,18071,162865
21683,1.1529769865793478,180936,18071,162865
21684,1.1529238147943184,180936,18071,162865
21685,1.1528706479133042,180936,18071,162865
21686,1.1528174859356266,180936,18071,162865
21687,1.1527643288606078,180936,18071,162865
21688,1.152711176687569,180936,18071,162865
21689,1.1526580294158328,180936,18071,162865
21690,1.152604887044721,180936,18071,162865
21691,1.1525517495735558,180936,18071,162865
21692,1.1524986170016596,180936,18071,162865
21693,1.1524454893283547,180936,18071,162865
21694,1.1523923665529638,180936,18071,162865
21695,1.1523392486748099,180936,18071,162865
21696,1.1522861356932153,180936,18071,162865
21697,1.1522330276075032,180936,18071,162865
21698,1.152179924416997,180936,18071,162865
21699,1.1521268261210194,180936,18071,162865
21700,1.152073732718894,180936,18071,162865
21701,1.1520206442099443,180936,18071,162865
21702,1.1519675605934936,180936,18071,162865
21703,1.151914481868866,180936,18071,162865
21704,1.1518614080353853,180936,18071,162865
21705,1.151808339092375,180936,18071,162865
21706,1.1517552750391598,180936,18071,162865
21707,1.1517022158750634,180936,18071,162865
21708,1.1516491615994104,180936,18071,162865
21709,1.1515961122115252,180936,18071,162865
21710,1.1515430677107323,180936,18071,162865
21711,1.1514900280963567,180936,18071,162865
21712,1.1514369933677229,180936,18071,162865
21713,1.151383963524156,180936,18071,162865
21714,1.151330938564981,180936,18071,162865
21715,1.1512779184895234,180936,18071,162865
21716,1.151224903297108,180936,18071,162865
21717,1.151171892987061,180936,18071,162865
21718,1.151118887558707,180936,18071,162865
21719,1.1510658870113726,180936,18071,162865
21720,1.1510128913443831,180936,18071,162865
21721,1.1509599005570645,180936,18071,162865
21722,1.1509069146487432,180936,18071,162865
21723,1.150853933618745,180936,18071,162865
21724,1.1508009574663967,180936,18071,162865
21725,1.1507479861910241,180936,18071,162865
21726,1.1506950197919543,180936,18071,162865
21727,1.1506420582685137,180936,18071,162865
21728,1.1505891016200294,180936,18071,162865
21729,1.1505361498458282,180936,18071,162865
21730,1.150483202945237,180936,18071,162865
21731,1.1504302609175832,180936,18071,162865
21732,1.150377323762194,180936,18071,162865
21733,1.150324391478397,180936,18071,162865
21734,1.1502714640655194,180936,18071,162865
21735,1.1502185415228894,180936,18071,162865
21736,1.1501656238498343,180936,18071,162865
21737,1.1501127110456826,180936,18071,162865
21738,1.1500598031097617,180936,18071,162865
21739,1.1500069000414002,180936,18071,162865
21740,1.1499540018399264,180936,18071,162865
21741,1.1499011085046686,180936,18071,162865
21742,1.1498482200349553,180936,18071,162865
21743,1.1497953364301154,180936,18071,162865
21744,1.1497424576894775,180936,18071,162865
21745,1.1496895838123706,180936,18071,162865
21746,1.1496367147981237,180936,18071,162865
21747,1.149583850646066,180936,18071,162865
21748,1.149530991355527,180936,18071,162865
21749,1.1494781369258358,180936,18071,162865
21750,1.1494252873563218,180936,18071,162865
21751,1.1493724426463152,180936,18071,162865
21752,1.1493196027951453,180936,18071,162865
21753,1.1492667678021422,180936,18071,162865
21754,1.149213937666636,180936,18071,162865
21755,1.1491611123879568,180936,18071,162865
21756,1.1491082919654347,180936,18071,162865
21757,1.1490554763984004,180936,18071,162865
21758,1.1490026656861845,180936,18071,162865
21759,1.1489498598281171,180936,18071,162865
21760,1.1488970588235294,180936,18071,162865
21761,1.1488442626717523,180936,18071,162865
21762,1.1487914713721166,180936,18071,162865
21763,1.1487386849239536,180936,18071,162865
21764,1.1486859033265944,180936,18071,162865
21765,1.1486331265793706,180936,18071,162865
21766,1.1485803546816136,180936,18071,162865
21767,1.1485275876326548,180936,18071,162865
21768,1.1484748254318264,180936,18071,162865
21769,1.1484220680784603,180936,18071,162865
21770,1.148369315571888,180936,18071,162865
21771,1.1483165679114418,180936,18071,162865
21772,1.148263825096454,180936,18071,162865
21773,1.1482110871262572,180936,18071,162865
21774,1.1481583540001836,180936,18071,162865
21775,1.148105625717566,180936,18071,162865
21776,1.148052902277737,180936,18071,162865
21777,1.1480001836800293,180936,18071,162865
21778,1.1479474699237764,180936,18071,162865
21779,1.1478947610083108,180936,18071,162865
21780,1.147842056932966,180936,18071,162865
21781,1.1477893576970755,180936,18071,162865
21782,1.1477366632999724,180936,18071,162865
21783,1.1476839737409907,180936,18071,162865
21784,1.1476312890194638,180936,18071,162865
21785,1.1475786091347258,180936,18071,162865
21786,1.1475259340861104,180936,18071,162865
21787,1.1474732638729517,180936,18071,162865
21788,1.1474205984945842,180936,18071,162865
21789,1.1473679379503419,180936,18071,162865
21790,1.1473152822395594,180907,18071,162836
21791,1.1472626313615713,180907,18071,162836
21792,1.1472099853157123,180907,18071,162836
21793,1.147157344101317,180907,18071,162836
21794,1.1471047077177206,180907,18071,162836
21795,1.1470520761642578,180907,18071,162836
21796,1.1469994494402642,180907,18071,162836
21797,1.146946827545075,180907,18071,162836
21798,1.1468942104780255,180907,18071,162836
21799,1.1468415982384512,180907,18071,162836
21800,1.146788990825688,180907,18071,162836
21801,1.1467363882390715,180907,18071,162836
21802,1.146683790477938,180907,18071,162836
21803,1.1466311975416228,180907,18071,162836
21804,1.1465786094294625,180907,18071,162836
21805,1.1465260261407935,180907,18071,162836
21806,1.1464734476749519,180907,18071,162836
21807,1.1464208740312745,180907,18071,162836
21808,1.1463683052090976,180907,18071,162836
21809,1.1463157412077583,180907,18071,162836
21810,1.1462631820265934,180907,18071,162836
21811,1.1462106276649398,180907,18071,162836
21812,1.1461580781221345,180907,18071,162836
21813,1.1461055333975152,180907,18071,162836
21814,1.146052993490419,180907,18071,162836
21815,1.1460004584001833,180907,18071,162836
21816,1.145947928126146,180907,18071,162836
21817,1.1458954026676444,180907,18071,162836
21818,1.145842882024017,180907,18071,162836
21819,1.145790366194601,180907,18071,162836
21820,1.1457378551787352,180907,18071,162836
21821,1.1456853489757572,180907,18071,162836
21822,1.145632847585006,180907,18071,162836
21823,1.1455803510058196,180907,18071,162836
21824,1.1455278592375366,180907,18071,162836
21825,1.145475372279496,180907,18071,162836
21826,1.1454228901310364,180907,18071,162836
21827,1.1453704127914968,180907,18071,162836
21828,1.1453179402602163,180907,18071,162836
21829,1.1452654725365339,180907,18071,162836
21830,1.1452130096197892,180907,18071,162836
21831,1.1451605515093215,180907,18071,162836
21832,1.1451080982044706,180907,18071,162836
21833,1.1450556497045756,180907,18071,162836
21834,1.1450032060089768,180907,18071,162836
21835,1.144950767117014,180907,18071,162836
21836,1.1448983330280271,180907,18071,162836
21837,1.1448459037413563,180907,18071,162836
21838,1.1447934792563421,180907,18071,162836
21839,1.1447410595723246,180907,18071,162836
21840,1.1446886446886446,180907,18071,162836
21841,1.1446362346046426,180907,18071,162836
21842,1.1445838293196593,180907,18071,162836
21843,1.1445314288330357,180907,18071,162836
21844,1.1444790331441128,180907,18071,162836
21845,1.1444266422522316,180907,18071,162836
21846,1.1443742561567336,180907,18071,162836
21847,1.1443218748569597,180907,18071,162836
21848,1.144269498352252,180907,18071,162836
21849,1.1442171266419516,180907,18071,162836
21850,1.1441647597254005,180907,18071,162836
21851,1.1441123976019405,180907,18071,162836
21852,1.1440600402709133,180907,18071,162836
21853,1.1440076877316616,180907,18071,162836
21854,1.143955339983527,180907,18071,162836
21855,1.1439029970258523,180907,18071,162836
21856,1.1438506588579795,180907,18071,162836
21857,1.1437983254792514,180907,18071,162836
21858,1.143745996889011,180788,18071,162717
21859,1.1436936730866005,180788,18071,162717
21860,1.1436413540713632,180788,18071,162717
21861,1.143589039842642,180788,18071,162717
21862,1.1435367303997805,180788,18071,162717
21863,1.1434844257421215,180788,18071,162717
21864,1.1434321258690083,180788,18071,162717
21865,1.1433798307797851,180788,18071,162717
21866,1.143327540473795,180788,18071,162717
21867,1.143275254950382,180788,18071,162717
21868,1.1432229742088897,180788,18071,162717
21869,1.1431706982486625,180788,18071,162717
21870,1.1431184270690444,180788,18071,162717
21871,1.1430661606693795,180788,18071,162717
21872,1.1430138990490124,180788,18071,162717
21873,1.1429616422072875,180788,18071,162717
21874,1.1429093901435494,180788,18071,162717
21875,1.1428571428571428,180788,18071,162717
21876,1.1428049003474128,180788,18071,162717
21877,1.142752662613704,180788,18071,162717
21878,1.1427004296553616,180303,17463,162840
21879,1.142648201471731,180303,17463,162840
21880,1.1425959780621573,180303,17463,162840
21881,1.142543759425986,180303,17463,162840
21882,1.1424915455625628,180303,17463,162840
21883,1.1424393364712333,180303,17463,162840
21884,1.1423871321513435,180303,17463,162840
21885,1.142334932602239,180303,17463,162840
21886,1.142282737823266,180303,17463,162840
21887,1.1422305478137706,180303,17463,162840
21888,1.1421783625730995,180303,17463,162840
21889,1.1421261821005986,180303,17463,162840
21890,1.1420740063956145,180303,17463,162840
21891,1.142021835457494,180303,17463,162840
21892,1.1419696692855839,180303,17463,162840
21893,1.1419175078792307,180303,17463,162840
21894,1.141865351237782,180303,17463,162840
21895,1.1418131993605847,180303,17463,162840
21896,1.1417610522469857,180303,17463,162840
21897,1.141708909896333,180303,17463,162840
21898,1.1416567723079734,180303,17463,162840
21899,1.141604639481255,180303,17463,162840
21900,1.1415525114155252,180303,17463,162840
21901,1.141500388110132,180303,17463,162840
21902,1.1414482695644232,180303,17463,162840
21903,1.1413961557777474,180303,17463,162840
21904,1.1413440467494522,180303,17463,162840
21905,1.141291942478886,180303,17463,162840
21906,1.1412398429653976,180303,17463,162840
21907,1.1411877482083352,180303,17463,162840
21908,1.1411356582070475,180303,17463,162840
21909,1.1410835729608837,180303,17463,162840
21910,1.1410314924691922,180303,17463,162840
21911,1.140979416731322,180303,17463,162840
21912,1.140927345746623,180303,17463,162840
21913,1.1408752795144435,180303,17463,162840
21914,1.1408232180341333,180303,17463,162840
21915,1.1407711613050422,180303,17463,162840
21916,1.1407191093265194,180303,17463,162840
21917,1.140667062097915,180303,17463,162840
21918,1.1406150196185783,180303,17463,162840
21919,1.1405629818878598,180303,17463,162840
21920,1.1405109489051095,180303,17463,162840
21921,1.1404589206696776,180303,17463,162840
21922,1.1404068971809143,180303,17463,162840
21923,1.1403548784381698,180303,17463,162840
21924,1.1403028644407955,180303,17463,162840
21925,1.1402508551881414,180303,17463,162840
21926,1.1401988506795586,180303,17463,162840
21927,1.1401468509143977,180303,17463,162840
21928,1.1400948558920103,180303,17463,162840
21929,1.140042865611747,180303,17463,162840
21930,1.1399908800729595,180303,17463,162840
21931,1.1399388992749988,180303,17463,162840
21932,1.1398869232172169,180303,17463,162840
21933,1.139834951898965,180303,17463,162840
21934,1.139782985319595,180303,17463,162840
21935,1.139731023478459,180303,17463,162840
21936,1.1396790663749088,180303,17463,162840
21937,1.1396271140082965,180303,17463,162840
21938,1.1395751663779743,180303,17463,162840
21939,1.1395232234832946,180303,17463,162840
21940,1.1394712853236098,180303,17463,162840
21941,1.1394193518982727,180303,17463,162840
21942,1.1393674232066358,180303,17463,162840
21943,1.1393154992480519,180303,17463,162840
21944,1.1392635800218738,180303,17463,162840
21945,1.139211665527455,180303,17463,162840
21946,1.1391597557641484,180303,17463,162840
21947,1.1391078507313073,180303,17463,162840
21948,1.1390559504282851,180303,17463,162840
21949,1.1390040548544353,180303,17463,162840
21950,1.1389521640091116,180303,17463,162840
21951,1.1389002778916677,180303,17463,162840
21952,1.1388483965014577,180303,17463,162840
21953,1.1387965198378354,180303,17463,162840
21954,1.1387446479001548,180303,17463,162840
21955,1.1386927806877705,180303,17463,162840
21956,1.1386409182000365,180303,17463,162840
21957,1.1385890604363074,180303,17463,162840
21958,1.1385372073959377,180303,17463,162840
21959,1.1384853590782822,180303,17463,162840
21960,1.138433515482696,180303,17463,162840
21961,1.1383816766085333,180303,17463,162840
21962,1.1383298424551498,180303,17463,162840
21963,1.1382780130219006,180303,17463,162840
21964,1.1382261883081406,180303,17463,162840
21965,1.1381743683132255,180303,17463,162840
21966,1.1381225530365109,180303,17463,162840
21967,1.1380707424773524,180303,17463,162840
21968,1.1380189366351057,180303,17463,162840
21969,1.1379671355091265,180303,17463,162840
21970,1.137915339098771,180303,17463,162840
21971,1.1378635474033953,180303,17463,162840
21972,1.1378117604223557,180303,17463,162840
21973,1.1377599781550085,180303,17463,162840
21974,1.13770820060071,180303,17463,162840
21975,1.1376564277588168,180303,17463,162840
21976,1.1376046596286857,180303,17463,162840
21977,1.1375528962096737,180303,17463,162840
21978,1.1375011375011375,180303,17463,162840
21979,1.1374493835024342,180303,17463,162840
21980,1.1373976342129208,180303,17463,162840
21981,1.1373458896319548,180303,17463,162840
21982,1.1372941497588935,180303,17463,162840
21983,1.1372424145930946,180303,17463,162840
21984,1.1371906841339157,180303,17463,162840
21985,1.137138958380714,180303,17463,162840
21986,1.1370872373328482,180303,17463,162840
21987,1.1370355209896756,180303,17463,162840
21988,1.1369838093505549,180303,17463,162840
21989,1.1369321024148438,180303,17463,162840
21990,1.1368804001819008,180303,17463,162840
21991,1.1368287026510846,180303,17463,162840
21992,1.1367770098217533,180303,17463,162840
21993,1.136725321693266,180303,17463,162840
21994,1.1366736382649814,180303,17463,162840
21995,1.1366219595362583,180303,17463,162840
21996,1.1365702855064557,180303,17463,162840
21997,1.136518616174933,180303,17463,162840
21998,1.1364669515410493,180303,17463,162840
21999,1.1364152916041639,180303,17463,162840
22000,1.1363636363636365,180303,17463,162840
22001,1.1363119858188264,180303,17463,162840
22002,1.1362603399690938,180303,17463,162840
22003,1.136208698813798,180303,17463,162840
22004,1.1361570623522996,180303,17463,162840
22005,1.1361054305839582,180303,17463,162840
22006,1.1360538035081342,180303,17463,162840
22007,1.1360021811241878,180303,17463,162840
22008,1.1359505634314795,180303,17463,162840
22009,1.1358989504293697,180303,17463,162840
22010,1.1358473421172195,180303,17463,162840
22011,1.135795738494389,180303,17463,162840
22012,1.13574413956024,180303,17463,162840
22013,1.1356925453141327,180303,17463,162840
22014,1.1356409557554283,180303,17463,162840
22015,1.1355893708834885,180303,17463,162840
22016,1.1355377906976745,180303,17463,162840
22017,1.1354862151973475,180303,17463,162840
22018,1.1354346443818695,180303,17463,162840
22019,1.1353830782506018,180303,17463,162840
22020,1.1353315168029066,180303,17463,162840
22021,1.1352799600381454,180303,17463,162840
22022,1.1352284079556807,180303,17463,162840
22023,1.1351768605548744,180303,17463,162840
22024,1.135125317835089,180303,17463,162840
22025,1.1350737797956867,180303,17463,162840
22026,1.1350222464360302,180303,17463,162840
22027,1.134970717755482,180303,17463,162840
22028,1.1349191937534047,180303,17463,162840
22029,1.1348676744291615,180303,17463,162840
22030,1.1348161597821154,180303,17463,162840
22031,1.134764649811629,180303,17463,162840
22032,1.1347131445170662,180303,17463,162840
22033,1.1346616438977897,180303,17463,162840
22034,1.1346101479531634,180303,17463,162840
22035,1.1345586566825505,180303,17463,162840
22036,1.1345071700853149,180303,17463,162840
22037,1.1344556881608205,180303,17463,162840
22038,1.134404210908431,180303,17463,162840
22039,1.1343527383275103,180303,17463,162840
22040,1.134301270417423,180303,17463,162840
22041,1.1342498071775329,180303,17463,162840
22042,1.1341983486072045,180303,17463,162840
22043,1.1341468947058022,180303,17463,162840
22044,1.134095445472691,180303,17463,162840
22045,1.1340440009072352,180303,17463,162840
22046,1.1339925610087997,180303,17463,162840
22047,1.1339411257767498,180303,17463,162840
22048,1.13388969521045,180303,17463,162840
22049,1.1338382693092657,180303,17463,162840
22050,1.1337868480725624,180303,17463,162840
22051,1.1337354314997052,180303,17463,162840
22052,1.13368401959006,180303,17463,162840
22053,1.1336326123429918,180303,17463,162840
22054,1.133581209757867,180303,17463,162840
22055,1.1335298118340513,180303,17463,162840
22056,1.1334784185709104,180303,17463,162840
22057,1.1334270299678106,180303,17463,162840
22058,1.1333756460241182,180303,17463,162840
22059,1.1333242667391994,180303,17463,162840
22060,1.1332728921124207,180303,17463,162840
22061,1.1332215221431485,180303,17463,162840
22062,1.1331701568307497,180303,17463,162840
22063,1.133118796174591,180303,17463,162840
22064,1.1330674401740393,180303,17463,162840
22065,1.1330160888284613,180303,17463,162840
22066,1.1329647421372246,180303,17463,162840
22067,1.1329134000996963,180303,17463,162840
22068,1.1328620627152437,180303,17463,162840
22069,1.1328107299832344,180303,17463,162840
22070,1.1327594019030358,180303,17463,162840
22071,1.1327080784740158,180303,17463,162840
22072,1.132656759695542,180303,17463,162840
22073,1.1326054455669823,180303,17463,162840
22074,1.132554136087705,180303,17463,162840
22075,1.1325028312570782,180303,17463,162840
22076,1.13245153107447,180303,17463,162840
22077,1.132400235539249,180162,17508,162654
22078,1.1323489446507835,180162,17508,162654
22079,1.1322976584084423,180162,17508,162654
22080,1.1322463768115942,180162,17508,162654
22081,1.1321950998596078,180162,17508,162654
22082,1.1321438275518523,180162,17508,162654
22083,1.1320925598876965,180162,17508,162654
22084,1.1320412968665097,180162,17508,162654
22085,1.1319900384876613,180162,17508,162654
22086,1.1319387847505207,180162,17508,162654
22087,1.1318875356544573,180162,17508,162654
22088,1.131836291198841,180162,17508,162654
22089,1.1317850513830414,180162,17508,162654
22090,1.1317338162064283,180162,17508,162654
22091,1.1316825856683717,180162,17508,162654
22092,1.131631359768242,180162,17508,162654
22093,1.131580138505409,180162,17508,162654
22094,1.1315289218792433,180162,17508,162654
22095,1.1314777098891151,180162,17508,162654
22096,1.1314265025343955,180162,17508,162654
22097,1.1313752998144544,180162,17508,162654
22098,1.1313241017286633,180162,17508,162654
22099,1.1312729082763926,180162,17508,162654
22100,1.1312217194570136,180162,17508,162654
22101,1.1311705352698973,180162,17508,162654
22102,1.131119355714415,180162,17508,162654
22103,1.131068180789938,180162,17508,162654
22104,1.131017010495838,180162,17508,162654
22105,1.130965844831486,180162,17508,162654
22106,1.1309146837962545,180162,17508,162654
22107,1.1308635273895147,180162,17508,162654
22108,1.1308123756106387,180162,17508,162654
22109,1.1307612284589985,180162,17508,162654
22110,1.1307100859339665,180162,17508,162654
22111,1.1306589480349147,180162,17508,162654
22112,1.1306078147612155,180162,17508,162654
22113,1.1305566861122416,180162,17508,162654
22114,1.1305055620873654,180162,17508,162654
22115,1.1304544426859597,180162,17508,162654
22116,1.1304033279073973,180162,17508,162654
22117,1.1303522177510512,180162,17508,162654
22118,1.1303011122162945,180162,17508,162654
22119,1.1302500113025,180162,17508,162654
22120,1.1301989150090417,180162,17508,162654
22121,1.1301478233352922,180162,17508,162654
22122,1.1300967362806256,180162,17508,162654
22123,1.1300456538444152,180162,17508,162654
22124,1.129994576026035,180162,17508,162654
22125,1.1299435028248588,180162,17508,162654
22126,1.1298924342402603,180162,17508,162654
22127,1.129841370271614,180162,17508,162654
22128,1.1297903109182936,180162,17508,162654
22129,1.1297392561796737,180162,17508,162654
22130,1.1296882060551288,180162,17508,162654
22131,1.1296371605440332,180162,17508,162654
22132,1.1295861196457617,180162,17508,162654
22133,1.129535083359689,180162,17508,162654
22134,1.1294840516851903,180162,17508,162654
22135,1.12943302462164,180162,17508,162654
22136,1.1293820021684133,180162,17508,162654
22137,1.129330984324886,180162,17508,162654
22138,1.1292799710904327,180162,17508,162654
22139,1.1292289624644294,180162,17508,162654
22140,1.1291779584462511,180162,17508,162654
22141,1.129126959035274,180162,17508,162654
22142,1.1290759642308734,180162,17508,162654
22143,1.1290249740324256,180162,17508,162654
22144,1.1289739884393064,180162,17508,162654
22145,1.1289230074508918,180162,17508,162654
22146,1.1288720310665583,180162,17508,162654
22147,1.128821059285682,180162,17508,162654
22148,1.1287700921076396,180162,17508,162654
22149,1.1287191295318073,180162,17508,162654
22150,1.1286681715575622,180162,17508,162654
22151,1.1286172181842806,180162,17508,162654
22152,1.1285662694113399,180162,17508,162654
22153,1.1285153252381168,180162,17508,162654
22154,1.1284643856639884,180162,17508,162654
22155,1.128413450688332,180162,17508,162654
22156,1.1283625203105254,180162,17508,162654
22157,1.1283115945299453,180162,17508,162654
22158,1.12826067334597,180162,17508,162654
22159,1.1282097567579765,180162,17508,162654
22160,1.128158844765343,180162,17508,162654
22161,1.1281079373674474,180162,17508,162654
22162,1.1280570345636676,180162,17508,162654
22163,1.1280061363533818,180162,17508,162654
22164,1.1279552427359683,180162,17508,162654
22165,1.1279043537108053,180162,17508,162654
22166,1.1278534692772715,180162,17508,162654
22167,1.1278025894347454,180162,17508,162654
22168,1.1277517141826054,180162,17508,162654
22169,1.127700843520231,180162,17508,162654
22170,1.1276499774470004,180162,17508,162654
22171,1.1275991159622931,180162,17508,162654
22172,1.127548259065488,180162,17508,162654
22173,1.1274974067559644,180162,17508,162654
22174,1.1274465590331018,180162,17508,162654
22175,1.1273957158962795,180162,17508,162654
22176,1.1273448773448773,180162,17508,162654
22177,1.1272940433782748,180162,17508,162654
22178,1.1272432139958517,180162,17508,162654
22179,1.1271923891969882,180162,17508,162654
22180,1.127141568981064,180162,17508,162654
22181,1.1270907533474595,180162,17508,162654
22182,1.127039942295555,180162,17508,162654
22183,1.1269891358247306,180162,17508,162654
22184,1.126938333934367,180162,17508,162654
22185,1.1268875366238449,180162,17508,162654
22186,1.1268367438925448,180162,17508,162654
22187,1.1267859557398476,180162,17508,162654
22188,1.1267351721651344,180162,17508,162654
22189,1.126684393167786,180162,17508,162654
22190,1.1266336187471835,180162,17508,162654
22191,1.1265828489027083,180162,17508,162654
22192,1.1265320836337418,180162,17508,162654
22193,1.1264813229396657,180162,17508,162654
22194,1.1264305668198613,180162,17508,162654
22195,1.1263798152737103,180162,17508,162654
22196,1.1263290683005946,180162,17508,162654
22197,1.1262783258998963,180162,17508,162654
22198,1.1262275880709973,180162,17508,162654
22199,1.1261768548132798,180162,17508,162654
22200,1.1261261261261262,180162,17508,162654
22201,1.1260754020089185,180162,17508,162654
22202,1.1260246824610396,180162,17508,162654
22203,1.1259739674818718,180162,17508,162654
22204,1.125923257070798,180162,17508,162654
22205,1.125872551227201,180162,17508,162654
22206,1.1258218499504637,180162,17508,162654
22207,1.1257711532399695,180162,17508,162654
22208,1.1257204610951008,180162,17508,162654
22209,1.1256697735152417,180162,17508,162654
22210,1.125619090499775,180162,17508,162654
22211,1.1255684120480842,180162,17508,162654
22212,1.1255177381595534,180162,17508,162654
22213,1.125467068833566,180162,17508,162654
22214,1.1254164040695058,180162,17508,162654
22215,1.1253657438667568,180162,17508,162654
22216,1.125315088224703,180162,17508,162654
22217,1.1252644371427285,180162,17508,162654
22218,1.1252137906202178,180162,17508,162654
22219,1.1251631486565552,180162,17508,162654
22220,1.125112511251125,180162,17508,162654
22221,1.1250618784033122,180162,17508,162654
22222,1.1250112501125011,180162,17508,162654
22223,1.1249606263780767,180162,17508,162654
22224,1.124910007199424,180162,17508,162654
22225,1.124859392575928,180162,17508,162654
22226,1.124808782506974,180162,17508,162654
22227,1.1247581769919468,180162,17508,162654
22228,1.124707576030232,180162,17508,162654
22229,1.1246569796212156,180162,17508,162654
22230,1.1246063877642825,180162,17508,162654
22231,1.1245558004588188,180162,17508,162654
22232,1.12450521770421,180162,17508,162654
22233,1.1244546394998425,180162,17508,162654
22234,1.124404065845102,180162,17508,162654
22235,1.124353496739375,180162,17508,162654
22236,1.124302932182047,180162,17508,162654
22237,1.1242523721725053,180162,17508,162654
22238,1.1242018167101357,180162,17508,162654
22239,1.1241512657943253,180162,17508,162654
22240,1.1241007194244603,180162,17508,162654
22241,1.124050177599928,180162,17508,162654
22242,1.1239996403201151,180162,17508,162654
22243,1.1239491075844086,180162,17508,162654
22244,1.1238985793921956,180162,17508,162654
22245,1.1238480557428636,180162,17508,162654
22246,1.1237975366357997,180162,17508,162654
22247,1.1237470220703916,180162,17508,162654
22248,1.1236965120460267,180162,17508,162654
22249,1.1236460065620926,180162,17508,162654
22250,1.1235955056179776,180162,17508,162654
22251,1.123545009213069,180162,17508,162654
22252,1.1234945173467554,180162,17508,162654
22253,1.1234440300184245,180162,17508,162654
22254,1.1233935472274648,180162,17508,162654
22255,1.1233430689732644,180162,17508,162654
22256,1.123292595255212,180162,17508,162654
22257,1.1232421260726961,180162,17508,162654
22258,1.1231916614251056,180162,17508,162654
22259,1.123141201311829,180162,17508,162654
22260,1.1230907457322552,180162,17508,162654
22261,1.1230402946857734,180162,17508,162654
22262,1.1229898481717726,180162,17508,162654
22263,1.122939406189642,180162,17508,162654
22264,1.122888968738771,180162,17508,162654
22265,1.1228385358185493,180162,17508,162654
22266,1.122788107428366,180162,17508,162654
22267,1.1227376835676113,180162,17508,162654
22268,1.1226872642356744,180162,17508,162654
22269,1.1226368494319459,180162,17508,162654
22270,1.122586439155815,180162,17508,162654
22271,1.1225360334066723,180162,17508,162654
22272,1.122485632183908,180162,17508,162654
22273,1.1224352354869125,180162,17508,162654
22274,1.1223848433150758,180162,17508,162654
22275,1.122334455667789,180162,17508,162654
22276,1.1222840725444425,180162,17508,162654
22277,1.122233693944427,180162,17508,162654
22278,1.1221833198671336,180162,17508,162654
22279,1.122132950311953,180162,17508,162654
22280,1.1220825852782765,180162,17508,162654
22281,1.1220322247654952,180162,17508,162654
22282,1.1219818687730005,180162,17508,162654
22283,1.121931517300184,180162,17508,162654
22284,1.1218811703464369,180162,17508,162654
22285,1.121830827911151,180162,17508,162654
22286,1.121780489993718,180162,17508,162654
22287,1.1217301565935298,180162,17508,162654
22288,1.1216798277099784,180162,17508,162654
22289,1.121629503342456,180162,17508,162654
22290,1.1215791834903543,180162,17508,162654
22291,1.1215288681530662,180162,17508,162654
22292,1.121478557329984,180162,17508,162654
22293,1.1214282510204998,180162,17508,162654
22294,1.1213779492240064,180162,17508,162654
22295,1.121327651939897,180162,17508,162654
22296,1.1212773591675638,180162,17508,162654
22297,1.1212270709064,180162,17508,162654
22298,1.1211767871557987,180162,17508,162654
22299,1.1211265079151531,180162,17508,162654
22300,1.1210762331838564,180162,17508,162654
22301,1.1210259629613022,180162,17508,162654
22302,1.1209756972468836,180162,17508,162654
22303,1.1209254360399947,180162,17508,162654
22304,1.1208751793400287,180162,17508,162654
22305,1.1208249271463797,180162,17508,162654
22306,1.1207746794584417,180162,17508,162654
22307,1.1207244362756086,180162,17508,162654
22308,1.1206741975972745,180162,17508,162654
22309,1.1206239634228339,180162,17508,162654
22310,1.1205737337516808,180162,17508,162654
22311,1.1205235085832101,180162,17508,162654
22312,1.120473287916816,180162,17508,162654
22313,1.1204230717518935,180162,17508,162654
22314,1.1203728600878373,180162,17508,162654
22315,1.1203226529240422,180162,17508,162654
22316,1.1202724502599033,180162,17508,162654
22317,1.1202222520948155,180162,17508,162654
22318,1.1201720584281745,180162,17508,162654
22319,1.1201218692593755,180162,17508,162654
22320,1.1200716845878136,180162,17508,162654
22321,1.1200215044128847,180162,17508,162654
22322,1.1199713287339843,180162,17508,162654
22323,1.1199211575505084,180162,17508,162654
22324,1.1198709908618527,180162,17508,162654
22325,1.1198208286674132,180162,17508,162654
22326,1.119770670966586,180162,17508,162654
22327,1.1197205177587675,180162,17508,162654
22328,1.1196703690433536,180162,17508,162654
22329,1.119620224819741,180162,17508,162654
22330,1.1195700850873265,180162,17508,162654
22331,1.1195199498455062,180162,17508,162654
22332,1.1194698190936772,180162,17508,162654
22333,1.1194196928312363,180162,17508,162654
22334,1.1193695710575804,180162,17508,162654
22335,1.1193194537721065,180162,17508,162654
22336,1.119269340974212,180162,17508,162654
22337,1.1192192326632942,180162,17508,162654
22338,1.1191691288387502,180162,17508,162654
22339,1.1191190294999775,180162,17508,162654
22340,1.1190689346463742,180162,17508,162654
22341,1.1190188442773377,180162,17508,162654
22342,1.1189687583922656,180162,17508,162654
22343,1.1189186769905564,180162,17508,162654
22344,1.1188686000716075,180162,17508,162654
22345,1.1188185276348177,180162,17508,162654
22346,1.1187684596795846,180162,17508,162654
22347,1.118718396205307,180162,17508,162654
22348,1.1186683372113835,180162,17508,162654
22349,1.1186182826972124,180162,17508,162654
22350,1.1185682326621924,180162,17508,162654
22351,1.1185181871057224,180162,17508,162654
22352,1.1184681460272012,180162,17508,162654
22353,1.118418109426028,180162,17508,162654
22354,1.1183680773016016,180162,17508,162654
22355,1.1183180496533214,180162,17508,162654
22356,1.1182680264805869,180162,17508,162654
22357,1.1182180077827972,180162,17508,162654
22358,1.1181679935593523,180162,17508,162654
22359,1.1181179838096515,180162,17508,162654
22360,1.118067978533095,180162,17508,162654
22361,1.118017977729082,180162,17508,162654
22362,1.1179679813970127,180162,17508,162654
22363,1.1179179895362876,180162,17508,162654
22364,1.1178680021463065,180162,17508,162654
22365,1.11781801922647,180162,17508,162654
22366,1.117768040776178,180162,17508,162654
22367,1.1177180667948317,180162,17508,162654
22368,1.1176680972818311,180162,17508,162654
22369,1.1176181322365775,180162,17508,162654
22370,1.117568171658471,180162,17508,162654
22371,1.1175182155469134,180162,17508,162654
22372,1.1174682639013052,180162,17508,162654
22373,1.1174183167210476,180162,17508,162654
22374,1.1173683740055422,180162,17508,162654
22375,1.1173184357541899,180162,17508,162654
22376,1.1172685019663926,180162,17508,162654
22377,1.1172185726415516,180162,17508,162654
22378,1.1171686477790688,180162,17508,162654
22379,1.1171187273783458,180162,17508,162654
22380,1.1170688114387846,180162,17508,162654
22381,1.1170188999597874,180162,17508,162654
22382,1.116968992940756,180162,17508,162654
22383,1.1169190903810928,180162,17508,162654
22384,1.1168691922802,180162,17508,162654
22385,1.1168192986374805,180162,17508,162654
22386,1.1167694094523364,180162,17508,162654
22387,1.1167195247241704,180162,17508,162654
22388,1.1166696444523851,180162,17508,162654
22389,1.116619768636384,180162,17508,162654
22390,1.1165698972755695,180162,17508,162654
22391,1.1165200303693448,180162,17508,162654
22392,1.1164701679171132,180162,17508,162654
22393,1.1164203099182781,180162,17508,162654
22394,1.1163704563722425,180162,17508,162654
22395,1.1163206072784104,180162,17508,162654
22396,1.116270762636185,180162,17508,162654
22397,1.1162209224449704,180162,17508,162654
22398,1.11617108670417,180162,17508,162654
22399,1.116121255413188,180162,17508,162654
22400,1.1160714285714286,180162,17508,162654
22401,1.1160216061782957,180162,17508,162654
22402,1.1159717882331934,180162,17508,162654
22403,1.1159219747355265,180162,17508,162654
22404,1.1158721656846993,180162,17508,162654
22405,1.1158223610801161,180162,17508,162654
22406,1.115772560921182,180162,17508,162654
22407,1.1157227652073012,180162,17508,162654
22408,1.1156729739378792,180162,17508,162654
22409,1.115623187112321,180162,17508,162654
22410,1.1155734047300312,180162,17508,162654
22411,1.1155236267904154,180162,17508,162654
22412,1.1154738532928787,180162,17508,162654
22413,1.1154240842368268,180162,17508,162654
22414,1.115374319621665,180162,17508,162654
22415,1.115324559446799,180162,17508,162654
22416,1.1152748037116345,180162,17508,162654
22417,1.1152250524155776,180162,17508,162654
22418,1.1151753055580338,180162,17508,162654
22419,1.1151255631384094,180162,17508,162654
22420,1.1150758251561106,180050,17559,162491
22421,1.1150260916105437,180050,17559,162491
22422,1.1149763625011149,180050,17559,162491
22423,1.114926637827231,180050,17559,162491
22424,1.1148769175882982,180050,17559,162491
22425,1.1148272017837235,180050,17559,162491
22426,1.1147774904129135,180050,17559,162491
22427,1.1147277834752753,180050,17559,162491
22428,1.1146780809702157,180050,17559,162491
22429,1.1146283828971422,180050,17559,162491
22430,1.1145786892554614,180050,17559,162491
22431,1.114529000044581,180050,17559,162491
22432,1.1144793152639088,180050,17559,162491
22433,1.1144296349128515,180050,17559,162491
22434,1.1143799589908174,180050,17559,162491
22435,1.114330287497214,180050,17559,162491
22436,1.1142806204314495,180050,17559,162491
22437,1.1142309577929312,180050,17559,162491
22438,1.1141812995810678,180050,17559,162491
22439,1.1141316457952672,180050,17559,162491
22440,1.1140819964349375,180050,17559,162491
22441,1.1140323514994876,180050,17559,162491
22442,1.1139827109883254,180050,17559,162491
22443,1.11393307490086,180050,17559,162491
22444,1.1138834432364997,180050,17559,162491
22445,1.1138338159946537,180050,17559,162491
22446,1.1137841931747305,180050,17559,162491
22447,1.1137345747761394,180050,17559,162491
22448,1.1136849607982893,180050,17559,162491
22449,1.1136353512405899,180050,17559,162491
22450,1.1135857461024499,180050,17559,162491
22451,1.113536145383279,180050,17559,162491
22452,1.113486549082487,180050,17559,162491
22453,1.1134369571994833,180050,17559,162491
22454,1.1133873697336778,180050,17559,162491
22455,1.11333778668448,180050,17559,162491
22456,1.1132882080513002,180050,17559,162491
22457,1.1132386338335485,180050,17559,162491
22458,1.113189064030635,180050,17559,162491
22459,1.1131394986419698,180050,17559,162491
22460,1.1130899376669634,180050,17559,162491
22461,1.1130403811050265,180050,17559,162491
22462,1.1129908289555694,180050,17559,162491
22463,1.1129412812180028,180050,17559,162491
22464,1.1128917378917378,180050,17559,162491
22465,1.1128421989761852,180050,17559,162491
22466,1.1127926644707558,180050,17559,162491
22467,1.1127431343748608,180050,17559,162491
22468,1.1126936086879118,180050,17559,162491
22469,1.1126440874093195,180050,17559,162491
22470,1.1125945705384959,180050,17559,162491
22471,1.112545058074852,180050,17559,162491
22472,1.1124955500178,180050,17559,162491
22473,1.1124460463667512,180050,17559,162491
22474,1.1123965471211177,180050,17559,162491
22475,1.1123470522803114,180050,17559,162491
22476,1.1122975618437445,180050,17559,162491
22477,1.1122480758108289,180050,17559,162491
22478,1.1121985941809769,180050,17559,162491
22479,1.112149116953601,180050,17559,162491
22480,1.112099644128114,180050,17559,162491
22481,1.1120501757039278,180050,17559,162491
22482,1.1120007116804556,180050,17559,162491
22483,1.1119512520571098,180050,17559,162491
22484,1.1119017968333036,180050,17559,162491
22485,1.1118523460084502,180050,17559,162491
22486,1.1118028995819622,180050,17559,162491
22487,1.111753457553253,180050,17559,162491
22488,1.111704019921736,180050,17559,162491
22489,1.1116545866868246,180050,17559,162491
22490,1.1116051578479325,180050,17559,162491
22491,1.111555733404473,180050,17559,162491
22492,1.1115063133558598,180050,17559,162491
22493,1.1114568977015071,180050,17559,162491
22494,1.1114074864408288,180050,17559,162491
22495,1.1113580795732385,180050,17559,162491
22496,1.1113086770981508,180050,17559,162491
22497,1.1112592790149798,180050,17559,162491
22498,1.1112098853231398,180050,17559,162491
22499,1.1111604960220454,180050,17559,162491
22500,1.1111111111111112,180050,17559,162491
22501,1.1110617305897517,180050,17559,162491
22502,1.1110123544573816,180050,17559,162491
22503,1.110962982713416,180050,17559,162491
22504,1.1109136153572698,180050,17559,162491
22505,1.110864252388358,180050,17559,162491
22506,1.1108148938060962,180050,17559,162491
22507,1.1107655396098992,180050,17559,162491
22508,1.1107161897991824,180050,17559,162491
22509,1.1106668443733618,180050,17559,162491
22510,1.1106175033318526,180050,17559,162491
22511,1.1105681666740705,180050,17559,162491
22512,1.1105188343994314,180050,17559,162491
22513,1.1104695065073513,180050,17559,162491
22514,1.1104201829972462,180050,17559,162491
22515,1.1103708638685321,180050,17559,162491
22516,1.1103215491206253,180050,17559,162491
22517,1.1102722387529422,180050,17559,162491
22518,1.1102229327648991,180050,17559,162491
22519,1.1101736311559127,180050,17559,162491
22520,1.1101243339253997,180050,17559,162491
22521,1.1100750410727764,180050,17559,162491
22522,1.1100257525974602,180050,17559,162491
22523,1.1099764684988678,180050,17559,162491
22524,1.1099271887764162,180050,17559,162491
22525,1.1098779134295227,180050,17559,162491
22526,1.1098286424576045,180050,17559,162491
22527,1.109779375860079,180050,17559,162491
22528,1.1097301136363635,180050,17559,162491
22529,1.109680855785876,180050,17559,162491
22530,1.1096316023080337,180050,17559,162491
22531,1.1095823532022546,180050,17559,162491
22532,1.1095331084679567,180050,17559,162491
22533,1.1094838681045578,180050,17559,162491
22534,1.109434632111476,180050,17559,162491
22535,1.1093854004881296,180050,17559,162491
22536,1.1093361732339369,180050,17559,162491
22537,1.109286950348316,180050,17559,162491
22538,1.1092377318306859,180050,17559,162491
22539,1.109188517680465,180050,17559,162491
22540,1.109139307897072,180050,17559,162491
22541,1.1090901024799256,180050,17559,162491
22542,1.1090409014284446,180050,17559,162491
22543,1.1089917047420486,180050,17559,162491
22544,1.1089425124201562,180050,17559,162491
22545,1.1088933244621868,180050,17559,162491
22546,1.1088441408675596,180050,17559,162491
22547,1.1087949616356942,180050,17559,162491
22548,1.1087457867660102,180050,17559,162491
22549,1.1086966162579273,180050,17559,162491
22550,1.1086474501108647,180050,17559,162491
22551,1.108598288324243,180050,17559,162491
22552,1.1085491308974813,180050,17559,162491
22553,1.1084999778300004,180050,17559,162491
22554,1.1084508291212203,180050,17559,162491
22555,1.108401684770561,180050,17559,162491
22556,1.1083525447774427,180050,17559,162491
22557,1.1083034091412864,180050,17559,162491
22558,1.1082542778615125,180050,17559,162491
22559,1.1082051509375415,180050,17559,162491
22560,1.1081560283687943,180050,17559,162491
22561,1.1081069101546916,180050,17559,162491
22562,1.1080577962946547,180050,17559,162491
22563,1.1080086867881045,180050,17559,162491
22564,1.107959581634462,180050,17559,162491
22565,1.1079104808331486,180050,17559,162491
22566,1.1078613843835858,180050,17559,162491
22567,1.1078122922851952,180050,17559,162491
22568,1.1077632045373982,180050,17559,162491
22569,1.1077141211396162,180050,17559,162491
22570,1.1076650420912717,180050,17559,162491
22571,1.107615967391786,180050,17559,162491
22572,1.1075668970405812,180050,17559,162491
22573,1.1075178310370797,180050,17559,162491
22574,1.1074687693807035,180050,17559,162491
22575,1.1074197120708749,180050,17559,162491
22576,1.1073706591070163,180050,17559,162491
22577,1.1073216104885504,180050,17559,162491
22578,1.1072725662148994,180050,17559,162491
22579,1.1072235262854866,180050,17559,162491
22580,1.1071744906997343,180050,17559,162491
22581,1.1071254594570656,180050,17559,162491
22582,1.1070764325569038,180050,17559,162491
22583,1.1070274099986717,180050,17559,162491
22584,1.1069783917817924,180050,17559,162491
22585,1.1069293779056897,180050,17559,162491
22586,1.1068803683697865,180050,17559,162491
22587,1.106831363173507,180050,17559,162491
22588,1.106782362316274,180050,17559,162491
22589,1.106733365797512,180050,17559,162491
22590,1.1066843736166445,180050,17559,162491
22591,1.1066353857730955,180050,17559,162491
22592,1.106586402266289,180050,17559,162491
22593,1.106537423095649,180050,17559,162491
22594,1.1064884482606,180050,17559,162491
22595,1.1064394777605664,180050,17559,162491
22596,1.1063905115949726,180050,17559,162491
22597,1.106341549763243,180050,17559,162491
22598,1.1062925922648021,180050,17559,162491
22599,1.106243639099075,180050,17559,162491
22600,1.1061946902654867,180050,17559,162491
22601,1.1061457457634618,180050,17559,162491
22602,1.1060968055924254,180050,17559,162491
22603,1.1060478697518028,180050,17559,162491
22604,1.1059989382410194,180050,17559,162491
22605,1.1059500110595002,180050,17559,162491
22606,1.1059010882066709,180050,17559,162491
22607,1.105852169681957,180050,17559,162491
22608,1.105803255484784,180050,17559,162491
22609,1.1057543456145782,180050,17559,162491
22610,1.105705440070765,180050,17559,162491
22611,1.1056565388527708,180050,17559,162491
22612,1.1056076419600211,180050,17559,162491
22613,1.1055587493919428,180050,17559,162491
22614,1.1055098611479615,180050,17559,162491
22615,1.105460977227504,180050,17559,162491
22616,1.1054120976299964,180050,17559,162491
22617,1.1053632223548657,180050,17559,162491
22618,1.1053143514015387,180050,17559,162491
22619,1.1052654847694416,180050,17559,162491
22620,1.1052166224580018,180050,17559,162491
22621,1.105167764466646,180050,17559,162491
22622,1.1051189107948016,180050,17559,162491
22623,1.1050700614418953,180050,17559,162491
22624,1.105021216407355,180050,17559,162491
22625,1.1049723756906078,180050,17559,162491
22626,1.104923539291081,180050,17559,162491
22627,1.1048747072082026,180050,17559,162491
22628,1.1048258794414,180050,17559,162491
22629,1.1047770559901011,180050,17559,162491
22630,1.104728236853734,180050,17559,162491
22631,1.1046794220317264,180050,17559,162491
22632,1.1046306115235065,180050,17559,162491
22633,1.1045818053285026,180050,17559,162491
22634,1.104533003446143,180050,17559,162491
22635,1.104484205875856,180050,17559,162491
22636,1.1044354126170701,180050,17559,162491
22637,1.1043866236692141,180050,17559,162491
22638,1.1043378390317167,180050,17559,162491
22639,1.1042890587040064,180050,17559,162491
22640,1.1042402826855124,180050,17559,162491
22641,1.1041915109756637,180050,17559,162491
22642,1.1041427435738893,180050,17559,162491
22643,1.1040939804796184,180050,17559,162491
22644,1.1040452216922805,180050,17559,162491
22645,1.103996467211305,180050,17559,162491
22646,1.1039477170361212,180050,17559,162491
22647,1.1038989711661589,180050,17559,162491
22648,1.1038502296008477,180050,17559,162491
22649,1.1038014923396176,180050,17559,162491
22650,1.1037527593818985,180050,17559,162491
22651,1.1037040307271202,180050,17559,162491
22652,1.103655306374713,180050,17559,162491
22653,1.1036065863241071,180050,17559,162491
22654,1.1035578705747329,180050,17559,162491
22655,1.1035091591260207,180050,17559,162491
22656,1.1034604519774012,180050,17559,162491
22657,1.1034117491283046,180050,17559,162491
22658,1.1033630505781622,180050,17559,162491
22659,1.1033143563264045,180050,17559,162491
22660,1.1032656663724625,180050,17559,162491
22661,1.1032169807157672,180050,17559,162491
22662,1.1031682993557497,180050,17559,162491
22663,1.1031196222918414,180050,17559,162491
22664,1.1030709495234734,180050,17559,162491
22665,1.1030222810500772,180050,17559,162491
22666,1.1029736168710844,180050,17559,162491
22667,1.1029249569859267,180050,17559,162491
22668,1.1028763013940357,180050,17559,162491
22669,1.102827650094843,180050,17559,162491
22670,1.1027790030877813,180050,17559,162491
22671,1.1027303603722818,180050,17559,162491
22672,1.102681721947777,180050,17559,162491
22673,1.1026330878136992,180050,17559,162491
22674,1.1025844579694806,180050,17559,162491
22675,1.1025358324145536,180050,17559,162491
22676,1.1024872111483506,180050,17559,162491
22677,1.1024385941703048,180050,17559,162491
22678,1.1023899814798483,180050,17559,162491
22679,1.1023413730764142,180050,17559,162491
22680,1.1022927689594357,180050,17559,162491
22681,1.1022441691283453,180050,17559,162491
22682,1.1021955735825766,180050,17559,162491
22683,1.1021469823215624,180050,17559,162491
22684,1.1020983953447363,180050,17559,162491
22685,1.102049812651532,179982,17559,162423
22686,1.1020012342413823,179982,17559,162423
22687,1.1019526601137215,179982,17559,162423
22688,1.101904090267983,179982,17559,162423
22689,1.1018555247036008,179982,17559,162423
22690,1.1018069634200087,179982,17559,162423
22691,1.101758406416641,179982,17559,162423
22692,1.1017098536929315,179982,17559,162423
22693,1.1016613052483144,179982,17559,162423
22694,1.1016127610822244,179982,17559,162423
22695,1.1015642211940957,179982,17559,162423
22696,1.1015156855833628,179982,17559,162423
22697,1.1014671542494603,179982,17559,162423
22698,1.1014186271918232,179982,17559,162423
22699,1.1013701044098858,179982,17559,162423
22700,1.1013215859030836,179982,17559,162423
22701,1.1012730716708514,179982,17559,162423
22702,1.1012245617126244,179982,17559,162423
22703,1.1011760560278376,179982,17559,162423
22704,1.1011275546159267,179982,17559,162423
22705,1.1010790574763267,179982,17559,162423
22706,1.1010305646084735,179982,17559,162423
22707,1.1009820760118025,179982,17559,162423
22708,1.1009335916857494,179982,17559,162423
22709,1.1008851116297502,179982,17559,162423
22710,1.1008366358432409,179982,17559,162423
22711,1.1007881643256572,179982,17559,162423
22712,1.1007396970764354,179982,17559,162423
22713,1.1006912340950117,179982,17559,162423
22714,1.1006427753808223,179982,17559,162423
22715,1.100594320933304,179982,17559,162423
22716,1.100545870751893,179982,17559,162423
22717,1.100497424836026,179982,17559,162423
22718,1.1004489831851396,179982,17559,162423
22719,1.1004005457986707,179982,17559,162423
22720,1.1003521126760563,179982,17559,162423
22721,1.1003036838167335,179982,17559,162423
22722,1.1002552592201391,179982,17559,162423
22723,1.1002068388857105,179982,17559,162423
22724,1.1001584228128851,179982,17559,162423
22725,1.1001100110011002,179982,17559,162423
22726,1.1000616034497932,179982,17559,162423
22727,1.100013200158402,179982,17559,162423
22728,1.0999648011263639,179982,17559,162423
22729,1.0999164063531173,179982,17559,162423
22730,1.0998680158380993,179982,17559,162423
22731,1.0998196295807487,179982,17559,162423
22732,1.0997712475805033,179982,17559,162423
22733,1.0997228698368011,179982,17559,162423
22734,1.0996744963490808,179982,17559,162423
22735,1.0996261271167802,179982,17559,162423
22736,1.0995777621393386,179982,17559,162423
22737,1.0995294014161938,179982,17559,162423
22738,1.0994810449467851,179982,17559,162423
22739,1.099432692730551,179982,17559,162423
22740,1.0993843447669305,179982,17559,162423
22741,1.0993360010553626,179982,17559,162423
22742,1.0992876615952862,179982,17559,162423
22743,1.0992393263861409,179982,17559,162423
22744,1.0991909954273655,179982,17559,162423
22745,1.0991426687183996,179982,17559,162423
22746,1.0990943462586829,179982,17559,162423
22747,1.0990460280476546,179982,17559,162423
22748,1.0989977140847547,179982,17559,162423
22749,1.0989494043694228,179982,17559,162423
22750,1.098901098901099,179982,17559,162423
22751,1.0988527976792228,179982,17559,162423
22752,1.098804500703235,179982,17559,162423
22753,1.098756207972575,179982,17559,162423
22754,1.0987079194866836,179982,17559,162423
22755,1.098659635245001,179982,17559,162423
22756,1.0986113552469678,179982,17559,162423
22757,1.0985630794920245,179982,17559,162423
22758,1.0985148079796117,179982,17559,162423
22759,1.09846654070917,179982,17559,162423
22760,1.0984182776801406,179982,17559,162423
22761,1.0983700188919643,179982,17559,162423
22762,1.0983217643440824,179982,17559,162423
22763,1.0982735140359354,179982,17559,162423
22764,1.0982252679669653,179982,17559,162423
22765,1.0981770261366133,179982,17559,162423
22766,1.0981287885443205,179982,17559,162423
22767,1.0980805551895287,179982,17559,162423
22768,1.0980323260716796,179982,17559,162423
22769,1.0979841011902147,179982,17559,162423
22770,1.0979358805445762,179982,17559,162423
22771,1.0978876641342057,179982,17559,162423
22772,1.0978394519585455,179982,17559,162423
22773,1.0977912440170376,179982,17559,162423
22774,1.0977430403091244,179982,17559,162423
22775,1.0976948408342482,179982,17559,162423
22776,1.097646645591851,179982,17559,162423
22777,1.097598454581376,179982,17559,162423
22778,1.0975502678022653,179982,17559,162423
22779,1.097502085253962,179982,17559,162423
22780,1.0974539069359086,179982,17559,162423
22781,1.0974057328475484,179982,17559,162423
22782,1.097357562988324,179982,17559,162423
22783,1.097309397357679,179982,17559,162423
22784,1.0972612359550562,179982,17559,162423
22785,1.097213078779899,179982,17559,162423
22786,1.097164925831651,179982,17559,162423
22787,1.0971167771097556,179982,17559,162423
22788,1.0970686326136563,179982,17559,162423
22789,1.0970204923427969,179982,17559,162423
22790,1.0969723562966214,179982,17559,162423
22791,1.0969242244745734,179982,17559,162423
22792,1.0968760968760969,179982,17559,162423
22793,1.096827973500636,179982,17559,162423
22794,1.0967798543476353,179982,17559,162423
22795,1.0967317394165388,179982,17559,162423
22796,1.0966836287067907,179982,17559,162423
22797,1.0966355222178357,179982,17559,162423
22798,1.0965874199491183,179982,17559,162423
22799,1.0965393219000834,179982,17559,162423
22800,1.0964912280701755,179982,17559,162423
22801,1.0964431384588396,179982,17559,162423
22802,1.0963950530655207,179982,17559,162423
22803,1.0963469718896637,179982,17559,162423
22804,1.096298894930714,179982,17559,162423
22805,1.0962508221881166,179982,17559,162423
22806,1.0962027536613173,179982,17559,162423
22807,1.0961546893497611,179982,17559,162423
22808,1.0961066292528938,179982,17559,162423
22809,1.0960585733701609,179982,17559,162423
22810,1.0960105217010083,179982,17559,162423
22811,1.095962474244882,179982,17559,162423
22812,1.0959144310012274,179982,17559,162423
22813,1.095866391969491,179982,17559,162423
22814,1.095818357149119,179982,17559,162423
22815,1.0957703265395573,179982,17559,162423
22816,1.0957223001402525,179982,17559,162423
22817,1.0956742779506508,179982,17559,162423
22818,1.095626259970199,179982,17559,162423
22819,1.0955782461983434,179982,17559,162423
22820,1.0955302366345312,179982,17559,162423
22821,1.0954822312782087,179982,17559,162423
22822,1.0954342301288231,179982,17559,162423
22823,1.0953862331858213,179982,17559,162423
22824,1.0953382404486505,179982,17559,162423
22825,1.095290251916758,179982,17559,162423
22826,1.0952422675895908,179982,17559,162423
22827,1.0951942874665965,179982,17559,162423
22828,1.0951463115472226,179982,17559,162423
22829,1.0950983398309169,179982,17559,162423
22830,1.0950503723171265,179982,17559,162423
22831,1.0950024090052999,179982,17559,162423
22832,1.0949544498948844,179982,17559,162423
22833,1.0949064949853282,179982,17559,162423
22834,1.0948585442760794,179982,17559,162423
22835,1.0948105977665863,179982,17559,162423
22836,1.094762655456297,179982,17559,162423
22837,1.09471471734466,179982,17559,162423
22838,1.0946667834311237,179982,17559,162423
22839,1.0946188537151365,179982,17559,162423
22840,1.094570928196147,179982,17559,162423
22841,1.0945230068736045,179982,17559,162423
22842,1.0944750897469573,179982,17559,162423
22843,1.0944271768156546,179982,17559,162423
22844,1.0943792680791455,179982,17559,162423
22845,1.094331363536879,179982,17559,162423
22846,1.0942834631883043,179982,17559,162423
22847,1.0942355670328707,179982,17559,162423
22848,1.0941876750700281,179982,17559,162423
22849,1.0941397872992253,179982,17559,162423
22850,1.0940919037199124,179982,17559,162423
22851,1.094044024331539,179982,17559,162423
22852,1.093996149133555,179982,17559,162423
22853,1.0939482781254102,179982,17559,162423
22854,1.0939004113065547,179982,17559,162423
22855,1.0938525486764383,179982,17559,162423
22856,1.0938046902345118,179982,17559,162423
22857,1.0937568359802248,179982,17559,162423
22858,1.0937089859130282,179982,17559,162423
22859,1.0936611400323724,179982,17559,162423
22860,1.0936132983377078,179982,17559,162423
22861,1.0935654608284853,179982,17559,162423
22862,1.0935176275041554,179982,17559,162423
22863,1.0934697983641692,179982,17559,162423
22864,1.0934219734079775,179982,17559,162423
22865,1.0933741526350318,179982,17559,162423
22866,1.0933263360447827,179982,17559,162423
22867,1.0932785236366818,179982,17559,162423
22868,1.0932307154101801,179982,17559,162423
22869,1.0931829113647296,179982,17559,162423
22870,1.0931351114997814,179982,17559,162423
22871,1.0930873158147874,179982,17559,162423
22872,1.093039524309199,179982,17559,162423
22873,1.0929917369824684,179982,17559,162423
22874,1.0929439538340473,179982,17559,162423
22875,1.092896174863388,179982,17559,162423
22876,1.0928484000699423,179982,17559,162423
22877,1.0928006294531625,179982,17559,162423
22878,1.0927528630125012,179982,17559,162423
22879,1.0927051007474102,179982,17559,162423
22880,1.0926573426573427,179982,17559,162423
22881,1.0926095887417508,179982,17559,162423
22882,1.0925618390000873,179982,17559,162423
22883,1.0925140934318052,179982,17559,162423
22884,1.0924663520363573,179982,17559,162423
22885,1.0924186148131965,179982,17559,162423
22886,1.0923708817617757,179982,17559,162423
22887,1.0923231528815485,179982,17559,162423
22888,1.0922754281719678,179982,17559,162423
22889,1.092227707632487,179982,17559,162423
22890,1.09217999126256,179982,17559,162423
22891,1.09213227906164,179982,17559,162423
22892,1.0920845710291804,179982,17559,162423
22893,1.0920368671646354,179982,17559,162423
22894,1.0919891674674587,179982,17559,162423
22895,1.0919414719371041,179982,17559,162423
22896,1.0918937805730258,179982,17559,162423
22897,1.0918460933746779,179982,17559,162423
22898,1.0917984103415146,179982,17559,162423
22899,1.0917507314729902,179982,17559,162423
22900,1.091703056768559,179982,17559,162423
22901,1.0916553862276757,179982,17559,162423
22902,1.0916077198497949,179982,17559,162423
22903,1.0915600576343711,179982,17559,162423
22904,1.0915123995808593,179982,17559,162423
22905,1.0914647456887143,179982,17559,162423
22906,1.091417095957391,179982,17559,162423
22907,1.0913694503863447,179982,17559,162423
22908,1.0913218089750305,179982,17559,162423
22909,1.0912741717229038,179982,17559,162423
22910,1.0912265386294195,179982,17559,162423
22911,1.0911789096940334,179982,17559,162423
22912,1.0911312849162011,179982,17559,162423
22913,1.091083664295378,179982,17559,162423
22914,1.0910360478310204,179982,17559,162423
22915,1.0909884355225834,179982,17559,162423
22916,1.0909408273695236,179982,17559,162423
22917,1.0908932233712965,179982,17559,162423
22918,1.0908456235273585,179982,17559,162423
22919,1.0907980278371656,179982,17559,162423
22920,1.0907504363001745,179982,17559,162423
22921,1.0907028489158415,179982,17559,162423
22922,1.0906552656836228,179982,17559,162423
22923,1.0906076866029752,179982,17559,162423
22924,1.0905601116733554,179982,17559,162423
22925,1.0905125408942202,179982,17559,162423
22926,1.0904649742650265,179982,17559,162423
22927,1.0904174117852314,179982,17559,162423
22928,1.0903698534542916,179982,17559,162423
22929,1.0903222992716648,179982,17559,162423
22930,1.0902747492368077,179982,17559,162423
22931,1.090227203349178,179982,17559,162423
22932,1.090179661608233,179982,17559,162423
22933,1.0901321240134305,179982,17559,162423
22934,1.0900845905642278,179982,17559,162423
22935,1.090037061260083,179982,17559,162423
22936,1.0899895361004535,179982,17559,162423
22937,1.0899420150847976,179982,17559,162423
22938,1.0898944982125731,179982,17559,162423
22939,1.0898469854832382,179982,17559,162423
22940,1.0897994768962511,179982,17559,162423
22941,1.08975197245107,179959,17768,162191
22942,1.0897044721471536,179959,17768,162191
22943,1.0896569759839603,179959,17768,162191
22944,1.0896094839609485,179959,17768,162191
22945,1.0895619960775769,179959,17768,162191
22946,1.0895145123333043,179959,17768,162191
22947,1.0894670327275897,179959,17768,162191
22948,1.089419557259892,179959,17768,162191
22949,1.08937208592967,179959,17768,162191
22950,1.0893246187363834,179959,17768,162191
22951,1.0892771556794911,179959,17768,162191
22952,1.0892296967584525,179959,17768,162191
22953,1.0891822419727268,179959,17768,162191
22954,1.089134791321774,179959,17768,162191
22955,1.0890873448050533,179959,17768,162191
22956,1.0890399024220248,179959,17768,162191
22957,1.088992464172148,179959,17768,162191
22958,1.0889450300548829,179959,17768,162191
22959,1.0888976000696895,179959,17768,162191
22960,1.088850174216028,179959,17768,162191
22961,1.0888027524933583,179959,17768,162191
22962,1.088755334901141,179959,17768,162191
22963,1.0887079214388364,179959,17768,162191
22964,1.088660512105905,179959,17768,162191
22965,1.088613106901807,179959,17768,162191
22966,1.0885657058260036,179959,17768,162191
22967,1.0885183088779553,179959,17768,162191
22968,1.0884709160571229,179959,17768,162191
22969,1.0884235273629674,179959,17768,162191
22970,1.0883761427949499,179959,17768,162191
22971,1.0883287623525315,179959,17768,162191
22972,1.0882813860351732,179959,17768,162191
22973,1.0882340138423368,179959,17768,162191
22974,1.088186645773483,179959,17768,162191
22975,1.088139281828074,179959,17768,162191
22976,1.088091922005571,179959,17768,162191
22977,1.088044566305436,179959,17768,162191
22978,1.0879972147271304,179959,17768,162191
22979,1.0879498672701162,179959,17768,162191
22980,1.0879025239338556,179959,17768,162191
22981,1.0878551847178104,179959,17768,162191
22982,1.087807849621443,179959,17768,162191
22983,1.0877605186442152,179959,17768,162191
22984,1.08771319178559,179959,17768,162191
22985,1.0876658690450294,179959,17768,162191
22986,1.087618550421996,179959,17768,162191
22987,1.0875712359159524,179959,17768,162191
22988,1.0875239255263616,179959,17768,162191
22989,1.0874766192526861,179959,17768,162191
22990,1.087429317094389,179959,17768,162191
22991,1.087382019050933,179959,17768,162191
22992,1.0873347251217815,179959,17768,162191
22993,1.0872874353063977,179959,17768,162191
22994,1.0872401496042445,179959,17768,162191
22995,1.0871928680147858,179959,17768,162191
22996,1.0871455905374847,179959,17768,162191
22997,1.087098317171805,179959,17768,162191
22998,1.0870510479172102,179959,17768,162191
22999,1.087003782773164,179959,17768,162191
23000,1.0869565217391304,179959,17768,162191
23001,1.0869092648145733,179959,17768,162191
23002,1.0868620119989567,179959,17768,162191
23003,1.0868147632917446,179959,17768,162191
23004,1.0867675186924013,179959,17768,162191
23005,1.0867202782003913,179959,17768,162191
23006,1.0866730418151787,179959,17768,162191
23007,1.086625809536228,179959,17768,162191
23008,1.0865785813630042,179959,17768,162191
23009,1.0865313572949715,179959,17768,162191
23010,1.086484137331595,179959,17768,162191
23011,1.0864369214723393,179959,17768,162191
23012,1.0863897097166695,179959,17768,162191
23013,1.0863425020640507,179959,17768,162191
23014,1.086295298513948,179959,17768,162191
23015,1.0862480990658265,179959,17768,162191
23016,1.0862009037191518,179959,17768,162191
23017,1.0861537124733893,179930,17711,162219
23018,1.0861065253280042,179930,17711,162219
23019,1.0860593422824623,179930,17711,162219
23020,1.0860121633362294,179930,17711,162219
23021,1.0859649884887712,179930,17711,162219
23022,1.0859178177395534,179930,17711,162219
23023,1.0858706510880425,179930,17711,162219
23024,1.085823488533704,179930,17711,162219
23025,1.0857763300760044,179930,17711,162219
23026,1.0857291757144099,179930,17711,162219
23027,1.0856820254483868,179930,17711,162219
23028,1.0856348792774013,179930,17711,162219
23029,1.0855877372009206,179930,17711,162219
23030,1.0855405992184108,179930,17711,162219
23031,1.0854934653293387,179930,17711,162219
23032,1.0854463355331712,179930,17711,162219
23033,1.0853992098293752,179930,17711,162219
23034,1.0853520882174177,179930,17711,162219
23035,1.0853049706967657,179930,17711,162219
23036,1.0852578572668865,179930,17711,162219
23037,1.0852107479272475,179930,17711,162219
23038,1.0851636426773157,179930,17711,162219
23039,1.085116541516559,179930,17711,162219
23040,1.0850694444444444,179930,17711,162219
23041,1.08502235146044,179930,17711,162219
23042,1.0849752625640134,179930,17711,162219
23043,1.0849281777546327,179930,17711,162219
23044,1.0848810970317653,179930,17711,162219
23045,1.0848340203948796,179930,17711,162219
23046,1.0847869478434435,179930,17711,162219
23047,1.0847398793769254,179930,17711,162219
23048,1.0846928149947934,179930,17711,162219
23049,1.084645754696516,179930,17711,162219
23050,1.0845986984815619,179930,17711,162219
23051,1.0845516463493992,179930,17711,162219
23052,1.0845045982994967,179930,17711,162219
23053,1.0844575543313235,179930,17711,162219
23054,1.084410514444348,179930,17711,162219
23055,1.0843634786380394,179930,17711,162219
23056,1.0843164469118667,179930,17711,162219
23057,1.084269419265299,179930,17711,162219
23058,1.0842223956978054,179930,17711,162219
23059,1.0841753762088555,179930,17711,162219
23060,1.0841283607979184,179930,17711,162219
23061,1.0840813494644639,179930,17711,162219
23062,1.0840343422079612,179930,17711,162219
23063,1.0839873390278802,179930,17711,162219
23064,1.0839403399236907,179930,17711,162219
23065,1.0838933448948624,179930,17711,162219
23066,1.0838463539408654,179930,17711,162219
23067,1.0837993670611696,179930,17711,162219
23068,1.0837523842552454,179930,17711,162219
23069,1.0837054055225628,179930,17711,162219
23070,1.083658430862592,179930,17711,162219
23071,1.083611460274804,179930,17711,162219
23072,1.0835644937586686,179930,17711,162219
23073,1.0835175313136567,179930,17711,162219
23074,1.0834705729392389,179930,17711,162219
23075,1.0834236186348862,179930,17711,162219
23076,1.0833766684000694,179930,17711,162219
23077,1.0833297222342593,179930,17711,162219
23078,1.083282780136927,179930,17711,162219
23079,1.0832358421075436,179930,17711,162219
23080,1.0831889081455806,179930,17711,162219
23081,1.0831419782505092,179930,17711,162219
23082,1.0830950524218006,179930,17711,162219
23083,1.0830481306589266,179930,17711,162219
23084,1.0830012129613584,179930,17711,162219
23085,1.0829542993285683,179930,17711,162219
23086,1.0829073897600276,179930,17711,162219
23087,1.0828604842552085,179930,17711,162219
23088,1.0828135828135828,179930,17711,162219
23089,1.0827666854346225,179930,17711,162219
23090,1.0827197921178,179930,17711,162219
23091,1.0826729028625872,179930,17711,162219
23092,1.0826260176684566,179930,17711,162219
23093,1.0825791365348807,179930,17711,162219
23094,1.082532259461332,179930,17711,162219
23095,1.082485386447283,179930,17711,162219
23096,1.0824385174922064,179930,17711,162219
23097,1.0823916525955752,179930,17711,162219
23098,1.082344791756862,179930,17711,162219
23099,1.0822979349755402,179930,17711,162219
23100,1.0822510822510822,179930,17711,162219
23101,1.0822042335829618,179930,17711,162219
23102,1.082157388970652,179930,17711,162219
23103,1.082110548413626,179930,17711,162219
23104,1.0820637119113574,179930,17711,162219
23105,1.0820168794633196,179930,17711,162219
23106,1.0819700510689865,179930,17711,162219
23107,1.0819232267278314,179930,17711,162219
23108,1.0818764064393285,179930,17711,162219
23109,1.0818295902029513,179930,17711,162219
23110,1.081782778018174,179930,17711,162219
23111,1.0817359698844706,179930,17711,162219
23112,1.0816891658013152,179930,17711,162219
23113,1.0816423657681824,179930,17711,162219
23114,1.081595569784546,179930,17711,162219
23115,1.0815487778498811,179930,17711,162219
23116,1.0815019899636615,179930,17711,162219
23117,1.0814552061253624,179930,17711,162219
23118,1.081408426334458,179930,17711,162219
23119,1.0813616505904236,179930,17711,162219
23120,1.0813148788927336,179930,17711,162219
23121,1.0812681112408633,179930,17711,162219
23122,1.0812213476342878,179930,17711,162219
23123,1.081174588072482,179930,17711,162219
23124,1.0811278325549214,179930,17711,162219
23125,1.0810810810810811,179930,17711,162219
23126,1.0810343336504367,179930,17711,162219
23127,1.0809875902624637,179930,17711,162219
23128,1.0809408509166378,179930,17711,162219
23129,1.0808941156124345,179930,17711,162219
23130,1.0808473843493298,179930,17711,162219
23131,1.0808006571267996,179930,17711,162219
23132,1.0807539339443195,179930,17711,162219
23133,1.0807072148013661,179930,17711,162219
23134,1.080660499697415,179930,17711,162219
23135,1.080613788631943,179930,17711,162219
23136,1.080567081604426,179930,17711,162219
23137,1.0805203786143407,179930,17711,162219
23138,1.0804736796611634,179930,17711,162219
23139,1.080426984744371,179930,17711,162219
23140,1.08038029386344,179930,17711,162219
23141,1.080333607017847,179930,17711,162219
23142,1.0802869242070694,179930,17711,162219
23143,1.0802402454305837,179930,17711,162219
23144,1.0801935706878674,179930,17711,162219
23145,1.080146899978397,179930,17711,162219
23146,1.0801002333016505,179930,17711,162219
23147,1.0800535706571046,179930,17711,162219
23148,1.080006912044237,179930,17711,162219
23149,1.0799602574625253,179930,17711,162219
23150,1.079913606911447,179930,17711,162219
23151,1.0798669603904798,179930,17711,162219
23152,1.0798203178991015,179930,17711,162219
23153,1.07977367943679,179930,17711,162219
23154,1.0797270450030232,179930,17711,162219
23155,1.0796804145972791,179930,17711,162219
23156,1.079633788219036,179930,17711,162219
23157,1.0795871658677723,179930,17711,162219
23158,1.0795405475429658,179930,17711,162219
23159,1.0794939332440951,179930,17711,162219
23160,1.079447322970639,179930,17711,162219
23161,1.0794007167220758,179930,17711,162219
23162,1.0793541144978844,179930,17711,162219
23163,1.0793075162975434,179930,17711,162219
23164,1.0792609221205318,179930,17711,162219
23165,1.0792143319663285,179930,17711,162219
23166,1.0791677458344124,179930,17711,162219
23167,1.079121163724263,179930,17711,162219
23168,1.0790745856353592,179930,17711,162219
23169,1.0790280115671802,179930,17711,162219
23170,1.0789814415192058,179930,17711,162219
23171,1.0789348754909154,179930,17711,162219
23172,1.0788883134817884,179930,17711,162219
23173,1.0788417554913046,179930,17711,162219
23174,1.0787952015189437,179930,17711,162219
23175,1.0787486515641855,179930,17711,162219
23176,1.0787021056265103,179930,17711,162219
23177,1.0786555637053976,179930,17711,162219
23178,1.0786090258003278,179930,17711,162219
23179,1.0785624919107812,179930,17711,162219
23180,1.0785159620362381,179930,17711,162219
23181,1.0784694361761789,179930,17711,162219
23182,1.0784229143300836,179930,17711,162219
23183,1.0783763964974336,179930,17711,162219
23184,1.0783298826777088,179930,17711,162219
23185,1.0782833728703904,179930,17711,162219
23186,1.0782368670749591,179930,17711,162219
23187,1.0781903652908957,179930,17711,162219
23188,1.0781438675176815,179930,17711,162219
23189,1.0780973737547976,179930,17711,162219
23190,1.0780508840017249,179930,17711,162219
23191,1.0780043982579448,179930,17711,162219
23192,1.077957916522939,179930,17711,162219
23193,1.0779114387961886,179930,17711,162219
23194,1.0778649650771752,179930,17711,162219
23195,1.0778184953653804,179930,17711,162219
23196,1.0777720296602862,179930,17711,162219
23197,1.0777255679613744,179930,17711,162219
23198,1.0776791102681265,179930,17711,162219
23199,1.077632656580025,179930,17711,162219
23200,1.0775862068965518,179930,17711,162219
23201,1.0775397612171889,179930,17711,162219
23202,1.077493319541419,179930,17711,162219
23203,1.077446881868724,179930,17711,162219
23204,1.0774004481985864,179930,17711,162219
23205,1.077354018530489,179930,17711,162219
23206,1.0773075928639144,179930,17711,162219
23207,1.0772611711983453,179930,17711,162219
23208,1.0772147535332643,179930,17711,162219
23209,1.0771683398681546,179930,17711,162219
23210,1.077121930202499,179930,17711,162219
23211,1.0770755245357804,179930,17711,162219
23212,1.0770291228674824,179930,17711,162219
23213,1.0769827251970878,179930,17711,162219
23214,1.0769363315240803,179930,17711,162219
23215,1.0768899418479432,179930,17711,162219
23216,1.07684355616816,179930,17711,162219
23217,1.0767971744842142,179930,17711,162219
23218,1.0767507967955896,179930,17711,162219
23219,1.0767044231017702,179930,17711,162219
23220,1.0766580534022394,179930,17711,162219
23221,1.0766116876964815,179930,17711,162219
23222,1.0765653259839807,179930,17711,162219
23223,1.0765189682642209,179930,17711,162219
23224,1.076472614536686,179930,17711,162219
23225,1.0764262648008611,179930,17711,162219
23226,1.07637991905623,179930,17711,162219
23227,1.0763335773022775,179930,17711,162219
23228,1.076287239538488,179930,17711,162219
23229,1.0762409057643463,179930,17711,162219
23230,1.076194575979337,179930,17711,162219
23231,1.0761482501829451,179930,17711,162219
23232,1.0761019283746556,179930,17711,162219
23233,1.0760556105539534,179930,17711,162219
23234,1.0760092967203236,179930,17711,162219
23235,1.0759629868732516,179930,17711,162219
23236,1.0759166810122225,179930,17711,162219
23237,1.0758703791367217,179930,17711,162219
23238,1.0758240812462345,179930,17711,162219
23239,1.075777787340247,179930,17711,162219
23240,1.0757314974182444,179930,17711,162219
23241,1.0756852114797126,179930,17711,162219
23242,1.0756389295241373,179930,17711,162219
23243,1.0755926515510046,179930,17711,162219
23244,1.0755463775598004,179930,17711,162219
23245,1.0755001075500108,179930,17711,162219
23246,1.075453841521122,179670,17331,162339
23247,1.0754075794726201,179670,17331,162339
23248,1.0753613214039917,179670,17331,162339
23249,1.0753150673147231,179670,17331,162339
23250,1.075268817204301,179670,17331,162339
23251,1.0752225710722119,179670,17331,162339
23252,1.0751763289179426,179670,17331,162339
23253,1.0751300907409798,179670,17331,162339
23254,1.0750838565408103,179670,17331,162339
23255,1.075037626316921,179670,17331,162339
23256,1.0749914000687995,179670,17331,162339
23257,1.0749451777959325,179670,17331,162339
23258,1.0748989594978071,179668,17523,162145
23259,1.0748527451739112,179668,17523,162145
23260,1.0748065348237317,179668,17523,162145
23261,1.0747603284467564,179668,17523,162145
23262,1.0747141260424726,179668,17523,162145
23263,1.0746679276103683,179668,17523,162145
23264,1.0746217331499313,179668,17523,162145
23265,1.0745755426606491,179668,17523,162145
23266,1.0745293561420097,179668,17523,162145
23267,1.0744831735935014,179668,17523,162145
23268,1.0744369950146124,179668,17523,162145
23269,1.0743908204048305,179668,17523,162145
23270,1.0743446497636442,179668,17523,162145
23271,1.0742984830905418,179668,17523,162145
23272,1.074252320385012,179668,17523,162145
23273,1.0742061616465433,179668,17523,162145
23274,1.074160006874624,179668,17523,162145
23275,1.0741138560687433,179668,17523,162145
23276,1.0740677092283897,179668,17523,162145
23277,1.0740215663530523,179668,17523,162145
23278,1.0739754274422202,179668,17523,162145
23279,1.073929292495382,179668,17523,162145
23280,1.0738831615120275,179668,17523,162145
23281,1.0738370344916455,179668,17523,162145
23282,1.0737909114337256,179668,17523,162145
23283,1.0737447923377572,179668,17523,162145
23284,1.0736986772032298,179668,17523,162145
23285,1.0736525660296328,179668,17523,162145
23286,1.0736064588164562,179668,17523,162145
23287,1.0735603555631898,179668,17523,162145
23288,1.0735142562693232,179668,17523,162145
23289,1.0734681609343466,179668,17523,162145
23290,1.07342206955775,179668,17523,162145
23291,1.0733759821390236,179668,17523,162145
23292,1.0733298986776576,179668,17523,162145
23293,1.0732838191731422,179668,17523,162145
23294,1.0732377436249678,179668,17523,162145
23295,1.073191672032625,179668,17523,162145
23296,1.0731456043956045,179668,17523,162145
23297,1.0730995407133965,179668,17523,162145
23298,1.0730534809854924,179668,17523,162145
23299,1.0730074252113824,179668,17523,162145
23300,1.0729613733905579,179668,17523,162145
23301,1.0729153255225097,179668,17523,162145
23302,1.0728692816067291,179668,17523,162145
23303,1.072823241642707,179668,17523,162145
23304,1.0727772056299347,179668,17523,162145
23305,1.072731173567904,179668,17523,162145
23306,1.0726851454561057,179668,17523,162145
23307,1.0726391212940318,179668,17523,162145
23308,1.0725931010811738,179668,17523,162145
23309,1.0725470848170235,179668,17523,162145
23310,1.0725010725010724,179668,17523,162145
23311,1.0724550641328128,179668,17523,162145
23312,1.0724090597117364,179668,17523,162145
23313,1.0723630592373354,179668,17523,162145
23314,1.0723170627091019,179668,17523,162145
23315,1.072271070126528,179668,17523,162145
23316,1.0722250814891061,179668,17523,162145
23317,1.072179096796329,179668,17523,162145
23318,1.0721331160476886,179668,17523,162145
23319,1.0720871392426776,179668,17523,162145
23320,1.072041166380789,179668,17523,162145
23321,1.0719951974615154,179668,17523,162145
23322,1.0719492324843496,179668,17523,162145
23323,1.0719032714487844,179668,17523,162145
23324,1.071857314354313,179668,17523,162145
23325,1.0718113612004287,179668,17523,162145
23326,1.0717654119866244,179668,17523,162145
23327,1.0717194667123933,179668,17523,162145
23328,1.0716735253772292,179668,17523,162145
23329,1.071627587980625,179668,17523,162145
23330,1.0715816545220747,179668,17523,162145
23331,1.0715357250010715,179668,17523,162145
23332,1.0714897994171095,179668,17523,162145
23333,1.0714438777696824,179668,17523,162145
23334,1.0713979600582841,179668,17523,162145
23335,1.0713520462824084,179668,17523,162145
23336,1.0713061364415495,179668,17523,162145
23337,1.0712602305352017,179668,17523,162145
23338,1.0712143285628588,179668,17523,162145
23339,1.0711684305240157,179668,17523,162145
23340,1.0711225364181662,179668,17523,162145
23341,1.0710766462448054,179668,17523,162145
23342,1.0710307600034272,179668,17523,162145
23343,1.070984877693527,179668,17523,162145
23344,1.070938999314599,179668,17523,162145
23345,1.0708931248661384,179668,17523,162145
23346,1.07084725434764,179668,17523,162145
23347,1.0708013877585985,179668,17523,162145
23348,1.0707555250985095,179668,17523,162145
23349,1.070709666366868,179668,17523,162145
23350,1.0706638115631693,179668,17523,162145
23351,1.0706179606869084,179668,17523,162145
23352,1.0705721137375814,179668,17523,162145
23353,1.0705262707146834,179668,17523,162145
23354,1.0704804316177101,179668,17523,162145
23355,1.0704345964461572,179668,17523,162145
23356,1.0703887651995205,179668,17523,162145
23357,1.070342937877296,179668,17523,162145
23358,1.0702971144789795,179668,17523,162145
23359,1.070251295004067,179668,17523,162145
23360,1.0702054794520548,179668,17523,162145
23361,1.0701596678224392,179668,17523,162145
23362,1.0701138601147162,179668,17523,162145
23363,1.0700680563283824,179668,17523,162145
23364,1.0700222564629345,179668,17523,162145
23365,1.0699764605178685,179668,17523,162145
23366,1.0699306684926817,179668,17523,162145
23367,1.0698848803868704,179668,17523,162145
23368,1.0698390961999316,179668,17523,162145
23369,1.069793315931362,179668,17523,162145
23370,1.069747539580659,179668,17523,162145
23371,1.0697017671473192,179668,17523,162145
23372,1.0696559986308403,179668,17523,162145
23373,1.0696102340307192,179668,17523,162145
23374,1.0695644733464533,179668,17523,162145
23375,1.0695187165775402,179668,17523,162145
23376,1.069472963723477,179668,17523,162145
23377,1.0694272147837618,179668,17523,162145
23378,1.069381469757892,179668,17523,162145
23379,1.0693357286453655,179668,17523,162145
23380,1.0692899914456802,179668,17523,162145
23381,1.0692442581583337,179668,17523,162145
23382,1.0691985287828243,179668,17523,162145
23383,1.0691528033186504,179668,17523,162145
23384,1.0691070817653097,179668,17523,162145
23385,1.0690613641223006,179668,17523,162145
23386,1.0690156503891217,179668,17523,162145
23387,1.0689699405652713,179668,17523,162145
23388,1.0689242346502479,179668,17523,162145
23389,1.0688785326435504,179668,17523,162145
23390,1.0688328345446771,179668,17523,162145
23391,1.0687871403531273,179668,17523,162145
23392,1.0687414500683994,179668,17523,162145
23393,1.0686957636899928,179668,17523,162145
23394,1.0686500812174062,179668,17523,162145
23395,1.068604402650139,179668,17523,162145
23396,1.0685587279876902,179668,17523,162145
23397,1.0685130572295594,179668,17523,162145
23398,1.0684673903752457,179668,17523,162145
23399,1.068421727424249,179668,17523,162145
23400,1.0683760683760684,179668,17523,162145
23401,1.0683304132302038,179668,17523,162145
23402,1.068284761986155,179668,17523,162145
23403,1.0682391146434218,179668,17523,162145
23404,1.068193471201504,179668,17523,162145
23405,1.0681478316599018,179668,17523,162145
23406,1.068102196018115,179668,17523,162145
23407,1.068056564275644,179668,17523,162145
23408,1.068010936431989,179668,17523,162145
23409,1.0679653124866504,179668,17523,162145
23410,1.0679196924391285,179668,17523,162145
23411,1.067874076288924,179668,17523,162145
23412,1.0678284640355373,179668,17523,162145
23413,1.0677828556784692,179668,17523,162145
23414,1.0677372512172205,179668,17523,162145
23415,1.067691650651292,179668,17523,162145
23416,1.0676460539801844,179668,17523,162145
23417,1.0676004612033991,179668,17523,162145
23418,1.0675548723204373,179668,17523,162145
23419,1.0675092873307999,179668,17523,162145
23420,1.067463706233988,179668,17523,162145
23421,1.0674181290295035,179668,17523,162145
23422,1.0673725557168474,179668,17523,162145
23423,1.0673269862955215,179668,17523,162145
23424,1.0672814207650274,179668,17523,162145
23425,1.0672358591248665,179668,17523,162145
23426,1.0671903013745412,179668,17523,162145
23427,1.0671447475135527,179668,17523,162145
23428,1.0670991975414035,179668,17523,162145
23429,1.0670536514575952,179668,17523,162145
23430,1.0670081092616304,179668,17523,162145
23431,1.066962570953011,179668,17523,162145
23432,1.0669170365312393,179668,17523,162145
23433,1.0668715059958178,179668,17523,162145
23434,1.0668259793462491,179668,17523,162145
23435,1.0667804565820354,179668,17523,162145
23436,1.0667349377026796,179668,17523,162145
23437,1.0666894227076844,179668,17523,162145
23438,1.0666439115965527,179668,17523,162145
23439,1.066598404368787,179668,17523,162145
23440,1.0665529010238908,179668,17523,162145
23441,1.066507401561367,179668,17523,162145
23442,1.0664619059807183,179668,17523,162145
23443,1.0664164142814485,179668,17523,162145
23444,1.066370926463061,179668,17523,162145
23445,1.0663254425250586,179668,17523,162145
23446,1.0662799624669452,179668,17523,162145
23447,1.0662344862882245,179668,17523,162145
23448,1.0661890139883998,179668,17523,162145
23449,1.0661435455669752,179668,17523,162145
23450,1.0660980810234542,179668,17523,162145
23451,1.0660526203573408,179668,17523,162145
23452,1.0660071635681392,179668,17523,162145
23453,1.0659617106553532,179668,17523,162145
23454,1.0659162616184872,179668,17523,162145
23455,1.0658708164570454,179668,17523,162145
23456,1.065825375170532,179668,17523,162145
23457,1.0657799377584516,179668,17523,162145
23458,1.0657345042203086,179668,17523,162145
23459,1.0656890745556076,179668,17523,162145
23460,1.0656436487638534,179668,17523,162145
23461,1.0655982268445505,179668,17523,162145
23462,1.065552808797204,179668,17523,162145
23463,1.0655073946213187,179668,17523,162145
23464,1.0654619843163995,179668,17523,162145
23465,1.0654165778819518,179668,17523,162145
23466,1.0653711753174806,179668,17523,162145
23467,1.065325776622491,179668,17523,162145
23468,1.0652803817964889,179668,17523,162145
23469,1.065234990838979,179668,17523,162145
23470,1.0651896037494675,179668,17523,162145
23471,1.0651442205274595,179668,17523,162145
23472,1.065098841172461,179668,17523,162145
23473,1.0650534656839774,179668,17523,162145
23474,1.065008094061515,179668,17523,162145
23475,1.0649627263045793,179668,17523,162145
23476,1.0649173624126769,179668,17523,162145
23477,1.0648720023853133,179668,17523,162145
23478,1.064826646221995,179668,17523,162145
23479,1.0647812939222283,179668,17523,162145
23480,1.0647359454855196,179668,17523,162145
23481,1.0646906009113752,179668,17523,162145
23482,1.0646452601993015,179668,17523,162145
23483,1.0645999233488055,179668,17523,162145
23484,1.0645545903593936,179668,17523,162145
23485,1.0645092612305727,179668,17523,162145
23486,1.0644639359618495,179668,17523,162145
23487,1.0644186145527312,179668,17523,162145
23488,1.0643732970027249,179668,17523,162145
23489,1.0643279833113373,179668,17523,162145
23490,1.0642826734780757,179668,17523,162145
23491,1.0642373675024477,179668,17523,162145
23492,1.0641920653839605,179668,17523,162145
23493,1.0641467671221214,179668,17523,162145
23494,1.0641014727164382,179668,17523,162145
23495,1.0640561821664183,179668,17523,162145
23496,1.0640108954715697,179668,17523,162145
23497,1.0639656126313997,179668,17523,162145
23498,1.0639203336454166,179668,17523,162145
23499,1.0638750585131282,179668,17523,162145
23500,1.0638297872340425,179668,17523,162145
23501,1.0637845198076679,179668,17523,162145
23502,1.063739256233512,179668,17523,162145
23503,1.0636939965110837,179668,17523,162145
23504,1.0636487406398911,179668,17523,162145
23505,1.0636034886194428,179668,17523,162145
23506,1.063558240449247,179668,17523,162145
23507,1.0635129961288128,179668,17523,162145
23508,1.0634677556576484,179668,17523,162145
23509,1.063422519035263,179668,17523,162145
23510,1.0633772862611655,179668,17523,162145
23511,1.0633320573348646,179668,17523,162145
23512,1.0632868322558693,179668,17523,162145
23513,1.063241611023689,179668,17523,162145
23514,1.0631963936378328,179668,17523,162145
23515,1.06315118009781,179668,17523,162145
23516,1.0631059704031298,179668,17523,162145
23517,1.063060764553302,179668,17523,162145
23518,1.0630155625478357,179668,17523,162145
23519,1.062970364386241,179668,17523,162145
23520,1.0629251700680271,179668,17523,162145
23521,1.0628799795927044,179668,17523,162145
23522,1.0628347929597823,179668,17523,162145
23523,1.062789610168771,179668,17523,162145
23524,1.0627444312191805,179668,17523,162145
23525,1.0626992561105206,179668,17523,162145
23526,1.062654084842302,179668,17523,162145
23527,1.062608917414035,179668,17523,162145
23528,1.0625637538252295,179668,17523,162145
23529,1.0625185940753963,179668,17523,162145
23530,1.062473438164046,179668,17523,162145
23531,1.0624282860906888,179668,17523,162145
23532,1.062383137854836,179668,17523,162145
23533,1.062337993455998,179668,17523,162145
23534,1.0622928528936857,179668,17523,162145
23535,1.0622477161674102,179668,17523,162145
23536,1.0622025832766826,179668,17523,162145
23537,1.0621574542210137,179668,17523,162145
23538,1.062112328999915,179668,17523,162145
23539,1.0620672076128976,179668,17523,162145
23540,1.0620220900594732,179668,17523,162145
23541,1.061976976339153,179668,17523,162145
23542,1.0619318664514485,179668,17523,162145
23543,1.0618867603958715,179668,17523,162145
23544,1.0618416581719334,179668,17523,162145
23545,1.0617965597791463,179668,17523,162145
23546,1.061751465217022,179668,17523,162145
23547,1.0617063744850723,179668,17523,162145
23548,1.0616612875828095,179668,17523,162145
23549,1.0616162045097457,179668,17523,162145
23550,1.0615711252653928,179668,17523,162145
23551,1.0615260498492634,179668,17523,162145
23552,1.0614809782608696,179668,17523,162145
23553,1.061435910499724,179668,17523,162145
23554,1.0613908465653392,179668,17523,162145
23555,1.0613457864572278,179668,17523,162145
23556,1.0613007301749025,179668,17523,162145
23557,1.0612556777178759,179668,17523,162145
23558,1.0612106290856609,179668,17523,162145
23559,1.0611655842777707,179668,17523,162145
23560,1.061120543293718,179668,17523,162145
23561,1.0610755061330164,179668,17523,162145
23562,1.0610304727951787,179668,17523,162145
23563,1.060985443279718,179668,17523,162145
23564,1.0609404175861483,179668,17523,162145
23565,1.0608953957139826,179668,17523,162145
23566,1.0608503776627345,179668,17523,162145
23567,1.0608053634319174,179668,17523,162145
23568,1.0607603530210454,179668,17523,162145
23569,1.0607153464296322,179668,17523,162145
23570,1.0606703436571914,179668,17523,162145
23571,1.060625344703237,179668,17523,162145
23572,1.0605803495672832,179668,17523,162145
23573,1.060535358248844,179668,17523,162145
23574,1.0604903707474336,179668,17523,162145
23575,1.0604453870625663,179668,17523,162145
23576,1.0604004071937563,179668,17523,162145
23577,1.0603554311405183,179668,17523,162145
23578,1.0603104589023666,179668,17523,162145
23579,1.0602654904788158,179668,17523,162145
23580,1.0602205258693809,179668,17523,162145
23581,1.0601755650735762,179668,17523,162145
23582,1.0601306080909167,179668,17523,162145
23583,1.0600856549209177,179668,17523,162145
23584,1.0600407055630936,179668,17523,162145
23585,1.0599957600169598,179668,17523,162145
23586,1.0599508182820316,179668,17523,162145
23587,1.0599058803578243,179668,17523,162145
23588,1.0598609462438529,179668,17523,162145
23589,1.0598160159396328,179668,17523,162145
23590,1.05977108944468,179668,17523,162145
23591,1.0597261667585096,179668,17523,162145
23592,1.0596812478806374,179668,17523,162145
23593,1.0596363328105793,179668,17523,162145
23594,1.0595914215478512,179668,17523,162145
23595,1.0595465140919686,179668,17523,162145
23596,1.059501610442448,179668,17523,162145
23597,1.0594567105988049,179668,17523,162145
23598,1.059411814560556,179668,17523,162145
23599,1.0593669223272173,179668,17523,162145
23600,1.0593220338983051,179668,17523,162145
23601,1.059277149273336,179668,17523,162145
23602,1.059232268451826,179668,17523,162145
23603,1.0591873914332923,179668,17523,162145
23604,1.0591425182172514,179668,17523,162145
23605,1.0590976488032195,179668,17523,162145
23606,1.0590527831907142,179668,17523,162145
23607,1.0590079213792518,179668,17523,162145
23608,1.0589630633683498,179668,17523,162145
23609,1.0589182091575247,179668,17523,162145
23610,1.058873358746294,179668,17523,162145
23611,1.0588285121341747,179668,17523,162145
23612,1.0587836693206845,179668,17523,162145
23613,1.0587388303053402,179668,17523,162145
23614,1.05869399508766,179668,17523,162145
23615,1.0586491636671607,179668,17523,162145
23616,1.0586043360433603,179668,17523,162145
23617,1.0585595122157767,179668,17523,162145
23618,1.0585146921839275,179668,17523,162145
23619,1.0584698759473306,179668,17523,162145
23620,1.058425063505504,179668,17523,162145
23621,1.0583802548579653,179668,17523,162145
23622,1.0583354500042332,179668,17523,162145
23623,1.058290648943826,179668,17523,162145
23624,1.0582458516762614,179668,17523,162145
23625,1.0582010582010581,179668,17523,162145
23626,1.0581562685177346,179668,17523,162145
23627,1.0581114826258096,179668,17523,162145
23628,1.058066700524801,179668,17523,162145
23629,1.0580219222142282,179668,17523,162145
23630,1.0579771476936097,179668,17523,162145
23631,1.0579323769624644,179668,17523,162145
23632,1.0578876100203114,179668,17523,162145
23633,1.0578428468666694,179668,17523,162145
23634,1.0577980875010577,179668,17523,162145
23635,1.0577533319229955,179668,17523,162145
23636,1.057708580132002,179668,17523,162145
23637,1.0576638321275966,179668,17523,162145
23638,1.0576190879092986,179668,17523,162145
23639,1.0575743474766277,179668,17523,162145
23640,1.0575296108291032,179668,17523,162145
23641,1.0574848779662451,179668,17523,162145
23642,1.0574401488875729,179668,17523,162145
23643,1.0573954235926066,179668,17523,162145
23644,1.0573507020808661,179668,17523,162145
23645,1.0573059843518715,179668,17523,162145
23646,1.0572612704051425,179668,17523,162145
23647,1.0572165602401995,179668,17523,162145
23648,1.0571718538565629,179668,17523,162145
23649,1.0571271512537528,179668,17523,162145
23650,1.0570824524312896,179668,17523,162145
23651,1.057037757388694,179668,17523,162145
23652,1.0569930661254863,179668,17523,162145
23653,1.056948378641187,179668,17523,162145
23654,1.0569036949353174,179668,17523,162145
23655,1.056859015007398,179668,17523,162145
23656,1.0568143388569495,179668,17523,162145
23657,1.0567696664834934,179668,17523,162145
23658,1.05672499788655,179668,17523,162145
23659,1.056680333065641,179668,17523,162145
23660,1.0566356720202874,179668,17523,162145
23661,1.0565910147500106,179668,17523,162145
23662,1.0565463612543318,179668,17523,162145
23663,1.0565017115327726,179668,17523,162145
23664,1.0564570655848546,179668,17523,162145
23665,1.0564124234100993,179668,17523,162145
23666,1.0563677850080284,179668,17523,162145
23667,1.0563231503781636,179668,17523,162145
23668,1.056278519520027,179668,17523,162145
23669,1.0562338924331405,179668,17523,162145
23670,1.0561892691170258,179668,17523,162145
23671,1.0561446495712052,179668,17523,162145
23672,1.0561000337952011,179668,17523,162145
23673,1.0560554217885354,179668,17523,162145
23674,1.0560108135507307,179668,17523,162145
23675,1.0559662090813093,179668,17523,162145
23676,1.055921608379794,179668,17523,162145
23677,1.0558770114457068,179668,17523,162145
23678,1.0558324182785708,179668,17523,162145
23679,1.0557878288779088,179668,17523,162145
23680,1.0557432432432432,179668,17523,162145
23681,1.0556986613740973,179668,17523,162145
23682,1.055654083269994,179668,17523,162145
23683,1.0556095089304565,179668,17523,162145
23684,1.0555649383550076,179668,17523,162145
23685,1.0555203715431707,179668,17523,162145
23686,1.0554758084944693,179668,17523,162145
23687,1.0554312492084266,179668,17523,162145
23688,1.055386693684566,179668,17523,162145
23689,1.0553421419224112,179668,17523,162145
23690,1.055297593921486,179668,17523,162145
23691,1.0552530496813135,179668,17523,162145
23692,1.0552085092014183,179668,17523,162145
23693,1.0551639724813235,179668,17523,162145
23694,1.0551194395205536,179668,17523,162145
23695,1.0550749103186325,179668,17523,162145
23696,1.0550303848750844,179668,17523,162145
23697,1.0549858631894333,179668,17523,162145
23698,1.0549413452612035,179668,17523,162145
23699,1.0548968310899194,179668,17523,162145
23700,1.0548523206751055,179668,17523,162145
23701,1.0548078140162862,179668,17523,162145
23702,1.0547633111129862,179668,17523,162145
23703,1.0547188119647302,179668,17523,162145
23704,1.0546743165710428,179668,17523,162145
23705,1.054629824931449,179668,17523,162145
23706,1.0545853370454736,179668,17523,162145
23707,1.0545408529126419,179668,17523,162145
23708,1.0544963725324785,179668,17523,162145
23709,1.0544518959045088,179668,17523,162145
23710,1.054407423028258,179668,17523,162145
23711,1.0543629539032517,179668,17523,162145
23712,1.0543184885290149,179668,17523,162145
23713,1.0542740269050732,179668,17523,162145
23714,1.0542295690309522,179668,17523,162145
23715,1.0541851149061776,179668,17523,162145
23716,1.0541406645302749,179668,17523,162145
23717,1.0540962179027702,179668,17523,162145
23718,1.054051775023189,179668,17523,162145
23719,1.0540073358910578,179668,17523,162145
23720,1.0539629005059021,179668,17523,162145
23721,1.0539184688672485,179668,17523,162145
23722,1.0538740409746228,179668,17523,162145
23723,1.0538296168275514,179668,17523,162145
23724,1.0537851964255607,179668,17523,162145
23725,1.053740779768177,179668,17523,162145
23726,1.053696366854927,179668,17523,162145
23727,1.0536519576853374,179668,17523,162145
23728,1.0536075522589345,179668,17523,162145
23729,1.0535631505752454,179668,17523,162145
23730,1.0535187526337968,179668,17523,162145
23731,1.0534743584341157,179668,17523,162145
23732,1.053429967975729,179668,17523,162145
23733,1.0533855812581638,179668,17523,162145
23734,1.053341198280947,179668,17523,162145
23735,1.0532968190436065,179668,17523,162145
23736,1.053252443545669,179668,17523,162145
23737,1.053208071786662,179668,17523,162145
23738,1.0531637037661135,179668,17523,162145
23739,1.0531193394835503,179668,17523,162145
23740,1.0530749789385003,179668,17523,162145
23741,1.0530306221304915,179668,17523,162145
23742,1.0529862690590515,179668,17523,162145
23743,1.052941919723708,179668,17523,162145
23744,1.0528975741239892,179668,17523,162145
23745,1.052853232259423,179668,17523,162145
23746,1.0528088941295377,179668,17523,162145
23747,1.052764559733861,179668,17523,162145
23748,1.0527202290719218,179668,17523,162145
23749,1.0526759021432481,179668,17523,162145
23750,1.0526315789473684,179668,17523,162145
23751,1.0525872594838113,179668,17523,162145
23752,1.052542943752105,179668,17523,162145
23753,1.0524986317517788,179668,17523,162145
23754,1.052454323482361,179668,17523,162145
23755,1.0524100189433803,179668,17523,162145
23756,1.052365718134366,179668,17523,162145
23757,1.052321421054847,179668,17523,162145
23758,1.052277127704352,179668,17523,162145
23759,1.0522328380824109,179668,17523,162145
23760,1.0521885521885521,179668,17523,162145
23761,1.0521442700223054,179668,17523,162145
23762,1.0520999915832001,179668,17523,162145
23763,1.0520557168707654,179668,17523,162145
23764,1.0520114458845313,179668,17523,162145
23765,1.051967178624027,179668,17523,162145
23766,1.0519229150887823,179668,17523,162145
23767,1.051878655278327,179668,17523,162145
23768,1.0518343991921912,179668,17523,162145
23769,1.0517901468299045,179668,17523,162145
23770,1.051745898190997,179668,17523,162145
23771,1.051701653274999,179668,17523,162145
23772,1.0516574120814404,179668,17523,162145
23773,1.0516131746098516,179668,17523,162145
23774,1.0515689408597628,179668,17523,162145
23775,1.0515247108307044,179668,17523,162145
23776,1.0514804845222072,179668,17523,162145
23777,1.0514362619338016,179668,17523,162145
23778,1.051392043065018,179668,17523,162145
23779,1.0513478279153876,179668,17523,162145
23780,1.0513036164844407,179668,17523,162145
23781,1.0512594087717084,179668,17523,162145
23782,1.0512152047767218,179668,17523,162145
23783,1.051171004499012,179668,17523,162145
23784,1.0511268079381098,179668,17523,162145
23785,1.0510826150935464,179668,17523,162145
23786,1.0510384259648533,179668,17523,162145
23787,1.0509942405515618,179668,17523,162145
23788,1.0509500588532033,179668,17523,162145
23789,1.0509058808693093,179668,17523,162145
23790,1.0508617065994115,179668,17523,162145
23791,1.0508175360430414,179668,17523,162145
23792,1.050773369199731,179668,17523,162145
23793,1.0507292060690119,179668,17523,162145
23794,1.050685046650416,179668,17523,162145
23795,1.0506408909434755,179668,17523,162145
23796,1.0505967389477222,179668,17523,162145
23797,1.0505525906626885,179668,17523,162145
23798,1.0505084460879066,179668,17523,162145
23799,1.0504643052229086,179668,17523,162145
23800,1.050420168067227,179668,17523,162145
23801,1.050376034620394,179668,17523,162145
23802,1.0503319048819426,179668,17523,162145
23803,1.0502877788514053,179668,17523,162145
23804,1.0502436565283146,179668,17523,162145
23805,1.0501995379122033,179668,17523,162145
23806,1.0501554230026044,179668,17523,162145
23807,1.0501113117990506,179668,17523,162145
23808,1.0500672043010753,179666,17553,162113
23809,1.0500231005082112,179666,17553,162113
23810,1.0499790004199916,179666,17553,162113
23811,1.0499349040359498,179666,17553,162113
23812,1.0498908113556191,179666,17553,162113
23813,1.0498467223785328,179666,17553,162113
23814,1.0498026371042244,179666,17553,162113
23815,1.0497585555322275,179666,17553,162113
23816,1.049714477662076,179666,17553,162113
23817,1.049670403493303,179666,17553,162113
23818,1.049626333025443,179666,17553,162113
23819,1.0495822662580292,179666,17553,162113
23820,1.0495382031905962,179666,17553,162113
23821,1.0494941438226775,179666,17553,162113
23822,1.0494500881538074,179666,17553,162113
23823,1.04940603618352,179666,17553,162113
23824,1.0493619879113498,179666,17553,162113
23825,1.0493179433368311,179666,17553,162113
23826,1.049273902459498,179666,17553,162113
23827,1.0492298652788854,179666,17553,162113
23828,1.0491858317945275,179666,17553,162113
23829,1.049141802005959,179666,17553,162113
23830,1.0490977759127151,179666,17553,162113
23831,1.04905375351433,179666,17553,162113
23832,1.049009734810339,179666,17553,162113
23833,1.0489657198002769,179666,17553,162113
23834,1.0489217084836788,179666,17553,162113
23835,1.0488777008600798,179666,17553,162113
23836,1.0488336969290148,179666,17553,162113
23837,1.0487896966900196,179666,17553,162113
23838,1.0487457001426295,179666,17553,162113
23839,1.0487017072863796,179666,17553,162113
23840,1.0486577181208054,179666,17553,162113
23841,1.0486137326454428,179666,17553,162113
23842,1.0485697508598273,179666,17553,162113
23843,1.0485257727634945,179666,17553,162113
23844,1.0484817983559804,179666,17553,162113
23845,1.0484378276368211,179666,17553,162113
23846,1.0483938606055523,179666,17553,162113
23847,1.04834989726171,179666,17553,162113
23848,1.0483059376048305,179666,17553,162113
23849,1.04826198163445,179666,17553,162113
23850,1.0482180293501049,179666,17553,162113
23851,1.0481740807513311,179666,17553,162113
23852,1.0481301358376656,179666,17553,162113
23853,1.0480861946086446,179666,17553,162113
23854,1.0480422570638048,179666,17553,162113
23855,1.0479983232026828,179666,17553,162113
23856,1.0479543930248156,179666,17553,162113
23857,1.0479104665297396,179666,17553,162113
23858,1.0478665437169923,179666,17553,162113
23859,1.04782262458611,179666,17553,162113
23860,1.0477787091366304,179666,17553,162113
23861,1.0477347973680902,179666,17553,162113
23862,1.0476908892800267,179666,17553,162113
23863,1.0476469848719776,179666,17553,162113
23864,1.0476030841434798,179666,17553,162113
23865,1.0475591870940708,179666,17553,162113
23866,1.0475152937232883,179666,17553,162113
23867,1.04747140403067,179666,17553,162113
23868,1.0474275180157533,179666,17553,162113
23869,1.0473836356780761,179666,17553,162113
23870,1.0473397570171763,179666,17553,162113
23871,1.047295882032592,179666,17553,162113
23872,1.0472520107238605,179666,17553,162113
23873,1.0472081430905207,179666,17553,162113
23874,1.0471642791321103,179666,17553,162113
23875,1.0471204188481675,179666,17553,162113
23876,1.0470765622382308,179666,17553,162113
23877,1.0470327093018386,179666,17553,162113
23878,1.046988860038529,179666,17553,162113
23879,1.0469450144478412,179666,17553,162113
23880,1.0469011725293131,179666,17553,162113
23881,1.046857334282484,179666,17553,162113
23882,1.0468134997068923,179666,17553,162113
23883,1.046769668802077,179666,17553,162113
23884,1.0467258415675766,179666,17553,162113
23885,1.0466820180029308,179666,17553,162113
23886,1.0466381981076782,179666,17553,162113
23887,1.0465943818813581,179666,17553,162113
23888,1.0465505693235098,179666,17553,162113
23889,1.0465067604336724,179666,17553,162113
23890,1.0464629552113855,179666,17553,162113
23891,1.0464191536561884,179666,17553,162113
23892,1.046375355767621,179666,17553,162113
23893,1.0463315615452224,179666,17553,162113
23894,1.0462877709885328,179666,17553,162113
23895,1.0462439840970914,179666,17553,162113
23896,1.0462002008704385,179666,17553,162113
23897,1.046156421308114,179666,17553,162113
23898,1.0461126454096576,179666,17553,162113
23899,1.0460688731746097,179666,17553,162113
23900,1.0460251046025104,179666,17553,162113
23901,1.0459813396928999,179666,17553,162113
23902,1.0459375784453184,179666,17553,162113
23903,1.0458938208593063,179666,17553,162113
23904,1.0458500669344042,179666,17553,162113
23905,1.0458063166701528,179666,17553,162113
23906,1.0457625700660922,179666,17553,162113
23907,1.0457188271217635,179666,17553,162113
23908,1.0456750878367074,179666,17553,162113
23909,1.0456313522104648,179666,17553,162113
23910,1.0455876202425762,179666,17553,162113
23911,1.0455438919325832,179666,17553,162113
23912,1.0455001672800268,179666,17553,162113
23913,1.0454564462844478,179666,17553,162113
23914,1.0454127289453876,179666,17553,162113
23915,1.0453690152623876,179666,17553,162113
23916,1.0453253052349891,179666,17553,162113
23917,1.0452815988627335,179666,17553,162113
23918,1.0452378961451627,179666,17553,162113
23919,1.0451941970818177,179666,17553,162113
23920,1.0451505016722409,179666,17553,162113
23921,1.0451068099159735,179666,17553,162113
23922,1.0450631218125574,179666,17553,162113
23923,1.045019437361535,179666,17553,162113
23924,1.0449757565624478,179666,17553,162113
23925,1.044932079414838,179666,17553,162113
23926,1.044888405918248,179666,17553,162113
23927,1.0448447360722197,179666,17553,162113
23928,1.0448010698762955,179666,17553,162113
23929,1.0447574073300179,179666,17553,162113
23930,1.0447137484329294,179666,17553,162113
23931,1.0446700931845723,179666,17553,162113
23932,1.0446264415844895,179666,17553,162113
23933,1.0445827936322234,179666,17553,162113
23934,1.0445391493273168,179666,17553,162113
23935,1.0444955086693126,179666,17553,162113
23936,1.044451871657754,179666,17553,162113
23937,1.0444082382921835,179666,17553,162113
23938,1.0443646085721447,179666,17553,162113
23939,1.0443209824971804,179666,17553,162113
23940,1.0442773600668338,179666,17553,162113
23941,1.0442337412806482,179666,17553,162113
23942,1.0441901261381672,179666,17553,162113
23943,1.0441465146389342,179666,17553,162113
23944,1.0441029067824925,179666,17553,162113
23945,1.044059302568386,179666,17553,162113
23946,1.044015701996158,179666,17553,162113
23947,1.0439721050653528,179666,17553,162113
23948,1.0439285117755137,179666,17553,162113
23949,1.0438849221261848,179666,17553,162113
23950,1.0438413361169103,179666,17553,162113
23951,1.0437977537472338,179666,17553,162113
23952,1.0437541750167,179666,17553,162113
23953,1.0437105999248528,179666,17553,162113
23954,1.0436670284712366,179666,17553,162113
23955,1.0436234606553956,179666,17553,162113
23956,1.0435798964768743,179666,17553,162113
23957,1.0435363359352172,179666,17553,162113
23958,1.043492779029969,179666,17553,162113
23959,1.0434492257606744,179666,17553,162113
23960,1.0434056761268782,179666,17553,162113
23961,1.0433621301281248,179666,17553,162113
23962,1.0433185877639597,179666,17553,162113
23963,1.0432750490339273,179666,17553,162113
23964,1.043231513937573,179666,17553,162113
23965,1.0431879824744419,179666,17553,162113
23966,1.0431444546440791,179666,17553,162113
23967,1.04310093044603,179666,17553,162113
23968,1.0430574098798397,179666,17553,162113
23969,1.043013892945054,179666,17553,162113
23970,1.0429703796412182,179666,17553,162113
23971,1.0429268699678778,179666,17553,162113
23972,1.0428833639245787,179666,17553,162113
23973,1.0428398615108665,179666,17553,162113
23974,1.0427963627262868,179666,17553,162113
23975,1.0427528675703859,179666,17553,162113
23976,1.0427093760427093,179666,17553,162113
23977,1.0426658881428035,179666,17553,162113
23978,1.0426224038702143,179666,17553,162113
23979,1.0425789232244882,179666,17553,162113
23980,1.042535446205171,179666,17553,162113
23981,1.0424919728118094,179666,17553,162113
23982,1.0424485030439496,179666,17553,162113
23983,1.0424050369011384,179666,17553,162113
23984,1.042361574382922,179666,17553,162113
23985,1.0423181154888472,179666,17553,162113
23986,1.0422746602184607,179666,17553,162113
23987,1.0422312085713095,179666,17553,162113
23988,1.04218776054694,179666,17553,162113
23989,1.0421443161448998,179666,17553,162113
23990,1.0421008753647354,179666,17553,162113
23991,1.042057438205994,179666,17553,162113
23992,1.0420140046682227,179666,17553,162113
23993,1.041970574750969,179666,17553,162113
23994,1.0419271484537802,179666,17553,162113
23995,1.0418837257762035,179666,17553,162113
23996,1.0418403067177864,179666,17553,162113
23997,1.0417968912780764,179666,17553,162113
23998,1.0417534794566214,179666,17553,162113
23999,1.0417100712529688,179666,17553,162113
24000,1.0416666666666667,179666,17553,162113
24001,1.0416232656972626,179666,17553,162113
24002,1.0415798683443047,179666,17553,162113
24003,1.0415364746073408,179666,17553,162113
24004,1.041493084485919,179666,17553,162113
24005,1.0414496979795875,179666,17553,162113
24006,1.0414063150878947,179666,17553,162113
24007,1.0413629358103886,179666,17553,162113
24008,1.0413195601466179,179666,17553,162113
24009,1.0412761880961305,179666,17553,162113
24010,1.0412328196584757,179666,17553,162113
24011,1.0411894548332015,179666,17553,162113
24012,1.0411460936198567,179666,17553,162113
24013,1.0411027360179903,179666,17553,162113
24014,1.0410593820271508,179666,17553,162113
24015,1.0410160316468873,179666,17553,162113
24016,1.0409726848767489,179666,17553,162113
24017,1.0409293417162844,179666,17553,162113
24018,1.0408860021650428,179666,17553,162113
24019,1.0408426662225738,179666,17553,162113
24020,1.0407993338884263,179666,17553,162113
24021,1.0407560051621498,179666,17553,162113
24022,1.0407126800432935,179666,17553,162113
24023,1.0406693585314073,179666,17553,162113
24024,1.0406260406260406,179666,17553,162113
24025,1.0405827263267429,179666,17553,162113
24026,1.0405394156330643,179666,17553,162113
24027,1.040496108544554,179666,17553,162113
24028,1.0404528050607624,179666,17553,162113
24029,1.0404095051812394,179666,17553,162113
24030,1.0403662089055348,179666,17553,162113
24031,1.0403229162331988,179666,17553,162113
24032,1.0402796271637815,179666,17553,162113
24033,1.0402363416968334,179666,17553,162113
24034,1.040193059831905,179666,17553,162113
24035,1.0401497815685459,179666,17553,162113
24036,1.0401065069063071,179666,17553,162113
24037,1.0400632358447393,179666,17553,162113
24038,1.040019968383393,179666,17553,162113
24039,1.0399767045218187,179666,17553,162113
24040,1.0399334442595674,179666,17553,162113
24041,1.03989018759619,179666,17553,162113
24042,1.039846934531237,179666,17553,162113
24043,1.0398036850642598,179666,17553,162113
24044,1.0397604391948094,179666,17553,162113
24045,1.039717196922437,179666,17553,162113
24046,1.0396739582466938,179666,17553,162113
24047,1.0396307231671311,179666,17553,162113
24048,1.0395874916833001,179666,17553,162113
24049,1.0395442637947523,179666,17553,162113
24050,1.0395010395010396,179666,17553,162113
24051,1.039457818801713,179666,17553,162113
24052,1.0394146016963246,179666,17553,162113
24053,1.039371388184426,179666,17553,162113
24054,1.0393281782655692,179666,17553,162113
24055,1.0392849719393058,179666,17553,162113
24056,1.0392417692051878,179666,17553,162113
24057,1.0391985700627675,179666,17553,162113
24058,1.039155374511597,179666,17553,162113
24059,1.0391121825512282,179666,17553,162113
24060,1.0390689941812137,179666,17553,162113
24061,1.0390258094011056,179666,17553,162113
24062,1.0389826282104564,179666,17553,162113
24063,1.0389394506088185,179666,17553,162113
24064,1.0388962765957446,179666,17553,162113
24065,1.0388531061707875,179666,17553,162113
24066,1.0388099393334995,179666,17553,162113
24067,1.0387667760834338,179666,17553,162113
24068,1.038723616420143,179666,17553,162113
24069,1.03868046034318,179666,17553,162113
24070,1.038637307852098,179666,17553,162113
24071,1.03859415894645,179666,17553,162113
24072,1.0385510136257894,179666,17553,162113
24073,1.038507871889669,179666,17553,162113
24074,1.0384647337376423,179666,17553,162113
24075,1.0384215991692627,179666,17553,162113
24076,1.0383784681840837,179666,17553,162113
24077,1.038335340781659,179666,17553,162113
24078,1.0382922169615416,179666,17553,162113
24079,1.0382490967232858,179666,17553,162113
24080,1.0382059800664452,179666,17553,162113
24081,1.0381628669905736,179666,17553,162113
24082,1.0381197574952246,179666,17553,162113
24083,1.0380766515799527,179666,17553,162113
24084,1.0380335492443116,179666,17553,162113
24085,1.0379904504878554,179666,17553,162113
24086,1.0379473553101386,179666,17553,162113
24087,1.0379042637107154,179666,17553,162113
24088,1.0378611756891398,179666,17553,162113
24089,1.0378180912449666,179666,17553,162113
24090,1.03777501037775,179666,17553,162113
24091,1.037731933087045,179666,17553,162113
24092,1.0376888593724058,179666,17553,162113
24093,1.0376457892333872,179666,17553,162113
24094,1.0376027226695443,179666,17553,162113
24095,1.0375596596804317,179666,17553,162113
24096,1.0375166002656042,179666,17553,162113
24097,1.0374735444246173,179666,17553,162113
24098,1.0374304921570254,179666,17553,162113
24099,1.0373874434623844,179666,17553,162113
24100,1.037344398340249,179666,17553,162113
24101,1.0373013567901748,179666,17553,162113
24102,1.0372583188117168,179666,17553,162113
24103,1.037215284404431,179666,17553,162113
24104,1.0371722535678725,179666,17553,162113
24105,1.0371292263015972,179666,17553,162113
24106,1.0370862026051606,179666,17553,162113
24107,1.0370431824781183,179666,17553,162113
24108,1.0370001659200265,179666,17553,162113
24109,1.0369571529304409,179666,17553,162113
24110,1.0369141435089175,179666,17553,162113
24111,1.0368711376550122,179666,17553,162113
24112,1.0368281353682813,179666,17553,162113
24113,1.036785136648281,179666,17553,162113
24114,1.0367421414945674,179666,17553,162113
24115,1.036699149906697,179666,17553,162113
24116,1.0366561618842263,179666,17553,162113
24117,1.0366131774267116,179666,17553,162113
24118,1.0365701965337093,179666,17553,162113
24119,1.0365272192047763,179666,17553,162113
24120,1.0364842454394694,179666,17553,162113
24121,1.036441275237345,179666,17553,162113
24122,1.0363983085979604,179666,17553,162113
24123,1.0363553455208723,179666,17553,162113
24124,1.0363123860056376,179666,17553,162113
24125,1.0362694300518134,179666,17553,162113
24126,1.0362264776589571,179666,17553,162113
24127,1.0361835288266257,179666,17553,162113
24128,1.0361405835543767,179666,17553,162113
24129,1.0360976418417671,179666,17553,162113
24130,1.0360547036883547,179666,17553,162113
24131,1.036011769093697,179666,17553,162113
24132,1.0359688380573513,179666,17553,162113
24133,1.0359259105788754,179666,17553,162113
24134,1.0358829866578272,179666,17553,162113
24135,1.0358400662937643,179666,17553,162113
24136,1.0357971494862446,179666,17553,162113
24137,1.0357542362348262,179666,17553,162113
24138,1.035711326539067,179666,17553,162113
24139,1.0356684203985251,179666,17553,162113
24140,1.035625517812759,179666,17553,162113
24141,1.0355826187813264,179666,17553,162113
24142,1.035539723303786,179666,17553,162113
24143,1.035496831379696,179666,17553,162113
24144,1.035453943008615,179666,17553,162113
24145,1.0354110581901015,179666,17553,162113
24146,1.035368176923714,179666,17553,162113
24147,1.0353252992090114,179666,17553,162113
24148,1.0352824250455523,179666,17553,162113
24149,1.0352395544328958,179666,17553,162113
24150,1.0351966873706004,179666,17553,162113
24151,1.0351538238582254,179666,17553,162113
24152,1.0351109638953295,179666,17553,162113
24153,1.0350681074814723,179666,17553,162113
24154,1.0350252546162126,179666,17553,162113
24155,1.03498240529911,179666,17553,162113
24156,1.0349395595297235,179666,17553,162113
24157,1.0348967173076127,179666,17553,162113
24158,1.0348538786323371,179666,17553,162113
24159,1.0348110435034563,179666,17553,162113
24160,1.0347682119205297,179666,17553,162113
24161,1.0347253838831174,179666,17553,162113
24162,1.034682559390779,179666,17553,162113
24163,1.034639738443074,179666,17553,162113
24164,1.034596921039563,179666,17553,162113
24165,1.0345541071798054,179666,17553,162113
24166,1.0345112968633619,179666,17553,162113
24167,1.0344684900897918,179666,17553,162113
24168,1.034425686858656,179666,17553,162113
24169,1.0343828871695147,179666,17553,162113
24170,1.034340091021928,179666,17553,162113
24171,1.0342972984154566,179666,17553,162113
24172,1.0342545093496607,179666,17553,162113
24173,1.0342117238241013,179666,17553,162113
24174,1.0341689418383386,179666,17553,162113
24175,1.0341261633919339,179666,17553,162113
24176,1.0340833884844474,179666,17553,162113
24177,1.0340406171154404,179666,17553,162113
24178,1.0339978492844735,179666,17553,162113
24179,1.0339550849911079,179666,17553,162113
24180,1.0339123242349049,179666,17553,162113
24181,1.0338695670154254,179666,17553,162113
24182,1.0338268133322306,179666,17553,162113
24183,1.033784063184882,179666,17553,162113
24184,1.0337413165729408,179666,17553,162113
24185,1.0336985734959685,179666,17553,162113
24186,1.033655833953527,179666,17553,162113
24187,1.0336130979451772,179666,17553,162113
24188,1.0335703654704813,179666,17553,162113
24189,1.0335276365290007,179666,17553,162113
24190,1.0334849111202977,179666,17553,162113
24191,1.0334421892439336,179666,17553,162113
24192,1.033399470899471,179666,17553,162113
24193,1.0333567560864714,179666,17553,162113
24194,1.033314044804497,179666,17553,162113
24195,1.0332713370531101,179666,17553,162113
24196,1.033228632831873,179666,17553,162113
24197,1.033185932140348,179666,17553,162113
24198,1.0331432349780973,179666,17553,162113
24199,1.0331005413446837,179666,17553,162113
24200,1.0330578512396693,179666,17553,162113
24201,1.0330151646626173,179666,17553,162113
24202,1.0329724816130899,179666,17553,162113
24203,1.0329298020906499,179666,17553,162113
24204,1.0328871260948604,179666,17553,162113
24205,1.032844453625284,179666,17553,162113
24206,1.0328017846814839,179666,17553,162113
24207,1.032759119263023,179666,17553,162113
24208,1.0327164573694647,179666,17553,162113
24209,1.0326737990003718,179666,17553,162113
24210,1.0326311441553078,179666,17553,162113
24211,1.0325884928338358,179666,17553,162113
24212,1.0325458450355196,179666,17553,162113
24213,1.0325032007599224,179666,17553,162113
24214,1.0324605600066077,179666,17553,162113
24215,1.0324179227751393,179666,17553,162113
24216,1.032375289065081,179666,17553,162113
24217,1.0323326588759962,179666,17553,162113
24218,1.032290032207449,179666,17553,162113
24219,1.0322474090590033,179666,17553,162113
24220,1.0322047894302229,179666,17553,162113
24221,1.032162173320672,179666,17553,162113
24222,1.032119560729915,179666,17553,162113
24223,1.0320769516575157,179666,17553,162113
24224,1.0320343461030383,179666,17553,162113
24225,1.0319917440660475,179666,17553,162113
24226,1.0319491455461074,179666,17553,162113
24227,1.031906550542783,179666,17553,162113
24228,1.0318639590556382,179666,17553,162113
24229,1.0318213710842379,179666,17553,162113
24230,1.031778786628147,179666,17553,162113
24231,1.03173620568693,179666,17553,162113
24232,1.0316936282601519,179666,17553,162113
24233,1.0316510543473776,179666,17553,162113
24234,1.031608483948172,179666,17553,162113
24235,1.0315659170621003,179666,17553,162113
24236,1.0315233536887276,179666,17553,162113
24237,1.031480793827619,179666,17553,162113
24238,1.0314382374783397,179666,17553,162113
24239,1.0313956846404555,179666,17553,162113
24240,1.0313531353135315,179666,17553,162113
24241,1.031310589497133,179666,17553,162113
24242,1.0312680471908258,179666,17553,162113
24243,1.0312255083941757,179666,17553,162113
24244,1.0311829731067481,179666,17553,162113
24245,1.031140441328109,179666,17553,162113
24246,1.031097913057824,179666,17553,162113
24247,1.0310553882954592,179666,17553,162113
24248,1.0310128670405807,179666,17553,162113
24249,1.0309703492927544,179666,17553,162113
24250,1.0309278350515463,179666,17553,162113
24251,1.030885324316523,179666,17553,162113
24252,1.0308428170872506,179666,17553,162113
24253,1.0308003133632953,179666,17553,162113
24254,1.0307578131442237,179666,17553,162113
24255,1.0307153164296021,179666,17553,162113
24256,1.0306728232189974,179666,17553,162113
24257,1.030630333511976,179666,17553,162113
24258,1.0305878473081045,179666,17553,162113
24259,1.03054536460695,179666,17553,162113
24260,1.030502885408079,179666,17553,162113
24261,1.030460409711059,179666,17553,162113
24262,1.0304179375154563,179666,17553,162113
24263,1.0303754688208384,179623,17553,162070
24264,1.0303330036267722,179623,17553,162070
24265,1.030290541932825,179623,17553,162070
24266,1.0302480837385641,179623,17553,162070
24267,1.030205629043557,179623,17553,162070
24268,1.030163177847371,179623,17553,162070
24269,1.0301207301495736,179623,17553,162070
24270,1.0300782859497322,179623,17553,162070
24271,1.0300358452474145,179623,17553,162070
24272,1.0299934080421886,179623,17553,162070
24273,1.0299509743336217,179623,17553,162070
24274,1.029908544121282,179623,17553,162070
24275,1.0298661174047374,179623,17553,162070
24276,1.0298236941835557,179623,17553,162070
24277,1.0297812744573052,179623,17553,162070
24278,1.029738858225554,179623,17553,162070
24279,1.02969644548787,179623,17553,162070
24280,1.029654036243822,179623,17553,162070
24281,1.029611630492978,179623,17553,162070
24282,1.0295692282349065,179623,17553,162070
24283,1.029526829469176,179623,17553,162070
24284,1.029484434195355,179623,17553,162070
24285,1.0294420424130122,179623,17553,162070
24286,1.0293996541217163,179623,17553,162070
24287,1.029357269321036,179623,17553,162070
24288,1.0293148880105403,179623,17553,162070
24289,1.029272510189798,179623,17553,162070
24290,1.029230135858378,179623,17553,162070
24291,1.0291877650158494,179623,17553,162070
24292,1.0291453976617817,179623,17553,162070
24293,1.0291030337957436,179623,17553,162070
24294,1.0290606734173047,179623,17553,162070
24295,1.0290183165260343,179623,17553,162070
24296,1.0289759631215014,179623,17553,162070
24297,1.028933613203276,179623,17553,162070
24298,1.0288912667709276,179623,17553,162070
24299,1.0288489238240257,179623,17553,162070
24300,1.02880658436214,179623,17553,162070
24301,1.02876424838484,179623,17553,162070
24302,1.0287219158916963,179623,17553,162070
24303,1.028679586882278,179623,17553,162070
24304,1.0286372613561554,179623,17553,162070
24305,1.0285949393128986,179623,17553,162070
24306,1.0285526207520777,179623,17553,162070
24307,1.0285103056732627,179623,17553,162070
24308,1.0284679940760244,179623,17553,162070
24309,1.0284256859599326,179623,17553,162070
24310,1.0283833813245578,179623,17553,162070
24311,1.0283410801694706,179623,17553,162070
24312,1.0282987824942416,179623,17553,162070
24313,1.028256488298441,179623,17553,162070
24314,1.0282141975816401,179623,17553,162070
24315,1.0281719103434095,179623,17553,162070
24316,1.0281296265833195,179623,17553,162070
24317,1.0280873463009417,179623,17553,162070
24318,1.0280450694958467,179623,17553,162070
24319,1.0280027961676055,179623,17553,162070
24320,1.0279605263157894,179623,17553,162070
24321,1.0279182599399697,179623,17553,162070
24322,1.027875997039717,179623,17553,162070
24323,1.0278337376146034,179623,17553,162070
24324,1.0277914816642,179623,17553,162070
24325,1.027749229188078,179623,17553,162070
24326,1.0277069801858094,179623,17553,162070
24327,1.0276647346569656,179623,17553,162070
24328,1.0276224926011182,179623,17553,162070
24329,1.0275802540178387,179623,17553,162070
24330,1.0275380189066996,179623,17553,162070
24331,1.0274957872672723,179623,17553,162070
24332,1.0274535590991287,179623,17553,162070
24333,1.0274113344018412,179623,17553,162070
24334,1.0273691131749816,179623,17553,162070
24335,1.027326895418122,179623,17553,162070
24336,1.027284681130835,179623,17553,162070
24337,1.0272424703126926,179623,17553,162070
24338,1.0272002629632673,179623,17553,162070
24339,1.0271580590821316,179623,17553,162070
24340,1.0271158586688578,179623,17553,162070
24341,1.0270736617230187,179623,17553,162070
24342,1.027031468244187,179623,17553,162070
24343,1.0269892782319352,179623,17553,162070
24344,1.0269470916858363,179623,17553,162070
24345,1.0269049086054631,179623,17553,162070
24346,1.0268627289903887,179623,17553,162070
24347,1.0268205528401857,179623,17553,162070
24348,1.0267783801544275,179623,17553,162070
24349,1.0267362109326872,179623,17553,162070
24350,1.0266940451745379,179623,17553,162070
24351,1.0266518828795532,179623,17553,162070
24352,1.0266097240473062,179623,17553,162070
24353,1.0265675686773703,179623,17553,162070
24354,1.0265254167693192,179623,17553,162070
24355,1.0264832683227263,179623,17553,162070
24356,1.0264411233371653,179623,17553,162070
24357,1.0263989818122101,179623,17553,162070
24358,1.0263568437474342,179623,17553,162070
24359,1.0263147091424114,179623,17553,162070
24360,1.026272577996716,179623,17553,162070
24361,1.0262304503099215,179623,17553,162070
24362,1.0261883260816025,179623,17553,162070
24363,1.0261462053113328,179623,17553,162070
24364,1.0261040879986867,179623,17553,162070
24365,1.0260619741432382,179623,17553,162070
24366,1.026019863744562,179623,17553,162070
24367,1.0259777568022326,179623,17553,162070
24368,1.025935653315824,179623,17553,162070
24369,1.0258935532849112,179623,17553,162070
24370,1.0258514567090686,179623,17553,162070
24371,1.025809363587871,179623,17553,162070
24372,1.0257672739208927,179623,17553,162070
24373,1.0257251877077094,179623,17553,162070
24374,1.0256831049478954,179623,17553,162070
24375,1.0256410256410255,179623,17553,162070
24376,1.0255989497866753,179623,17553,162070
24377,1.0255568773844197,179623,17553,162070
24378,1.0255148084338337,179623,17553,162070
24379,1.0254727429344928,179623,17553,162070
24380,1.0254306808859721,179623,17553,162070
24381,1.025388622287847,179623,17553,162070
24382,1.0253465671396933,179623,17553,162070
24383,1.025304515441086,179623,17553,162070
24384,1.025262467191601,179623,17553,162070
24385,1.0252204223908141,179623,17553,162070
24386,1.0251783810383006,179623,17553,162070
24387,1.0251363431336367,179623,17553,162070
24388,1.0250943086763982,179623,17553,162070
24389,1.025052277666161,179623,17553,162070
24390,1.0250102501025011,179623,17553,162070
24391,1.0249682259849944,179623,17553,162070
24392,1.0249262053132175,179623,17553,162070
24393,1.0248841880867463,179623,17553,162070
24394,1.024842174305157,179623,17553,162070
24395,1.0248001639680262,179623,17553,162070
24396,1.0247581570749302,179623,17553,162070
24397,1.0247161536254457,179623,17553,162070
24398,1.024674153619149,179623,17553,162070
24399,1.024632157055617,179623,17553,162070
24400,1.0245901639344261,179623,17553,162070
24401,1.0245481742551534,179623,17553,162070
24402,1.0245061880173756,179623,17553,162070
24403,1.0244642052206696,179623,17553,162070
24404,1.0244222258646123,179623,17553,162070
24405,1.024380249948781,179623,17553,162070
24406,1.0243382774727525,179623,17553,162070
24407,1.0242963084361043,179623,17553,162070
24408,1.0242543428384137,179623,17553,162070
24409,1.0242123806792576,179623,17553,162070
24410,1.024170421958214,179623,17553,162070
24411,1.0241284666748598,179623,17553,162070
24412,1.0240865148287728,179623,17553,162070
24413,1.0240445664195306,179623,17553,162070
24414,1.0240026214467108,179623,17553,162070
24415,1.0239606799098915,179623,17553,162070
24416,1.0239187418086502,179623,17553,162070
24417,1.0238768071425646,179623,17553,162070
24418,1.023834875911213,179623,17553,162070
24419,1.0237929481141734,179623,17553,162070
24420,1.0237510237510237,179623,17553,162070
24421,1.0237091028213423,179623,17553,162070
24422,1.0236671853247072,179623,17553,162070
24423,1.0236252712606968,179623,17553,162070
24424,1.0235833606288895,179623,17553,162070
24425,1.0235414534288638,179623,17553,162070
24426,1.0234995496601982,179623,17553,162070
24427,1.023457649322471,179623,17553,162070
24428,1.0234157524152612,179623,17553,162070
24429,1.0233738589381474,179623,17553,162070
24430,1.023331968890708,179623,17553,162070
24431,1.0232900822725226,179623,17553,162070
24432,1.0232481990831697,179623,17553,162070
24433,1.023206319322228,179623,17553,162070
24434,1.0231644429892772,179623,17553,162070
24435,1.023122570083896,179623,17553,162070
24436,1.0230807006056637,179623,17553,162070
24437,1.0230388345541597,179623,17553,162070
24438,1.022996971928963,179623,17553,162070
24439,1.0229551127296534,179623,17553,162070
24440,1.0229132569558101,179623,17553,162070
24441,1.0228714046070129,179623,17553,162070
24442,1.022829555682841,179623,17553,162070
24443,1.0227877101828744,179623,17553,162070
24444,1.0227458681066928,179623,17553,162070
24445,1.022704029453876,179623,17553,162070
24446,1.022662194224004,179623,17553,162070
24447,1.0226203624166565,179623,17553,162070
24448,1.0225785340314135,179623,17553,162070
24449,1.0225367090678554,179623,17553,162070
24450,1.0224948875255624,179623,17553,162070
24451,1.0224530694041143,179623,17553,162070
24452,1.0224112547030917,179623,17553,162070
24453,1.022369443422075,179623,17553,162070
24454,1.0223276355606445,179623,17553,162070
24455,1.0222858311183807,179623,17553,162070
24456,1.0222440300948643,179623,17553,162070
24457,1.0222022324896758,179623,17553,162070
24458,1.022160438302396,179623,17553,162070
24459,1.0221186475326056,179623,17553,162070
24460,1.0220768601798855,179623,17553,162070
24461,1.0220350762438166,179623,17553,162070
24462,1.0219932957239801,179623,17553,162070
24463,1.0219515186199566,179623,17553,162070
24464,1.0219097449313277,179623,17553,162070
24465,1.0218679746576742,179623,17553,162070
24466,1.0218262077985776,179623,17553,162070
24467,1.0217844443536193,179623,17553,162070
24468,1.0217426843223802,179623,17553,162070
24469,1.0217009277044424,179623,17553,162070
24470,1.021659174499387,179623,17553,162070
24471,1.0216174247067957,179623,17553,162070
24472,1.0215756783262504,179623,17553,162070
24473,1.0215339353573325,179623,17553,162070
24474,1.0214921957996241,179623,17553,162070
24475,1.0214504596527068,179623,17553,162070
24476,1.0214087269161627,179623,17553,162070
24477,1.0213669975895738,179623,17553,162070
24478,1.0213252716725223,179623,17553,162070
24479,1.02128354916459,179623,17553,162070
24480,1.0212418300653594,179623,17553,162070
24481,1.0212001143744127,179623,17553,162070
24482,1.0211584020913325,179623,17553,162070
24483,1.0211166932157008,179623,17553,162070
24484,1.0210749877471001,179623,17553,162070
24485,1.0210332856851134,179623,17553,162070
24486,1.020991587029323,179623,17553,162070
24487,1.0209498917793114,179623,17553,162070
24488,1.0209081999346619,179623,17553,162070
24489,1.0208665114949569,179623,17553,162070
24490,1.0208248264597795,179623,17553,162070
24491,1.0207831448287126,179623,17553,162070
24492,1.0207414666013392,179623,17553,162070
24493,1.0206997917772425,179623,17553,162070
24494,1.0206581203560054,179623,17553,162070
24495,1.0206164523372117,179623,17553,162070
24496,1.020574787720444,179623,17553,162070
24497,1.0205331265052864,179623,17553,162070
24498,1.0204914686913218,179623,17553,162070
24499,1.0204498142781337,179623,17553,162070
24500,1.0204081632653061,179623,17553,162070
24501,1.0203665156524224,179599,17529,162070
24502,1.0203248714390662,179599,17529,162070
24503,1.0202832306248215,179599,17529,162070
24504,1.0202415932092719,179599,17529,162070
24505,1.0201999591920017,179599,17529,162070
24506,1.0201583285725944,179599,17529,162070
24507,1.0201167013506345,179599,17529,162070
24508,1.020075077525706,179599,17529,162070
24509,1.0200334570973928,179599,17529,162070
24510,1.0199918400652794,179599,17529,162070
24511,1.0199502264289502,179599,17529,162070
24512,1.0199086161879896,179599,17529,162070
24513,1.0198670093419817,179599,17529,162070
24514,1.0198254058905116,179599,17529,162070
24515,1.0197838058331634,179599,17529,162070
24516,1.0197422091695219,179599,17529,162070
24517,1.019700615899172,179599,17529,162070
24518,1.0196590260216984,179599,17529,162070
24519,1.019617439536686,179599,17529,162070
24520,1.0195758564437194,179599,17529,162070
24521,1.019534276742384,179599,17529,162070
24522,1.019492700432265,179599,17529,162070
24523,1.019451127512947,179599,17529,162070
24524,1.0194095579840157,179599,17529,162070
24525,1.019367991845056,179599,17529,162070
24526,1.0193264290956536,179599,17529,162070
24527,1.0192848697353936,179599,17529,162070
24528,1.0192433137638617,179599,17529,162070
24529,1.0192017611806434,179599,17529,162070
24530,1.019160211985324,179599,17529,162070
24531,1.0191186661774898,179599,17529,162070
24532,1.019077123756726,179599,17529,162070
24533,1.0190355847226185,179599,17529,162070
24534,1.0189940490747533,179599,17529,162070
24535,1.0189525168127165,179599,17529,162070
24536,1.0189109879360938,179599,17529,162070
24537,1.0188694624444716,179599,17529,162070
24538,1.0188279403374358,179599,17529,162070
24539,1.0187864216145728,179599,17529,162070
24540,1.0187449062754685,179599,17529,162070
24541,1.01870339431971,179599,17529,162070
24542,1.018661885746883,179599,17529,162070
24543,1.0186203805565741,179599,17529,162070
24544,1.0185788787483703,179599,17529,162070
24545,1.0185373803218578,179599,17529,162070
24546,1.0184958852766235,179599,17529,162070
24547,1.018454393612254,179599,17529,162070
24548,1.0184129053283364,179599,17529,162070
24549,1.0183714204244572,179599,17529,162070
24550,1.0183299389002036,179599,17529,162070
24551,1.0182884607551628,179599,17529,162070
24552,1.0182469859889214,179599,17529,162070
24553,1.0182055146010671,179599,17529,162070
24554,1.0181640465911868,179599,17529,162070
24555,1.018122581958868,179599,17529,162070
24556,1.0180811207036977,179599,17529,162070
24557,1.0180396628252637,179599,17529,162070
24558,1.0179982083231534,179599,17529,162070
24559,1.0179567571969543,179599,17529,162070
24560,1.017915309446254,179599,17529,162070
24561,1.0178738650706405,179599,17529,162070
24562,1.0178324240697012,179599,17529,162070
24563,1.0177909864430241,179599,17529,162070
24564,1.0177495521901971,179599,17529,162070
24565,1.0177081213108081,179599,17529,162070
24566,1.0176666938044452,179599,17529,162070
24567,1.0176252696706964,179599,17529,162070
24568,1.0175838489091502,179599,17529,162070
24569,1.0175424315193944,179599,17529,162070
24570,1.0175010175010175,179599,17529,162070
24571,1.017459606853608,179599,17529,162070
24572,1.017418199576754,179599,17529,162070
24573,1.0173767956700444,179599,17529,162070
24574,1.0173353951330675,179599,17529,162070
24575,1.017293997965412,179599,17529,162070
24576,1.0172526041666667,179599,17529,162070
24577,1.0172112137364202,179599,17529,162070
24578,1.0171698266742615,179599,17529,162070
24579,1.0171284429797796,179599,17529,162070
24580,1.017087062652563,179599,17529,162070
24581,1.0170456856922012,179599,17529,162070
24582,1.0170043120982832,179599,17529,162070
24583,1.0169629418703983,179599,17529,162070
24584,1.0169215750081353,179599,17529,162070
24585,1.016880211511084,179599,17529,162070
24586,1.0168388513788336,179599,17529,162070
24587,1.0167974946109732,179599,17529,162070
24588,1.016756141207093,179599,17529,162070
24589,1.016714791166782,179599,17529,162070
24590,1.01667344448963,179599,17529,162070
24591,1.0166321011752266,179599,17529,162070
24592,1.016590761223162,179599,17529,162070
24593,1.0165494246330256,179599,17529,162070
24594,1.0165080914044076,179599,17529,162070
24595,1.0164667615368976,179599,17529,162070
24596,1.016425435030086,179599,17529,162070
24597,1.016384111883563,179599,17529,162070
24598,1.0163427920969184,179599,17529,162070
24599,1.0163014756697426,179599,17529,162070
24600,1.016260162601626,179599,17529,162070
24601,1.016218852892159,179599,17529,162070
24602,1.0161775465409317,179599,17529,162070
24603,1.016136243547535,179599,17529,162070
24604,1.0160949439115592,179599,17529,162070
24605,1.016053647632595,179599,17529,162070
24606,1.0160123547102333,179599,17529,162070
24607,1.0159710651440648,179599,17529,162070
24608,1.01592977893368,179599,17529,162070
24609,1.0158884960786705,179599,17529,162070
24610,1.0158472165786265,179599,17529,162070
24611,1.0158059404331397,179599,17529,162070
24612,1.0157646676418008,179599,17529,162070
24613,1.015723398204201,179599,17529,162070
24614,1.0156821321199316,179599,17529,162070
24615,1.015640869388584,179599,17529,162070
24616,1.0155996100097497,179599,17529,162070
24617,1.01555835398302,179599,17529,162070
24618,1.015517101307986,179599,17529,162070
24619,1.0154758519842397,179599,17529,162070
24620,1.0154346060113728,179599,17529,162070
24621,1.015393363388977,179599,17529,162070
24622,1.0153521241166437,179599,17529,162070
24623,1.015310888193965,179599,17529,162070
24624,1.0152696556205327,179599,17529,162070
24625,1.015228426395939,179599,17529,162070
24626,1.015187200519776,179599,17529,162070
24627,1.0151459779916352,179599,17529,162070
24628,1.0151047588111093,179599,17529,162070
24629,1.0150635429777903,179599,17529,162070
24630,1.0150223304912709,179599,17529,162070
24631,1.0149811213511428,179599,17529,162070
24632,1.014939915556999,179599,17529,162070
24633,1.0148987131084317,179599,17529,162070
24634,1.0148575140050338,179599,17529,162070
24635,1.0148163182463974,179599,17529,162070
24636,1.0147751258321156,179599,17529,162070
24637,1.0147339367617811,179599,17529,162070
24638,1.0146927510349866,179599,17529,162070
24639,1.014651568651325,179599,17529,162070
24640,1.0146103896103895,179599,17529,162070
24641,1.014569213911773,179599,17529,162070
24642,1.0145280415550686,179599,17529,162070
24643,1.0144868725398692,179599,17529,162070
24644,1.0144457068657686,179599,17529,162070
24645,1.0144045445323595,179599,17529,162070
24646,1.0143633855392356,179599,17529,162070
24647,1.0143222298859902,179599,17529,162070
24648,1.0142810775722169,179599,17529,162070
24649,1.014239928597509,179599,17529,162070
24650,1.0141987829614605,179599,17529,162070
24651,1.0141576406636648,179599,17529,162070
24652,1.0141165017037157,179599,17529,162070
24653,1.0140753660812072,179599,17529,162070
24654,1.0140342337957329,179599,17529,162070
24655,1.013993104846887,179599,17529,162070
24656,1.0139519792342635,179599,17529,162070
24657,1.0139108569574562,179599,17529,162070
24658,1.0138697380160597,179599,17529,162070
24659,1.013828622409668,179599,17529,162070
24660,1.013787510137875,179599,17529,162070
24661,1.0137464012002757,179599,17529,162070
24662,1.0137052955964643,179599,17529,162070
24663,1.0136641933260349,179599,17529,162070
24664,1.0136230943885824,179599,17529,162070
24665,1.0135819987837016,179599,17529,162070
24666,1.0135409065109868,179599,17529,162070
24667,1.013499817570033,179599,17529,162070
24668,1.0134587319604347,179599,17529,162070
24669,1.0134176496817868,179599,17529,162070
24670,1.0133765707336846,179599,17529,162070
24671,1.013335495115723,179599,17529,162070
24672,1.0132944228274967,179599,17529,162070
24673,1.0132533538686013,179599,17529,162070
24674,1.0132122882386319,179599,17529,162070
24675,1.0131712259371835,179599,17529,162070
24676,1.0131301669638515,179599,17529,162070
24677,1.0130891113182316,179599,17529,162070
24678,1.013048058999919,179599,17529,162070
24679,1.0130070100085093,179599,17529,162070
24680,1.012965964343598,179599,17529,162070
24681,1.012924922004781,179599,17529,162070
24682,1.0128838829916538,179599,17529,162070
24683,1.0128428473038122,179599,17529,162070
24684,1.0128018149408524,179599,17529,162070
24685,1.01276078590237,179599,17529,162070
24686,1.0127197601879607,179599,17529,162070
24687,1.0126787377972213,179599,17529,162070
24688,1.0126377187297473,179599,17529,162070
24689,1.012596702985135,179599,17529,162070
24690,1.012555690562981,179599,17529,162070
24691,1.0125146814628811,179599,17529,162070
24692,1.0124736756844321,179599,17529,162070
24693,1.0124326732272304,179599,17529,162070
24694,1.0123916740908723,179599,17529,162070
24695,1.0123506782749545,179599,17529,162070
24696,1.0123096857790734,179599,17529,162070
24697,1.0122686966028263,179599,17529,162070
24698,1.0122277107458093,179599,17529,162070
24699,1.0121867282076198,179599,17529,162070
24700,1.0121457489878543,179599,17529,162070
24701,1.01210477308611,179599,17529,162070
24702,1.0120638005019837,179599,17529,162070
24703,1.0120228312350728,179599,17529,162070
24704,1.0119818652849741,179599,17529,162070
24705,1.0119409026512851,179599,17529,162070
24706,1.0118999433336031,179599,17529,162070
24707,1.0118589873315256,179599,17529,162070
24708,1.0118180346446495,179599,17529,162070
24709,1.0117770852725727,179599,17529,162070
24710,1.0117361392148927,179599,17529,162070
24711,1.011695196471207,179599,17529,162070
24712,1.0116542570411136,179599,17529,162070
24713,1.01161332092421,179599,17529,162070
24714,1.011572388120094,179599,17529,162070
24715,1.0115314586283632,179599,17529,162070
24716,1.0114905324486163,179599,17529,162070
24717,1.0114496095804506,179599,17529,162070
24718,1.0114086900234647,179599,17529,162070
24719,1.0113677737772564,179599,17529,162070
24720,1.0113268608414239,179599,17529,162070
24721,1.0112859512155656,179599,17529,162070
24722,1.01124504489928,179599,17529,162070
24723,1.0112041418921651,179599,17529,162070
24724,1.0111632421938197,179599,17529,162070
24725,1.0111223458038423,179599,17529,162070
24726,1.0110814527218313,179599,17529,162070
24727,1.0110405629473855,179599,17529,162070
24728,1.0109996764801035,179599,17529,162070
24729,1.0109587933195843,179599,17529,162070
24730,1.0109179134654267,179599,17529,162070
24731,1.0108770369172293,179599,17529,162070
24732,1.0108361636745917,179599,17529,162070
24733,1.0107952937371123,179599,17529,162070
24734,1.0107544271043907,179599,17529,162070
24735,1.0107135637760258,179599,17529,162070
24736,1.010672703751617,179599,17529,162070
24737,1.0106318470307636,179599,17529,162070
24738,1.0105909936130648,179599,17529,162070
24739,1.0105501434981203,179599,17529,162070
24740,1.0105092966855296,179599,17529,162070
24741,1.010468453174892,179599,17529,162070
24742,1.0104276129658072,179599,17529,162070
24743,1.0103867760578749,179599,17529,162070
24744,1.010345942450695,179599,17529,162070
24745,1.0103051121438675,179599,17529,162070
24746,1.0102642851369918,179556,17345,162211
24747,1.0102234614296683,179556,17345,162211
24748,1.0101826410214967,179556,17345,162211
24749,1.0101418239120772,179556,17345,162211
24750,1.0101010101010102,179556,17345,162211
24751,1.0100601995878955,179556,17345,162211
24752,1.0100193923723335,179556,17345,162211
24753,1.0099785884539247,179556,17345,162211
24754,1.0099377878322695,179556,17345,162211
24755,1.0098969905069684,179556,17345,162211
24756,1.0098561964776216,179556,17345,162211
24757,1.00981540574383,179556,17345,162211
24758,1.0097746183051943,179556,17345,162211
24759,1.0097338341613151,179556,17345,162211
24760,1.0096930533117932,179556,17345,162211
24761,1.0096522757562296,179556,17345,162211
24762,1.009611501494225,179556,17345,162211
24763,1.0095707305253807,179556,17345,162211
24764,1.0095299628492973,179556,17345,162211
24765,1.0094891984655765,179556,17345,162211
24766,1.0094484373738188,179556,17345,162211
24767,1.0094076795736262,179556,17345,162211
24768,1.0093669250645996,179556,17345,162211
24769,1.0093261738463402,179556,17345,162211
24770,1.0092854259184498,179556,17345,162211
24771,1.0092446812805296,179556,17345,162211
24772,1.0092039399321815,179556,17345,162211
24773,1.009163201873007,179556,17345,162211
24774,1.0091224671026076,179556,17345,162211
24775,1.0090817356205852,179556,17345,162211
24776,1.009041007426542,179556,17345,162211
24777,1.009000282520079,179556,17345,162211
24778,1.008959560900799,179556,17345,162211
24779,1.0089188425683038,179556,17345,162211
24780,1.0088781275221954,179556,17345,162211
24781,1.0088374157620759,179556,17345,162211
24782,1.0087967072875474,179556,17345,162211
24783,1.0087560020982125,179556,17345,162211
24784,1.0087153001936733,179556,17345,162211
24785,1.0086746015735324,179556,17345,162211
24786,1.0086339062373921,179556,17345,162211
24787,1.008593214184855,179556,17345,162211
24788,1.0085525254155236,179556,17345,162211
24789,1.0085118399290007,179556,17345,162211
24790,1.008471157724889,179556,17345,162211
24791,1.0084304788027914,179556,17345,162211
24792,1.0083898031623104,179556,17345,162211
24793,1.0083491308030492,179556,17345,162211
24794,1.0083084617246107,179556,17345,162211
24795,1.0082677959265982,179556,17345,162211
24796,1.0082271334086144,179556,17345,162211
24797,1.0081864741702626,179556,17345,162211
24798,1.008145818211146,179556,17345,162211
24799,1.0081051655308682,179556,17345,162211
24800,1.0080645161290323,179556,17345,162211
24801,1.0080238700052417,179556,17345,162211
24802,1.0079832271591,179556,17345,162211
24803,1.0079425875902108,179556,17345,162211
24804,1.0079019512981777,179556,17345,162211
24805,1.0078613182826044,179556,17345,162211
24806,1.0078206885430945,179556,17345,162211
24807,1.0077800620792519,179556,17345,162211
24808,1.0077394388906804,179556,17345,162211
24809,1.0076988189769842,179556,17345,162211
24810,1.007658202337767,179556,17345,162211
24811,1.007617588972633,179556,17345,162211
24812,1.0075769788811866,179556,17345,162211
24813,1.0075363720630315,179556,17345,162211
24814,1.0074957685177721,179556,17345,162211
24815,1.007455168245013,179556,17345,162211
24816,1.0074145712443585,179556,17345,162211
24817,1.007373977515413,179556,17345,162211
24818,1.0073333870577807,179556,17345,162211
24819,1.0072927998710666,179556,17345,162211
24820,1.0072522159548751,179556,17345,162211
24821,1.0072116353088112,179556,17345,162211
24822,1.0071710579324793,179556,17345,162211
24823,1.0071304838254844,179556,17345,162211
24824,1.0070899129874316,179556,17345,162211
24825,1.0070493454179255,179556,17345,162211
24826,1.0070087811165713,179556,17345,162211
24827,1.0069682200829742,179556,17345,162211
24828,1.0069276623167391,179556,17345,162211
24829,1.0068871078174715,179556,17345,162211
24830,1.0068465565847764,179556,17345,162211
24831,1.0068060086182595,179556,17345,162211
24832,1.0067654639175259,179556,17345,162211
24833,1.006724922482181,179556,17345,162211
24834,1.0066843843118305,179556,17345,162211
24835,1.00664384940608,179556,17345,162211
24836,1.0066033177645353,179556,17345,162211
24837,1.0065627893868019,179556,17345,162211
24838,1.0065222642724858,179556,17345,162211
24839,1.0064817424211925,179556,17345,162211
24840,1.0064412238325282,179556,17345,162211
24841,1.0064007085060989,179556,17345,162211
24842,1.0063601964415103,179556,17345,162211
24843,1.0063196876383689,179556,17345,162211
24844,1.0062791820962809,179556,17345,162211
24845,1.0062386798148522,179556,17345,162211
24846,1.006198180793689,179556,17345,162211
24847,1.0061576850323983,179556,17345,162211
24848,1.006117192530586,179556,17345,162211
24849,1.0060767032878586,179556,17345,162211
24850,1.0060362173038229,179556,17345,162211
24851,1.0059957345780854,179556,17345,162211
24852,1.0059552551102526,179556,17345,162211
24853,1.0059147788999316,179556,17345,162211
24854,1.005874305946729,179556,17345,162211
24855,1.0058338362502515,179556,17345,162211
24856,1.0057933698101063,179556,17345,162211
24857,1.0057529066259001,179556,17345,162211
24858,1.0057124466972402,179556,17345,162211
24859,1.0056719900237339,179556,17345,162211
24860,1.005631536604988,179556,17345,162211
24861,1.0055910864406097,179556,17345,162211
24862,1.0055506395302067,179556,17345,162211
24863,1.005510195873386,179556,17345,162211
24864,1.0054697554697554,179556,17345,162211
24865,1.0054293183189222,179556,17345,162211
24866,1.005388884420494,179556,17345,162211
24867,1.005348453774078,179556,17345,162211
24868,1.0053080263792826,179556,17345,162211
24869,1.0052676022357152,179556,17345,162211
24870,1.0052271813429836,179556,17345,162211
24871,1.0051867637006955,179556,17345,162211
24872,1.0051463493084594,179556,17345,162211
24873,1.0051059381658827,179556,17345,162211
24874,1.0050655302725737,179556,17345,162211
24875,1.0050251256281406,179556,17345,162211
24876,1.0049847242321917,179556,17345,162211
24877,1.004944326084335,179556,17345,162211
24878,1.0049039311841788,179556,17345,162211
24879,1.0048635395313317,179556,17345,162211
24880,1.004823151125402,179556,17345,162211
24881,1.0047827659659982,179556,17345,162211
24882,1.004742384052729,179556,17345,162211
24883,1.0047020053852027,179556,17345,162211
24884,1.0046616299630284,179556,17345,162211
24885,1.0046212577858147,179556,17345,162211
24886,1.0045808888531704,179556,17345,162211
24887,1.0045405231647044,179556,17345,162211
24888,1.0045001607200257,179556,17345,162211
24889,1.0044598015187431,179556,17345,162211
24890,1.004419445560466,179556,17345,162211
24891,1.0043790928448033,179556,17345,162211
24892,1.0043387433713642,179556,17345,162211
24893,1.004298397139758,179556,17345,162211
24894,1.0042580541495942,179556,17345,162211
24895,1.004217714400482,179556,17345,162211
24896,1.0041773778920309,179556,17345,162211
24897,1.0041370446238502,179556,17345,162211
24898,1.00409671459555,179556,17345,162211
24899,1.0040563878067392,179556,17345,162211
24900,1.0040160642570282,179556,17345,162211
24901,1.0039757439460262,179556,17345,162211
24902,1.0039354268733436,179556,17345,162211
24903,1.0038951130385898,179556,17345,162211
24904,1.003854802441375,179556,17345,162211
24905,1.003814495081309,179556,17345,162211
24906,1.003774190958002,179556,17345,162211
24907,1.0037338900710644,179556,17345,162211
24908,1.003693592420106,179556,17345,162211
24909,1.0036532980047372,179556,17345,162211
24910,1.0036130068245686,179556,17345,162211
24911,1.00357271887921,179556,17345,162211
24912,1.0035324341682723,179556,17345,162211
24913,1.003492152691366,179556,17345,162211
24914,1.0034518744481016,179556,17345,162211
24915,1.0034115994380894,179556,17345,162211
24916,1.0033713276609408,179556,17345,162211
24917,1.003331059116266,179556,17345,162211
24918,1.0032907938036761,179556,17345,162211
24919,1.0032505317227818,179556,17345,162211
24920,1.0032102728731942,179556,17345,162211
24921,1.0031700172545244,179556,17345,162211
24922,1.003129764866383,179556,17345,162211
24923,1.003089515708382,179556,17345,162211
24924,1.0030492697801316,179556,17345,162211
24925,1.0030090270812437,179556,17345,162211
24926,1.0029687876113296,179556,17345,162211
24927,1.0029285513700004,179556,17345,162211
24928,1.0028883183568678,179556,17345,162211
24929,1.0028480885715432,179556,17345,162211
24930,1.0028078620136383,179556,17345,162211
24931,1.0027676386827644,179557,17345,162212
24932,1.0027274185785335,179557,17345,162212
24933,1.0026872017005575,179557,17345,162212
24934,1.0026469880484479,179557,17345,162212
24935,1.0026067776218168,179557,17345,162212
24936,1.002566570420276,179557,17345,162212
24937,1.0025263664434374,179557,17345,162212
24938,1.0024861656909134,179557,17345,162212
24939,1.0024459681623161,179557,17345,162212
24940,1.0024057738572574,179557,17345,162212
24941,1.00236558277535,179557,17345,162212
24942,1.0023253949162056,179557,17345,162212
24943,1.002285210279437,179557,17345,162212
24944,1.002245028864657,179557,17345,162212
24945,1.0022048506714774,179557,17345,162212
24946,1.0021646756995108,179557,17345,162212
24947,1.0021245039483706,179557,17345,162212
24948,1.0020843354176687,179557,17345,162212
24949,1.0020441701070184,179557,17345,162212
24950,1.002004008016032,179557,17345,162212
24951,1.0019638491443228,179557,17345,162212
24952,1.0019236934915037,179557,17345,162212
24953,1.0018835410571876,179557,17345,162212
24954,1.0018433918409875,179557,17345,162212
24955,1.0018032458425166,179557,17345,162212
24956,1.001763103061388,179557,17345,162212
24957,1.0017229634972151,179557,17345,162212
24958,1.0016828271496114,179557,17345,162212
24959,1.0016426940181897,179557,17345,162212
24960,1.001602564102564,179557,17345,162212
24961,1.0015624374023477,179557,17345,162212
24962,1.001522313917154,179557,17345,162212
24963,1.001482193646597,179557,17345,162212
24964,1.00144207659029,179557,17345,162212
24965,1.001401962747847,179557,17345,162212
24966,1.0013618521188816,179557,17345,162212
24967,1.001321744703008,179557,17345,162212
24968,1.0012816404998397,179557,17345,162212
24969,1.001241539508991,179557,17345,162212
24970,1.001201441730076,179557,17345,162212
24971,1.0011613471627088,179557,17345,162212
24972,1.0011212558065032,179557,17345,162212
24973,1.001081167661074,179557,17345,162212
24974,1.001041082726035,179557,17345,162212
24975,1.001001001001001,179557,17345,162212
24976,1.0009609224855862,179557,17345,162212
24977,1.000920847179405,179557,17345,162212
24978,1.0008807750820723,179557,17345,162212
24979,1.0008407061932023,179557,17345,162212
24980,1.00080064051241,179557,17345,162212
24981,1.0007605780393098,179557,17345,162212
24982,1.0007205187735169,179557,17345,162212
24983,1.000680462714646,179557,17345,162212
24984,1.0006404098623118,179557,17345,162212
24985,1.0006003602161297,179557,17345,162212
24986,1.0005603137757144,179557,17345,162212
24987,1.000520270540681,179557,17345,162212
24988,1.000480230510645,179557,17345,162212
24989,1.0004401936852214,179557,17345,162212
24990,1.0004001600640255,179557,17345,162212
24991,1.0003601296466729,179557,17345,162212
24992,1.0003201024327786,179557,17345,162212
24993,1.000280078421958,179557,17345,162212
24994,1.0002400576138273,179557,17345,162212
24995,1.0002000400080016,179557,17345,162212
24996,1.0001600256040966,179557,17345,162212
24997,1.0001200144017282,179557,17345,162212
24998,1.000080006400512,179557,17345,162212
24999,1.000040001600064,179557,17345,162212
25000,1,179557,17345,162212
25001,0.999960001599936,179557,17345,162212
